M: 2
N: 10
Nun_Veiculos: 4
Capacidade_Total: 280
Demanda_Total: 201
Setup_Min: 1
Setup_Max: 99
Raio: 100
Circulos: 1
Tempo_Processamento_Min: 1
Tempo_Processamento_Max: 49
Demanda_Min: 10
Demanda_Max: 30
Priority_Factor: 0.2
Range_Factor_R: 0.8
U_factor: 2
ALpha: 0.2Replicao: 4
Tempos_Processamentos
0	0	1	0	
0	45	1	13	
0	10	1	8	
0	41	1	28	
0	28	1	1	
0	49	1	30	
0	10	1	43	
0	39	1	16	
0	24	1	15	
0	16	1	28	
0	19	1	37	

Tempos_setup
M0
0	0	0	0	0	0	0	0	0	0	0	
0	0	30	56	43	12	37	33	39	45	85	
0	14	0	30	55	23	7	47	40	19	55	
0	29	32	0	27	18	2	56	35	20	50	
0	19	5	35	0	13	12	29	35	24	60	
0	12	42	44	55	0	46	45	27	33	73	
0	27	53	29	48	16	0	59	33	18	48	
0	24	10	40	10	13	17	0	6	29	52	
0	19	40	51	35	7	39	52	0	40	46	
0	26	43	11	38	29	13	59	46	0	61	
0	24	10	34	30	21	5	47	38	23	0	
M1
0	0	0	0	0	0	0	0	0	0	0	
0	0	22	26	23	4	28	18	7	25	23	
0	6	0	4	1	10	6	21	11	31	29	
0	2	24	0	20	6	2	17	9	27	25	
0	5	27	3	0	9	5	20	10	30	28	
0	4	18	22	19	0	24	14	3	21	19	
0	6	26	4	24	10	0	15	13	31	29	
0	17	11	15	12	20	17	0	21	40	38	
0	1	23	27	24	5	29	19	0	26	24	
0	4	3	7	4	8	9	22	11	0	27	
0	5	5	3	6	9	5	20	6	2	0	
Tamanho_Tarefas
0	14	8	34	7	38	23	21	17	17	22	
Data_Entrega
0	192	248	183	262	211	263	213	262	208	227	
Penalidade_Atraso
0	5	13	10	14	3	19	15	16	18	8	
Capacidade_Veiculo
48	95	60	77	
Custo_Fixo_Veiculo
480	950	600	770	
Coordenadas_Clientes
x	0	y	0
x	102	y	0
x	73	y	53
x	24	y	74
x	-26	y	81
x	-86	y	62
x	-82	y	0
x	-67	y	-49
x	-25	y	-79
x	27	y	-83
x	72	y	-52
Tempo_Viagem
0	102	90	77	85	106	82	83	82	87	88	
102	0	60	107	151	197	184	175	149	111	60	
90	60	0	53	102	159	163	173	164	143	105	
77	107	53	0	50	110	129	153	159	157	134	
85	151	102	50	0	62	98	136	160	172	165	
106	197	159	110	62	0	62	112	153	183	194	
82	184	163	129	98	62	0	51	97	137	162	
83	175	173	153	136	112	51	0	51	99	139	
82	149	164	159	160	153	97	51	0	52	100	
87	111	143	157	172	183	137	99	52	0	54	
88	60	105	134	165	194	162	139	100	54	0	
Custo_Viagem
V0
0	979	864	739	816	1017	787	796	787	835	844	
979	0	576	1027	1449	1891	1766	1680	1430	1065	576	
864	576	0	508	979	1526	1564	1660	1574	1372	1008	
739	1027	508	0	480	1056	1238	1468	1536	1507	1286	
816	1449	979	480	0	595	940	1305	1536	1651	1584	
1017	1891	1526	1056	595	0	595	1075	1468	1756	1862	
787	1766	1564	1238	940	595	0	489	931	1315	1555	
796	1680	1660	1468	1305	1075	489	0	489	950	1334	
787	1430	1574	1536	1536	1468	931	489	0	499	960	
835	1065	1372	1507	1651	1756	1315	950	499	0	518	
844	576	1008	1286	1584	1862	1555	1334	960	518	0	
V1
0	1938	1710	1463	1615	2014	1558	1577	1558	1653	1672	
1938	0	1140	2033	2869	3743	3496	3325	2831	2109	1140	
1710	1140	0	1007	1938	3021	3097	3287	3116	2717	1995	
1463	2033	1007	0	950	2090	2451	2907	3040	2983	2546	
1615	2869	1938	950	0	1178	1862	2584	3040	3268	3135	
2014	3743	3021	2090	1178	0	1178	2128	2907	3477	3686	
1558	3496	3097	2451	1862	1178	0	969	1843	2603	3078	
1577	3325	3287	2907	2584	2128	969	0	969	1881	2641	
1558	2831	3116	3040	3040	2907	1843	969	0	988	1900	
1653	2109	2717	2983	3268	3477	2603	1881	988	0	1026	
1672	1140	1995	2546	3135	3686	3078	2641	1900	1026	0	
V2
0	1224	1080	924	1020	1272	984	996	984	1044	1056	
1224	0	720	1284	1812	2364	2208	2100	1788	1332	720	
1080	720	0	636	1224	1908	1956	2076	1968	1716	1260	
924	1284	636	0	600	1320	1548	1836	1920	1884	1608	
1020	1812	1224	600	0	744	1176	1632	1920	2064	1980	
1272	2364	1908	1320	744	0	744	1344	1836	2196	2328	
984	2208	1956	1548	1176	744	0	612	1164	1644	1944	
996	2100	2076	1836	1632	1344	612	0	612	1188	1668	
984	1788	1968	1920	1920	1836	1164	612	0	624	1200	
1044	1332	1716	1884	2064	2196	1644	1188	624	0	648	
1056	720	1260	1608	1980	2328	1944	1668	1200	648	0	
V3
0	1570	1386	1185	1309	1632	1262	1278	1262	1339	1355	
1570	0	924	1647	2325	3033	2833	2695	2294	1709	924	
1386	924	0	816	1570	2448	2510	2664	2525	2202	1617	
1185	1647	816	0	770	1694	1986	2356	2464	2417	2063	
1309	2325	1570	770	0	954	1509	2094	2464	2648	2541	
1632	3033	2448	1694	954	0	954	1724	2356	2818	2987	
1262	2833	2510	1986	1509	954	0	785	1493	2109	2494	
1278	2695	2664	2356	2094	1724	785	0	785	1524	2140	
1262	2294	2525	2464	2464	2356	1493	785	0	800	1540	
1339	1709	2202	2417	2648	2818	2109	1524	800	0	831	
1355	924	1617	2063	2541	2987	2494	2140	1540	831	0	
Velocidade_Veiculos
1	1	1	1	