M: 2
N: 10
Nun_Veiculos: 3
Capacidade_Total: 198
Demanda_Total: 132
Setup_Min: 1
Setup_Max: 9
Raio: 20
Circulos: 1
Tempo_Processamento_Min: 1
Tempo_Processamento_Max: 49
Demanda_Min: 10
Demanda_Max: 30
Priority_Factor: 0.2
Range_Factor_R: 0.8
U_factor: 2
ALpha: 0.2Replicao: 0
Tempos_Processamentos
0	0	1	0	
0	17	1	47	
0	48	1	2	
0	19	1	27	
0	2	1	2	
0	48	1	19	
0	15	1	8	
0	6	1	46	
0	35	1	1	
0	13	1	38	
0	6	1	37	

Tempos_setup
M0
0	0	0	0	0	0	0	0	0	0	0	
0	0	4	3	1	5	1	1	2	3	3	
0	4	0	2	2	3	1	2	6	1	1	
0	2	2	0	3	4	3	3	4	3	3	
0	5	4	3	0	5	5	5	4	5	5	
0	4	2	2	4	0	3	4	3	3	3	
0	5	5	4	1	6	0	5	5	3	4	
0	4	5	3	4	6	5	0	4	5	5	
0	3	2	1	1	3	3	1	0	1	1	
0	4	5	5	5	6	5	2	6	0	6	
0	5	6	5	5	4	4	2	5	3	0	
M1
0	0	0	0	0	0	0	0	0	0	0	
0	0	3	3	2	4	5	1	4	5	4	
0	3	0	4	4	1	3	3	2	2	4	
0	2	4	0	3	3	3	2	1	2	3	
0	3	5	1	0	2	4	3	2	3	4	
0	5	3	3	3	0	2	3	4	5	5	
0	3	2	2	1	3	0	3	2	4	3	
0	4	2	2	1	3	4	0	3	4	3	
0	1	3	3	2	4	2	1	0	4	2	
0	5	3	3	4	1	3	4	4	0	6	
0	1	4	4	3	5	3	2	5	6	0	
Tamanho_Tarefas
0	17	20	19	2	30	9	9	2	17	7	
Data_Entrega
0	77	63	76	91	67	90	91	63	57	74	
Penalidade_Atraso
0	3	4	13	9	7	2	2	10	14	9	
Capacidade_Veiculo
32	77	89	
Custo_Fixo_Veiculo
320	770	890	
Coordenadas_Clientes
x	0	y	0
x	24	y	0
x	20	y	14
x	7	y	23
x	-7	y	22
x	-16	y	11
x	-18	y	0
x	-17	y	-12
x	-5	y	-17
x	4	y	-15
x	17	y	-12
Tempo_Viagem
0	24	24	24	23	19	18	20	17	15	20	
24	0	14	28	38	41	42	42	33	25	13	
24	14	0	15	28	36	40	44	39	33	26	
24	28	15	0	14	25	33	42	41	38	36	
23	38	28	14	0	14	24	35	39	38	41	
19	41	36	25	14	0	11	23	30	32	39	
18	42	40	33	24	11	0	12	21	26	37	
20	42	44	42	35	23	12	0	13	21	34	
17	33	39	41	39	30	21	13	0	9	22	
15	25	33	38	38	32	26	21	9	0	13	
20	13	26	36	41	39	37	34	22	13	0	
Custo_Viagem
V0
0	153	153	153	147	121	115	128	108	96	128	
153	0	89	179	243	262	268	268	211	160	83	
153	89	0	96	179	230	256	288	249	211	166	
153	179	96	0	89	160	211	268	262	243	230	
147	243	179	89	0	89	153	224	249	243	262	
121	262	230	160	89	0	70	147	192	204	256	
115	268	256	211	153	70	0	76	134	166	236	
128	268	288	268	224	147	76	0	83	134	217	
108	211	249	262	249	192	134	83	0	57	140	
96	160	211	243	243	204	166	134	57	0	83	
128	83	166	230	262	256	236	217	140	83	0	
V1
0	369	369	369	354	292	277	308	261	231	308	
369	0	215	431	585	631	646	646	508	385	200	
369	215	0	231	431	554	616	693	600	508	400	
369	431	231	0	215	385	508	646	631	585	554	
354	585	431	215	0	215	369	539	600	585	631	
292	631	554	385	215	0	169	354	462	492	616	
277	646	616	508	369	169	0	184	323	400	569	
308	646	693	646	539	354	184	0	200	323	523	
261	508	600	631	600	462	323	200	0	138	338	
231	385	508	585	585	492	400	323	138	0	200	
308	200	400	554	631	616	569	523	338	200	0	
V2
0	427	427	427	409	338	320	356	302	267	356	
427	0	249	498	676	729	747	747	587	445	231	
427	249	0	267	498	640	712	801	694	587	462	
427	498	267	0	249	445	587	747	729	676	640	
409	676	498	249	0	249	427	623	694	676	729	
338	729	640	445	249	0	195	409	534	569	712	
320	747	712	587	427	195	0	213	373	462	658	
356	747	801	747	623	409	213	0	231	373	605	
302	587	694	729	694	534	373	231	0	160	391	
267	445	587	676	676	569	462	373	160	0	231	
356	231	462	640	729	712	658	605	391	231	0	
Velocidade_Veiculos
1	1	1	