M: 2
N: 10
Nun_Veiculos: 5
Capacidade_Total: 484
Demanda_Total: 209
Setup_Min: 1
Setup_Max: 99
Raio: 20
Circulos: 1
Tempo_Processamento_Min: 1
Tempo_Processamento_Max: 49
Demanda_Min: 10
Demanda_Max: 30
Priority_Factor: 0.2
Range_Factor_R: 0.8
U_factor: 2
ALpha: 0.2Replicao: 3
Tempos_Processamentos
0	0	1	0	
0	8	1	39	
0	6	1	26	
0	49	1	43	
0	10	1	35	
0	22	1	48	
0	34	1	27	
0	23	1	45	
0	1	1	27	
0	41	1	12	
0	43	1	22	

Tempos_setup
M0
0	0	0	0	0	0	0	0	0	0	0	
0	0	37	6	4	3	15	14	30	15	33	
0	14	0	20	18	17	11	21	36	6	47	
0	17	33	0	21	9	14	10	24	9	39	
0	19	35	2	0	11	16	12	26	11	41	
0	24	34	22	20	0	12	11	46	16	30	
0	12	28	10	8	15	0	19	34	4	45	
0	25	61	31	29	28	40	0	51	40	58	
0	24	10	30	28	27	21	28	0	16	57	
0	8	24	14	12	11	5	15	38	0	41	
0	18	4	9	22	18	15	19	24	10	0	
M1
0	0	0	0	0	0	0	0	0	0	0	
0	0	51	50	53	41	38	36	65	11	48	
0	8	0	23	12	1	25	23	17	19	40	
0	24	16	0	3	17	22	20	33	31	53	
0	29	27	11	0	22	19	17	44	40	50	
0	7	47	47	46	0	24	22	54	18	39	
0	26	39	23	26	19	0	14	56	37	58	
0	12	25	25	28	5	2	0	42	23	44	
0	26	37	60	49	19	43	41	0	37	43	
0	22	55	39	42	42	39	37	61	0	37	
0	21	39	23	26	14	12	18	56	32	0	
Tamanho_Tarefas
0	12	15	46	11	22	29	31	3	12	28	
Data_Entrega
0	162	152	95	94	104	158	118	166	91	106	
Penalidade_Atraso
0	10	12	4	11	2	13	9	12	13	4	
Capacidade_Veiculo
50	113	78	129	114	
Custo_Fixo_Veiculo
500	1130	780	1290	1140	
Coordenadas_Clientes
x	0	y	0
x	16	y	0
x	19	y	14
x	4	y	14
x	-4	y	15
x	-14	y	10
x	-15	y	0
x	-18	y	-13
x	-4	y	-14
x	6	y	-19
x	20	y	-14
Tempo_Viagem
0	16	23	14	15	17	15	22	14	19	24	
16	0	14	18	25	31	31	36	24	21	14	
23	14	0	15	23	33	36	45	36	35	28	
14	18	15	0	8	18	23	34	28	33	32	
15	25	23	8	0	11	18	31	29	34	37	
17	31	33	18	11	0	10	23	26	35	41	
15	31	36	23	18	10	0	13	17	28	37	
22	36	45	34	31	23	13	0	14	24	38	
14	24	36	28	29	26	17	14	0	11	24	
19	21	35	33	34	35	28	24	11	0	14	
24	14	28	32	37	41	37	38	24	14	0	
Custo_Viagem
V0
0	160	230	140	150	170	150	220	140	190	240	
160	0	140	180	250	310	310	360	240	210	140	
230	140	0	150	230	330	360	450	360	350	280	
140	180	150	0	80	180	230	340	290	330	320	
150	250	230	80	0	110	180	310	290	350	370	
170	310	330	180	110	0	100	230	260	350	410	
150	310	360	230	180	100	0	130	170	280	370	
220	360	450	340	310	230	130	0	140	240	380	
140	240	360	290	290	260	170	140	0	110	240	
190	210	350	330	350	350	280	240	110	0	140	
240	140	280	320	370	410	370	380	240	140	0	
V1
0	361	519	316	339	384	339	497	316	429	542	
361	0	316	406	565	700	700	813	542	474	316	
519	316	0	339	519	745	813	1017	813	791	632	
316	406	339	0	180	406	519	768	655	745	723	
339	565	519	180	0	248	406	700	655	791	836	
384	700	745	406	248	0	226	519	587	791	926	
339	700	813	519	406	226	0	293	384	632	836	
497	813	1017	768	700	519	293	0	316	542	858	
316	542	813	655	655	587	384	316	0	248	542	
429	474	791	745	791	791	632	542	248	0	316	
542	316	632	723	836	926	836	858	542	316	0	
V2
0	249	358	218	234	265	234	343	218	296	374	
249	0	218	280	390	483	483	561	374	327	218	
358	218	0	234	358	514	561	702	561	546	436	
218	280	234	0	124	280	358	530	452	514	499	
234	390	358	124	0	171	280	483	452	546	577	
265	483	514	280	171	0	156	358	405	546	639	
234	483	561	358	280	156	0	202	265	436	577	
343	561	702	530	483	358	202	0	218	374	592	
218	374	561	452	452	405	265	218	0	171	374	
296	327	546	514	546	546	436	374	171	0	218	
374	218	436	499	577	639	577	592	374	218	0	
V3
0	412	593	361	387	438	387	567	361	490	619	
412	0	361	464	645	799	799	928	619	541	361	
593	361	0	387	593	851	928	1161	928	903	722	
361	464	387	0	206	464	593	877	748	851	825	
387	645	593	206	0	283	464	799	748	903	954	
438	799	851	464	283	0	258	593	670	903	1057	
387	799	928	593	464	258	0	335	438	722	954	
567	928	1161	877	799	593	335	0	361	619	980	
361	619	928	748	748	670	438	361	0	283	619	
490	541	903	851	903	903	722	619	283	0	361	
619	361	722	825	954	1057	954	980	619	361	0	
V4
0	364	524	319	342	387	342	501	319	433	547	
364	0	319	410	570	706	706	820	547	478	319	
524	319	0	342	524	752	820	1026	820	798	638	
319	410	342	0	182	410	524	775	661	752	729	
342	570	524	182	0	250	410	706	661	798	843	
387	706	752	410	250	0	228	524	592	798	934	
342	706	820	524	410	228	0	296	387	638	843	
501	820	1026	775	706	524	296	0	319	547	866	
319	547	820	661	661	592	387	319	0	250	547	
433	478	798	752	798	798	638	547	250	0	319	
547	319	638	729	843	934	843	866	547	319	0	
Velocidade_Veiculos
1	1	1	1	1	