M: 2
N: 10
Nun_Veiculos: 5
Capacidade_Total: 336
Demanda_Total: 177
Setup_Min: 1
Setup_Max: 9
Raio: 100
Circulos: 1
Tempo_Processamento_Min: 1
Tempo_Processamento_Max: 49
Demanda_Min: 10
Demanda_Max: 30
Priority_Factor: 0.2
Range_Factor_R: 0.8
U_factor: 2
ALpha: 0.2Replicao: 2
Tempos_Processamentos
0	0	1	0	
0	4	1	31	
0	4	1	5	
0	5	1	27	
0	41	1	8	
0	15	1	40	
0	22	1	8	
0	38	1	38	
0	45	1	4	
0	27	1	36	
0	16	1	41	

Tempos_setup
M0
0	0	0	0	0	0	0	0	0	0	0	
0	0	3	4	4	2	3	5	4	1	3	
0	7	0	5	5	6	5	6	5	2	4	
0	5	4	0	1	5	4	3	2	2	2	
0	4	6	4	0	6	5	3	4	4	3	
0	4	6	4	5	0	5	5	4	5	3	
0	3	1	2	3	1	0	4	3	3	1	
0	7	5	6	4	3	6	0	6	7	5	
0	5	4	2	3	4	3	1	0	4	1	
0	5	2	3	3	5	4	4	3	0	2	
0	5	3	1	2	3	2	4	3	3	0	
M1
0	0	0	0	0	0	0	0	0	0	0	
0	0	2	5	1	2	4	4	4	3	1	
0	4	0	6	5	3	3	2	5	4	4	
0	3	3	0	1	5	5	5	5	4	2	
0	4	3	8	0	6	5	5	7	6	4	
0	1	2	5	2	0	3	4	4	3	1	
0	4	4	7	3	5	0	4	2	1	3	
0	5	5	4	5	7	3	0	3	2	4	
0	3	4	7	4	5	5	6	0	4	4	
0	3	3	7	4	5	1	5	1	0	2	
0	1	1	6	2	3	3	3	3	2	0	
Tamanho_Tarefas
0	9	4	7	10	19	14	38	24	28	24	
Data_Entrega
0	207	237	212	199	218	223	199	197	226	205	
Penalidade_Atraso
0	16	15	2	16	10	6	4	18	10	1	
Capacidade_Veiculo
82	43	56	98	57	
Custo_Fixo_Veiculo
820	430	560	980	570	
Coordenadas_Clientes
x	0	y	0
x	125	y	0
x	80	y	58
x	37	y	116
x	-31	y	96
x	-69	y	50
x	-84	y	0
x	-87	y	-63
x	-25	y	-77
x	32	y	-100
x	97	y	-70
Tempo_Viagem
0	125	98	121	100	85	84	107	80	104	119	
125	0	73	145	183	200	209	221	168	136	75	
98	73	0	72	117	149	173	205	171	165	129	
121	145	72	0	70	124	167	217	201	216	195	
100	183	117	70	0	59	109	168	173	204	209	
85	200	149	124	59	0	52	114	134	180	204	
84	209	173	167	109	52	0	63	97	153	194	
107	221	205	217	168	114	63	0	63	124	184	
80	168	171	201	173	134	97	63	0	61	122	
104	136	165	216	204	180	153	124	61	0	71	
119	75	129	195	209	204	194	184	122	71	0	
Custo_Viagem
V0
0	2050	1607	1984	1640	1394	1377	1754	1312	1705	1951	
2050	0	1197	2378	3001	3280	3427	3624	2755	2230	1230	
1607	1197	0	1180	1918	2443	2837	3378	2804	2706	2115	
1984	2378	1180	0	1148	2033	2738	3558	3312	3542	3198	
1640	3001	1918	1148	0	967	1787	2755	2837	3362	3427	
1394	3280	2443	2033	967	0	852	1869	2197	2952	3345	
1377	3427	2837	2738	1787	852	0	1033	1590	2509	3181	
1754	3624	3378	3558	2755	1869	1033	0	1033	2033	3017	
1312	2755	2804	3312	2837	2197	1590	1033	0	1000	2000	
1705	2230	2706	3542	3362	2952	2509	2033	1000	0	1164	
1951	1230	2115	3198	3427	3345	3181	3017	2000	1164	0	
V1
0	1075	842	1040	860	731	722	920	688	894	1023	
1075	0	627	1247	1573	1720	1797	1900	1444	1169	645	
842	627	0	619	1006	1281	1487	1771	1470	1419	1109	
1040	1247	619	0	602	1066	1436	1866	1737	1857	1677	
860	1573	1006	602	0	507	937	1444	1487	1763	1797	
731	1720	1281	1066	507	0	447	980	1152	1548	1754	
722	1797	1487	1436	937	447	0	541	834	1315	1668	
920	1900	1771	1866	1444	980	541	0	541	1066	1582	
688	1444	1470	1737	1487	1152	834	541	0	524	1049	
894	1169	1419	1857	1763	1548	1315	1066	524	0	610	
1023	645	1109	1677	1797	1754	1668	1582	1049	610	0	
V2
0	1400	1097	1355	1120	952	940	1198	896	1164	1332	
1400	0	817	1624	2049	2240	2340	2475	1881	1523	840	
1097	817	0	806	1310	1668	1937	2307	1915	1848	1444	
1355	1624	806	0	784	1388	1870	2430	2262	2419	2184	
1120	2049	1310	784	0	660	1220	1881	1937	2296	2340	
952	2240	1668	1388	660	0	582	1276	1500	2016	2284	
940	2340	1937	1870	1220	582	0	705	1086	1713	2172	
1198	2475	2307	2430	1881	1276	705	0	705	1388	2060	
896	1881	1915	2262	1937	1500	1086	705	0	683	1366	
1164	1523	1848	2419	2296	2016	1713	1388	683	0	795	
1332	840	1444	2184	2340	2284	2172	2060	1366	795	0	
V3
0	2450	1920	2371	1960	1666	1646	2097	1568	2038	2332	
2450	0	1430	2842	3586	3920	4096	4331	3292	2665	1470	
1920	1430	0	1411	2293	2920	3390	4037	3351	3234	2528	
2371	2842	1411	0	1372	2430	3273	4253	3959	4233	3822	
1960	3586	2293	1372	0	1156	2136	3292	3390	4018	4096	
1666	3920	2920	2430	1156	0	1019	2234	2626	3528	3998	
1646	4096	3390	3273	2136	1019	0	1234	1901	2998	3802	
2097	4331	4037	4253	3292	2234	1234	0	1234	2430	3606	
1568	3292	3351	3959	3390	2626	1901	1234	0	1195	2391	
2038	2665	3234	4233	4018	3528	2998	2430	1195	0	1391	
2332	1470	2528	3822	4096	3998	3802	3606	2391	1391	0	
V4
0	1425	1117	1379	1140	969	957	1219	912	1185	1356	
1425	0	832	1653	2086	2280	2382	2519	1915	1550	855	
1117	832	0	820	1333	1698	1972	2348	1949	1881	1470	
1379	1653	820	0	798	1413	1903	2473	2302	2462	2223	
1140	2086	1333	798	0	672	1242	1915	1972	2337	2382	
969	2280	1698	1413	672	0	592	1299	1527	2052	2325	
957	2382	1972	1903	1242	592	0	718	1105	1744	2211	
1219	2519	2348	2473	1915	1299	718	0	718	1413	2097	
912	1915	1949	2302	1972	1527	1105	718	0	695	1390	
1185	1550	1881	2462	2337	2052	1744	1413	695	0	809	
1356	855	1470	2223	2382	2325	2211	2097	1390	809	0	
Velocidade_Veiculos
1	1	1	1	1	