M: 4
N: 10
Nun_Veiculos: 6
Capacidade_Total: 344
Demanda_Total: 202
Setup_Min: 1
Setup_Max: 99
Raio: 100
Circulos: 1
Tempo_Processamento_Min: 1
Tempo_Processamento_Max: 49
Demanda_Min: 10
Demanda_Max: 30
Priority_Factor: 0.2
Range_Factor_R: 0.8
U_factor: 2
ALpha: 0.2Replicao: 4
Tempos_Processamentos
0	0	1	0	2	0	3	0	
0	15	1	44	2	31	3	35	
0	17	1	44	2	47	3	40	
0	32	1	30	2	11	3	47	
0	40	1	18	2	47	3	17	
0	27	1	8	2	37	3	15	
0	25	1	38	2	25	3	6	
0	31	1	43	2	38	3	43	
0	31	1	36	2	26	3	13	
0	48	1	32	2	33	3	7	
0	22	1	40	2	25	3	37	

Tempos_setup
M0
0	0	0	0	0	0	0	0	0	0	0	
0	0	10	11	14	24	16	24	14	6	50	
0	54	0	41	28	35	30	38	22	58	40	
0	49	15	0	3	25	5	13	3	24	55	
0	46	12	13	0	22	2	10	16	37	52	
0	53	30	31	19	0	21	29	34	26	62	
0	44	10	19	22	20	0	8	22	40	50	
0	57	3	11	14	36	16	0	14	35	43	
0	73	36	38	27	41	29	33	0	36	76	
0	49	4	5	8	18	10	18	8	0	44	
0	38	11	18	5	27	7	8	21	38	0	
M1
0	0	0	0	0	0	0	0	0	0	0	
0	0	10	25	21	11	9	14	1	9	2	
0	15	0	16	36	26	24	29	16	24	17	
0	27	25	0	22	21	36	15	28	36	5	
0	8	18	33	0	19	17	22	9	17	10	
0	36	23	20	42	0	45	35	37	22	25	
0	12	22	23	33	3	0	26	13	21	14	
0	15	10	15	7	20	24	0	16	24	17	
0	20	23	28	20	10	8	13	0	29	1	
0	16	1	16	26	15	25	19	17	0	18	
0	27	22	27	19	16	36	12	28	36	0	
M2
0	0	0	0	0	0	0	0	0	0	0	
0	0	5	34	9	14	11	9	33	10	19	
0	26	0	29	20	21	6	4	28	5	14	
0	11	16	0	1	4	15	20	34	11	20	
0	28	33	49	0	42	32	37	54	38	46	
0	7	12	35	16	0	18	16	34	11	20	
0	34	8	37	28	29	0	12	36	13	22	
0	22	27	52	31	17	33	0	39	28	37	
0	16	21	44	25	9	27	2	0	20	29	
0	35	15	24	25	28	21	19	23	0	9	
0	30	35	26	27	23	41	16	14	34	0	
M3
0	0	0	0	0	0	0	0	0	0	0	
0	0	46	69	13	3	22	13	45	14	44	
0	75	0	73	67	31	54	24	40	46	47	
0	50	24	0	34	5	42	25	18	34	22	
0	70	41	56	0	61	36	44	38	54	42	
0	61	43	88	74	0	54	33	80	75	41	
0	61	35	54	35	36	0	33	26	34	33	
0	56	62	86	69	30	64	0	53	64	60	
0	35	9	33	42	25	24	7	0	16	7	
0	34	40	62	43	9	8	38	31	0	38	
0	28	2	75	35	31	50	4	42	42	0	
Tamanho_Tarefas
0	17	26	18	23	14	8	35	23	15	23	
Data_Entrega
0	177	185	184	176	185	177	185	205	182	190	
Penalidade_Atraso
0	16	5	5	2	7	15	6	11	13	6	
Capacidade_Veiculo
57	52	64	83	42	46	
Custo_Fixo_Veiculo
570	520	640	830	420	460	
Coordenadas_Clientes
x	0	y	0
x	109	y	0
x	86	y	62
x	34	y	106
x	-32	y	99
x	-80	y	58
x	-96	y	0
x	-73	y	-53
x	-26	y	-81
x	23	y	-72
x	93	y	-67
Tempo_Viagem
0	109	106	111	104	98	96	90	85	75	114	
109	0	66	129	172	197	205	189	157	112	68	
106	66	0	68	123	166	192	196	181	148	129	
111	129	68	0	66	123	167	191	196	178	182	
104	172	123	66	0	63	117	157	180	179	207	
98	197	166	123	63	0	60	111	149	165	212	
96	205	192	167	117	60	0	57	107	139	200	
90	189	196	191	157	111	57	0	54	97	166	
85	157	181	196	180	149	107	54	0	49	119	
75	112	148	178	179	165	139	97	49	0	70	
114	68	129	182	207	212	200	166	119	70	0	
Custo_Viagem
V0
0	1242	1208	1265	1185	1117	1094	1026	969	855	1299	
1242	0	752	1470	1960	2245	2337	2154	1789	1276	775	
1208	752	0	775	1402	1892	2188	2234	2063	1687	1470	
1265	1470	775	0	752	1402	1903	2177	2234	2029	2074	
1185	1960	1402	752	0	718	1333	1789	2052	2040	2359	
1117	2245	1892	1402	718	0	684	1265	1698	1881	2428	
1094	2337	2188	1903	1333	684	0	649	1219	1584	2280	
1026	2154	2234	2177	1789	1265	649	0	615	1105	1892	
969	1789	2063	2234	2052	1698	1219	615	0	558	1356	
855	1276	1687	2029	2040	1881	1584	1105	558	0	798	
1299	775	1470	2074	2359	2428	2280	1892	1356	798	0	
V1
0	1133	1102	1154	1081	1019	998	936	884	780	1185	
1133	0	686	1341	1788	2048	2132	1965	1632	1164	707	
1102	686	0	707	1279	1726	1996	2038	1882	1539	1341	
1154	1341	707	0	686	1279	1736	1986	2038	1851	1892	
1081	1788	1279	686	0	655	1216	1632	1872	1861	2152	
1019	2048	1726	1279	655	0	624	1154	1549	1716	2215	
998	2132	1996	1736	1216	624	0	592	1112	1445	2080	
936	1965	2038	1986	1632	1154	592	0	561	1008	1726	
884	1632	1882	2038	1872	1549	1112	561	0	509	1237	
780	1164	1539	1851	1861	1716	1445	1008	509	0	728	
1185	707	1341	1892	2152	2215	2080	1726	1237	728	0	
V2
0	1395	1356	1420	1331	1254	1228	1152	1088	960	1459	
1395	0	844	1651	2201	2521	2624	2419	2009	1433	870	
1356	844	0	870	1574	2124	2457	2508	2316	1894	1651	
1420	1651	870	0	844	1574	2137	2444	2508	2278	2329	
1331	2201	1574	844	0	806	1497	2009	2304	2291	2649	
1254	2521	2124	1574	806	0	768	1420	1907	2112	2726	
1228	2624	2457	2137	1497	768	0	729	1369	1779	2560	
1152	2419	2508	2444	2009	1420	729	0	691	1241	2124	
1088	2009	2316	2508	2304	1907	1369	691	0	627	1523	
960	1433	1894	2278	2291	2112	1779	1241	627	0	896	
1459	870	1651	2329	2649	2726	2560	2124	1523	896	0	
V3
0	1809	1759	1842	1726	1626	1593	1494	1411	1245	1892	
1809	0	1095	2141	2855	3270	3403	3137	2606	1859	1128	
1759	1095	0	1128	2041	2755	3187	3253	3004	2456	2141	
1842	2141	1128	0	1095	2041	2772	3170	3253	2954	3021	
1726	2855	2041	1095	0	1045	1942	2606	2988	2971	3436	
1626	3270	2755	2041	1045	0	996	1842	2473	2739	3535	
1593	3403	3187	2772	1942	996	0	946	1776	2307	3320	
1494	3137	3253	3170	2606	1842	946	0	896	1610	2755	
1411	2606	3004	3253	2988	2473	1776	896	0	813	1975	
1245	1859	2456	2954	2971	2739	2307	1610	813	0	1162	
1892	1128	2141	3021	3436	3535	3320	2755	1975	1162	0	
V4
0	915	890	932	873	823	806	756	714	630	957	
915	0	554	1083	1444	1654	1722	1587	1318	940	571	
890	554	0	571	1033	1394	1612	1646	1520	1243	1083	
932	1083	571	0	554	1033	1402	1604	1646	1495	1528	
873	1444	1033	554	0	529	982	1318	1512	1503	1738	
823	1654	1394	1033	529	0	504	932	1251	1386	1789	
806	1722	1612	1402	982	504	0	478	898	1167	1680	
756	1587	1646	1604	1318	932	478	0	453	814	1394	
714	1318	1520	1646	1512	1251	898	453	0	411	999	
630	940	1243	1495	1503	1386	1167	814	411	0	588	
957	571	1083	1528	1738	1789	1680	1394	999	588	0	
V5
0	1002	975	1021	956	901	883	828	782	690	1048	
1002	0	607	1186	1582	1812	1886	1738	1444	1030	625	
975	607	0	625	1131	1527	1766	1803	1665	1361	1186	
1021	1186	625	0	607	1131	1536	1757	1803	1637	1674	
956	1582	1131	607	0	579	1076	1444	1656	1646	1904	
901	1812	1527	1131	579	0	552	1021	1370	1518	1959	
883	1886	1766	1536	1076	552	0	524	984	1278	1840	
828	1738	1803	1757	1444	1021	524	0	496	892	1527	
782	1444	1665	1803	1656	1370	984	496	0	450	1094	
690	1030	1361	1637	1646	1518	1278	892	450	0	644	
1048	625	1186	1674	1904	1959	1840	1527	1094	644	0	
Velocidade_Veiculos
1	1	1	1	1	1	