M: 4
N: 10
Nun_Veiculos: 4
Capacidade_Total: 233
Demanda_Total: 174
Setup_Min: 1
Setup_Max: 99
Raio: 100
Circulos: 1
Tempo_Processamento_Min: 1
Tempo_Processamento_Max: 49
Demanda_Min: 10
Demanda_Max: 30
Priority_Factor: 0.2
Range_Factor_R: 0.8
U_factor: 2
ALpha: 0.2Replicao: 3
Tempos_Processamentos
0	0	1	0	2	0	3	0	
0	24	1	47	2	4	3	24	
0	17	1	5	2	35	3	24	
0	8	1	18	2	36	3	34	
0	28	1	47	2	36	3	29	
0	29	1	17	2	2	3	3	
0	46	1	16	2	19	3	34	
0	46	1	23	2	6	3	11	
0	44	1	41	2	10	3	22	
0	11	1	43	2	7	3	36	
0	16	1	25	2	8	3	4	

Tempos_setup
M0
0	0	0	0	0	0	0	0	0	0	0	
0	0	58	26	51	39	38	46	41	40	25	
0	59	0	54	45	35	53	48	51	55	40	
0	55	32	0	54	31	49	20	15	51	36	
0	28	29	47	0	60	46	49	44	48	33	
0	24	25	19	31	0	18	13	16	20	5	
0	45	35	31	69	38	0	27	46	30	43	
0	35	12	26	42	11	29	0	27	31	16	
0	40	17	3	47	16	34	5	0	36	21	
0	46	28	39	57	30	23	19	36	0	35	
0	30	33	19	26	32	13	21	16	15	0	
M1
0	0	0	0	0	0	0	0	0	0	0	
0	0	76	45	63	32	49	29	42	60	75	
0	28	0	30	48	51	28	52	33	45	50	
0	49	31	0	18	21	37	64	31	15	64	
0	45	17	40	0	3	45	61	50	51	67	
0	48	67	50	51	0	83	58	56	48	96	
0	80	70	79	75	58	0	63	76	94	45	
0	36	47	16	34	3	40	0	13	31	46	
0	23	46	29	30	33	27	45	0	27	59	
0	34	19	2	3	6	39	49	33	0	49	
0	53	25	43	61	38	33	62	46	58	0	
M2
0	0	0	0	0	0	0	0	0	0	0	
0	0	8	18	31	7	14	23	20	1	18	
0	18	0	23	23	25	15	17	12	19	10	
0	6	14	0	37	13	20	5	26	7	24	
0	6	14	24	0	13	20	5	26	7	24	
0	19	1	24	24	0	7	18	13	13	11	
0	34	16	39	39	32	0	33	28	6	26	
0	1	9	19	32	8	15	0	21	2	19	
0	17	21	11	44	20	27	16	0	18	31	
0	33	28	51	51	27	29	32	40	0	38	
0	8	16	26	13	15	22	7	28	9	0	
M3
0	0	0	0	0	0	0	0	0	0	0	
0	0	3	13	19	46	12	22	3	20	14	
0	32	0	10	20	44	29	19	35	17	13	
0	29	30	0	23	50	19	12	32	32	21	
0	12	15	25	0	27	24	22	15	20	21	
0	20	23	33	8	0	16	30	23	28	18	
0	17	20	20	7	34	0	16	20	27	2	
0	17	20	4	11	38	23	0	20	20	25	
0	33	36	25	23	43	16	21	0	19	18	
0	19	22	6	13	40	25	2	22	0	27	
0	23	24	18	25	52	33	14	26	34	0	
Tamanho_Tarefas
0	22	15	19	32	2	23	11	28	13	9	
Data_Entrega
0	192	198	194	182	180	195	187	181	186	189	
Penalidade_Atraso
0	16	10	12	2	4	16	13	20	1	8	
Capacidade_Veiculo
79	34	38	82	
Custo_Fixo_Veiculo
790	340	380	820	
Coordenadas_Clientes
x	0	y	0
x	121	y	0
x	86	y	62
x	36	y	111
x	-26	y	80
x	-97	y	71
x	-90	y	0
x	-88	y	-64
x	-34	y	-105
x	29	y	-92
x	77	y	-56
Tempo_Viagem
0	121	106	116	84	120	90	108	110	96	95	
121	0	71	139	167	229	211	218	187	130	71	
106	71	0	70	113	183	186	214	205	164	118	
116	139	70	0	69	138	167	214	226	203	171	
84	167	113	69	0	71	102	156	185	180	170	
120	229	183	138	71	0	71	135	186	206	215	
90	211	186	167	102	71	0	64	119	150	176	
108	218	214	214	156	135	64	0	67	120	165	
110	187	205	226	185	186	119	67	0	64	121	
96	130	164	203	180	206	150	120	64	0	60	
95	71	118	171	170	215	176	165	121	60	0	
Custo_Viagem
V0
0	1911	1674	1832	1327	1896	1422	1706	1738	1516	1501	
1911	0	1121	2196	2638	3618	3333	3444	2954	2054	1121	
1674	1121	0	1106	1785	2891	2938	3381	3239	2591	1864	
1832	2196	1106	0	1090	2180	2638	3381	3586	3207	2701	
1327	2638	1785	1090	0	1121	1611	2464	2923	2844	2686	
1896	3618	2891	2180	1121	0	1121	2133	2938	3254	3397	
1422	3333	2938	2638	1611	1121	0	1011	1880	2370	2780	
1706	3444	3381	3381	2464	2133	1011	0	1058	1896	2607	
1738	2954	3239	3586	2923	2938	1880	1058	0	1011	1911	
1516	2054	2591	3207	2844	3254	2370	1896	1011	0	948	
1501	1121	1864	2701	2686	3397	2780	2607	1911	948	0	
V1
0	822	720	788	571	816	612	734	748	652	646	
822	0	482	945	1135	1557	1434	1482	1271	884	482	
720	482	0	476	768	1244	1264	1455	1394	1115	802	
788	945	476	0	469	938	1135	1455	1543	1380	1162	
571	1135	768	469	0	482	693	1060	1258	1224	1156	
816	1557	1244	938	482	0	482	918	1264	1400	1462	
612	1434	1264	1135	693	482	0	435	809	1020	1196	
734	1482	1455	1455	1060	918	435	0	455	816	1122	
748	1271	1394	1543	1258	1264	809	455	0	435	822	
652	884	1115	1380	1224	1400	1020	816	435	0	408	
646	482	802	1162	1156	1462	1196	1122	822	408	0	
V2
0	919	805	881	638	912	684	820	836	729	722	
919	0	539	1056	1269	1740	1603	1656	1421	988	539	
805	539	0	532	858	1390	1413	1626	1558	1246	896	
881	1056	532	0	524	1048	1269	1626	1725	1542	1299	
638	1269	858	524	0	539	775	1185	1406	1368	1292	
912	1740	1390	1048	539	0	539	1026	1413	1565	1634	
684	1603	1413	1269	775	539	0	486	904	1140	1337	
820	1656	1626	1626	1185	1026	486	0	509	912	1254	
836	1421	1558	1725	1406	1413	904	509	0	486	919	
729	988	1246	1542	1368	1565	1140	912	486	0	456	
722	539	896	1299	1292	1634	1337	1254	919	456	0	
V3
0	1984	1738	1902	1377	1968	1476	1771	1804	1574	1558	
1984	0	1164	2279	2738	3755	3460	3575	3066	2132	1164	
1738	1164	0	1148	1853	3001	3050	3509	3362	2689	1935	
1902	2279	1148	0	1131	2263	2738	3509	3722	3329	2804	
1377	2738	1853	1131	0	1164	1672	2558	3034	2952	2788	
1968	3755	3001	2263	1164	0	1164	2214	3050	3378	3526	
1476	3460	3050	2738	1672	1164	0	1049	1951	2460	2886	
1771	3575	3509	3509	2558	2214	1049	0	1098	1968	2706	
1804	3066	3362	3722	3034	3050	1951	1098	0	1049	1984	
1574	2132	2689	3329	2952	3378	2460	1968	1049	0	984	
1558	1164	1935	2804	2788	3526	2886	2706	1984	984	0	
Velocidade_Veiculos
1	1	1	1	