M: 8
N: 10
Nun_Veiculos: 7
Capacidade_Total: 286
Demanda_Total: 151
Setup_Min: 1
Setup_Max: 99
Raio: 100
Circulos: 1
Tempo_Processamento_Min: 1
Tempo_Processamento_Max: 49
Demanda_Min: 10
Demanda_Max: 30
Priority_Factor: 0.2
Range_Factor_R: 0.8
U_factor: 2
ALpha: 0.2Replicao: 4
Tempos_Processamentos
0	0	1	0	2	0	3	0	4	0	5	0	6	0	7	0	
0	33	1	3	2	24	3	16	4	6	5	25	6	40	7	4	
0	28	1	37	2	10	3	5	4	31	5	23	6	29	7	20	
0	7	1	44	2	27	3	8	4	2	5	33	6	9	7	8	
0	49	1	29	2	7	3	22	4	44	5	41	6	23	7	47	
0	40	1	12	2	38	3	20	4	38	5	22	6	16	7	19	
0	49	1	33	2	34	3	1	4	36	5	23	6	39	7	11	
0	3	1	24	2	35	3	28	4	16	5	24	6	9	7	44	
0	11	1	1	2	33	3	47	4	36	5	41	6	35	7	32	
0	9	1	18	2	45	3	1	4	39	5	8	6	8	7	25	
0	32	1	9	2	10	3	27	4	23	5	20	6	36	7	39	

Tempos_setup
M0
0	0	0	0	0	0	0	0	0	0	0	
0	0	37	43	36	39	13	29	15	31	33	
0	30	0	60	31	34	43	59	31	26	41	
0	36	44	0	37	40	20	30	22	32	47	
0	46	16	37	0	3	57	41	47	42	10	
0	43	13	34	21	0	54	38	44	39	7	
0	22	24	48	23	26	0	16	2	18	27	
0	6	23	32	7	10	19	0	21	2	17	
0	46	22	52	29	32	59	46	0	42	25	
0	4	21	42	5	8	17	33	19	0	15	
0	63	43	27	51	30	47	57	49	59	0	
M1
0	0	0	0	0	0	0	0	0	0	0	
0	0	80	26	22	53	14	13	42	20	55	
0	25	0	15	24	37	39	26	31	12	13	
0	34	60	0	33	36	32	29	41	15	30	
0	1	58	4	0	31	15	14	43	19	34	
0	24	27	21	46	0	38	37	55	36	19	
0	25	69	20	34	42	0	20	28	6	41	
0	49	78	50	58	54	63	0	64	40	48	
0	16	41	2	35	14	30	29	0	17	32	
0	19	67	28	41	40	33	14	26	0	35	
0	31	62	2	30	38	34	31	43	17	0	
M2
0	0	0	0	0	0	0	0	0	0	0	
0	0	29	29	42	35	44	45	54	69	62	
0	13	0	26	18	32	41	16	30	45	38	
0	17	4	0	13	6	15	20	25	40	33	
0	33	22	26	0	18	23	33	12	31	20	
0	17	4	8	21	0	23	19	33	34	31	
0	10	37	39	49	33	0	10	29	67	50	
0	41	28	32	39	24	47	0	51	58	55	
0	34	21	25	38	17	40	24	0	43	42	
0	21	8	15	24	21	30	24	36	0	44	
0	13	25	21	34	27	3	13	32	49	0	
M3
0	0	0	0	0	0	0	0	0	0	0	
0	0	5	11	16	16	4	8	15	14	24	
0	10	0	6	17	22	14	3	25	11	19	
0	4	9	0	11	20	8	12	19	18	13	
0	8	13	4	0	24	12	16	23	22	17	
0	15	18	11	22	0	19	21	25	29	24	
0	16	21	27	23	32	0	24	31	30	40	
0	7	12	3	14	23	11	0	22	21	16	
0	4	9	5	1	20	8	12	0	18	15	
0	18	8	14	22	30	22	11	33	0	27	
0	13	18	16	12	29	17	21	11	27	0	
M4
0	0	0	0	0	0	0	0	0	0	0	
0	0	1	27	17	8	37	12	16	15	38	
0	30	0	27	16	7	36	11	16	45	37	
0	6	7	0	23	14	30	18	22	21	11	
0	23	24	17	0	31	46	35	6	32	28	
0	32	33	26	9	0	52	33	15	41	37	
0	49	50	43	50	57	0	28	33	49	38	
0	22	23	16	39	30	45	0	5	37	26	
0	17	18	11	34	25	40	29	0	32	22	
0	18	19	12	23	26	28	30	1	0	23	
0	11	12	5	28	19	35	23	12	11	0	
M5
0	0	0	0	0	0	0	0	0	0	0	
0	0	18	16	34	19	7	28	15	20	17	
0	37	0	40	18	15	30	38	38	2	36	
0	48	45	0	58	52	41	40	37	44	19	
0	31	28	22	0	40	24	20	20	30	18	
0	30	26	37	15	0	37	35	35	28	33	
0	7	11	13	29	26	0	21	22	13	24	
0	23	20	23	18	32	16	0	12	22	36	
0	11	8	11	26	20	4	25	0	10	28	
0	43	28	38	16	13	40	36	36	0	34	
0	36	54	43	58	55	43	40	51	47	0	
M6
0	0	0	0	0	0	0	0	0	0	0	
0	0	17	11	13	26	19	20	15	29	9	
0	51	0	62	43	36	29	23	45	36	39	
0	9	26	0	22	35	28	24	24	38	18	
0	18	4	23	0	26	19	16	2	29	27	
0	46	4	57	47	0	22	27	46	3	43	
0	28	3	39	36	7	0	19	38	10	37	
0	46	32	51	28	54	47	0	30	57	55	
0	23	2	28	5	24	17	14	0	27	32	
0	70	54	61	57	76	69	66	52	0	76	
0	12	8	23	4	30	23	20	6	33	0	
M7
0	0	0	0	0	0	0	0	0	0	0	
0	0	37	21	28	43	3	6	29	25	1	
0	15	0	15	14	46	18	21	23	11	16	
0	46	31	0	43	58	25	32	8	40	13	
0	32	17	32	0	32	7	38	25	28	30	
0	39	38	22	21	0	28	45	30	18	27	
0	34	42	26	25	40	0	40	34	22	27	
0	15	31	15	42	57	17	0	23	39	16	
0	62	52	33	35	65	42	60	0	32	5	
0	35	20	4	3	35	10	36	12	0	17	
0	67	58	40	44	76	51	55	48	41	0	
Tamanho_Tarefas
0	13	18	15	21	22	21	3	13	15	10	
Data_Entrega
0	172	170	171	171	172	172	172	170	170	172	
Penalidade_Atraso
0	13	1	11	9	12	17	18	12	5	2	
Capacidade_Veiculo
64	59	25	29	51	30	28	
Custo_Fixo_Veiculo
640	590	250	290	510	300	280	
Coordenadas_Clientes
x	0	y	0
x	111	y	0
x	84	y	61
x	38	y	116
x	-28	y	86
x	-97	y	71
x	-83	y	0
x	-63	y	-46
x	-38	y	-116
x	36	y	-111
x	73	y	-53
Tempo_Viagem
0	111	103	122	90	120	83	78	122	116	90	
111	0	66	137	163	219	194	179	188	133	65	
103	66	0	71	114	181	177	181	214	178	114	
122	137	71	0	72	142	167	190	244	227	172	
90	163	114	72	0	70	102	136	202	206	171	
120	219	181	142	70	0	72	121	195	225	210	
83	194	177	167	102	72	0	50	124	162	164	
78	179	181	190	136	121	50	0	74	118	136	
122	188	214	244	202	195	124	74	0	74	127	
116	133	178	227	206	225	162	118	74	0	68	
90	65	114	172	171	210	164	136	127	68	0	
Custo_Viagem
V0
0	1420	1318	1561	1152	1536	1062	998	1561	1484	1152	
1420	0	844	1753	2086	2803	2483	2291	2406	1702	832	
1318	844	0	908	1459	2316	2265	2316	2739	2278	1459	
1561	1753	908	0	921	1817	2137	2432	3123	2905	2201	
1152	2086	1459	921	0	896	1305	1740	2585	2649	2188	
1536	2803	2316	1817	896	0	921	1548	2508	2880	2688	
1062	2483	2265	2137	1305	921	0	640	1587	2073	2099	
998	2291	2316	2432	1740	1548	640	0	947	1510	1740	
1561	2406	2739	3123	2585	2508	1587	947	0	947	1625	
1484	1702	2278	2905	2649	2880	2073	1510	947	0	870	
1152	832	1459	2201	2188	2688	2099	1740	1625	870	0	
V1
0	1309	1215	1439	1062	1416	979	920	1439	1368	1062	
1309	0	778	1616	1923	2584	2289	2112	2218	1569	767	
1215	778	0	837	1345	2135	2088	2135	2525	2100	1345	
1439	1616	837	0	849	1675	1970	2242	2879	2678	2029	
1062	1923	1345	849	0	826	1203	1604	2383	2442	2017	
1416	2584	2135	1675	826	0	849	1427	2312	2655	2478	
979	2289	2088	1970	1203	849	0	590	1463	1911	1935	
920	2112	2135	2242	1604	1427	590	0	873	1392	1604	
1439	2218	2525	2879	2383	2312	1463	873	0	873	1498	
1368	1569	2100	2678	2442	2655	1911	1392	873	0	802	
1062	767	1345	2029	2017	2478	1935	1604	1498	802	0	
V2
0	555	515	610	450	600	415	390	610	580	450	
555	0	330	685	815	1095	970	895	940	665	325	
515	330	0	355	570	905	885	905	1070	890	570	
610	685	355	0	360	710	835	950	1220	1135	860	
450	815	570	360	0	350	510	680	1010	1035	855	
600	1095	905	710	350	0	360	605	980	1125	1050	
415	970	885	835	510	360	0	250	620	810	820	
390	895	905	950	680	605	250	0	370	590	680	
610	940	1070	1220	1010	980	620	370	0	370	635	
580	665	890	1135	1035	1125	810	590	370	0	340	
450	325	570	860	855	1050	820	680	635	340	0	
V3
0	643	597	707	522	696	481	452	707	672	522	
643	0	382	794	945	1270	1125	1038	1090	771	377	
597	382	0	411	661	1049	1026	1049	1241	1032	661	
707	794	411	0	417	823	968	1102	1415	1316	997	
522	945	661	417	0	406	591	788	1171	1200	991	
696	1270	1049	823	406	0	417	701	1136	1305	1218	
481	1125	1026	968	591	417	0	290	719	939	951	
452	1038	1049	1102	788	701	290	0	429	684	788	
707	1090	1241	1415	1171	1136	719	429	0	429	736	
672	771	1032	1316	1200	1305	939	684	429	0	394	
522	377	661	997	991	1218	951	788	736	394	0	
V4
0	1132	1050	1244	918	1224	846	795	1244	1183	918	
1132	0	673	1397	1662	2233	1978	1825	1917	1356	663	
1050	673	0	724	1162	1846	1805	1846	2182	1815	1162	
1244	1397	724	0	734	1448	1703	1938	2488	2315	1754	
918	1662	1162	734	0	714	1040	1387	2060	2111	1744	
1224	2233	1846	1448	714	0	734	1234	1999	2295	2142	
846	1978	1805	1703	1040	734	0	510	1264	1652	1672	
795	1825	1846	1938	1387	1234	510	0	754	1203	1387	
1244	1917	2182	2488	2060	1999	1264	754	0	754	1295	
1183	1356	1815	2315	2111	2295	1652	1203	754	0	693	
918	663	1162	1754	1744	2142	1672	1387	1295	693	0	
V5
0	666	618	732	540	720	498	468	732	696	540	
666	0	396	822	978	1314	1164	1074	1128	798	390	
618	396	0	426	684	1086	1062	1086	1284	1068	684	
732	822	426	0	432	852	1002	1140	1464	1362	1032	
540	978	684	432	0	420	612	816	1212	1242	1026	
720	1314	1086	852	420	0	432	726	1176	1350	1260	
498	1164	1062	1002	612	432	0	300	744	972	984	
468	1074	1086	1140	816	726	300	0	444	708	816	
732	1128	1284	1464	1212	1176	744	444	0	444	762	
696	798	1068	1362	1242	1350	972	708	444	0	408	
540	390	684	1032	1026	1260	984	816	762	408	0	
V6
0	621	576	683	504	672	464	436	683	649	504	
621	0	369	767	912	1226	1086	1002	1052	744	364	
576	369	0	397	638	1013	991	1013	1198	996	638	
683	767	397	0	403	795	935	1064	1366	1271	963	
504	912	638	403	0	392	571	761	1131	1159	957	
672	1226	1013	795	392	0	403	677	1097	1260	1176	
464	1086	991	935	571	403	0	280	694	907	918	
436	1002	1013	1064	761	677	280	0	414	660	761	
683	1052	1198	1366	1131	1097	694	414	0	414	711	
649	744	996	1271	1159	1260	907	660	414	0	380	
504	364	638	963	957	1176	918	761	711	380	0	
Velocidade_Veiculos
1	1	1	1	1	1	1	