M: 8
N: 10
Nun_Veiculos: 4
Capacidade_Total: 223
Demanda_Total: 161
Setup_Min: 1
Setup_Max: 99
Raio: 100
Circulos: 1
Tempo_Processamento_Min: 1
Tempo_Processamento_Max: 49
Demanda_Min: 10
Demanda_Max: 30
Priority_Factor: 0.2
Range_Factor_R: 0.8
U_factor: 2
ALpha: 0.2Replicao: 0
Tempos_Processamentos
0	0	1	0	2	0	3	0	4	0	5	0	6	0	7	0	
0	32	1	41	2	28	3	29	4	18	5	24	6	10	7	31	
0	42	1	10	2	13	3	14	4	3	5	21	6	6	7	12	
0	9	1	40	2	23	3	43	4	44	5	20	6	14	7	22	
0	20	1	13	2	14	3	30	4	17	5	4	6	11	7	43	
0	26	1	6	2	8	3	26	4	36	5	16	6	42	7	39	
0	25	1	37	2	35	3	7	4	46	5	48	6	18	7	29	
0	18	1	49	2	41	3	28	4	18	5	11	6	47	7	46	
0	15	1	27	2	41	3	45	4	40	5	33	6	3	7	16	
0	30	1	40	2	19	3	18	4	35	5	16	6	14	7	10	
0	27	1	9	2	30	3	12	4	26	5	26	6	40	7	13	

Tempos_setup
M0
0	0	0	0	0	0	0	0	0	0	0	
0	0	14	5	38	25	17	19	15	3	9	
0	17	0	2	32	18	14	16	12	20	6	
0	15	9	0	33	20	12	14	10	18	4	
0	15	29	20	0	14	23	34	26	7	24	
0	28	22	13	46	0	25	27	23	31	17	
0	48	53	53	69	53	0	47	43	51	40	
0	1	6	6	38	24	18	0	16	4	10	
0	38	32	23	56	10	2	37	0	41	27	
0	55	46	40	57	36	16	54	26	0	28	
0	44	38	29	29	16	8	43	6	36	0	
M1
0	0	0	0	0	0	0	0	0	0	0	
0	0	14	27	27	2	49	41	43	20	20	
0	51	0	54	36	29	75	64	51	47	53	
0	44	12	0	48	30	44	33	35	14	12	
0	40	43	35	0	31	47	28	27	34	32	
0	22	12	49	25	0	69	49	51	18	42	
0	43	18	6	46	21	0	28	30	20	18	
0	15	19	7	42	17	51	0	2	18	19	
0	13	27	20	40	15	62	47	0	16	32	
0	46	12	38	41	41	51	31	33	0	50	
0	32	14	7	43	18	51	21	23	2	0	
M2
0	0	0	0	0	0	0	0	0	0	0	
0	0	42	42	36	17	13	33	31	35	46	
0	33	0	38	26	20	31	29	21	51	38	
0	1	26	0	16	18	14	16	32	21	28	
0	32	10	31	0	30	38	39	31	25	12	
0	45	25	59	51	0	56	54	46	53	40	
0	18	29	29	41	4	0	20	49	22	44	
0	5	31	9	21	6	2	0	36	24	33	
0	22	15	26	5	20	16	17	0	30	17	
0	43	66	42	58	47	44	52	57	0	23	
0	20	45	19	35	35	31	29	34	13	0	
M3
0	0	0	0	0	0	0	0	0	0	0	
0	0	16	20	35	47	28	38	15	35	44	
0	11	0	4	19	39	19	22	6	19	28	
0	7	4	0	15	35	15	18	2	20	24	
0	38	35	31	0	47	46	49	33	51	55	
0	22	38	42	57	0	37	54	37	57	32	
0	54	50	54	64	38	0	49	56	69	27	
0	33	49	46	15	41	28	0	48	55	30	
0	60	63	66	62	51	13	47	0	55	40	
0	5	21	25	15	43	5	43	20	0	32	
0	33	30	34	37	11	5	22	36	49	0	
M4
0	0	0	0	0	0	0	0	0	0	0	
0	0	10	26	20	29	15	26	8	3	9	
0	11	0	24	31	40	26	24	6	14	9	
0	8	18	0	22	35	17	29	11	9	17	
0	9	19	24	0	38	24	35	17	12	18	
0	23	33	15	32	0	27	23	13	24	32	
0	14	24	25	5	18	0	25	7	17	23	
0	18	27	29	9	17	4	0	11	7	27	
0	26	36	18	27	35	22	18	0	25	35	
0	31	20	23	32	26	27	23	5	0	29	
0	12	1	25	29	37	24	20	7	15	0	
M5
0	0	0	0	0	0	0	0	0	0	0	
0	0	7	16	6	23	1	23	17	11	16	
0	19	0	30	10	17	15	16	10	25	9	
0	20	16	0	26	25	21	27	26	29	25	
0	22	29	26	0	20	11	19	13	21	12	
0	26	33	21	26	0	25	23	17	35	36	
0	17	24	15	5	22	0	24	18	10	17	
0	3	10	17	7	13	2	0	4	12	19	
0	9	16	23	13	19	8	6	0	18	25	
0	25	21	5	21	12	16	32	29	0	30	
0	10	17	21	11	8	6	7	1	16	0	
M6
0	0	0	0	0	0	0	0	0	0	0	
0	0	20	13	14	3	42	4	20	30	14	
0	30	0	43	44	33	47	34	50	60	44	
0	23	15	0	22	26	32	27	15	25	9	
0	50	59	60	0	41	60	42	62	35	63	
0	22	18	35	11	0	39	1	28	33	36	
0	24	33	18	20	27	0	10	33	43	27	
0	26	46	39	10	29	39	0	27	45	40	
0	31	24	27	7	17	41	18	0	40	24	
0	21	40	25	6	22	56	23	27	0	34	
0	14	6	3	13	17	35	18	6	16	0	
M7
0	0	0	0	0	0	0	0	0	0	0	
0	0	24	40	39	30	40	37	18	51	34	
0	11	0	27	29	6	16	13	28	27	36	
0	39	28	0	10	26	36	41	48	48	17	
0	29	18	37	0	16	26	31	38	38	7	
0	26	25	21	23	0	10	19	22	22	30	
0	26	15	11	13	21	0	9	33	12	20	
0	28	17	44	25	23	33	0	24	44	32	
0	15	6	22	32	12	22	19	0	33	16	
0	25	29	36	11	27	37	42	34	0	18	
0	39	38	34	36	13	23	32	35	35	0	
Tamanho_Tarefas
0	21	12	16	18	6	28	17	10	21	12	
Data_Entrega
0	157	159	159	153	155	157	157	154	156	153	
Penalidade_Atraso
0	5	19	20	7	20	18	7	13	3	19	
Capacidade_Veiculo
65	38	71	49	
Custo_Fixo_Veiculo
650	380	710	490	
Coordenadas_Clientes
x	0	y	0
x	103	y	0
x	79	y	57
x	25	y	79
x	-33	y	101
x	-71	y	51
x	-79	y	0
x	-63	y	-46
x	-28	y	-88
x	36	y	-111
x	67	y	-49
Tempo_Viagem
0	103	97	82	106	87	79	78	92	116	83	
103	0	61	111	169	181	182	172	157	129	60	
97	61	0	58	120	150	167	175	180	173	106	
82	111	58	0	62	100	130	152	174	190	134	
106	169	120	62	0	62	110	150	189	222	180	
87	181	150	100	62	0	51	97	145	194	170	
79	182	167	130	110	51	0	48	101	159	154	
78	172	175	152	150	97	48	0	54	118	130	
92	157	180	174	189	145	101	54	0	68	102	
116	129	173	190	222	194	159	118	68	0	69	
83	60	106	134	180	170	154	130	102	69	0	
Custo_Viagem
V0
0	1339	1261	1066	1378	1131	1027	1014	1196	1508	1079	
1339	0	793	1443	2197	2353	2366	2236	2041	1677	780	
1261	793	0	754	1560	1950	2171	2275	2340	2249	1378	
1066	1443	754	0	806	1300	1690	1976	2275	2470	1742	
1378	2197	1560	806	0	806	1430	1950	2457	2886	2340	
1131	2353	1950	1300	806	0	663	1261	1885	2522	2210	
1027	2366	2171	1690	1430	663	0	624	1313	2067	2002	
1014	2236	2275	1976	1950	1261	624	0	702	1534	1690	
1196	2041	2340	2275	2457	1885	1313	702	0	884	1326	
1508	1677	2249	2470	2886	2522	2067	1534	884	0	897	
1079	780	1378	1742	2340	2210	2002	1690	1326	897	0	
V1
0	782	737	623	805	661	600	592	699	881	630	
782	0	463	843	1284	1375	1383	1307	1193	980	456	
737	463	0	440	912	1140	1269	1330	1368	1314	805	
623	843	440	0	471	760	988	1155	1330	1444	1018	
805	1284	912	471	0	471	836	1140	1436	1687	1368	
661	1375	1140	760	471	0	387	737	1102	1474	1292	
600	1383	1269	988	836	387	0	364	767	1208	1170	
592	1307	1330	1155	1140	737	364	0	410	896	988	
699	1193	1368	1330	1436	1102	767	410	0	516	775	
881	980	1314	1444	1687	1474	1208	896	516	0	524	
630	456	805	1018	1368	1292	1170	988	775	524	0	
V2
0	1462	1377	1164	1505	1235	1121	1107	1306	1647	1178	
1462	0	866	1576	2399	2570	2584	2442	2229	1831	852	
1377	866	0	823	1704	2130	2371	2485	2556	2456	1505	
1164	1576	823	0	880	1420	1846	2158	2485	2698	1902	
1505	2399	1704	880	0	880	1562	2130	2683	3152	2556	
1235	2570	2130	1420	880	0	724	1377	2059	2754	2414	
1121	2584	2371	1846	1562	724	0	681	1434	2257	2186	
1107	2442	2485	2158	2130	1377	681	0	766	1675	1846	
1306	2229	2556	2485	2683	2059	1434	766	0	965	1448	
1647	1831	2456	2698	3152	2754	2257	1675	965	0	979	
1178	852	1505	1902	2556	2414	2186	1846	1448	979	0	
V3
0	1009	950	803	1038	852	774	764	901	1136	813	
1009	0	597	1087	1656	1773	1783	1685	1538	1264	588	
950	597	0	568	1176	1470	1636	1715	1764	1695	1038	
803	1087	568	0	607	980	1274	1489	1715	1862	1313	
1038	1656	1176	607	0	607	1078	1470	1852	2175	1764	
852	1773	1470	980	607	0	499	950	1421	1901	1666	
774	1783	1636	1274	1078	499	0	470	989	1558	1509	
764	1685	1715	1489	1470	950	470	0	529	1156	1274	
901	1538	1764	1715	1852	1421	989	529	0	666	999	
1136	1264	1695	1862	2175	1901	1558	1156	666	0	676	
813	588	1038	1313	1764	1666	1509	1274	999	676	0	
Velocidade_Veiculos
1	1	1	1	