M: 8
N: 10
Nun_Veiculos: 4
Capacidade_Total: 268
Demanda_Total: 163
Setup_Min: 1
Setup_Max: 99
Raio: 100
Circulos: 1
Tempo_Processamento_Min: 1
Tempo_Processamento_Max: 49
Demanda_Min: 10
Demanda_Max: 30
Priority_Factor: 0.2
Range_Factor_R: 0.8
U_factor: 2
ALpha: 0.2Replicao: 2
Tempos_Processamentos
0	0	1	0	2	0	3	0	4	0	5	0	6	0	7	0	
0	24	1	43	2	25	3	17	4	31	5	27	6	35	7	44	
0	33	1	35	2	44	3	36	4	32	5	30	6	14	7	49	
0	31	1	49	2	12	3	3	4	6	5	41	6	47	7	11	
0	9	1	26	2	29	3	10	4	19	5	23	6	9	7	22	
0	37	1	12	2	13	3	45	4	49	5	44	6	46	7	26	
0	31	1	29	2	43	3	11	4	29	5	21	6	36	7	13	
0	22	1	41	2	10	3	1	4	36	5	46	6	41	7	2	
0	28	1	32	2	23	3	18	4	36	5	1	6	10	7	6	
0	17	1	24	2	15	3	32	4	1	5	33	6	26	7	17	
0	31	1	24	2	12	3	6	4	1	5	34	6	13	7	26	

Tempos_setup
M0
0	0	0	0	0	0	0	0	0	0	0	
0	0	28	25	3	24	49	14	11	25	11	
0	28	0	34	27	41	21	34	26	28	31	
0	12	30	0	11	7	43	9	23	27	23	
0	28	44	25	0	21	65	19	39	41	39	
0	33	23	31	31	0	44	32	39	20	44	
0	13	19	22	6	27	0	25	8	35	24	
0	9	34	19	12	11	55	0	20	31	20	
0	5	33	14	8	21	54	19	0	30	16	
0	13	3	11	11	18	24	20	19	0	24	
0	12	17	22	15	14	38	3	20	14	0	
M1
0	0	0	0	0	0	0	0	0	0	0	
0	0	19	29	27	15	27	5	17	12	15	
0	4	0	10	8	1	13	9	19	14	19	
0	15	11	0	19	12	22	20	9	4	30	
0	23	31	41	0	20	6	28	20	35	18	
0	3	22	32	30	0	12	8	20	15	18	
0	25	25	35	33	26	0	22	14	31	12	
0	20	16	26	24	17	29	0	35	9	35	
0	15	11	21	19	12	24	12	0	21	30	
0	11	7	17	15	8	20	16	26	0	26	
0	13	13	23	21	14	26	10	2	19	0	
M2
0	0	0	0	0	0	0	0	0	0	0	
0	0	15	42	50	51	50	54	53	46	55	
0	30	0	27	35	36	35	44	55	53	42	
0	55	25	0	26	17	16	25	43	36	23	
0	44	36	31	0	28	42	36	52	45	35	
0	38	8	28	12	0	16	8	26	19	9	
0	39	9	29	10	1	0	9	27	20	7	
0	40	10	28	4	2	8	0	18	11	1	
0	41	11	26	5	3	9	1	0	12	2	
0	44	14	17	12	6	5	8	7	0	9	
0	39	9	29	3	1	7	9	27	20	0	
M3
0	0	0	0	0	0	0	0	0	0	0	
0	0	15	5	36	62	49	38	43	44	46	
0	40	0	45	34	74	74	66	68	62	31	
0	55	54	0	31	62	92	33	38	39	41	
0	24	39	29	0	70	64	45	61	47	10	
0	55	15	34	38	0	38	3	19	62	35	
0	54	51	38	39	36	0	28	14	77	49	
0	59	52	31	35	90	85	0	16	59	32	
0	54	67	33	30	84	69	64	0	72	40	
0	31	31	11	7	46	71	44	24	0	17	
0	27	42	32	3	73	54	35	51	50	0	
M4
0	0	0	0	0	0	0	0	0	0	0	
0	0	26	10	27	10	18	20	4	28	6	
0	27	0	17	34	17	25	27	11	35	13	
0	29	16	0	24	21	8	42	27	23	28	
0	29	5	22	0	19	30	32	16	1	18	
0	10	22	20	17	0	28	30	14	18	16	
0	43	47	53	42	53	0	63	47	41	49	
0	17	33	27	28	27	6	0	21	27	23	
0	16	22	6	23	6	14	16	0	24	2	
0	28	6	23	1	18	31	33	17	0	19	
0	22	29	22	24	12	20	14	26	25	0	
M5
0	0	0	0	0	0	0	0	0	0	0	
0	0	39	48	28	6	44	8	10	31	67	
0	56	0	49	29	19	56	56	48	64	70	
0	10	43	0	19	16	7	13	15	41	77	
0	30	63	20	0	36	27	33	35	57	83	
0	64	66	54	34	0	61	59	30	62	66	
0	3	36	32	12	9	0	6	8	34	70	
0	13	36	61	41	7	36	0	2	44	73	
0	43	44	91	71	42	87	51	0	74	88	
0	62	32	81	61	51	59	55	40	0	88	
0	22	48	70	50	28	43	30	4	53	0	
M6
0	0	0	0	0	0	0	0	0	0	0	
0	0	27	22	32	16	3	35	30	22	24	
0	23	0	30	17	24	26	16	40	26	34	
0	16	37	0	48	16	19	45	25	38	40	
0	37	29	22	0	16	38	45	27	9	53	
0	22	30	6	47	0	22	29	31	40	43	
0	35	24	19	32	13	0	32	27	37	21	
0	15	31	37	28	31	18	0	24	11	18	
0	10	37	18	42	13	13	42	0	32	34	
0	28	20	36	21	31	31	36	18	0	44	
0	16	40	20	11	19	19	11	6	20	0	
M7
0	0	0	0	0	0	0	0	0	0	0	
0	0	36	3	26	28	39	45	22	37	30	
0	29	0	13	19	4	6	9	15	1	16	
0	62	33	0	27	29	39	42	19	34	38	
0	73	44	11	0	2	23	39	30	45	14	
0	71	42	9	34	0	21	37	28	43	12	
0	86	57	24	13	15	0	52	43	58	27	
0	88	60	27	16	18	19	0	46	61	27	
0	71	42	19	8	10	31	47	0	43	22	
0	28	45	12	18	3	5	8	31	0	15	
0	61	34	33	22	24	9	32	49	35	0	
Tamanho_Tarefas
0	19	22	22	11	16	26	22	7	4	14	
Data_Entrega
0	157	157	155	158	154	154	159	155	157	157	
Penalidade_Atraso
0	11	19	14	14	2	8	8	19	4	2	
Capacidade_Veiculo
68	70	60	70	
Custo_Fixo_Veiculo
680	700	600	700	
Coordenadas_Clientes
x	0	y	0
x	96	y	0
x	60	y	44
x	26	y	81
x	-28	y	88
x	-64	y	47
x	-124	y	0
x	-65	y	-47
x	-29	y	-89
x	34	y	-107
x	77	y	-56
Tempo_Viagem
0	96	74	85	92	79	124	80	93	112	95	
96	0	56	106	152	166	220	167	153	123	59	
74	56	0	50	98	124	189	154	160	153	101	
85	106	50	0	54	96	170	157	178	188	146	
92	152	98	54	0	54	130	139	177	204	178	
79	166	124	96	54	0	76	94	140	182	174	
124	220	189	170	130	76	0	75	130	190	208	
80	167	154	157	139	94	75	0	55	115	142	
93	153	160	178	177	140	130	55	0	65	111	
112	123	153	188	204	182	190	115	65	0	66	
95	59	101	146	178	174	208	142	111	66	0	
Custo_Viagem
V0
0	1305	1006	1156	1251	1074	1686	1088	1264	1523	1292	
1305	0	761	1455	2067	2257	2992	2271	2080	1672	802	
1006	761	0	680	1332	1686	2570	2094	2176	2080	1373	
1156	1455	680	0	734	1305	2312	2135	2420	2556	1985	
1251	2067	1332	734	0	734	1768	1890	2407	2774	2420	
1074	2257	1686	1305	734	0	1033	1278	1904	2475	2366	
1686	2992	2570	2312	1768	1033	0	1020	1768	2584	2828	
1088	2271	2094	2135	1890	1278	1020	0	748	1564	1931	
1264	2080	2176	2420	2407	1904	1768	748	0	884	1509	
1523	1672	2080	2556	2774	2475	2584	1564	884	0	897	
1292	802	1373	1985	2420	2366	2828	1931	1509	897	0	
V1
0	1344	1036	1190	1288	1106	1736	1120	1302	1568	1330	
1344	0	784	1498	2128	2324	3080	2338	2142	1722	826	
1036	784	0	700	1372	1736	2646	2156	2240	2142	1414	
1190	1498	700	0	756	1344	2380	2198	2492	2632	2044	
1288	2128	1372	756	0	756	1820	1946	2478	2856	2492	
1106	2324	1736	1344	756	0	1064	1316	1960	2548	2436	
1736	3080	2646	2380	1820	1064	0	1050	1820	2660	2912	
1120	2338	2156	2198	1946	1316	1050	0	770	1610	1988	
1302	2142	2240	2492	2478	1960	1820	770	0	910	1554	
1568	1722	2142	2632	2856	2548	2660	1610	910	0	924	
1330	826	1414	2044	2492	2436	2912	1988	1554	924	0	
V2
0	1152	888	1020	1104	948	1488	960	1116	1344	1140	
1152	0	672	1284	1824	1992	2640	2004	1836	1476	708	
888	672	0	600	1176	1488	2268	1848	1920	1836	1212	
1020	1284	600	0	648	1152	2040	1884	2136	2256	1752	
1104	1824	1176	648	0	648	1560	1668	2124	2448	2136	
948	1992	1488	1152	648	0	912	1128	1680	2184	2088	
1488	2640	2268	2040	1560	912	0	900	1560	2280	2496	
960	2004	1848	1884	1668	1128	900	0	660	1380	1704	
1116	1836	1920	2136	2124	1680	1560	660	0	780	1332	
1344	1476	1836	2256	2448	2184	2280	1380	780	0	792	
1140	708	1212	1752	2136	2088	2496	1704	1332	792	0	
V3
0	1344	1036	1190	1288	1106	1736	1120	1302	1568	1330	
1344	0	784	1498	2128	2324	3080	2338	2142	1722	826	
1036	784	0	700	1372	1736	2646	2156	2240	2142	1414	
1190	1498	700	0	756	1344	2380	2198	2492	2632	2044	
1288	2128	1372	756	0	756	1820	1946	2478	2856	2492	
1106	2324	1736	1344	756	0	1064	1316	1960	2548	2436	
1736	3080	2646	2380	1820	1064	0	1050	1820	2660	2912	
1120	2338	2156	2198	1946	1316	1050	0	770	1610	1988	
1302	2142	2240	2492	2478	1960	1820	770	0	910	1554	
1568	1722	2142	2632	2856	2548	2660	1610	910	0	924	
1330	826	1414	2044	2492	2436	2912	1988	1554	924	0	
Velocidade_Veiculos
1	1	1	1	