M: 2
N: 15
Nun_Veiculos: 6
Capacidade_Total: 358
Demanda_Total: 270
Setup_Min: 1
Setup_Max: 99
Raio: 100
Circulos: 1
Tempo_Processamento_Min: 1
Tempo_Processamento_Max: 49
Demanda_Min: 10
Demanda_Max: 30
Priority_Factor: 0.2
Range_Factor_R: 0.8
U_factor: 2
ALpha: 0.2Replicao: 3
Tempos_Processamentos
0	0	1	0	
0	48	1	10	
0	39	1	14	
0	29	1	2	
0	2	1	28	
0	1	1	17	
0	35	1	25	
0	10	1	20	
0	11	1	47	
0	13	1	25	
0	17	1	37	
0	20	1	36	
0	40	1	26	
0	27	1	4	
0	14	1	35	
0	25	1	1	

Tempos_setup
M0
0	0	0	0	0	0	0	0	0	0	0	0	0	0	0	0	
0	0	24	20	8	18	18	8	11	20	5	45	37	22	18	34	
0	23	0	31	28	18	24	31	31	43	26	21	13	20	19	28	
0	28	33	0	33	33	29	36	11	28	31	37	28	33	34	29	
0	41	33	45	0	30	24	34	32	42	26	45	46	28	19	52	
0	11	35	27	19	0	23	15	22	26	16	56	48	27	18	45	
0	17	38	21	5	6	0	21	8	25	2	34	49	4	24	41	
0	21	29	12	20	10	15	0	23	36	17	49	40	19	10	41	
0	17	41	37	22	24	18	25	0	17	20	52	51	22	35	42	
0	74	72	79	66	67	61	67	69	0	63	73	64	65	70	68	
0	23	36	19	3	15	24	30	6	23	0	48	47	26	22	48	
0	21	11	18	14	10	9	20	17	22	11	0	24	13	28	7	
0	10	20	18	16	5	11	18	18	30	13	9	0	7	6	16	
0	28	42	25	9	21	29	36	11	28	6	54	53	0	28	53	
0	22	37	26	10	11	5	15	13	30	7	39	36	9	0	33	
0	27	4	25	31	22	26	13	34	47	28	25	17	24	21	0	
M1
0	0	0	0	0	0	0	0	0	0	0	0	0	0	0	0	
0	0	21	16	19	11	8	6	18	14	18	34	2	39	25	16	
0	33	0	37	35	35	35	39	17	38	33	27	32	18	9	40	
0	18	32	0	28	18	3	24	30	17	25	35	20	50	27	17	
0	37	4	25	0	20	28	30	13	10	27	15	36	22	13	19	
0	23	18	5	14	0	8	29	27	3	13	29	22	36	16	5	
0	50	50	37	46	32	0	44	47	35	45	61	52	48	48	37	
0	36	47	40	48	35	3	0	47	38	22	52	31	51	51	40	
0	30	3	23	32	18	26	36	0	21	16	30	25	21	12	23	
0	45	15	28	11	31	25	41	24	0	38	26	44	33	13	30	
0	14	28	23	26	18	15	20	25	17	0	41	9	46	30	23	
0	46	38	45	34	40	18	15	46	23	37	0	41	56	36	39	
0	5	19	14	17	9	6	11	16	12	22	32	0	37	25	14	
0	15	21	19	17	23	17	21	18	26	33	32	14	0	30	28	
0	48	27	30	54	40	27	54	24	43	40	54	49	45	0	45	
0	22	19	6	15	1	9	28	28	4	8	30	17	37	17	0	
Tamanho_Tarefas
0	29	23	14	15	5	28	11	18	16	22	24	27	11	19	8	
Data_Entrega
0	210	236	278	203	265	228	242	234	215	265	207	240	243	250	274	
Penalidade_Atraso
0	17	4	16	8	10	3	8	18	6	13	12	14	15	13	4	
Capacidade_Veiculo
72	39	35	78	67	67	
Custo_Fixo_Veiculo
720	390	350	780	670	670	
Coordenadas_Clientes
x	0	y	0
x	116	y	0
x	80	y	35
x	82	y	92
x	33	y	101
x	-11	y	108
x	-39	y	68
x	-87	y	63
x	-99	y	21
x	-108	y	-23
x	-74	y	-54
x	-40	y	-71
x	-11	y	-105
x	24	y	-75
x	71	y	-79
x	88	y	-39
Tempo_Viagem
0	116	87	123	106	108	78	107	101	110	91	81	105	78	106	96	
116	0	50	98	130	166	169	212	216	225	197	171	164	118	90	48	
87	50	0	57	81	116	123	169	179	196	177	160	166	123	114	74	
123	98	57	0	49	93	123	171	194	222	213	203	217	176	171	131	
106	130	81	49	0	44	79	125	154	187	188	186	210	176	183	150	
108	166	116	93	44	0	48	88	123	162	173	181	213	186	204	177	
78	169	123	123	79	48	0	48	76	114	126	139	175	156	183	166	
107	212	169	171	125	88	48	0	43	87	117	142	184	177	212	202	
101	216	179	194	154	123	76	43	0	44	79	109	153	156	197	196	
110	225	196	222	187	162	114	87	44	0	46	83	127	141	187	196	
91	197	177	213	188	173	126	117	79	46	0	38	81	100	147	162	
81	171	160	203	186	181	139	142	109	83	38	0	44	64	111	131	
105	164	166	217	210	213	175	184	153	127	81	44	0	46	86	118	
78	118	123	176	176	186	156	177	156	141	100	64	46	0	47	73	
106	90	114	171	183	204	183	212	197	187	147	111	86	47	0	43	
96	48	74	131	150	177	166	202	196	196	162	131	118	73	43	0	
Custo_Viagem
V0
0	1670	1252	1771	1526	1555	1123	1540	1454	1584	1310	1166	1512	1123	1526	1382	
1670	0	720	1411	1872	2390	2433	3052	3110	3240	2836	2462	2361	1699	1296	691	
1252	720	0	820	1166	1670	1771	2433	2577	2822	2548	2304	2390	1771	1641	1065	
1771	1411	820	0	705	1353	1771	2462	2793	3196	3067	2923	3124	2534	2462	1886	
1526	1872	1166	705	0	633	1137	1800	2217	2692	2707	2678	3024	2534	2635	2160	
1555	2390	1670	1353	633	0	691	1267	1771	2347	2491	2606	3067	2678	2937	2548	
1123	2433	1771	1771	1137	691	0	691	1094	1641	1814	2001	2520	2246	2635	2390	
1540	3052	2433	2462	1800	1267	691	0	619	1267	1684	2044	2649	2548	3052	2908	
1454	3110	2577	2793	2217	1771	1094	619	0	633	1137	1569	2203	2246	2836	2822	
1584	3240	2822	3196	2692	2347	1641	1267	633	0	662	1195	1828	2030	2692	2822	
1310	2836	2548	3067	2707	2491	1814	1684	1137	662	0	547	1166	1440	2116	2332	
1166	2462	2304	2923	2678	2606	2001	2044	1569	1195	547	0	633	921	1598	1886	
1512	2361	2390	3124	3024	3067	2520	2649	2203	1828	1166	633	0	662	1238	1699	
1123	1699	1771	2534	2534	2678	2246	2548	2246	2030	1440	921	662	0	676	1051	
1526	1296	1641	2462	2635	2937	2635	3052	2836	2692	2116	1598	1238	676	0	619	
1382	691	1065	1886	2160	2548	2390	2908	2822	2822	2332	1886	1699	1051	619	0	
V1
0	904	678	959	826	842	608	834	787	858	709	631	819	608	826	748	
904	0	390	764	1014	1294	1318	1653	1684	1755	1536	1333	1279	920	702	374	
678	390	0	444	631	904	959	1318	1396	1528	1380	1248	1294	959	889	577	
959	764	444	0	382	733	959	1333	1513	1731	1661	1583	1692	1372	1333	1021	
826	1014	631	382	0	343	616	975	1201	1458	1466	1450	1638	1372	1427	1170	
842	1294	904	733	343	0	374	686	959	1271	1349	1411	1661	1450	1591	1380	
608	1318	959	959	616	374	0	374	592	889	982	1084	1365	1216	1427	1294	
834	1653	1318	1333	975	686	374	0	335	686	912	1107	1435	1380	1653	1575	
787	1684	1396	1513	1201	959	592	335	0	343	616	850	1193	1216	1536	1528	
858	1755	1528	1731	1458	1271	889	686	343	0	358	647	990	1099	1458	1528	
709	1536	1380	1661	1466	1349	982	912	616	358	0	296	631	780	1146	1263	
631	1333	1248	1583	1450	1411	1084	1107	850	647	296	0	343	499	865	1021	
819	1279	1294	1692	1638	1661	1365	1435	1193	990	631	343	0	358	670	920	
608	920	959	1372	1372	1450	1216	1380	1216	1099	780	499	358	0	366	569	
826	702	889	1333	1427	1591	1427	1653	1536	1458	1146	865	670	366	0	335	
748	374	577	1021	1170	1380	1294	1575	1528	1528	1263	1021	920	569	335	0	
V2
0	812	609	861	742	756	546	749	707	770	637	567	735	546	742	672	
812	0	350	686	910	1162	1183	1484	1512	1575	1379	1197	1148	826	630	336	
609	350	0	399	567	812	861	1183	1253	1372	1239	1120	1162	861	798	518	
861	686	399	0	343	658	861	1197	1358	1554	1491	1421	1519	1232	1197	917	
742	910	567	343	0	308	553	875	1078	1309	1316	1302	1470	1232	1281	1050	
756	1162	812	658	308	0	336	616	861	1141	1211	1267	1491	1302	1428	1239	
546	1183	861	861	553	336	0	336	532	798	882	973	1225	1092	1281	1162	
749	1484	1183	1197	875	616	336	0	301	616	819	994	1288	1239	1484	1414	
707	1512	1253	1358	1078	861	532	301	0	308	553	763	1071	1092	1379	1372	
770	1575	1372	1554	1309	1141	798	616	308	0	322	581	889	987	1309	1372	
637	1379	1239	1491	1316	1211	882	819	553	322	0	266	567	700	1029	1134	
567	1197	1120	1421	1302	1267	973	994	763	581	266	0	308	448	777	917	
735	1148	1162	1519	1470	1491	1225	1288	1071	889	567	308	0	322	602	826	
546	826	861	1232	1232	1302	1092	1239	1092	987	700	448	322	0	329	511	
742	630	798	1197	1281	1428	1281	1484	1379	1309	1029	777	602	329	0	301	
672	336	518	917	1050	1239	1162	1414	1372	1372	1134	917	826	511	301	0	
V3
0	1809	1357	1918	1653	1684	1216	1669	1575	1716	1419	1263	1638	1216	1653	1497	
1809	0	780	1528	2028	2589	2636	3307	3369	3510	3073	2667	2558	1840	1404	748	
1357	780	0	889	1263	1809	1918	2636	2792	3057	2761	2496	2589	1918	1778	1154	
1918	1528	889	0	764	1466	1918	2667	3026	3463	3322	3166	3385	2745	2667	2043	
1653	2028	1263	764	0	686	1232	1950	2402	2917	2932	2901	3276	2745	2854	2340	
1684	2589	1809	1466	686	0	748	1372	1918	2542	2698	2823	3322	2901	3182	2761	
1216	2636	1918	1918	1232	748	0	748	1185	1778	1965	2168	2730	2433	2854	2589	
1669	3307	2636	2667	1950	1372	748	0	670	1372	1825	2215	2870	2761	3307	3151	
1575	3369	2792	3026	2402	1918	1185	670	0	686	1232	1700	2386	2433	3073	3057	
1716	3510	3057	3463	2917	2542	1778	1372	686	0	717	1294	1981	2199	2917	3057	
1419	3073	2761	3322	2932	2698	1965	1825	1232	717	0	592	1263	1560	2293	2527	
1263	2667	2496	3166	2901	2823	2168	2215	1700	1294	592	0	686	998	1731	2043	
1638	2558	2589	3385	3276	3322	2730	2870	2386	1981	1263	686	0	717	1341	1840	
1216	1840	1918	2745	2745	2901	2433	2761	2433	2199	1560	998	717	0	733	1138	
1653	1404	1778	2667	2854	3182	2854	3307	3073	2917	2293	1731	1341	733	0	670	
1497	748	1154	2043	2340	2761	2589	3151	3057	3057	2527	2043	1840	1138	670	0	
V4
0	1554	1165	1648	1420	1447	1045	1433	1353	1474	1219	1085	1407	1045	1420	1286	
1554	0	670	1313	1742	2224	2264	2840	2894	3015	2639	2291	2197	1581	1206	643	
1165	670	0	763	1085	1554	1648	2264	2398	2626	2371	2144	2224	1648	1527	991	
1648	1313	763	0	656	1259	1648	2291	2599	2974	2854	2720	2907	2358	2291	1755	
1420	1742	1085	656	0	589	1058	1675	2063	2505	2519	2492	2814	2358	2452	2010	
1447	2224	1554	1259	589	0	643	1179	1648	2184	2318	2425	2854	2492	2733	2371	
1045	2264	1648	1648	1058	643	0	643	1018	1527	1688	1862	2345	2090	2452	2224	
1433	2840	2264	2291	1675	1179	643	0	576	1179	1567	1902	2465	2371	2840	2706	
1353	2894	2398	2599	2063	1648	1018	576	0	589	1058	1460	2050	2090	2639	2626	
1474	3015	2626	2974	2505	2184	1527	1179	589	0	616	1112	1701	1889	2505	2626	
1219	2639	2371	2854	2519	2318	1688	1567	1058	616	0	509	1085	1340	1969	2170	
1085	2291	2144	2720	2492	2425	1862	1902	1460	1112	509	0	589	857	1487	1755	
1407	2197	2224	2907	2814	2854	2345	2465	2050	1701	1085	589	0	616	1152	1581	
1045	1581	1648	2358	2358	2492	2090	2371	2090	1889	1340	857	616	0	629	978	
1420	1206	1527	2291	2452	2733	2452	2840	2639	2505	1969	1487	1152	629	0	576	
1286	643	991	1755	2010	2371	2224	2706	2626	2626	2170	1755	1581	978	576	0	
V5
0	1554	1165	1648	1420	1447	1045	1433	1353	1474	1219	1085	1407	1045	1420	1286	
1554	0	670	1313	1742	2224	2264	2840	2894	3015	2639	2291	2197	1581	1206	643	
1165	670	0	763	1085	1554	1648	2264	2398	2626	2371	2144	2224	1648	1527	991	
1648	1313	763	0	656	1259	1648	2291	2599	2974	2854	2720	2907	2358	2291	1755	
1420	1742	1085	656	0	589	1058	1675	2063	2505	2519	2492	2814	2358	2452	2010	
1447	2224	1554	1259	589	0	643	1179	1648	2184	2318	2425	2854	2492	2733	2371	
1045	2264	1648	1648	1058	643	0	643	1018	1527	1688	1862	2345	2090	2452	2224	
1433	2840	2264	2291	1675	1179	643	0	576	1179	1567	1902	2465	2371	2840	2706	
1353	2894	2398	2599	2063	1648	1018	576	0	589	1058	1460	2050	2090	2639	2626	
1474	3015	2626	2974	2505	2184	1527	1179	589	0	616	1112	1701	1889	2505	2626	
1219	2639	2371	2854	2519	2318	1688	1567	1058	616	0	509	1085	1340	1969	2170	
1085	2291	2144	2720	2492	2425	1862	1902	1460	1112	509	0	589	857	1487	1755	
1407	2197	2224	2907	2814	2854	2345	2465	2050	1701	1085	589	0	616	1152	1581	
1045	1581	1648	2358	2358	2492	2090	2371	2090	1889	1340	857	616	0	629	978	
1420	1206	1527	2291	2452	2733	2452	2840	2639	2505	1969	1487	1152	629	0	576	
1286	643	991	1755	2010	2371	2224	2706	2626	2626	2170	1755	1581	978	576	0	
Velocidade_Veiculos
1	1	1	1	1	1	