M: 4
N: 15
Nun_Veiculos: 6
Capacidade_Total: 373
Demanda_Total: 281
Setup_Min: 1
Setup_Max: 99
Raio: 100
Circulos: 1
Tempo_Processamento_Min: 1
Tempo_Processamento_Max: 49
Demanda_Min: 10
Demanda_Max: 30
Priority_Factor: 0.2
Range_Factor_R: 0.8
U_factor: 2
ALpha: 0.2Replicao: 3
Tempos_Processamentos
0	0	1	0	2	0	3	0	
0	20	1	45	2	15	3	46	
0	1	1	32	2	16	3	42	
0	9	1	32	2	41	3	15	
0	21	1	49	2	16	3	31	
0	47	1	33	2	30	3	22	
0	39	1	2	2	3	3	41	
0	4	1	12	2	46	3	1	
0	18	1	26	2	46	3	31	
0	22	1	41	2	30	3	18	
0	9	1	17	2	23	3	39	
0	25	1	40	2	42	3	46	
0	35	1	31	2	7	3	44	
0	33	1	20	2	1	3	45	
0	9	1	10	2	39	3	7	
0	43	1	33	2	44	3	31	

Tempos_setup
M0
0	0	0	0	0	0	0	0	0	0	0	0	0	0	0	0	
0	0	18	29	20	22	18	12	2	16	15	9	8	22	26	12	
0	32	0	24	14	17	12	29	34	14	23	31	40	20	8	14	
0	33	19	0	33	19	31	45	35	31	11	42	41	37	25	33	
0	36	44	56	0	49	48	48	38	43	41	17	38	43	39	42	
0	35	21	7	17	0	15	46	37	27	13	32	31	33	27	17	
0	20	14	12	2	5	0	31	22	12	18	19	28	18	22	2	
0	35	29	27	17	20	15	0	37	27	33	34	43	33	37	17	
0	16	24	27	20	20	18	10	0	22	31	10	24	28	32	12	
0	34	2	19	16	19	14	19	36	0	20	33	42	6	10	16	
0	22	8	15	22	8	20	34	24	20	0	31	30	26	14	22	
0	26	28	40	33	33	31	32	28	26	28	0	21	32	36	25	
0	5	10	22	12	15	10	17	7	8	7	1	0	14	18	4	
0	28	1	13	13	16	11	30	30	14	14	30	36	0	8	13	
0	37	8	25	22	23	20	25	39	6	15	39	45	12	0	22	
0	26	12	18	8	11	6	29	28	10	24	25	34	16	20	0	
M1
0	0	0	0	0	0	0	0	0	0	0	0	0	0	0	0	
0	0	11	6	7	28	30	1	20	28	25	18	19	22	43	20	
0	44	0	29	7	28	30	45	12	17	25	49	8	42	43	20	
0	38	40	0	1	22	24	39	29	27	19	43	30	36	37	14	
0	37	39	22	0	21	23	38	28	26	18	42	29	35	36	13	
0	39	18	1	2	0	20	38	9	5	20	39	26	37	33	15	
0	42	27	27	16	26	0	21	10	15	23	19	6	23	13	18	
0	30	10	35	17	38	31	0	22	27	26	17	18	43	44	30	
0	59	46	46	38	45	22	39	0	37	45	41	28	43	35	40	
0	60	43	30	31	48	46	33	42	0	41	35	45	40	29	40	
0	19	21	21	21	31	5	20	10	20	0	24	11	17	18	23	
0	56	29	18	19	40	36	48	14	17	37	0	10	40	29	32	
0	55	38	39	40	46	26	42	4	9	43	44	0	47	38	38	
0	48	4	33	11	32	34	39	16	20	29	53	12	0	47	24	
0	31	15	24	3	24	17	32	15	23	12	6	16	11	0	16	
0	24	26	9	10	8	10	25	15	13	5	29	16	22	23	0	
M2
0	0	0	0	0	0	0	0	0	0	0	0	0	0	0	0	
0	0	24	30	26	41	38	35	34	11	35	26	9	34	33	54	
0	26	0	16	30	23	15	17	29	16	14	22	21	26	9	30	
0	29	3	0	23	18	18	20	32	19	17	25	24	29	12	33	
0	11	8	5	0	23	23	22	26	7	11	29	18	34	17	38	
0	24	23	20	15	0	8	35	15	16	26	20	14	32	32	24	
0	26	29	26	26	22	0	37	17	23	31	22	21	30	38	16	
0	24	21	18	13	6	3	0	20	20	24	25	20	33	30	19	
0	9	12	9	32	26	23	20	0	12	14	5	18	17	21	39	
0	15	27	26	41	40	37	34	43	0	31	22	24	34	36	53	
0	17	22	24	24	17	14	11	15	2	0	20	7	32	11	30	
0	4	7	4	27	21	18	15	21	7	9	0	13	12	16	34	
0	17	15	28	39	32	29	26	42	2	27	24	0	25	24	45	
0	19	24	26	26	19	16	13	17	4	2	22	9	0	13	29	
0	17	17	14	29	22	19	16	20	7	5	13	12	25	0	35	
0	21	18	15	10	6	14	32	21	17	21	26	16	27	27	0	
M3
0	0	0	0	0	0	0	0	0	0	0	0	0	0	0	0	
0	0	11	15	31	53	41	19	34	17	42	8	41	13	16	41	
0	30	0	23	25	51	39	28	38	21	37	38	30	2	5	35	
0	30	39	0	23	59	48	34	19	26	27	31	53	41	35	30	
0	21	24	19	0	39	41	19	13	20	12	29	40	26	22	10	
0	4	15	14	25	0	24	2	25	21	10	12	1	2	5	22	
0	16	18	26	37	12	0	14	33	33	22	24	13	14	17	30	
0	2	13	17	33	34	22	0	36	19	44	10	35	15	18	43	
0	11	22	21	40	45	41	25	0	7	18	19	34	24	27	16	
0	29	28	23	46	46	34	38	18	0	31	36	47	30	33	29	
0	9	12	7	30	41	29	7	15	22	0	17	42	14	17	12	
0	36	23	7	30	55	43	34	26	9	34	0	53	25	28	37	
0	3	14	13	24	35	23	1	32	20	36	11	0	1	4	34	
0	28	39	21	23	49	37	26	36	33	35	36	28	0	3	33	
0	25	36	18	37	46	34	23	37	42	36	33	26	27	0	34	
0	11	14	9	32	29	31	9	3	10	2	19	30	16	12	0	
Tamanho_Tarefas
0	24	21	12	26	22	6	6	23	26	14	29	28	2	9	33	
Data_Entrega
0	165	183	181	194	168	171	196	196	178	191	179	179	162	168	195	
Penalidade_Atraso
0	7	7	1	1	1	14	9	14	19	12	18	8	13	14	19	
Capacidade_Veiculo
81	36	85	38	83	50	
Custo_Fixo_Veiculo
810	360	850	380	830	500	
Coordenadas_Clientes
x	0	y	0
x	79	y	0
x	73	y	32
x	74	y	83
x	24	y	76
x	-10	y	97
x	-41	y	71
x	-90	y	65
x	-107	y	22
x	-116	y	-24
x	-63	y	-46
x	-46	y	-80
x	-9	y	-90
x	33	y	-102
x	62	y	-69
x	90	y	-40
Tempo_Viagem
0	79	79	111	79	97	81	111	109	118	78	92	90	107	92	98	
79	0	32	83	93	131	139	181	187	196	149	148	125	111	71	41	
79	32	0	51	65	104	120	166	180	197	156	163	146	139	101	73	
111	83	51	0	50	85	115	164	191	218	188	202	191	189	152	124	
79	93	65	50	0	39	65	114	141	172	149	170	169	178	149	133	
97	131	104	85	39	0	40	86	122	160	152	180	187	203	180	169	
81	139	120	115	65	40	0	49	82	121	119	151	164	188	173	171	
111	181	166	164	114	86	49	0	46	92	114	151	174	207	202	208	
109	187	180	191	141	122	82	46	0	46	80	118	148	187	191	206	
118	196	197	218	172	160	121	92	46	0	57	89	125	168	183	206	
78	149	156	188	149	152	119	114	80	57	0	38	69	111	127	153	
92	148	163	202	170	180	151	151	118	89	38	0	38	81	108	141	
90	125	146	191	169	187	164	174	148	125	69	38	0	43	74	110	
107	111	139	189	178	203	188	207	187	168	111	81	43	0	43	83	
92	71	101	152	149	180	173	202	191	183	127	108	74	43	0	40	
98	41	73	124	133	169	171	208	206	206	153	141	110	83	40	0	
Custo_Viagem
V0
0	1279	1279	1798	1279	1571	1312	1798	1765	1911	1263	1490	1458	1733	1490	1587	
1279	0	518	1344	1506	2122	2251	2932	3029	3175	2413	2397	2025	1798	1150	664	
1279	518	0	826	1053	1701	1944	2689	2916	3191	2527	2640	2365	2251	1636	1182	
1798	1344	826	0	810	1377	1863	2656	3094	3531	3045	3272	3094	3061	2462	2008	
1279	1506	1053	810	0	631	1053	1846	2284	2786	2413	2754	2737	2883	2413	2154	
1571	2122	1701	1377	631	0	648	1393	1976	2592	2462	2916	3029	3288	2916	2737	
1312	2251	1944	1863	1053	648	0	793	1328	1960	1927	2446	2656	3045	2802	2770	
1798	2932	2689	2656	1846	1393	793	0	745	1490	1846	2446	2818	3353	3272	3369	
1765	3029	2916	3094	2284	1976	1328	745	0	745	1296	1911	2397	3029	3094	3337	
1911	3175	3191	3531	2786	2592	1960	1490	745	0	923	1441	2025	2721	2964	3337	
1263	2413	2527	3045	2413	2462	1927	1846	1296	923	0	615	1117	1798	2057	2478	
1490	2397	2640	3272	2754	2916	2446	2446	1911	1441	615	0	615	1328	1749	2284	
1458	2025	2365	3094	2737	3029	2656	2818	2397	2025	1117	615	0	696	1198	1782	
1733	1798	2251	3061	2883	3288	3045	3353	3029	2721	1798	1328	696	0	696	1360	
1490	1150	1636	2462	2413	2916	2802	3272	3094	2964	2057	1749	1198	696	0	648	
1587	664	1182	2008	2154	2737	2770	3369	3337	3337	2478	2284	1782	1360	648	0	
V1
0	568	568	799	568	698	583	799	784	849	561	662	648	770	662	705	
568	0	230	597	669	943	1000	1303	1346	1411	1072	1065	900	799	511	295	
568	230	0	367	468	756	864	1195	1296	1418	1123	1173	1051	1000	727	525	
799	597	367	0	360	612	828	1180	1375	1569	1353	1454	1375	1360	1094	892	
568	669	468	360	0	280	468	820	1015	1238	1072	1224	1216	1281	1072	957	
698	943	756	612	280	0	288	619	878	1152	1094	1296	1346	1461	1296	1216	
583	1000	864	828	468	288	0	352	590	871	856	1087	1180	1353	1245	1231	
799	1303	1195	1180	820	619	352	0	331	662	820	1087	1252	1490	1454	1497	
784	1346	1296	1375	1015	878	590	331	0	331	576	849	1065	1346	1375	1483	
849	1411	1418	1569	1238	1152	871	662	331	0	410	640	900	1209	1317	1483	
561	1072	1123	1353	1072	1094	856	820	576	410	0	273	496	799	914	1101	
662	1065	1173	1454	1224	1296	1087	1087	849	640	273	0	273	590	777	1015	
648	900	1051	1375	1216	1346	1180	1252	1065	900	496	273	0	309	532	792	
770	799	1000	1360	1281	1461	1353	1490	1346	1209	799	590	309	0	309	604	
662	511	727	1094	1072	1296	1245	1454	1375	1317	914	777	532	309	0	288	
705	295	525	892	957	1216	1231	1497	1483	1483	1101	1015	792	604	288	0	
V2
0	1343	1343	1887	1343	1649	1377	1887	1853	2006	1326	1564	1530	1819	1564	1666	
1343	0	544	1411	1581	2227	2363	3077	3179	3332	2533	2516	2125	1887	1207	697	
1343	544	0	867	1105	1785	2040	2822	3060	3349	2652	2771	2482	2363	1717	1241	
1887	1411	867	0	850	1445	1955	2788	3247	3706	3196	3434	3247	3213	2584	2108	
1343	1581	1105	850	0	663	1105	1938	2397	2924	2533	2890	2873	3026	2533	2261	
1649	2227	1785	1445	663	0	680	1462	2074	2720	2584	3060	3179	3451	3060	2873	
1377	2363	2040	1955	1105	680	0	833	1394	2057	2023	2567	2788	3196	2941	2907	
1887	3077	2822	2788	1938	1462	833	0	782	1564	1938	2567	2958	3519	3434	3536	
1853	3179	3060	3247	2397	2074	1394	782	0	782	1360	2006	2516	3179	3247	3502	
2006	3332	3349	3706	2924	2720	2057	1564	782	0	969	1513	2125	2856	3111	3502	
1326	2533	2652	3196	2533	2584	2023	1938	1360	969	0	646	1173	1887	2159	2601	
1564	2516	2771	3434	2890	3060	2567	2567	2006	1513	646	0	646	1394	1836	2397	
1530	2125	2482	3247	2873	3179	2788	2958	2516	2125	1173	646	0	731	1258	1870	
1819	1887	2363	3213	3026	3451	3196	3519	3179	2856	1887	1394	731	0	731	1428	
1564	1207	1717	2584	2533	3060	2941	3434	3247	3111	2159	1836	1258	731	0	680	
1666	697	1241	2108	2261	2873	2907	3536	3502	3502	2601	2397	1870	1428	680	0	
V3
0	600	600	843	600	737	615	843	828	896	592	699	684	813	699	744	
600	0	243	630	706	995	1056	1375	1421	1489	1132	1124	950	843	539	311	
600	243	0	387	494	798	912	1261	1368	1497	1185	1238	1109	1056	767	554	
843	630	387	0	380	646	874	1246	1451	1656	1428	1535	1451	1436	1155	942	
600	706	494	380	0	296	494	866	1071	1307	1132	1292	1284	1352	1132	1010	
737	995	798	646	296	0	304	653	927	1216	1155	1368	1421	1542	1368	1284	
615	1056	912	874	494	304	0	372	623	919	904	1147	1246	1428	1314	1299	
843	1375	1261	1246	866	653	372	0	349	699	866	1147	1322	1573	1535	1580	
828	1421	1368	1451	1071	927	623	349	0	349	608	896	1124	1421	1451	1565	
896	1489	1497	1656	1307	1216	919	699	349	0	433	676	950	1276	1390	1565	
592	1132	1185	1428	1132	1155	904	866	608	433	0	288	524	843	965	1162	
699	1124	1238	1535	1292	1368	1147	1147	896	676	288	0	288	623	820	1071	
684	950	1109	1451	1284	1421	1246	1322	1124	950	524	288	0	326	562	836	
813	843	1056	1436	1352	1542	1428	1573	1421	1276	843	623	326	0	326	638	
699	539	767	1155	1132	1368	1314	1535	1451	1390	965	820	562	326	0	304	
744	311	554	942	1010	1284	1299	1580	1565	1565	1162	1071	836	638	304	0	
V4
0	1311	1311	1842	1311	1610	1344	1842	1809	1958	1294	1527	1494	1776	1527	1626	
1311	0	531	1377	1543	2174	2307	3004	3104	3253	2473	2456	2075	1842	1178	680	
1311	531	0	846	1079	1743	1992	2755	2988	3270	2589	2705	2423	2307	1676	1211	
1842	1377	846	0	830	1411	1909	2722	3170	3618	3120	3353	3170	3137	2523	2058	
1311	1543	1079	830	0	647	1079	1892	2340	2855	2473	2822	2805	2954	2473	2207	
1610	2174	1743	1411	647	0	664	1427	2025	2656	2523	2988	3104	3369	2988	2805	
1344	2307	1992	1909	1079	664	0	813	1361	2008	1975	2506	2722	3120	2871	2838	
1842	3004	2755	2722	1892	1427	813	0	763	1527	1892	2506	2888	3436	3353	3452	
1809	3104	2988	3170	2340	2025	1361	763	0	763	1328	1958	2456	3104	3170	3419	
1958	3253	3270	3618	2855	2656	2008	1527	763	0	946	1477	2075	2788	3037	3419	
1294	2473	2589	3120	2473	2523	1975	1892	1328	946	0	630	1145	1842	2108	2539	
1527	2456	2705	3353	2822	2988	2506	2506	1958	1477	630	0	630	1361	1792	2340	
1494	2075	2423	3170	2805	3104	2722	2888	2456	2075	1145	630	0	713	1228	1826	
1776	1842	2307	3137	2954	3369	3120	3436	3104	2788	1842	1361	713	0	713	1394	
1527	1178	1676	2523	2473	2988	2871	3353	3170	3037	2108	1792	1228	713	0	664	
1626	680	1211	2058	2207	2805	2838	3452	3419	3419	2539	2340	1826	1394	664	0	
V5
0	790	790	1110	790	970	810	1110	1090	1180	780	920	900	1070	920	980	
790	0	320	830	930	1310	1390	1810	1870	1960	1490	1480	1250	1110	710	410	
790	320	0	510	650	1050	1200	1660	1800	1970	1560	1630	1460	1390	1010	730	
1110	830	510	0	500	850	1150	1640	1910	2180	1880	2020	1910	1890	1520	1240	
790	930	650	500	0	390	650	1140	1410	1720	1490	1700	1690	1780	1490	1330	
970	1310	1050	850	390	0	400	860	1220	1600	1520	1800	1870	2030	1800	1690	
810	1390	1200	1150	650	400	0	490	820	1210	1190	1510	1640	1880	1730	1710	
1110	1810	1660	1640	1140	860	490	0	460	920	1140	1510	1740	2070	2020	2080	
1090	1870	1800	1910	1410	1220	820	460	0	460	800	1180	1480	1870	1910	2060	
1180	1960	1970	2180	1720	1600	1210	920	460	0	570	890	1250	1680	1830	2060	
780	1490	1560	1880	1490	1520	1190	1140	800	570	0	380	690	1110	1270	1530	
920	1480	1630	2020	1700	1800	1510	1510	1180	890	380	0	380	820	1080	1410	
900	1250	1460	1910	1690	1870	1640	1740	1480	1250	690	380	0	430	740	1100	
1070	1110	1390	1890	1780	2030	1880	2070	1870	1680	1110	820	430	0	430	840	
920	710	1010	1520	1490	1800	1730	2020	1910	1830	1270	1080	740	430	0	400	
980	410	730	1240	1330	1690	1710	2080	2060	2060	1530	1410	1100	840	400	0	
Velocidade_Veiculos
1	1	1	1	1	1	