M: 2
N: 30
Nun_Veiculos: 10
Capacidade_Total: 1013
Demanda_Total: 670
Setup_Min: 1
Setup_Max: 99
Raio: 100
Circulos: 1
Tempo_Processamento_Min: 1
Tempo_Processamento_Max: 49
Demanda_Min: 10
Demanda_Max: 30
Priority_Factor: 0.2
Range_Factor_R: 0.8
U_factor: 2
ALpha: 0.2Replicao: 0
Tempos_Processamentos
0	0	1	0	
0	27	1	36	
0	39	1	25	
0	26	1	21	
0	46	1	35	
0	49	1	43	
0	5	1	47	
0	23	1	34	
0	3	1	49	
0	42	1	27	
0	28	1	31	
0	5	1	3	
0	15	1	13	
0	21	1	22	
0	44	1	30	
0	23	1	41	
0	16	1	35	
0	8	1	45	
0	6	1	49	
0	43	1	44	
0	3	1	28	
0	26	1	15	
0	11	1	7	
0	7	1	33	
0	16	1	30	
0	38	1	8	
0	31	1	8	
0	6	1	46	
0	33	1	29	
0	26	1	25	
0	16	1	25	

Tempos_setup
M0
0	0	0	0	0	0	0	0	0	0	0	0	0	0	0	0	0	0	0	0	0	0	0	0	0	0	0	0	0	0	0	
0	0	3	18	13	8	2	18	19	12	13	9	13	7	14	9	17	12	6	26	20	7	13	11	9	21	1	13	16	9	7	
0	17	0	25	28	9	17	26	26	29	10	14	30	19	26	17	26	12	23	33	25	16	13	26	19	21	17	20	20	17	16	
0	2	5	0	13	10	4	3	1	12	10	11	11	9	7	11	10	14	8	24	11	9	15	13	4	9	3	15	11	11	9	
0	11	12	21	0	17	11	14	22	17	14	19	24	1	8	14	11	15	11	20	12	16	16	15	3	20	5	18	21	5	12	
0	14	9	19	19	0	8	18	20	20	12	15	25	11	18	17	18	4	14	30	17	8	5	17	13	13	8	21	22	9	15	
0	18	1	16	11	6	0	19	17	26	11	8	25	8	15	18	18	10	20	27	23	5	11	23	10	19	14	18	21	12	17	
0	11	14	18	24	12	13	0	19	9	24	20	24	18	23	16	19	16	17	26	29	18	17	22	20	25	12	24	13	20	18	
0	1	4	15	12	9	3	2	0	11	14	10	10	8	6	10	9	13	7	23	10	8	14	12	3	22	2	14	10	10	8	
0	2	5	9	15	10	4	12	10	0	15	11	15	9	14	7	17	14	8	17	20	9	15	13	11	18	3	15	4	11	9	
0	17	1	15	24	10	13	18	16	27	0	15	26	19	18	7	19	13	23	23	26	16	13	27	9	22	18	10	10	18	17	
0	28	20	29	22	23	30	22	30	26	26	0	17	23	16	30	19	27	29	37	21	22	19	29	25	28	26	28	30	27	30	
0	11	14	18	8	17	13	5	19	9	18	20	0	9	16	16	19	21	17	20	20	18	16	22	11	27	12	13	13	13	18	
0	13	14	20	13	19	15	13	21	20	13	22	26	0	7	20	10	14	19	19	17	18	15	24	2	19	14	23	23	4	20	
0	15	18	13	6	23	17	16	14	23	20	19	24	7	0	14	3	21	17	26	10	22	22	21	9	22	11	24	24	11	18	
0	16	19	29	22	20	18	26	29	26	19	12	29	23	16	0	19	24	22	38	22	23	25	27	24	18	17	29	25	17	15	
0	12	15	10	14	20	14	13	11	22	20	21	21	15	8	11	0	22	18	34	18	19	20	23	14	19	13	25	21	12	19	
0	17	9	15	20	5	13	14	16	17	8	20	21	7	14	15	14	0	19	26	13	4	1	22	9	9	13	18	18	5	20	
0	2	2	15	15	6	4	12	16	6	12	11	15	9	16	3	12	10	0	23	22	9	10	13	10	18	3	7	10	3	1	
0	8	10	18	19	10	10	9	7	18	9	17	17	15	13	13	12	14	14	0	15	15	15	6	10	23	9	19	17	17	15	
0	10	10	23	23	14	12	20	24	14	20	9	20	12	19	11	20	18	8	31	0	17	18	21	14	26	11	15	18	11	9	
0	13	10	11	16	1	9	14	12	21	13	16	22	3	10	18	13	5	15	22	18	0	6	18	5	14	9	18	22	7	16	
0	16	8	14	19	4	12	17	15	24	7	19	25	6	13	14	16	8	18	25	21	3	0	21	8	17	12	17	17	10	19	
0	13	4	18	24	13	15	14	12	21	3	18	22	20	18	10	21	16	15	26	9	19	16	0	12	25	14	13	13	18	16	
0	16	19	27	29	24	18	30	28	18	29	25	29	23	30	25	33	28	22	35	33	23	29	27	0	36	17	29	22	25	23	
0	10	2	16	22	4	12	19	17	8	1	13	23	15	19	8	20	8	12	24	4	12	9	21	10	0	11	11	11	13	13	
0	6	7	18	17	12	6	18	19	12	13	14	19	13	20	9	18	16	6	29	19	11	16	10	15	24	0	13	16	9	7	
0	17	4	15	14	7	3	18	16	27	5	11	26	9	16	12	19	11	21	28	24	6	3	24	11	20	15	0	15	13	20	
0	7	10	5	16	15	9	8	6	17	15	15	16	9	10	3	13	19	13	13	16	14	16	18	9	14	8	13	0	13	14	
0	20	10	19	23	15	22	9	20	18	9	24	25	17	17	16	9	10	26	32	19	14	11	31	7	15	21	19	19	0	26	
0	1	4	15	14	5	3	11	16	13	11	10	14	8	15	10	11	9	7	23	21	8	10	12	9	17	2	14	10	2	0	
M1
0	0	0	0	0	0	0	0	0	0	0	0	0	0	0	0	0	0	0	0	0	0	0	0	0	0	0	0	0	0	0	
0	0	10	2	21	12	15	9	18	13	13	20	19	12	19	19	1	20	11	10	6	13	14	12	9	22	25	12	13	13	7	
0	9	0	7	15	5	10	10	8	10	6	12	14	6	16	24	10	15	4	11	8	6	9	9	2	15	18	9	6	6	16	
0	14	23	0	27	19	22	21	26	20	17	26	23	20	25	32	15	24	9	22	19	20	18	18	13	29	32	20	11	11	21	
0	4	14	6	0	12	14	12	17	12	8	10	7	13	13	23	5	8	12	13	10	13	11	6	4	22	25	11	12	1	11	
0	5	11	2	12	0	8	10	9	6	6	12	12	1	11	20	6	13	7	8	8	1	7	4	2	10	13	5	2	2	12	
0	20	23	21	27	21	0	22	28	19	19	28	25	22	27	39	14	26	21	21	21	14	20	25	15	23	26	18	19	19	20	
0	9	10	4	12	5	6	0	11	4	11	13	10	3	13	22	10	11	6	1	13	6	5	6	7	15	18	7	4	7	16	
0	11	14	8	7	9	10	4	0	8	15	4	7	7	15	18	12	8	10	5	17	10	9	8	11	19	22	11	8	8	14	
0	7	6	2	8	2	2	11	11	0	8	9	6	3	13	20	8	7	2	2	10	3	1	6	4	12	15	7	4	4	14	
0	9	8	6	14	4	8	4	9	6	0	11	8	5	15	22	10	9	4	5	2	5	3	8	6	14	17	8	6	6	16	
0	7	17	4	3	12	13	7	18	11	11	0	3	10	11	26	8	4	13	8	13	12	12	4	7	18	21	14	11	4	10	
0	9	19	1	6	15	16	10	21	14	14	3	0	13	8	24	10	1	10	11	10	9	15	1	10	18	21	13	12	7	13	
0	7	10	1	11	2	10	12	8	8	8	11	14	0	10	19	8	15	9	10	10	3	9	3	4	12	15	7	1	4	14	
0	7	12	8	14	8	8	10	15	6	6	15	12	9	0	26	8	13	8	8	8	1	7	12	2	10	13	5	6	6	14	
0	6	14	5	15	5	13	14	12	11	10	15	15	4	14	0	7	16	12	13	12	6	12	7	6	15	18	10	5	3	13	
0	14	9	12	20	11	14	8	17	12	12	19	18	11	18	30	0	19	13	9	14	12	13	11	8	21	24	15	12	13	6	
0	8	18	10	21	14	15	17	20	13	20	22	19	12	22	27	9	0	15	10	14	15	14	15	16	24	27	19	13	16	15	
0	5	14	7	18	10	13	13	18	11	9	17	14	11	21	24	6	15	0	13	11	11	9	14	5	20	23	12	2	2	12	
0	9	9	3	11	4	5	9	10	3	10	12	9	2	12	21	10	10	5	0	12	5	4	5	6	14	17	9	3	6	16	
0	8	13	9	15	9	9	17	18	7	14	16	13	10	20	27	9	14	9	9	0	10	8	13	11	19	22	6	7	11	15	
0	6	11	7	13	7	7	9	14	5	5	14	11	8	13	25	7	12	7	7	7	0	6	11	1	9	12	4	5	5	13	
0	6	5	3	11	1	9	11	10	7	7	8	5	2	12	19	7	6	1	9	9	2	0	5	3	11	14	6	3	3	13	
0	14	19	12	11	15	15	15	22	13	13	8	11	16	7	23	15	12	15	15	9	8	14	0	9	17	20	12	13	12	18	
0	9	12	10	16	8	10	8	13	8	4	15	12	9	19	26	10	13	8	9	6	9	7	12	0	18	21	7	8	10	16	
0	8	11	10	16	10	10	10	19	8	10	17	14	11	4	27	2	15	10	10	8	5	9	13	6	0	3	7	8	10	8	
0	13	18	8	20	14	14	15	21	12	12	17	14	15	20	32	14	15	14	14	5	7	13	15	8	16	0	11	12	12	13	
0	2	7	3	9	3	3	11	12	1	8	10	7	4	14	21	3	8	3	3	8	4	2	7	5	13	16	0	1	5	9	
0	16	15	13	21	11	15	11	16	13	7	18	15	12	20	29	14	16	11	12	9	12	10	13	13	21	23	15	0	13	20	
0	3	13	5	16	11	13	11	16	11	7	18	15	12	22	22	4	16	11	12	9	12	10	15	3	21	24	10	11	0	10	
0	11	12	6	14	7	8	2	13	6	6	13	12	5	12	24	12	13	8	3	8	8	7	5	2	17	20	9	6	9	0	
Tamanho_Tarefas
0	29	32	22	38	46	7	28	17	29	28	3	14	21	30	27	22	12	17	43	15	20	8	20	22	22	15	10	31	25	17	
Data_Entrega
0	340	300	473	476	315	399	305	313	367	326	377	472	351	266	342	377	366	357	416	418	283	331	286	315	431	371	342	359	457	443	
Penalidade_Atraso
0	1	10	19	13	14	10	17	19	3	15	12	3	17	7	6	17	3	7	18	9	12	16	9	11	1	6	19	18	8	15	
Capacidade_Veiculo
56	128	48	132	137	105	87	83	110	127	
Custo_Fixo_Veiculo
560	1280	480	1320	1370	1050	870	830	1100	1270	
Coordenadas_Clientes
x	0	y	0
x	86	y	0
x	98	y	20
x	85	y	38
x	92	y	67
x	82	y	92
x	57	y	100
x	30	y	93
x	10	y	104
x	-12	y	116
x	-30	y	95
x	-45	y	77
x	-57	y	63
x	-73	y	53
x	-95	y	42
x	-118	y	25
x	-88	y	0
x	-104	y	-22
x	-114	y	-50
x	-66	y	-48
x	-56	y	-62
x	-56	y	-97
x	-29	y	-92
x	-8	y	-79
x	12	y	-118
x	37	y	-116
x	38	y	-65
x	70	y	-78
x	63	y	-45
x	88	y	-39
x	79	y	-16
Tempo_Viagem
0	86	100	93	113	123	115	97	104	116	99	89	84	90	103	120	88	106	124	81	83	112	96	79	118	121	75	104	77	96	80	
86	0	23	38	67	92	104	108	128	151	149	151	156	167	185	205	174	191	206	159	154	171	146	122	139	125	80	79	50	39	17	
100	23	0	22	47	73	89	99	121	146	148	153	160	174	194	216	187	206	223	177	174	193	169	145	162	148	103	101	73	59	40	
93	38	22	0	29	54	68	77	99	124	128	135	144	158	180	203	177	198	217	173	172	195	172	149	172	160	113	116	85	77	54	
113	67	47	29	0	26	48	67	89	114	125	137	149	165	188	214	192	215	236	194	196	220	199	176	201	189	142	145	114	106	83	
123	92	73	54	26	0	26	52	72	96	112	127	141	159	183	210	193	218	242	203	206	234	214	193	221	212	163	170	138	131	108	
115	104	89	68	48	26	0	27	47	70	87	103	119	137	161	189	176	202	227	192	197	227	210	190	222	216	166	178	145	142	118	
97	108	99	77	67	52	27	0	22	47	60	76	92	110	134	162	150	176	202	170	177	208	193	176	211	209	158	174	141	143	119	
104	128	121	99	89	72	47	22	0	25	41	61	78	96	120	148	142	169	197	169	178	211	199	183	222	221	171	191	158	162	138	
116	151	146	124	114	96	70	47	25	0	27	50	68	86	110	138	138	165	194	172	183	217	208	195	234	237	187	210	177	184	160	
99	149	148	128	125	112	87	60	41	27	0	23	41	59	83	111	111	138	167	147	159	193	187	175	217	220	173	199	168	178	155	
89	151	153	135	137	127	103	76	61	50	23	0	18	36	60	88	88	115	144	126	139	174	169	160	203	209	164	193	162	176	155	
84	156	160	144	149	141	119	92	78	68	41	18	0	18	42	70	70	97	126	111	125	160	157	150	193	202	159	188	161	177	157	
90	167	174	158	165	159	137	110	96	86	59	36	18	0	24	52	55	81	110	101	116	150	151	147	190	201	162	193	167	185	166	
103	185	194	180	188	183	161	134	120	110	83	60	42	24	0	28	42	64	93	94	111	144	149	149	192	205	170	204	180	199	183	
120	205	216	203	214	210	189	162	148	138	111	88	70	52	28	0	39	49	75	89	106	136	146	151	193	209	180	214	194	215	200	
88	174	187	177	192	193	176	150	142	138	111	88	70	55	42	39	0	27	56	52	69	102	109	112	154	170	141	175	157	180	167	
106	191	206	198	215	218	202	176	169	165	138	115	97	81	64	49	27	0	29	46	62	89	102	111	150	169	148	182	168	192	183	
124	206	223	217	236	242	227	202	197	194	167	144	126	110	93	75	56	29	0	48	59	74	94	109	142	164	152	186	177	202	195	
81	159	177	173	194	203	192	170	169	172	147	126	111	101	94	89	52	46	48	0	17	50	57	65	104	123	105	139	129	154	148	
83	154	174	172	196	206	197	177	178	183	159	139	125	116	111	106	69	62	59	17	0	35	40	50	88	107	94	127	120	145	142	
112	171	193	195	220	234	227	208	211	217	193	174	160	150	144	136	102	89	74	50	35	0	27	51	71	94	99	126	129	154	157	
96	146	169	172	199	214	210	193	199	208	187	169	157	151	149	146	109	102	94	57	40	27	0	24	48	70	72	99	102	127	131	
79	122	145	149	176	193	190	176	183	195	175	160	150	147	149	151	112	111	109	65	50	51	24	0	43	58	48	78	78	103	107	
118	139	162	172	201	221	222	211	222	234	217	203	193	190	192	193	154	150	142	104	88	71	48	43	0	25	59	70	89	109	122	
121	125	148	160	189	212	216	209	221	237	220	209	202	201	205	209	170	169	164	123	107	94	70	58	25	0	51	50	75	92	108	
75	80	103	113	142	163	166	158	171	187	173	164	159	162	170	180	141	148	152	105	94	99	72	48	59	51	0	34	32	56	63	
104	79	101	116	145	170	178	174	191	210	199	193	188	193	204	214	175	182	186	139	127	126	99	78	70	50	34	0	33	42	62	
77	50	73	85	114	138	145	141	158	177	168	162	161	167	180	194	157	168	177	129	120	129	102	78	89	75	32	33	0	25	33	
96	39	59	77	106	131	142	143	162	184	178	176	177	185	199	215	180	192	202	154	145	154	127	103	109	92	56	42	25	0	24	
80	17	40	54	83	108	118	119	138	160	155	155	157	166	183	200	167	183	195	148	142	157	131	107	122	108	63	62	33	24	0	
Custo_Viagem
V0
0	963	1120	1041	1265	1377	1288	1086	1164	1299	1108	996	940	1008	1153	1344	985	1187	1388	907	929	1254	1075	884	1321	1355	840	1164	862	1075	896	
963	0	257	425	750	1030	1164	1209	1433	1691	1668	1691	1747	1870	2072	2296	1948	2139	2307	1780	1724	1915	1646	1366	1556	1400	896	884	560	436	190	
1120	257	0	246	526	817	996	1108	1355	1635	1657	1713	1792	1948	2172	2419	2094	2307	2497	1982	1948	2161	1892	1624	1814	1668	1164	1131	817	660	448	
1041	425	246	0	324	604	761	862	1108	1388	1433	1512	1612	1769	2016	2273	1982	2217	2430	1937	1926	2184	1926	1668	1926	1803	1265	1299	952	862	604	
1265	750	526	324	0	291	537	750	996	1276	1400	1534	1668	1848	2105	2396	2150	2408	2643	2184	2195	2464	2228	1971	2251	2139	1590	1635	1288	1187	940	
1377	1030	817	604	291	0	291	582	806	1086	1254	1422	1579	1780	2049	2352	2161	2441	2710	2273	2307	2620	2396	2161	2475	2374	1825	1904	1545	1467	1209	
1288	1164	996	761	537	291	0	302	526	784	974	1164	1332	1545	1814	2128	1971	2262	2542	2150	2206	2542	2352	2128	2486	2419	1859	1993	1624	1590	1321	
1086	1209	1108	862	750	582	302	0	246	526	672	851	1030	1232	1512	1814	1680	1971	2262	1904	1982	2329	2172	1971	2363	2340	1769	1960	1579	1612	1332	
1164	1433	1355	1108	996	806	526	246	0	280	459	683	873	1086	1355	1680	1590	1892	2206	1892	1993	2363	2228	2049	2486	2475	1915	2139	1769	1814	1545	
1299	1691	1635	1388	1276	1086	784	526	280	0	302	571	772	974	1243	1556	1545	1848	2172	1926	2049	2430	2329	2184	2632	2654	2094	2352	1982	2060	1792	
1108	1668	1657	1433	1400	1254	974	672	459	302	0	257	459	672	929	1254	1243	1545	1870	1646	1780	2161	2094	1960	2430	2475	1937	2228	1881	1993	1736	
996	1691	1713	1512	1534	1422	1164	851	683	571	257	0	201	403	683	996	985	1288	1612	1411	1556	1948	1892	1792	2273	2340	1836	2161	1814	1971	1736	
940	1747	1792	1612	1668	1579	1332	1030	873	772	459	201	0	201	481	795	784	1086	1411	1243	1400	1792	1758	1680	2161	2262	1780	2116	1803	1982	1758	
1008	1870	1948	1769	1848	1780	1545	1232	1086	974	672	403	201	0	268	593	616	907	1232	1131	1299	1680	1691	1646	2128	2251	1814	2161	1870	2072	1859	
1153	2072	2172	2016	2105	2049	1814	1512	1355	1243	929	683	481	268	0	313	470	716	1041	1052	1243	1612	1668	1668	2150	2296	1904	2284	2016	2240	2049	
1344	2296	2419	2273	2396	2352	2128	1814	1680	1556	1254	996	795	593	313	0	436	548	840	996	1187	1523	1646	1691	2161	2340	2016	2396	2172	2408	2251	
985	1948	2094	1982	2150	2161	1971	1680	1590	1545	1243	985	784	616	470	436	0	302	627	582	772	1142	1220	1254	1724	1904	1579	1971	1758	2016	1870	
1187	2139	2307	2217	2408	2441	2262	1971	1892	1848	1545	1288	1086	907	716	548	302	0	324	515	694	996	1142	1243	1680	1892	1657	2038	1881	2150	2049	
1388	2307	2497	2430	2643	2710	2542	2262	2206	2172	1870	1612	1411	1232	1041	840	627	324	0	537	660	828	1052	1220	1601	1836	1702	2083	1982	2262	2184	
907	1780	1982	1937	2184	2273	2150	1904	1892	1926	1646	1411	1243	1131	1052	996	582	515	537	0	190	560	638	728	1164	1377	1176	1556	1444	1724	1657	
929	1724	1948	1926	2195	2307	2206	1982	1993	2049	1780	1556	1400	1299	1243	1187	772	694	660	190	0	392	448	560	985	1198	1052	1422	1344	1624	1590	
1254	1915	2161	2184	2464	2620	2542	2329	2363	2430	2161	1948	1792	1680	1612	1523	1142	996	828	560	392	0	302	571	795	1052	1108	1422	1444	1736	1758	
1075	1646	1892	1926	2228	2396	2352	2172	2228	2329	2094	1892	1758	1691	1668	1646	1220	1142	1052	638	448	302	0	268	537	784	806	1108	1153	1433	1478	
884	1366	1624	1668	1971	2161	2128	1971	2049	2184	1960	1792	1680	1646	1668	1691	1254	1243	1220	728	560	571	268	0	481	649	537	873	873	1164	1198	
1321	1556	1814	1926	2251	2475	2486	2363	2486	2632	2430	2273	2161	2128	2150	2161	1724	1680	1601	1164	985	795	537	481	0	280	660	784	996	1220	1366	
1355	1400	1668	1803	2139	2374	2419	2340	2475	2654	2475	2340	2262	2251	2296	2340	1904	1892	1836	1377	1198	1052	784	649	280	0	571	560	840	1030	1209	
840	896	1164	1265	1590	1825	1859	1769	1915	2094	1937	1836	1780	1814	1904	2016	1579	1657	1702	1176	1052	1108	806	537	660	571	0	380	358	627	705	
1164	884	1131	1299	1635	1904	1993	1960	2139	2352	2228	2161	2116	2161	2284	2396	1971	2038	2083	1556	1422	1422	1108	873	784	560	380	0	369	470	694	
862	560	817	952	1288	1545	1624	1579	1769	1982	1881	1814	1803	1870	2016	2172	1758	1881	1982	1444	1344	1444	1153	873	996	840	358	369	0	280	369	
1075	436	660	862	1187	1467	1590	1612	1814	2060	1993	1971	1982	2072	2240	2408	2016	2150	2262	1724	1624	1736	1433	1164	1220	1030	627	470	280	0	268	
896	190	448	604	940	1209	1321	1332	1545	1792	1736	1736	1758	1859	2049	2251	1870	2049	2184	1657	1590	1758	1478	1198	1366	1209	705	694	369	268	0	
V1
0	2201	2560	2380	2892	3148	2944	2483	2662	2969	2534	2278	2150	2304	2636	3072	2252	2713	3174	2073	2124	2867	2457	2022	3020	3097	1920	2662	1971	2457	2048	
2201	0	588	972	1715	2355	2662	2764	3276	3865	3814	3865	3993	4275	4736	5248	4454	4889	5273	4070	3942	4377	3763	3123	3558	3200	2048	2022	1280	998	435	
2560	588	0	563	1203	1868	2278	2534	3097	3737	3788	3916	4096	4454	4966	5529	4787	5273	5708	4531	4454	4940	4326	3712	4147	3814	2662	2585	1868	1510	1024	
2380	972	563	0	742	1382	1740	1971	2534	3174	3276	3456	3686	4044	4608	5196	4531	5068	5555	4428	4403	4992	4403	3814	4403	4121	2892	2969	2176	1971	1382	
2892	1715	1203	742	0	665	1228	1715	2278	2918	3200	3507	3814	4224	4812	5478	4915	5504	6041	4992	5017	5632	5094	4505	5145	4889	3635	3737	2944	2713	2150	
3148	2355	1868	1382	665	0	665	1331	1843	2483	2867	3251	3609	4070	4684	5376	4940	5580	6195	5196	5273	5990	5478	4940	5657	5427	4172	4352	3532	3353	2764	
2944	2662	2278	1740	1228	665	0	691	1203	1792	2227	2662	3046	3532	4147	4864	4505	5171	5811	4915	5043	5811	5376	4864	5683	5529	4249	4556	3712	3635	3020	
2483	2764	2534	1971	1715	1331	691	0	563	1203	1536	1945	2355	2816	3456	4147	3840	4505	5171	4352	4531	5324	4966	4505	5401	5350	4044	4480	3609	3686	3046	
2662	3276	3097	2534	2278	1843	1203	563	0	640	1049	1561	1996	2483	3097	3840	3635	4326	5043	4326	4556	5401	5094	4684	5683	5657	4377	4889	4044	4147	3532	
2969	3865	3737	3174	2918	2483	1792	1203	640	0	691	1305	1766	2227	2841	3558	3532	4224	4966	4403	4684	5555	5324	4992	6016	6067	4787	5376	4531	4710	4096	
2534	3814	3788	3276	3200	2867	2227	1536	1049	691	0	588	1049	1536	2124	2867	2841	3532	4275	3763	4070	4940	4787	4480	5555	5657	4428	5094	4300	4556	3968	
2278	3865	3916	3456	3507	3251	2662	1945	1561	1305	588	0	460	921	1561	2278	2252	2944	3686	3225	3558	4454	4326	4096	5196	5350	4198	4940	4147	4505	3968	
2150	3993	4096	3686	3814	3609	3046	2355	1996	1766	1049	460	0	460	1100	1817	1792	2483	3225	2841	3200	4096	4019	3840	4940	5171	4070	4838	4121	4531	4019	
2304	4275	4454	4044	4224	4070	3532	2816	2483	2227	1536	921	460	0	614	1356	1408	2073	2816	2585	2969	3840	3865	3763	4864	5145	4147	4940	4275	4736	4249	
2636	4736	4966	4608	4812	4684	4147	3456	3097	2841	2124	1561	1100	614	0	716	1075	1638	2380	2406	2841	3686	3814	3814	4915	5248	4352	5222	4608	5120	4684	
3072	5248	5529	5196	5478	5376	4864	4147	3840	3558	2867	2278	1817	1356	716	0	998	1254	1920	2278	2713	3481	3763	3865	4940	5350	4608	5478	4966	5504	5145	
2252	4454	4787	4531	4915	4940	4505	3840	3635	3532	2841	2252	1792	1408	1075	998	0	691	1433	1331	1766	2611	2790	2867	3942	4352	3609	4505	4019	4608	4275	
2713	4889	5273	5068	5504	5580	5171	4505	4326	4224	3532	2944	2483	2073	1638	1254	691	0	742	1177	1587	2278	2611	2841	3840	4326	3788	4659	4300	4915	4684	
3174	5273	5708	5555	6041	6195	5811	5171	5043	4966	4275	3686	3225	2816	2380	1920	1433	742	0	1228	1510	1894	2406	2790	3660	4198	3891	4761	4531	5171	4992	
2073	4070	4531	4428	4992	5196	4915	4352	4326	4403	3763	3225	2841	2585	2406	2278	1331	1177	1228	0	435	1280	1459	1664	2662	3148	2688	3558	3302	3942	3788	
2124	3942	4454	4403	5017	5273	5043	4531	4556	4684	4070	3558	3200	2969	2841	2713	1766	1587	1510	435	0	896	1024	1280	2252	2739	2406	3251	3072	3712	3635	
2867	4377	4940	4992	5632	5990	5811	5324	5401	5555	4940	4454	4096	3840	3686	3481	2611	2278	1894	1280	896	0	691	1305	1817	2406	2534	3251	3302	3968	4019	
2457	3763	4326	4403	5094	5478	5376	4966	5094	5324	4787	4326	4019	3865	3814	3763	2790	2611	2406	1459	1024	691	0	614	1228	1792	1843	2534	2636	3276	3379	
2022	3123	3712	3814	4505	4940	4864	4505	4684	4992	4480	4096	3840	3763	3814	3865	2867	2841	2790	1664	1280	1305	614	0	1100	1484	1228	1996	1996	2662	2739	
3020	3558	4147	4403	5145	5657	5683	5401	5683	6016	5555	5196	4940	4864	4915	4940	3942	3840	3660	2662	2252	1817	1228	1100	0	640	1510	1792	2278	2790	3123	
3097	3200	3814	4121	4889	5427	5529	5350	5657	6067	5657	5350	5171	5145	5248	5350	4352	4326	4198	3148	2739	2406	1792	1484	640	0	1305	1280	1920	2355	2764	
1920	2048	2662	2892	3635	4172	4249	4044	4377	4787	4428	4198	4070	4147	4352	4608	3609	3788	3891	2688	2406	2534	1843	1228	1510	1305	0	870	819	1433	1612	
2662	2022	2585	2969	3737	4352	4556	4480	4889	5376	5094	4940	4838	4940	5222	5478	4505	4659	4761	3558	3251	3251	2534	1996	1792	1280	870	0	844	1075	1587	
1971	1280	1868	2176	2944	3532	3712	3609	4044	4531	4300	4147	4121	4275	4608	4966	4019	4300	4531	3302	3072	3302	2636	1996	2278	1920	819	844	0	640	844	
2457	998	1510	1971	2713	3353	3635	3686	4147	4710	4556	4505	4531	4736	5120	5504	4608	4915	5171	3942	3712	3968	3276	2662	2790	2355	1433	1075	640	0	614	
2048	435	1024	1382	2150	2764	3020	3046	3532	4096	3968	3968	4019	4249	4684	5145	4275	4684	4992	3788	3635	4019	3379	2739	3123	2764	1612	1587	844	614	0	
V2
0	825	960	892	1084	1180	1104	931	998	1113	950	854	806	864	988	1152	844	1017	1190	777	796	1075	921	758	1132	1161	720	998	739	921	768	
825	0	220	364	643	883	998	1036	1228	1449	1430	1449	1497	1603	1776	1968	1670	1833	1977	1526	1478	1641	1411	1171	1334	1200	768	758	480	374	163	
960	220	0	211	451	700	854	950	1161	1401	1420	1468	1536	1670	1862	2073	1795	1977	2140	1699	1670	1852	1622	1392	1555	1430	998	969	700	566	384	
892	364	211	0	278	518	652	739	950	1190	1228	1296	1382	1516	1728	1948	1699	1900	2083	1660	1651	1872	1651	1430	1651	1545	1084	1113	816	739	518	
1084	643	451	278	0	249	460	643	854	1094	1200	1315	1430	1584	1804	2054	1843	2064	2265	1872	1881	2112	1910	1689	1929	1833	1363	1401	1104	1017	806	
1180	883	700	518	249	0	249	499	691	931	1075	1219	1353	1526	1756	2016	1852	2092	2323	1948	1977	2246	2054	1852	2121	2035	1564	1632	1324	1257	1036	
1104	998	854	652	460	249	0	259	451	672	835	998	1142	1324	1555	1824	1689	1939	2179	1843	1891	2179	2016	1824	2131	2073	1593	1708	1392	1363	1132	
931	1036	950	739	643	499	259	0	211	451	576	729	883	1056	1296	1555	1440	1689	1939	1632	1699	1996	1862	1689	2025	2006	1516	1680	1353	1382	1142	
998	1228	1161	950	854	691	451	211	0	240	393	585	748	931	1161	1440	1363	1622	1891	1622	1708	2025	1910	1756	2131	2121	1641	1833	1516	1555	1324	
1113	1449	1401	1190	1094	931	672	451	240	0	259	489	662	835	1065	1334	1324	1584	1862	1651	1756	2083	1996	1872	2256	2275	1795	2016	1699	1766	1536	
950	1430	1420	1228	1200	1075	835	576	393	259	0	220	393	576	796	1075	1065	1324	1603	1411	1526	1852	1795	1680	2083	2121	1660	1910	1612	1708	1488	
854	1449	1468	1296	1315	1219	998	729	585	489	220	0	172	345	585	854	844	1104	1382	1209	1334	1670	1622	1536	1948	2006	1574	1852	1555	1689	1488	
806	1497	1536	1382	1430	1353	1142	883	748	662	393	172	0	172	412	681	672	931	1209	1065	1200	1536	1507	1440	1852	1939	1526	1814	1545	1699	1507	
864	1603	1670	1516	1584	1526	1324	1056	931	835	576	345	172	0	230	508	528	777	1056	969	1113	1440	1449	1411	1824	1929	1555	1852	1603	1776	1593	
988	1776	1862	1728	1804	1756	1555	1296	1161	1065	796	585	412	230	0	268	403	614	892	902	1065	1382	1430	1430	1843	1968	1632	1958	1728	1920	1756	
1152	1968	2073	1948	2054	2016	1824	1555	1440	1334	1075	854	681	508	268	0	374	470	720	854	1017	1305	1411	1449	1852	2006	1728	2054	1862	2064	1929	
844	1670	1795	1699	1843	1852	1689	1440	1363	1324	1065	844	672	528	403	374	0	259	537	499	662	979	1046	1075	1478	1632	1353	1689	1507	1728	1603	
1017	1833	1977	1900	2064	2092	1939	1689	1622	1584	1324	1104	931	777	614	470	259	0	278	441	595	854	979	1065	1440	1622	1420	1747	1612	1843	1756	
1190	1977	2140	2083	2265	2323	2179	1939	1891	1862	1603	1382	1209	1056	892	720	537	278	0	460	566	710	902	1046	1372	1574	1459	1785	1699	1939	1872	
777	1526	1699	1660	1872	1948	1843	1632	1622	1651	1411	1209	1065	969	902	854	499	441	460	0	163	480	547	624	998	1180	1008	1334	1238	1478	1420	
796	1478	1670	1651	1881	1977	1891	1699	1708	1756	1526	1334	1200	1113	1065	1017	662	595	566	163	0	336	384	480	844	1027	902	1219	1152	1392	1363	
1075	1641	1852	1872	2112	2246	2179	1996	2025	2083	1852	1670	1536	1440	1382	1305	979	854	710	480	336	0	259	489	681	902	950	1219	1238	1488	1507	
921	1411	1622	1651	1910	2054	2016	1862	1910	1996	1795	1622	1507	1449	1430	1411	1046	979	902	547	384	259	0	230	460	672	691	950	988	1228	1267	
758	1171	1392	1430	1689	1852	1824	1689	1756	1872	1680	1536	1440	1411	1430	1449	1075	1065	1046	624	480	489	230	0	412	556	460	748	748	998	1027	
1132	1334	1555	1651	1929	2121	2131	2025	2131	2256	2083	1948	1852	1824	1843	1852	1478	1440	1372	998	844	681	460	412	0	240	566	672	854	1046	1171	
1161	1200	1430	1545	1833	2035	2073	2006	2121	2275	2121	2006	1939	1929	1968	2006	1632	1622	1574	1180	1027	902	672	556	240	0	489	480	720	883	1036	
720	768	998	1084	1363	1564	1593	1516	1641	1795	1660	1574	1526	1555	1632	1728	1353	1420	1459	1008	902	950	691	460	566	489	0	326	307	537	604	
998	758	969	1113	1401	1632	1708	1680	1833	2016	1910	1852	1814	1852	1958	2054	1689	1747	1785	1334	1219	1219	950	748	672	480	326	0	316	403	595	
739	480	700	816	1104	1324	1392	1353	1516	1699	1612	1555	1545	1603	1728	1862	1507	1612	1699	1238	1152	1238	988	748	854	720	307	316	0	240	316	
921	374	566	739	1017	1257	1363	1382	1555	1766	1708	1689	1699	1776	1920	2064	1728	1843	1939	1478	1392	1488	1228	998	1046	883	537	403	240	0	230	
768	163	384	518	806	1036	1132	1142	1324	1536	1488	1488	1507	1593	1756	1929	1603	1756	1872	1420	1363	1507	1267	1027	1171	1036	604	595	316	230	0	
V3
0	2270	2640	2455	2983	3247	3036	2560	2745	3062	2613	2349	2217	2376	2719	3168	2323	2798	3273	2138	2191	2956	2534	2085	3115	3194	1980	2745	2032	2534	2112	
2270	0	607	1003	1768	2428	2745	2851	3379	3986	3933	3986	4118	4408	4884	5412	4593	5042	5438	4197	4065	4514	3880	3220	3669	3300	2112	2085	1320	1029	448	
2640	607	0	580	1240	1927	2349	2613	3194	3854	3907	4039	4224	4593	5121	5702	4936	5438	5887	4672	4593	5095	4461	3828	4276	3933	2745	2666	1927	1557	1056	
2455	1003	580	0	765	1425	1795	2032	2613	3273	3379	3564	3801	4171	4752	5359	4672	5227	5728	4567	4540	5148	4540	3933	4540	4250	2983	3062	2244	2032	1425	
2983	1768	1240	765	0	686	1267	1768	2349	3009	3300	3616	3933	4356	4963	5649	5068	5676	6230	5148	5174	5808	5253	4646	5306	5042	3748	3854	3036	2798	2217	
3247	2428	1927	1425	686	0	686	1372	1900	2560	2956	3352	3722	4197	4831	5544	5095	5755	6388	5359	5438	6177	5649	5095	5834	5596	4303	4488	3643	3458	2851	
3036	2745	2349	1795	1267	686	0	712	1240	1848	2296	2745	3141	3643	4276	5016	4646	5332	5992	5068	5200	5992	5544	5016	5860	5702	4382	4699	3828	3748	3115	
2560	2851	2613	2032	1768	1372	712	0	580	1240	1584	2006	2428	2904	3564	4276	3960	4646	5332	4488	4672	5491	5121	4646	5570	5517	4171	4620	3722	3801	3141	
2745	3379	3194	2613	2349	1900	1240	580	0	660	1082	1610	2059	2560	3194	3960	3748	4461	5200	4461	4699	5570	5253	4831	5860	5834	4514	5042	4171	4276	3643	
3062	3986	3854	3273	3009	2560	1848	1240	660	0	712	1346	1821	2296	2930	3669	3643	4356	5121	4540	4831	5728	5491	5148	6204	6256	4936	5544	4672	4857	4224	
2613	3933	3907	3379	3300	2956	2296	1584	1082	712	0	607	1082	1584	2191	2956	2930	3643	4408	3880	4197	5095	4936	4620	5728	5834	4567	5253	4435	4699	4092	
2349	3986	4039	3564	3616	3352	2745	2006	1610	1346	607	0	475	950	1610	2349	2323	3036	3801	3326	3669	4593	4461	4224	5359	5517	4329	5095	4276	4646	4092	
2217	4118	4224	3801	3933	3722	3141	2428	2059	1821	1082	475	0	475	1135	1874	1848	2560	3326	2930	3300	4224	4144	3960	5095	5332	4197	4989	4250	4672	4144	
2376	4408	4593	4171	4356	4197	3643	2904	2560	2296	1584	950	475	0	633	1399	1452	2138	2904	2666	3062	3960	3986	3880	5016	5306	4276	5095	4408	4884	4382	
2719	4884	5121	4752	4963	4831	4276	3564	3194	2930	2191	1610	1135	633	0	739	1108	1689	2455	2481	2930	3801	3933	3933	5068	5412	4488	5385	4752	5280	4831	
3168	5412	5702	5359	5649	5544	5016	4276	3960	3669	2956	2349	1874	1399	739	0	1029	1293	1980	2349	2798	3590	3880	3986	5095	5517	4752	5649	5121	5676	5306	
2323	4593	4936	4672	5068	5095	4646	3960	3748	3643	2930	2323	1848	1452	1108	1029	0	712	1478	1372	1821	2692	2877	2956	4065	4488	3722	4646	4144	4752	4408	
2798	5042	5438	5227	5676	5755	5332	4646	4461	4356	3643	3036	2560	2138	1689	1293	712	0	765	1214	1636	2349	2692	2930	3960	4461	3907	4804	4435	5068	4831	
3273	5438	5887	5728	6230	6388	5992	5332	5200	5121	4408	3801	3326	2904	2455	1980	1478	765	0	1267	1557	1953	2481	2877	3775	4329	4012	4910	4672	5332	5148	
2138	4197	4672	4567	5148	5359	5068	4488	4461	4540	3880	3326	2930	2666	2481	2349	1372	1214	1267	0	448	1320	1504	1716	2745	3247	2772	3669	3405	4065	3907	
2191	4065	4593	4540	5174	5438	5200	4672	4699	4831	4197	3669	3300	3062	2930	2798	1821	1636	1557	448	0	924	1056	1320	2323	2824	2481	3352	3168	3828	3748	
2956	4514	5095	5148	5808	6177	5992	5491	5570	5728	5095	4593	4224	3960	3801	3590	2692	2349	1953	1320	924	0	712	1346	1874	2481	2613	3352	3405	4092	4144	
2534	3880	4461	4540	5253	5649	5544	5121	5253	5491	4936	4461	4144	3986	3933	3880	2877	2692	2481	1504	1056	712	0	633	1267	1848	1900	2613	2719	3379	3484	
2085	3220	3828	3933	4646	5095	5016	4646	4831	5148	4620	4224	3960	3880	3933	3986	2956	2930	2877	1716	1320	1346	633	0	1135	1531	1267	2059	2059	2745	2824	
3115	3669	4276	4540	5306	5834	5860	5570	5860	6204	5728	5359	5095	5016	5068	5095	4065	3960	3775	2745	2323	1874	1267	1135	0	660	1557	1848	2349	2877	3220	
3194	3300	3933	4250	5042	5596	5702	5517	5834	6256	5834	5517	5332	5306	5412	5517	4488	4461	4329	3247	2824	2481	1848	1531	660	0	1346	1320	1980	2428	2851	
1980	2112	2745	2983	3748	4303	4382	4171	4514	4936	4567	4329	4197	4276	4488	4752	3722	3907	4012	2772	2481	2613	1900	1267	1557	1346	0	897	844	1478	1663	
2745	2085	2666	3062	3854	4488	4699	4620	5042	5544	5253	5095	4989	5095	5385	5649	4646	4804	4910	3669	3352	3352	2613	2059	1848	1320	897	0	871	1108	1636	
2032	1320	1927	2244	3036	3643	3828	3722	4171	4672	4435	4276	4250	4408	4752	5121	4144	4435	4672	3405	3168	3405	2719	2059	2349	1980	844	871	0	660	871	
2534	1029	1557	2032	2798	3458	3748	3801	4276	4857	4699	4646	4672	4884	5280	5676	4752	5068	5332	4065	3828	4092	3379	2745	2877	2428	1478	1108	660	0	633	
2112	448	1056	1425	2217	2851	3115	3141	3643	4224	4092	4092	4144	4382	4831	5306	4408	4831	5148	3907	3748	4144	3484	2824	3220	2851	1663	1636	871	633	0	
V4
0	2356	2740	2548	3096	3370	3151	2657	2849	3178	2712	2438	2301	2466	2822	3288	2411	2904	3397	2219	2274	3068	2630	2164	3233	3315	2055	2849	2109	2630	2192	
2356	0	630	1041	1835	2520	2849	2959	3507	4137	4082	4137	4274	4575	5069	5617	4767	5233	5644	4356	4219	4685	4027	3342	3808	3425	2192	2164	1370	1068	465	
2740	630	0	602	1287	2000	2438	2712	3315	4000	4055	4192	4384	4767	5315	5918	5123	5644	6110	4849	4767	5288	4630	3973	4438	4082	2849	2767	2000	1616	1096	
2548	1041	602	0	794	1479	1863	2109	2712	3397	3507	3699	3945	4329	4932	5562	4849	5425	5945	4740	4712	5343	4712	4082	4712	4411	3096	3178	2329	2109	1479	
3096	1835	1287	794	0	712	1315	1835	2438	3123	3425	3753	4082	4521	5151	5863	5260	5891	6466	5343	5370	6028	5452	4822	5507	5233	3890	4000	3151	2904	2301	
3370	2520	2000	1479	712	0	712	1424	1972	2657	3068	3479	3863	4356	5014	5754	5288	5973	6630	5562	5644	6411	5863	5288	6055	5808	4466	4658	3781	3589	2959	
3151	2849	2438	1863	1315	712	0	739	1287	1918	2383	2849	3260	3781	4438	5206	4822	5534	6219	5260	5397	6219	5754	5206	6082	5918	4548	4877	3973	3890	3233	
2657	2959	2712	2109	1835	1424	739	0	602	1287	1644	2082	2520	3014	3699	4438	4110	4822	5534	4658	4849	5699	5315	4822	5781	5726	4329	4795	3863	3945	3260	
2849	3507	3315	2712	2438	1972	1287	602	0	685	1123	1671	2137	2657	3315	4110	3890	4630	5397	4630	4877	5781	5452	5014	6082	6055	4685	5233	4329	4438	3781	
3178	4137	4000	3397	3123	2657	1918	1287	685	0	739	1397	1890	2383	3041	3808	3781	4521	5315	4712	5014	5945	5699	5343	6439	6493	5123	5754	4849	5041	4384	
2712	4082	4055	3507	3425	3068	2383	1644	1123	739	0	630	1123	1644	2274	3068	3041	3781	4575	4027	4356	5288	5123	4795	5945	6055	4740	5452	4603	4877	4247	
2438	4137	4192	3699	3753	3479	2849	2082	1671	1397	630	0	493	986	1671	2438	2411	3151	3945	3452	3808	4767	4630	4384	5562	5726	4493	5288	4438	4822	4247	
2301	4274	4384	3945	4082	3863	3260	2520	2137	1890	1123	493	0	493	1178	1945	1918	2657	3452	3041	3425	4384	4301	4110	5288	5534	4356	5178	4411	4849	4301	
2466	4575	4767	4329	4521	4356	3781	3014	2657	2383	1644	986	493	0	657	1452	1507	2219	3014	2767	3178	4110	4137	4027	5206	5507	4438	5288	4575	5069	4548	
2822	5069	5315	4932	5151	5014	4438	3699	3315	3041	2274	1671	1178	657	0	767	1150	1753	2548	2575	3041	3945	4082	4082	5260	5617	4658	5589	4932	5480	5014	
3288	5617	5918	5562	5863	5754	5206	4438	4110	3808	3068	2438	1945	1452	767	0	1068	1342	2055	2438	2904	3726	4027	4137	5288	5726	4932	5863	5315	5891	5507	
2411	4767	5123	4849	5260	5288	4822	4110	3890	3781	3041	2411	1918	1507	1150	1068	0	739	1534	1424	1890	2794	2986	3068	4219	4658	3863	4822	4301	4932	4575	
2904	5233	5644	5425	5891	5973	5534	4822	4630	4521	3781	3151	2657	2219	1753	1342	739	0	794	1260	1698	2438	2794	3041	4110	4630	4055	4986	4603	5260	5014	
3397	5644	6110	5945	6466	6630	6219	5534	5397	5315	4575	3945	3452	3014	2548	2055	1534	794	0	1315	1616	2027	2575	2986	3918	4493	4164	5096	4849	5534	5343	
2219	4356	4849	4740	5343	5562	5260	4658	4630	4712	4027	3452	3041	2767	2575	2438	1424	1260	1315	0	465	1370	1561	1781	2849	3370	2877	3808	3534	4219	4055	
2274	4219	4767	4712	5370	5644	5397	4849	4877	5014	4356	3808	3425	3178	3041	2904	1890	1698	1616	465	0	959	1096	1370	2411	2931	2575	3479	3288	3973	3890	
3068	4685	5288	5343	6028	6411	6219	5699	5781	5945	5288	4767	4384	4110	3945	3726	2794	2438	2027	1370	959	0	739	1397	1945	2575	2712	3479	3534	4247	4301	
2630	4027	4630	4712	5452	5863	5754	5315	5452	5699	5123	4630	4301	4137	4082	4027	2986	2794	2575	1561	1096	739	0	657	1315	1918	1972	2712	2822	3507	3616	
2164	3342	3973	4082	4822	5288	5206	4822	5014	5343	4795	4384	4110	4027	4082	4137	3068	3041	2986	1781	1370	1397	657	0	1178	1589	1315	2137	2137	2849	2931	
3233	3808	4438	4712	5507	6055	6082	5781	6082	6439	5945	5562	5288	5206	5260	5288	4219	4110	3918	2849	2411	1945	1315	1178	0	685	1616	1918	2438	2986	3342	
3315	3425	4082	4411	5233	5808	5918	5726	6055	6493	6055	5726	5534	5507	5617	5726	4658	4630	4493	3370	2931	2575	1918	1589	685	0	1397	1370	2055	2520	2959	
2055	2192	2849	3096	3890	4466	4548	4329	4685	5123	4740	4493	4356	4438	4658	4932	3863	4055	4164	2877	2575	2712	1972	1315	1616	1397	0	931	876	1534	1726	
2849	2164	2767	3178	4000	4658	4877	4795	5233	5754	5452	5288	5178	5288	5589	5863	4822	4986	5096	3808	3479	3479	2712	2137	1918	1370	931	0	904	1150	1698	
2109	1370	2000	2329	3151	3781	3973	3863	4329	4849	4603	4438	4411	4575	4932	5315	4301	4603	4849	3534	3288	3534	2822	2137	2438	2055	876	904	0	685	904	
2630	1068	1616	2109	2904	3589	3890	3945	4438	5041	4877	4822	4849	5069	5480	5891	4932	5260	5534	4219	3973	4247	3507	2849	2986	2520	1534	1150	685	0	657	
2192	465	1096	1479	2301	2959	3233	3260	3781	4384	4247	4247	4301	4548	5014	5507	4575	5014	5343	4055	3890	4301	3616	2931	3342	2959	1726	1698	904	657	0	
V5
0	1806	2100	1953	2373	2583	2415	2037	2184	2436	2079	1869	1764	1890	2163	2520	1848	2226	2604	1701	1743	2352	2016	1659	2478	2541	1575	2184	1617	2016	1680	
1806	0	483	798	1407	1932	2184	2268	2688	3171	3129	3171	3276	3507	3885	4305	3654	4011	4326	3339	3234	3591	3087	2562	2919	2625	1680	1659	1050	819	357	
2100	483	0	462	987	1533	1869	2079	2541	3066	3108	3213	3360	3654	4074	4536	3927	4326	4683	3717	3654	4053	3549	3045	3402	3129	2184	2121	1533	1239	840	
1953	798	462	0	609	1134	1428	1617	2079	2604	2688	2835	3024	3318	3780	4263	3717	4158	4557	3633	3612	4095	3612	3129	3612	3381	2373	2436	1785	1617	1134	
2373	1407	987	609	0	546	1008	1407	1869	2394	2625	2877	3129	3465	3948	4494	4032	4515	4956	4095	4116	4620	4179	3696	4221	4011	2982	3066	2415	2226	1764	
2583	1932	1533	1134	546	0	546	1092	1512	2037	2352	2667	2961	3339	3843	4410	4053	4578	5082	4263	4326	4914	4494	4053	4641	4452	3423	3570	2898	2751	2268	
2415	2184	1869	1428	1008	546	0	567	987	1470	1827	2184	2499	2898	3402	3990	3696	4242	4767	4032	4137	4767	4410	3990	4662	4536	3486	3738	3045	2982	2478	
2037	2268	2079	1617	1407	1092	567	0	462	987	1260	1596	1932	2310	2835	3402	3150	3696	4242	3570	3717	4368	4074	3696	4431	4389	3318	3675	2961	3024	2499	
2184	2688	2541	2079	1869	1512	987	462	0	525	861	1281	1638	2037	2541	3150	2982	3549	4137	3549	3738	4431	4179	3843	4662	4641	3591	4011	3318	3402	2898	
2436	3171	3066	2604	2394	2037	1470	987	525	0	567	1071	1449	1827	2331	2919	2898	3465	4074	3612	3843	4557	4368	4095	4935	4977	3927	4410	3717	3864	3360	
2079	3129	3108	2688	2625	2352	1827	1260	861	567	0	483	861	1260	1743	2352	2331	2898	3507	3087	3339	4053	3927	3675	4557	4641	3633	4179	3528	3738	3255	
1869	3171	3213	2835	2877	2667	2184	1596	1281	1071	483	0	378	756	1281	1869	1848	2415	3024	2646	2919	3654	3549	3360	4263	4389	3444	4053	3402	3696	3255	
1764	3276	3360	3024	3129	2961	2499	1932	1638	1449	861	378	0	378	903	1491	1470	2037	2646	2331	2625	3360	3297	3150	4053	4242	3339	3969	3381	3717	3297	
1890	3507	3654	3318	3465	3339	2898	2310	2037	1827	1260	756	378	0	504	1113	1155	1701	2310	2121	2436	3150	3171	3087	3990	4221	3402	4053	3507	3885	3486	
2163	3885	4074	3780	3948	3843	3402	2835	2541	2331	1743	1281	903	504	0	588	882	1344	1953	1974	2331	3024	3129	3129	4032	4305	3570	4284	3780	4200	3843	
2520	4305	4536	4263	4494	4410	3990	3402	3150	2919	2352	1869	1491	1113	588	0	819	1029	1575	1869	2226	2856	3087	3171	4053	4389	3780	4494	4074	4515	4221	
1848	3654	3927	3717	4032	4053	3696	3150	2982	2898	2331	1848	1470	1155	882	819	0	567	1176	1092	1449	2142	2289	2352	3234	3570	2961	3696	3297	3780	3507	
2226	4011	4326	4158	4515	4578	4242	3696	3549	3465	2898	2415	2037	1701	1344	1029	567	0	609	966	1302	1869	2142	2331	3150	3549	3108	3822	3528	4032	3843	
2604	4326	4683	4557	4956	5082	4767	4242	4137	4074	3507	3024	2646	2310	1953	1575	1176	609	0	1008	1239	1554	1974	2289	3003	3444	3192	3906	3717	4242	4095	
1701	3339	3717	3633	4095	4263	4032	3570	3549	3612	3087	2646	2331	2121	1974	1869	1092	966	1008	0	357	1050	1197	1365	2184	2583	2205	2919	2709	3234	3108	
1743	3234	3654	3612	4116	4326	4137	3717	3738	3843	3339	2919	2625	2436	2331	2226	1449	1302	1239	357	0	735	840	1050	1848	2247	1974	2667	2520	3045	2982	
2352	3591	4053	4095	4620	4914	4767	4368	4431	4557	4053	3654	3360	3150	3024	2856	2142	1869	1554	1050	735	0	567	1071	1491	1974	2079	2667	2709	3255	3297	
2016	3087	3549	3612	4179	4494	4410	4074	4179	4368	3927	3549	3297	3171	3129	3087	2289	2142	1974	1197	840	567	0	504	1008	1470	1512	2079	2163	2688	2772	
1659	2562	3045	3129	3696	4053	3990	3696	3843	4095	3675	3360	3150	3087	3129	3171	2352	2331	2289	1365	1050	1071	504	0	903	1218	1008	1638	1638	2184	2247	
2478	2919	3402	3612	4221	4641	4662	4431	4662	4935	4557	4263	4053	3990	4032	4053	3234	3150	3003	2184	1848	1491	1008	903	0	525	1239	1470	1869	2289	2562	
2541	2625	3129	3381	4011	4452	4536	4389	4641	4977	4641	4389	4242	4221	4305	4389	3570	3549	3444	2583	2247	1974	1470	1218	525	0	1071	1050	1575	1932	2268	
1575	1680	2184	2373	2982	3423	3486	3318	3591	3927	3633	3444	3339	3402	3570	3780	2961	3108	3192	2205	1974	2079	1512	1008	1239	1071	0	714	672	1176	1323	
2184	1659	2121	2436	3066	3570	3738	3675	4011	4410	4179	4053	3969	4053	4284	4494	3696	3822	3906	2919	2667	2667	2079	1638	1470	1050	714	0	693	882	1302	
1617	1050	1533	1785	2415	2898	3045	2961	3318	3717	3528	3402	3381	3507	3780	4074	3297	3528	3717	2709	2520	2709	2163	1638	1869	1575	672	693	0	525	693	
2016	819	1239	1617	2226	2751	2982	3024	3402	3864	3738	3696	3717	3885	4200	4515	3780	4032	4242	3234	3045	3255	2688	2184	2289	1932	1176	882	525	0	504	
1680	357	840	1134	1764	2268	2478	2499	2898	3360	3255	3255	3297	3486	3843	4221	3507	3843	4095	3108	2982	3297	2772	2247	2562	2268	1323	1302	693	504	0	
V6
0	1496	1740	1618	1966	2140	2001	1687	1809	2018	1722	1548	1461	1566	1792	2088	1531	1844	2157	1409	1444	1948	1670	1374	2053	2105	1305	1809	1339	1670	1392	
1496	0	400	661	1165	1600	1809	1879	2227	2627	2592	2627	2714	2905	3219	3567	3027	3323	3584	2766	2679	2975	2557	2122	2418	2175	1392	1374	870	678	295	
1740	400	0	382	817	1270	1548	1722	2105	2540	2575	2662	2784	3027	3375	3758	3253	3584	3880	3079	3027	3358	2940	2523	2818	2592	1809	1757	1270	1026	696	
1618	661	382	0	504	939	1183	1339	1722	2157	2227	2349	2505	2749	3132	3532	3079	3445	3775	3010	2992	3393	2992	2592	2992	2801	1966	2018	1479	1339	939	
1966	1165	817	504	0	452	835	1165	1548	1983	2175	2383	2592	2871	3271	3723	3340	3741	4106	3393	3410	3828	3462	3062	3497	3323	2470	2540	2001	1844	1461	
2140	1600	1270	939	452	0	452	904	1252	1687	1948	2209	2453	2766	3184	3654	3358	3793	4210	3532	3584	4071	3723	3358	3845	3688	2836	2958	2401	2279	1879	
2001	1809	1548	1183	835	452	0	469	817	1218	1513	1809	2070	2401	2818	3306	3062	3514	3949	3340	3427	3949	3654	3306	3862	3758	2888	3097	2523	2470	2053	
1687	1879	1722	1339	1165	904	469	0	382	817	1044	1322	1600	1914	2349	2818	2610	3062	3514	2958	3079	3619	3375	3062	3671	3636	2749	3045	2453	2505	2070	
1809	2227	2105	1722	1548	1252	817	382	0	435	713	1061	1357	1687	2105	2610	2470	2940	3427	2940	3097	3671	3462	3184	3862	3845	2975	3323	2749	2818	2401	
2018	2627	2540	2157	1983	1687	1218	817	435	0	469	887	1200	1513	1931	2418	2401	2871	3375	2992	3184	3775	3619	3393	4089	4123	3253	3654	3079	3201	2784	
1722	2592	2575	2227	2175	1948	1513	1044	713	469	0	400	713	1044	1444	1948	1931	2401	2905	2557	2766	3358	3253	3045	3775	3845	3010	3462	2923	3097	2697	
1548	2627	2662	2349	2383	2209	1809	1322	1061	887	400	0	313	626	1061	1548	1531	2001	2505	2192	2418	3027	2940	2784	3532	3636	2853	3358	2818	3062	2697	
1461	2714	2784	2505	2592	2453	2070	1600	1357	1200	713	313	0	313	748	1235	1218	1687	2192	1931	2175	2784	2731	2610	3358	3514	2766	3288	2801	3079	2731	
1566	2905	3027	2749	2871	2766	2401	1914	1687	1513	1044	626	313	0	417	922	957	1409	1914	1757	2018	2610	2627	2557	3306	3497	2818	3358	2905	3219	2888	
1792	3219	3375	3132	3271	3184	2818	2349	2105	1931	1444	1061	748	417	0	487	730	1113	1618	1635	1931	2505	2592	2592	3340	3567	2958	3549	3132	3480	3184	
2088	3567	3758	3532	3723	3654	3306	2818	2610	2418	1948	1548	1235	922	487	0	678	852	1305	1548	1844	2366	2557	2627	3358	3636	3132	3723	3375	3741	3497	
1531	3027	3253	3079	3340	3358	3062	2610	2470	2401	1931	1531	1218	957	730	678	0	469	974	904	1200	1774	1896	1948	2679	2958	2453	3062	2731	3132	2905	
1844	3323	3584	3445	3741	3793	3514	3062	2940	2871	2401	2001	1687	1409	1113	852	469	0	504	800	1078	1548	1774	1931	2610	2940	2575	3166	2923	3340	3184	
2157	3584	3880	3775	4106	4210	3949	3514	3427	3375	2905	2505	2192	1914	1618	1305	974	504	0	835	1026	1287	1635	1896	2488	2853	2644	3236	3079	3514	3393	
1409	2766	3079	3010	3393	3532	3340	2958	2940	2992	2557	2192	1931	1757	1635	1548	904	800	835	0	295	870	991	1131	1809	2140	1827	2418	2244	2679	2575	
1444	2679	3027	2992	3410	3584	3427	3079	3097	3184	2766	2418	2175	2018	1931	1844	1200	1078	1026	295	0	609	696	870	1531	1861	1635	2209	2088	2523	2470	
1948	2975	3358	3393	3828	4071	3949	3619	3671	3775	3358	3027	2784	2610	2505	2366	1774	1548	1287	870	609	0	469	887	1235	1635	1722	2209	2244	2697	2731	
1670	2557	2940	2992	3462	3723	3654	3375	3462	3619	3253	2940	2731	2627	2592	2557	1896	1774	1635	991	696	469	0	417	835	1218	1252	1722	1792	2227	2296	
1374	2122	2523	2592	3062	3358	3306	3062	3184	3393	3045	2784	2610	2557	2592	2627	1948	1931	1896	1131	870	887	417	0	748	1009	835	1357	1357	1809	1861	
2053	2418	2818	2992	3497	3845	3862	3671	3862	4089	3775	3532	3358	3306	3340	3358	2679	2610	2488	1809	1531	1235	835	748	0	435	1026	1218	1548	1896	2122	
2105	2175	2592	2801	3323	3688	3758	3636	3845	4123	3845	3636	3514	3497	3567	3636	2958	2940	2853	2140	1861	1635	1218	1009	435	0	887	870	1305	1600	1879	
1305	1392	1809	1966	2470	2836	2888	2749	2975	3253	3010	2853	2766	2818	2958	3132	2453	2575	2644	1827	1635	1722	1252	835	1026	887	0	591	556	974	1096	
1809	1374	1757	2018	2540	2958	3097	3045	3323	3654	3462	3358	3288	3358	3549	3723	3062	3166	3236	2418	2209	2209	1722	1357	1218	870	591	0	574	730	1078	
1339	870	1270	1479	2001	2401	2523	2453	2749	3079	2923	2818	2801	2905	3132	3375	2731	2923	3079	2244	2088	2244	1792	1357	1548	1305	556	574	0	435	574	
1670	678	1026	1339	1844	2279	2470	2505	2818	3201	3097	3062	3079	3219	3480	3741	3132	3340	3514	2679	2523	2697	2227	1809	1896	1600	974	730	435	0	417	
1392	295	696	939	1461	1879	2053	2070	2401	2784	2697	2697	2731	2888	3184	3497	2905	3184	3393	2575	2470	2731	2296	1861	2122	1879	1096	1078	574	417	0	
V7
0	1427	1660	1543	1875	2041	1909	1610	1726	1925	1643	1477	1394	1494	1709	1992	1460	1759	2058	1344	1377	1859	1593	1311	1958	2008	1245	1726	1278	1593	1328	
1427	0	381	630	1112	1527	1726	1792	2124	2506	2473	2506	2589	2772	3071	3403	2888	3170	3419	2639	2556	2838	2440	2025	2307	2075	1328	1311	830	647	282	
1660	381	0	365	780	1211	1477	1643	2008	2423	2456	2539	2656	2888	3220	3585	3104	3419	3701	2938	2888	3203	2805	2407	2689	2473	1726	1676	1211	979	664	
1543	630	365	0	481	896	1128	1278	1643	2058	2124	2241	2390	2622	2988	3369	2938	3286	3602	2871	2855	3237	2855	2473	2855	2672	1875	1925	1411	1278	896	
1875	1112	780	481	0	431	796	1112	1477	1892	2075	2274	2473	2739	3120	3552	3187	3569	3917	3237	3253	3652	3303	2921	3336	3170	2357	2423	1909	1759	1394	
2041	1527	1211	896	431	0	431	863	1195	1610	1859	2108	2340	2639	3037	3486	3203	3618	4017	3369	3419	3884	3552	3203	3668	3519	2705	2822	2290	2174	1792	
1909	1726	1477	1128	796	431	0	448	780	1162	1444	1726	1975	2290	2689	3154	2921	3353	3768	3187	3270	3768	3486	3154	3685	3585	2755	2954	2407	2357	1958	
1610	1792	1643	1278	1112	863	448	0	365	780	996	1261	1527	1826	2241	2689	2490	2921	3353	2822	2938	3452	3220	2921	3502	3469	2622	2905	2340	2390	1975	
1726	2124	2008	1643	1477	1195	780	365	0	415	680	1012	1294	1610	2008	2490	2357	2805	3270	2805	2954	3502	3303	3037	3685	3668	2838	3170	2622	2689	2290	
1925	2506	2423	2058	1892	1610	1162	780	415	0	448	846	1145	1444	1842	2307	2290	2739	3220	2855	3037	3602	3452	3237	3901	3934	3104	3486	2938	3054	2656	
1643	2473	2456	2124	2075	1859	1444	996	680	448	0	381	680	996	1377	1859	1842	2290	2772	2440	2639	3203	3104	2905	3602	3668	2871	3303	2788	2954	2573	
1477	2506	2539	2241	2274	2108	1726	1261	1012	846	381	0	298	597	1012	1477	1460	1909	2390	2091	2307	2888	2805	2656	3369	3469	2722	3203	2689	2921	2573	
1394	2589	2656	2390	2473	2340	1975	1527	1294	1145	680	298	0	298	713	1178	1162	1610	2091	1842	2075	2656	2606	2490	3203	3353	2639	3137	2672	2938	2606	
1494	2772	2888	2622	2739	2639	2290	1826	1610	1444	996	597	298	0	398	879	913	1344	1826	1676	1925	2490	2506	2440	3154	3336	2689	3203	2772	3071	2755	
1709	3071	3220	2988	3120	3037	2689	2241	2008	1842	1377	1012	713	398	0	464	697	1062	1543	1560	1842	2390	2473	2473	3187	3403	2822	3386	2988	3320	3037	
1992	3403	3585	3369	3552	3486	3154	2689	2490	2307	1859	1477	1178	879	464	0	647	813	1245	1477	1759	2257	2440	2506	3203	3469	2988	3552	3220	3569	3336	
1460	2888	3104	2938	3187	3203	2921	2490	2357	2290	1842	1460	1162	913	697	647	0	448	929	863	1145	1693	1809	1859	2556	2822	2340	2921	2606	2988	2772	
1759	3170	3419	3286	3569	3618	3353	2921	2805	2739	2290	1909	1610	1344	1062	813	448	0	481	763	1029	1477	1693	1842	2490	2805	2456	3021	2788	3187	3037	
2058	3419	3701	3602	3917	4017	3768	3353	3270	3220	2772	2390	2091	1826	1543	1245	929	481	0	796	979	1228	1560	1809	2373	2722	2523	3087	2938	3353	3237	
1344	2639	2938	2871	3237	3369	3187	2822	2805	2855	2440	2091	1842	1676	1560	1477	863	763	796	0	282	830	946	1079	1726	2041	1743	2307	2141	2556	2456	
1377	2556	2888	2855	3253	3419	3270	2938	2954	3037	2639	2307	2075	1925	1842	1759	1145	1029	979	282	0	581	664	830	1460	1776	1560	2108	1992	2407	2357	
1859	2838	3203	3237	3652	3884	3768	3452	3502	3602	3203	2888	2656	2490	2390	2257	1693	1477	1228	830	581	0	448	846	1178	1560	1643	2108	2141	2573	2606	
1593	2440	2805	2855	3303	3552	3486	3220	3303	3452	3104	2805	2606	2506	2473	2440	1809	1693	1560	946	664	448	0	398	796	1162	1195	1643	1709	2124	2191	
1311	2025	2407	2473	2921	3203	3154	2921	3037	3237	2905	2656	2490	2440	2473	2506	1859	1842	1809	1079	830	846	398	0	713	962	796	1294	1294	1726	1776	
1958	2307	2689	2855	3336	3668	3685	3502	3685	3901	3602	3369	3203	3154	3187	3203	2556	2490	2373	1726	1460	1178	796	713	0	415	979	1162	1477	1809	2025	
2008	2075	2473	2672	3170	3519	3585	3469	3668	3934	3668	3469	3353	3336	3403	3469	2822	2805	2722	2041	1776	1560	1162	962	415	0	846	830	1245	1527	1792	
1245	1328	1726	1875	2357	2705	2755	2622	2838	3104	2871	2722	2639	2689	2822	2988	2340	2456	2523	1743	1560	1643	1195	796	979	846	0	564	531	929	1045	
1726	1311	1676	1925	2423	2822	2954	2905	3170	3486	3303	3203	3137	3203	3386	3552	2921	3021	3087	2307	2108	2108	1643	1294	1162	830	564	0	547	697	1029	
1278	830	1211	1411	1909	2290	2407	2340	2622	2938	2788	2689	2672	2772	2988	3220	2606	2788	2938	2141	1992	2141	1709	1294	1477	1245	531	547	0	415	547	
1593	647	979	1278	1759	2174	2357	2390	2689	3054	2954	2921	2938	3071	3320	3569	2988	3187	3353	2556	2407	2573	2124	1726	1809	1527	929	697	415	0	398	
1328	282	664	896	1394	1792	1958	1975	2290	2656	2573	2573	2606	2755	3037	3336	2772	3037	3237	2456	2357	2606	2191	1776	2025	1792	1045	1029	547	398	0	
V8
0	1892	2200	2046	2486	2706	2530	2134	2288	2552	2178	1958	1848	1980	2266	2640	1936	2332	2728	1782	1826	2464	2112	1738	2596	2662	1650	2288	1694	2112	1760	
1892	0	506	836	1474	2024	2288	2376	2816	3322	3278	3322	3432	3674	4070	4510	3828	4202	4532	3498	3388	3762	3234	2684	3058	2750	1760	1738	1100	858	374	
2200	506	0	484	1034	1606	1958	2178	2662	3212	3256	3366	3520	3828	4268	4752	4114	4532	4906	3894	3828	4246	3718	3190	3564	3278	2288	2222	1606	1298	880	
2046	836	484	0	638	1188	1496	1694	2178	2728	2816	2970	3168	3476	3960	4466	3894	4356	4774	3806	3784	4290	3784	3278	3784	3542	2486	2552	1870	1694	1188	
2486	1474	1034	638	0	572	1056	1474	1958	2508	2750	3014	3278	3630	4136	4708	4224	4730	5192	4290	4312	4840	4378	3872	4422	4202	3124	3212	2530	2332	1848	
2706	2024	1606	1188	572	0	572	1144	1584	2134	2464	2794	3102	3498	4026	4620	4246	4796	5324	4466	4532	5148	4708	4246	4862	4664	3586	3740	3036	2882	2376	
2530	2288	1958	1496	1056	572	0	594	1034	1540	1914	2288	2618	3036	3564	4180	3872	4444	4994	4224	4334	4994	4620	4180	4884	4752	3652	3916	3190	3124	2596	
2134	2376	2178	1694	1474	1144	594	0	484	1034	1320	1672	2024	2420	2970	3564	3300	3872	4444	3740	3894	4576	4268	3872	4642	4598	3476	3850	3102	3168	2618	
2288	2816	2662	2178	1958	1584	1034	484	0	550	902	1342	1716	2134	2662	3300	3124	3718	4334	3718	3916	4642	4378	4026	4884	4862	3762	4202	3476	3564	3036	
2552	3322	3212	2728	2508	2134	1540	1034	550	0	594	1122	1518	1914	2442	3058	3036	3630	4268	3784	4026	4774	4576	4290	5170	5214	4114	4620	3894	4048	3520	
2178	3278	3256	2816	2750	2464	1914	1320	902	594	0	506	902	1320	1826	2464	2442	3036	3674	3234	3498	4246	4114	3850	4774	4862	3806	4378	3696	3916	3410	
1958	3322	3366	2970	3014	2794	2288	1672	1342	1122	506	0	396	792	1342	1958	1936	2530	3168	2772	3058	3828	3718	3520	4466	4598	3608	4246	3564	3872	3410	
1848	3432	3520	3168	3278	3102	2618	2024	1716	1518	902	396	0	396	946	1562	1540	2134	2772	2442	2750	3520	3454	3300	4246	4444	3498	4158	3542	3894	3454	
1980	3674	3828	3476	3630	3498	3036	2420	2134	1914	1320	792	396	0	528	1166	1210	1782	2420	2222	2552	3300	3322	3234	4180	4422	3564	4246	3674	4070	3652	
2266	4070	4268	3960	4136	4026	3564	2970	2662	2442	1826	1342	946	528	0	616	924	1408	2046	2068	2442	3168	3278	3278	4224	4510	3740	4488	3960	4400	4026	
2640	4510	4752	4466	4708	4620	4180	3564	3300	3058	2464	1958	1562	1166	616	0	858	1078	1650	1958	2332	2992	3234	3322	4246	4598	3960	4708	4268	4730	4422	
1936	3828	4114	3894	4224	4246	3872	3300	3124	3036	2442	1936	1540	1210	924	858	0	594	1232	1144	1518	2244	2398	2464	3388	3740	3102	3872	3454	3960	3674	
2332	4202	4532	4356	4730	4796	4444	3872	3718	3630	3036	2530	2134	1782	1408	1078	594	0	638	1012	1364	1958	2244	2442	3300	3718	3256	4004	3696	4224	4026	
2728	4532	4906	4774	5192	5324	4994	4444	4334	4268	3674	3168	2772	2420	2046	1650	1232	638	0	1056	1298	1628	2068	2398	3146	3608	3344	4092	3894	4444	4290	
1782	3498	3894	3806	4290	4466	4224	3740	3718	3784	3234	2772	2442	2222	2068	1958	1144	1012	1056	0	374	1100	1254	1430	2288	2706	2310	3058	2838	3388	3256	
1826	3388	3828	3784	4312	4532	4334	3894	3916	4026	3498	3058	2750	2552	2442	2332	1518	1364	1298	374	0	770	880	1100	1936	2354	2068	2794	2640	3190	3124	
2464	3762	4246	4290	4840	5148	4994	4576	4642	4774	4246	3828	3520	3300	3168	2992	2244	1958	1628	1100	770	0	594	1122	1562	2068	2178	2794	2838	3410	3454	
2112	3234	3718	3784	4378	4708	4620	4268	4378	4576	4114	3718	3454	3322	3278	3234	2398	2244	2068	1254	880	594	0	528	1056	1540	1584	2178	2266	2816	2904	
1738	2684	3190	3278	3872	4246	4180	3872	4026	4290	3850	3520	3300	3234	3278	3322	2464	2442	2398	1430	1100	1122	528	0	946	1276	1056	1716	1716	2288	2354	
2596	3058	3564	3784	4422	4862	4884	4642	4884	5170	4774	4466	4246	4180	4224	4246	3388	3300	3146	2288	1936	1562	1056	946	0	550	1298	1540	1958	2398	2684	
2662	2750	3278	3542	4202	4664	4752	4598	4862	5214	4862	4598	4444	4422	4510	4598	3740	3718	3608	2706	2354	2068	1540	1276	550	0	1122	1100	1650	2024	2376	
1650	1760	2288	2486	3124	3586	3652	3476	3762	4114	3806	3608	3498	3564	3740	3960	3102	3256	3344	2310	2068	2178	1584	1056	1298	1122	0	748	704	1232	1386	
2288	1738	2222	2552	3212	3740	3916	3850	4202	4620	4378	4246	4158	4246	4488	4708	3872	4004	4092	3058	2794	2794	2178	1716	1540	1100	748	0	726	924	1364	
1694	1100	1606	1870	2530	3036	3190	3102	3476	3894	3696	3564	3542	3674	3960	4268	3454	3696	3894	2838	2640	2838	2266	1716	1958	1650	704	726	0	550	726	
2112	858	1298	1694	2332	2882	3124	3168	3564	4048	3916	3872	3894	4070	4400	4730	3960	4224	4444	3388	3190	3410	2816	2288	2398	2024	1232	924	550	0	528	
1760	374	880	1188	1848	2376	2596	2618	3036	3520	3410	3410	3454	3652	4026	4422	3674	4026	4290	3256	3124	3454	2904	2354	2684	2376	1386	1364	726	528	0	
V9
0	2184	2540	2362	2870	3124	2921	2463	2641	2946	2514	2260	2133	2286	2616	3048	2235	2692	3149	2057	2108	2844	2438	2006	2997	3073	1905	2641	1955	2438	2032	
2184	0	584	965	1701	2336	2641	2743	3251	3835	3784	3835	3962	4241	4699	5207	4419	4851	5232	4038	3911	4343	3733	3098	3530	3175	2032	2006	1270	990	431	
2540	584	0	558	1193	1854	2260	2514	3073	3708	3759	3886	4064	4419	4927	5486	4749	5232	5664	4495	4419	4902	4292	3683	4114	3784	2641	2565	1854	1498	1016	
2362	965	558	0	736	1371	1727	1955	2514	3149	3251	3429	3657	4013	4572	5156	4495	5029	5511	4394	4368	4953	4368	3784	4368	4089	2870	2946	2159	1955	1371	
2870	1701	1193	736	0	660	1219	1701	2260	2895	3175	3479	3784	4191	4775	5435	4876	5461	5994	4953	4978	5588	5054	4470	5105	4851	3606	3708	2921	2692	2133	
3124	2336	1854	1371	660	0	660	1320	1828	2463	2844	3225	3581	4038	4648	5334	4902	5537	6146	5156	5232	5943	5435	4902	5613	5384	4140	4318	3505	3327	2743	
2921	2641	2260	1727	1219	660	0	685	1193	1778	2209	2641	3022	3505	4114	4826	4470	5130	5765	4876	5003	5765	5334	4826	5638	5486	4216	4521	3683	3606	2997	
2463	2743	2514	1955	1701	1320	685	0	558	1193	1524	1930	2336	2794	3429	4114	3810	4470	5130	4318	4495	5283	4927	4470	5359	5308	4013	4445	3581	3657	3022	
2641	3251	3073	2514	2260	1828	1193	558	0	635	1041	1549	1981	2463	3073	3810	3606	4292	5003	4292	4521	5359	5054	4648	5638	5613	4343	4851	4013	4114	3505	
2946	3835	3708	3149	2895	2463	1778	1193	635	0	685	1295	1752	2209	2819	3530	3505	4191	4927	4368	4648	5511	5283	4953	5969	6019	4749	5334	4495	4673	4064	
2514	3784	3759	3251	3175	2844	2209	1524	1041	685	0	584	1041	1524	2108	2844	2819	3505	4241	3733	4038	4902	4749	4445	5511	5613	4394	5054	4267	4521	3937	
2260	3835	3886	3429	3479	3225	2641	1930	1549	1295	584	0	457	914	1549	2260	2235	2921	3657	3200	3530	4419	4292	4064	5156	5308	4165	4902	4114	4470	3937	
2133	3962	4064	3657	3784	3581	3022	2336	1981	1752	1041	457	0	457	1092	1803	1778	2463	3200	2819	3175	4064	3987	3810	4902	5130	4038	4800	4089	4495	3987	
2286	4241	4419	4013	4191	4038	3505	2794	2463	2209	1524	914	457	0	609	1346	1397	2057	2794	2565	2946	3810	3835	3733	4826	5105	4114	4902	4241	4699	4216	
2616	4699	4927	4572	4775	4648	4114	3429	3073	2819	2108	1549	1092	609	0	711	1066	1625	2362	2387	2819	3657	3784	3784	4876	5207	4318	5181	4572	5080	4648	
3048	5207	5486	5156	5435	5334	4826	4114	3810	3530	2844	2260	1803	1346	711	0	990	1244	1905	2260	2692	3454	3733	3835	4902	5308	4572	5435	4927	5461	5105	
2235	4419	4749	4495	4876	4902	4470	3810	3606	3505	2819	2235	1778	1397	1066	990	0	685	1422	1320	1752	2590	2768	2844	3911	4318	3581	4470	3987	4572	4241	
2692	4851	5232	5029	5461	5537	5130	4470	4292	4191	3505	2921	2463	2057	1625	1244	685	0	736	1168	1574	2260	2590	2819	3810	4292	3759	4622	4267	4876	4648	
3149	5232	5664	5511	5994	6146	5765	5130	5003	4927	4241	3657	3200	2794	2362	1905	1422	736	0	1219	1498	1879	2387	2768	3632	4165	3860	4724	4495	5130	4953	
2057	4038	4495	4394	4953	5156	4876	4318	4292	4368	3733	3200	2819	2565	2387	2260	1320	1168	1219	0	431	1270	1447	1651	2641	3124	2667	3530	3276	3911	3759	
2108	3911	4419	4368	4978	5232	5003	4495	4521	4648	4038	3530	3175	2946	2819	2692	1752	1574	1498	431	0	889	1016	1270	2235	2717	2387	3225	3048	3683	3606	
2844	4343	4902	4953	5588	5943	5765	5283	5359	5511	4902	4419	4064	3810	3657	3454	2590	2260	1879	1270	889	0	685	1295	1803	2387	2514	3225	3276	3937	3987	
2438	3733	4292	4368	5054	5435	5334	4927	5054	5283	4749	4292	3987	3835	3784	3733	2768	2590	2387	1447	1016	685	0	609	1219	1778	1828	2514	2616	3251	3352	
2006	3098	3683	3784	4470	4902	4826	4470	4648	4953	4445	4064	3810	3733	3784	3835	2844	2819	2768	1651	1270	1295	609	0	1092	1473	1219	1981	1981	2641	2717	
2997	3530	4114	4368	5105	5613	5638	5359	5638	5969	5511	5156	4902	4826	4876	4902	3911	3810	3632	2641	2235	1803	1219	1092	0	635	1498	1778	2260	2768	3098	
3073	3175	3784	4089	4851	5384	5486	5308	5613	6019	5613	5308	5130	5105	5207	5308	4318	4292	4165	3124	2717	2387	1778	1473	635	0	1295	1270	1905	2336	2743	
1905	2032	2641	2870	3606	4140	4216	4013	4343	4749	4394	4165	4038	4114	4318	4572	3581	3759	3860	2667	2387	2514	1828	1219	1498	1295	0	863	812	1422	1600	
2641	2006	2565	2946	3708	4318	4521	4445	4851	5334	5054	4902	4800	4902	5181	5435	4470	4622	4724	3530	3225	3225	2514	1981	1778	1270	863	0	838	1066	1574	
1955	1270	1854	2159	2921	3505	3683	3581	4013	4495	4267	4114	4089	4241	4572	4927	3987	4267	4495	3276	3048	3276	2616	1981	2260	1905	812	838	0	635	838	
2438	990	1498	1955	2692	3327	3606	3657	4114	4673	4521	4470	4495	4699	5080	5461	4572	4876	5130	3911	3683	3937	3251	2641	2768	2336	1422	1066	635	0	609	
2032	431	1016	1371	2133	2743	2997	3022	3505	4064	3937	3937	3987	4216	4648	5105	4241	4648	4953	3759	3606	3987	3352	2717	3098	2743	1600	1574	838	609	0	
Velocidade_Veiculos
1	1	1	1	1	1	1	1	1	1	