M: 4
N: 30
Nun_Veiculos: 10
Capacidade_Total: 771
Demanda_Total: 510
Setup_Min: 1
Setup_Max: 9
Raio: 20
Circulos: 1
Tempo_Processamento_Min: 1
Tempo_Processamento_Max: 49
Demanda_Min: 10
Demanda_Max: 30
Priority_Factor: 0.2
Range_Factor_R: 0.8
U_factor: 2
ALpha: 0.2Replicao: 1
Tempos_Processamentos
0	0	1	0	2	0	3	0	
0	33	1	11	2	42	3	11	
0	12	1	15	2	44	3	19	
0	45	1	46	2	42	3	39	
0	28	1	49	2	25	3	2	
0	39	1	19	2	24	3	38	
0	28	1	1	2	15	3	42	
0	37	1	13	2	9	3	29	
0	28	1	17	2	33	3	15	
0	20	1	40	2	16	3	13	
0	4	1	26	2	3	3	42	
0	27	1	29	2	9	3	45	
0	4	1	15	2	4	3	45	
0	16	1	10	2	39	3	15	
0	11	1	14	2	48	3	44	
0	47	1	18	2	25	3	6	
0	9	1	22	2	41	3	23	
0	16	1	48	2	38	3	32	
0	36	1	26	2	1	3	34	
0	43	1	13	2	7	3	10	
0	12	1	35	2	31	3	16	
0	22	1	6	2	4	3	23	
0	41	1	7	2	47	3	13	
0	10	1	40	2	48	3	49	
0	49	1	25	2	22	3	33	
0	37	1	23	2	3	3	27	
0	31	1	27	2	25	3	32	
0	2	1	42	2	13	3	38	
0	38	1	1	2	30	3	29	
0	37	1	44	2	8	3	42	
0	42	1	22	2	41	3	33	

Tempos_setup
M0
0	0	0	0	0	0	0	0	0	0	0	0	0	0	0	0	0	0	0	0	0	0	0	0	0	0	0	0	0	0	0	
0	0	3	3	4	3	3	4	1	2	3	3	2	3	4	3	3	3	3	3	2	2	3	2	2	3	2	2	3	3	1	
0	3	0	2	2	3	3	1	3	4	2	4	2	3	4	3	2	3	3	2	2	3	1	2	2	3	3	2	3	3	1	
0	2	1	0	3	3	3	2	3	4	2	4	3	2	3	4	2	3	1	3	1	2	2	3	2	3	3	3	3	3	2	
0	3	2	1	0	3	4	3	1	2	2	3	3	2	2	2	3	3	2	3	2	2	3	3	2	3	2	3	3	3	2	
0	2	2	1	4	0	2	3	3	3	3	3	2	2	3	2	1	3	2	1	2	2	3	3	3	3	4	2	2	3	3	
0	3	3	3	3	4	0	2	3	4	3	5	1	2	3	4	2	4	1	3	3	3	2	4	4	4	3	3	2	3	4	
0	2	3	2	1	2	2	0	2	3	3	3	2	2	3	2	1	2	2	1	3	2	3	3	3	2	3	1	2	2	3	
0	3	3	3	3	3	3	3	0	1	3	2	2	3	3	3	3	2	3	2	4	1	2	2	3	3	1	2	3	2	1	
0	3	2	2	2	4	4	3	3	0	2	1	3	3	4	3	3	3	3	4	3	2	1	3	4	2	3	3	2	1	3	
0	3	4	3	2	4	3	3	3	4	0	4	1	2	3	4	2	3	3	4	3	3	2	4	4	4	4	3	2	2	4	
0	2	3	2	1	3	4	3	2	3	3	0	3	3	3	3	4	2	3	4	3	1	2	2	3	4	3	3	3	2	2	
0	2	3	2	3	3	2	4	2	3	2	4	0	1	2	3	1	3	2	3	2	2	1	3	3	3	3	2	1	2	3	
0	3	3	2	3	2	3	3	3	2	3	3	3	0	1	4	2	4	3	3	2	3	3	4	3	3	2	3	2	3	4	
0	2	3	2	3	1	2	2	2	1	2	2	2	2	0	3	1	3	2	2	1	2	2	3	2	2	1	2	1	2	3	
0	4	1	2	2	3	3	2	3	4	2	3	2	3	4	0	3	3	2	1	3	2	1	1	3	2	3	2	2	3	2	
0	1	3	3	4	3	1	3	2	2	3	3	1	1	2	2	0	3	2	3	2	2	2	3	3	2	3	2	1	2	2	
0	3	2	3	2	3	3	1	1	2	3	1	3	1	2	3	2	0	3	2	3	1	2	2	4	3	2	2	2	1	2	
0	2	2	4	4	4	2	3	3	3	4	4	2	2	3	3	1	3	0	4	3	3	3	4	4	3	2	3	2	3	3	
0	3	2	1	3	2	2	3	3	3	3	2	3	3	4	1	2	2	1	0	2	1	2	2	3	2	3	1	3	2	2	
0	3	2	3	3	3	3	3	3	3	1	3	2	1	2	3	2	2	1	2	0	3	3	2	1	2	3	3	3	3	3	
0	3	3	2	2	2	3	2	2	2	2	2	2	2	3	3	3	1	2	3	3	0	1	1	3	3	3	2	2	1	1	
0	3	2	1	3	4	4	3	4	4	1	4	2	3	4	4	3	4	2	3	2	3	0	2	3	4	2	4	3	3	3	
0	4	4	3	3	3	4	4	2	3	3	2	2	2	3	3	3	3	2	3	2	2	3	0	3	3	3	2	1	2	3	
0	2	1	2	3	4	2	2	2	3	3	2	2	2	3	2	1	1	3	3	3	2	2	1	0	1	2	3	2	2	2	
0	2	2	3	3	3	2	2	2	3	3	2	2	1	2	1	1	1	3	2	3	2	2	2	3	0	1	2	2	2	3	
0	3	3	3	3	3	3	4	4	3	4	2	3	3	2	4	2	3	4	4	3	2	3	2	2	3	0	4	3	3	3	
0	3	2	1	3	1	3	2	3	4	3	3	3	2	3	1	2	2	1	2	2	3	2	2	3	1	2	0	2	1	3	
0	3	3	2	3	2	3	3	1	2	2	3	1	1	2	2	2	2	1	2	1	1	2	2	2	2	2	1	0	1	2	
0	4	4	3	4	3	4	4	2	3	3	3	2	2	3	3	3	3	2	3	2	2	3	3	3	3	3	2	1	0	3	
0	3	2	2	4	2	2	3	3	4	3	3	1	2	3	2	2	3	2	3	3	3	2	1	4	2	2	1	2	2	0	
M1
0	0	0	0	0	0	0	0	0	0	0	0	0	0	0	0	0	0	0	0	0	0	0	0	0	0	0	0	0	0	0	
0	0	4	2	2	3	1	2	3	2	2	3	2	2	3	1	3	1	3	4	3	3	3	2	3	2	2	3	4	2	3	
0	5	0	2	3	2	2	2	2	1	3	4	2	2	4	2	2	2	3	1	2	2	2	3	3	3	3	1	1	2	2	
0	4	2	0	2	3	3	2	2	2	2	2	2	2	3	2	3	3	2	3	1	3	3	3	1	3	3	2	3	4	3	
0	5	3	3	0	3	1	3	1	3	1	3	3	2	1	2	3	2	4	2	3	3	3	3	2	3	1	2	3	4	2	
0	5	4	2	2	0	3	3	1	3	3	3	2	2	3	2	3	1	1	2	3	3	3	2	3	1	2	2	2	2	2	
0	4	4	3	1	3	0	2	2	3	1	2	4	2	2	2	3	3	4	3	3	4	2	3	3	3	1	3	3	4	2	
0	5	5	3	3	3	3	0	1	2	3	3	2	2	2	2	2	3	3	2	2	3	3	1	2	2	2	3	4	3	3	
0	4	4	2	4	2	3	2	0	2	3	3	4	2	4	1	2	3	3	1	3	2	4	3	3	3	1	3	3	3	2	
0	4	4	2	2	3	1	2	2	0	2	3	2	1	3	1	3	1	4	2	1	2	3	2	3	2	2	1	4	3	2	
0	5	4	2	3	2	3	3	3	2	0	3	3	2	3	2	4	2	3	3	3	4	4	2	2	2	1	3	3	3	1	
0	2	5	3	3	4	2	4	3	3	2	0	3	1	3	3	1	2	2	3	3	4	4	2	2	3	2	3	3	4	1	
0	4	5	3	3	1	3	2	2	2	2	4	0	3	2	3	4	2	2	3	1	2	4	3	3	2	3	3	3	3	3	
0	6	5	4	4	4	3	3	2	2	3	4	4	0	2	3	3	3	4	3	2	4	4	4	3	4	3	3	3	4	4	
0	4	3	2	2	2	3	3	2	3	1	2	2	2	0	2	3	1	3	2	2	2	4	2	1	2	2	1	4	3	2	
0	3	3	1	3	4	2	1	2	1	3	3	3	2	3	0	3	2	3	3	2	3	3	2	2	3	3	2	4	2	3	
0	4	4	2	2	3	1	3	3	2	1	2	2	2	2	2	0	2	1	3	2	3	3	1	1	2	2	2	2	3	1	
0	4	3	2	1	2	2	2	2	2	2	2	1	2	2	1	3	0	3	3	2	3	3	1	2	1	2	3	4	2	2	
0	4	3	1	3	2	2	2	2	3	3	2	2	2	4	3	3	3	0	2	2	2	2	3	2	3	3	1	1	2	2	
0	5	5	3	3	1	2	1	1	3	2	3	3	3	3	2	1	2	2	0	3	1	3	2	2	2	2	2	2	3	1	
0	4	5	3	3	3	4	1	1	3	1	4	3	3	3	2	3	2	4	2	0	2	4	2	3	2	2	4	4	3	2	
0	6	5	3	3	3	4	1	2	3	4	4	2	3	3	3	3	4	4	3	3	0	4	2	3	2	3	4	5	3	3	
0	4	5	3	2	3	2	3	3	2	2	2	2	2	2	3	1	3	2	4	2	4	0	1	1	2	3	3	3	3	2	
0	5	4	2	2	2	2	3	3	1	2	3	1	2	1	2	3	2	3	3	2	3	2	0	2	1	3	2	4	2	2	
0	3	4	4	1	4	2	2	2	3	2	1	4	1	2	3	2	3	3	3	1	3	4	3	0	3	2	3	4	3	2	
0	4	3	1	1	1	2	2	2	2	2	2	3	1	2	1	2	2	2	3	2	2	2	3	2	0	2	3	3	1	1	
0	4	4	2	4	3	3	2	3	2	3	2	4	1	3	1	3	3	4	2	3	3	3	3	3	4	0	3	2	3	3	
0	5	3	1	3	2	3	2	2	3	3	3	1	1	3	3	2	3	3	1	2	1	4	3	2	3	3	0	3	3	2	
0	5	3	1	2	1	1	2	1	2	2	3	3	3	3	2	2	2	2	1	2	1	1	2	2	2	2	3	0	1	1	
0	4	4	2	3	3	2	2	3	3	2	2	3	3	3	3	1	3	1	3	3	1	1	2	2	3	3	2	2	0	2	
0	5	4	3	2	3	3	3	3	3	3	3	2	3	3	2	3	1	4	3	3	3	3	2	3	2	3	2	2	3	0	
M2
0	0	0	0	0	0	0	0	0	0	0	0	0	0	0	0	0	0	0	0	0	0	0	0	0	0	0	0	0	0	0	
0	0	3	1	1	3	2	2	2	3	1	3	3	2	3	3	3	3	2	2	2	3	2	2	2	3	1	2	3	3	2	
0	3	0	1	3	3	3	3	4	2	2	3	1	2	3	3	2	3	3	3	3	3	2	2	3	2	3	2	3	4	1	
0	3	2	0	3	2	3	3	3	3	2	2	3	2	2	2	3	2	2	2	2	3	1	1	3	2	3	3	3	3	2	
0	2	3	3	0	2	3	2	2	3	3	3	3	3	2	3	2	3	4	1	1	4	4	3	3	3	1	2	4	3	3	
0	5	2	3	4	0	2	4	3	3	4	3	3	3	4	1	3	3	3	3	3	3	4	4	2	2	4	4	3	3	2	
0	3	1	2	2	1	0	3	2	2	2	2	2	2	2	2	2	3	3	2	2	1	3	2	3	3	2	2	1	1	2	
0	3	2	2	3	2	1	0	3	2	3	1	1	3	3	3	2	3	3	3	3	2	3	2	3	3	3	2	2	2	1	
0	3	2	1	1	3	3	3	0	1	3	2	3	1	3	3	3	1	2	2	2	2	2	2	4	2	2	3	2	3	2	
0	4	4	3	3	3	4	4	2	0	3	1	2	3	3	3	3	3	4	2	4	3	4	3	3	4	4	3	3	2	4	
0	4	2	2	3	2	1	4	3	2	0	3	2	3	3	3	2	3	1	3	3	2	2	2	4	3	3	3	2	2	1	
0	3	3	3	3	3	3	3	3	2	2	0	1	2	2	2	2	2	3	2	3	3	3	2	3	3	3	2	2	1	3	
0	2	2	2	3	3	3	2	3	1	2	2	0	3	3	2	1	2	3	2	2	3	3	1	2	2	2	1	4	3	2	
0	3	1	1	2	3	2	2	2	2	3	2	2	0	3	3	2	2	2	3	1	3	2	2	3	1	2	2	1	3	2	
0	4	3	3	3	2	3	2	2	2	4	3	3	2	0	3	3	2	2	3	1	3	3	3	3	1	3	2	3	4	3	
0	4	2	3	5	1	3	4	4	3	4	2	2	3	4	0	3	3	3	4	4	4	4	3	3	2	4	3	4	3	3	
0	4	3	3	3	2	4	3	2	3	3	3	3	3	2	1	0	1	2	1	3	2	2	2	4	3	4	4	3	4	4	
0	4	4	4	3	2	3	2	3	2	3	2	2	4	4	3	2	0	1	3	3	1	2	2	4	3	3	3	2	3	3	
0	3	3	3	4	1	3	3	3	1	2	2	1	3	3	2	1	2	0	2	2	3	1	1	3	2	3	2	4	3	3	
0	4	3	3	3	1	3	3	2	3	3	2	2	3	1	2	3	2	3	0	2	3	4	2	3	2	4	3	4	3	3	
0	4	2	2	2	3	2	1	1	2	3	2	2	2	2	4	3	2	3	2	0	3	3	2	2	3	2	1	3	3	2	
0	4	3	3	4	4	4	3	3	1	3	1	2	3	3	3	3	3	3	3	2	0	4	3	3	2	3	2	3	2	2	
0	4	4	4	3	4	3	2	3	3	3	3	2	4	4	4	3	4	4	4	2	4	0	3	4	4	2	3	4	4	3	
0	2	3	3	3	3	2	2	2	2	1	1	2	2	3	2	3	2	2	3	1	3	3	0	2	1	2	2	3	2	2	
0	3	3	3	3	3	4	3	2	2	3	3	1	3	4	3	2	3	4	3	3	4	4	2	0	3	3	2	4	4	3	
0	3	2	2	3	2	3	2	3	1	3	2	2	1	4	3	2	1	1	3	2	2	2	2	3	0	3	3	2	3	3	
0	4	3	2	2	3	2	1	1	2	2	2	2	2	4	4	3	2	3	3	3	3	3	2	2	3	0	3	3	3	2	
0	3	1	2	3	2	2	2	2	3	2	2	2	3	2	3	3	3	3	1	2	3	3	1	1	2	1	0	3	3	2	
0	2	2	2	1	3	3	2	1	2	3	1	2	2	3	2	1	2	3	2	2	3	3	2	2	3	1	1	0	2	3	
0	4	2	2	3	3	2	3	3	1	1	2	3	1	1	3	3	3	2	2	2	3	3	3	3	2	2	2	2	0	2	
0	3	3	1	4	3	2	3	3	2	3	3	3	3	3	3	3	3	2	3	3	3	2	2	4	2	2	4	3	3	0	
M3
0	0	0	0	0	0	0	0	0	0	0	0	0	0	0	0	0	0	0	0	0	0	0	0	0	0	0	0	0	0	0	
0	0	2	3	3	2	3	3	2	2	1	3	3	2	3	1	4	3	3	3	1	3	3	2	2	3	4	3	4	4	2	
0	1	0	2	3	2	3	1	2	2	2	3	3	2	2	2	2	3	3	1	2	2	3	3	3	1	3	1	2	2	2	
0	3	3	0	4	4	4	3	4	4	3	3	3	4	4	3	4	4	2	3	3	5	3	2	2	4	4	4	3	4	4	
0	3	3	3	0	2	2	3	3	2	2	1	2	2	3	1	1	2	2	3	3	3	4	4	2	2	3	2	1	3	1	
0	2	3	3	1	0	2	2	2	3	3	2	3	1	2	2	2	2	1	2	2	3	4	3	3	3	3	2	2	3	2	
0	3	4	3	3	2	0	4	4	4	4	1	4	3	4	1	3	2	3	3	4	4	4	4	3	3	4	3	3	3	4	
0	2	2	1	2	1	3	0	3	1	1	3	3	2	3	3	1	3	2	3	3	2	3	3	2	3	3	1	3	2	2	
0	3	3	3	2	2	2	3	0	3	2	3	3	2	1	2	3	2	2	4	3	1	4	4	3	2	4	2	3	3	3	
0	3	2	3	4	3	2	2	3	0	3	3	2	1	2	3	3	2	3	3	2	3	3	3	3	3	2	3	4	2	1	
0	1	2	2	4	3	2	2	3	3	0	2	2	1	2	2	3	2	4	3	2	3	4	3	1	3	4	3	4	3	3	
0	2	3	2	2	1	3	3	3	3	3	0	3	2	3	3	2	1	2	3	3	3	3	3	2	2	3	2	3	2	3	
0	2	2	2	2	1	1	3	2	3	3	2	0	2	2	1	2	3	2	3	3	2	3	4	4	3	3	1	3	2	2	
0	2	2	2	3	2	1	1	2	2	2	2	2	0	1	2	2	1	3	2	1	2	3	2	3	2	4	2	3	3	2	
0	2	2	2	3	2	3	3	3	2	3	3	2	2	0	3	2	3	2	3	3	2	3	4	4	2	3	1	3	2	2	
0	4	5	2	4	4	4	5	4	3	4	4	3	4	3	0	3	5	4	2	4	3	4	4	3	4	4	4	3	3	4	
0	3	3	3	3	3	2	2	3	1	3	3	3	1	2	3	0	2	4	3	2	2	4	3	3	3	3	3	4	3	2	
0	1	3	3	3	2	3	2	3	3	2	4	2	3	4	2	3	0	3	4	2	2	4	3	3	1	4	3	4	3	3	
0	1	2	3	2	3	3	3	3	3	2	3	2	2	2	1	3	2	0	3	2	3	4	3	3	3	3	2	1	3	3	
0	2	3	3	2	3	2	3	2	1	2	3	3	2	1	3	3	3	2	0	3	3	2	4	3	3	2	2	1	1	2	
0	2	1	3	2	1	3	2	1	1	3	3	2	2	2	3	3	3	2	2	0	2	2	1	4	2	3	2	3	3	1	
0	2	3	2	1	1	1	2	3	3	1	2	3	2	3	1	2	2	2	3	3	0	5	4	2	1	4	3	2	4	2	
0	2	2	2	3	3	3	2	3	2	3	3	3	2	3	2	2	3	3	3	3	2	0	4	3	3	3	1	1	2	2	
0	1	1	2	3	2	3	1	3	2	2	3	4	3	2	2	2	4	3	1	2	3	3	0	3	2	3	2	2	2	3	
0	3	2	1	3	2	2	3	2	2	4	1	1	2	3	2	2	2	3	3	1	3	3	2	0	3	3	2	4	2	2	
0	3	3	2	2	2	2	1	3	2	2	3	4	3	4	2	2	3	3	4	2	1	4	3	3	0	3	2	3	3	3	
0	3	3	2	2	3	3	2	3	3	3	2	2	3	4	3	3	3	2	3	2	3	1	2	1	4	0	2	2	3	3	
0	1	1	1	2	2	2	2	2	2	2	2	2	1	2	2	1	2	2	2	2	1	2	3	3	2	2	0	3	1	1	
0	2	2	2	3	2	2	2	2	3	2	3	3	1	2	2	2	2	3	3	2	2	3	3	2	3	2	1	0	2	2	
0	2	3	3	3	3	1	3	1	3	3	2	2	3	2	2	3	3	1	4	3	2	1	3	2	3	1	2	2	0	3	
0	2	3	2	3	2	2	4	2	4	3	3	1	3	3	2	3	3	3	4	3	3	4	4	3	4	4	2	4	3	0	
Tamanho_Tarefas
0	12	20	39	15	22	4	21	21	15	8	22	14	20	29	12	10	28	15	13	19	5	13	30	27	3	27	8	5	9	24	
Data_Entrega
0	106	95	85	94	72	64	93	56	103	70	86	111	69	63	110	62	77	75	73	101	109	75	71	63	105	70	80	82	59	112	
Penalidade_Atraso
0	1	13	10	10	5	10	4	13	5	19	13	9	2	7	19	2	13	11	13	7	10	11	20	9	5	5	8	16	10	2	
Capacidade_Veiculo
80	109	40	87	108	81	47	47	96	76	
Custo_Fixo_Veiculo
800	1090	400	870	1080	810	470	470	960	760	
Coordenadas_Clientes
x	0	y	0
x	15	y	0
x	23	y	4
x	13	y	6
x	15	y	11
x	12	y	14
x	10	y	17
x	5	y	15
x	2	y	19
x	-2	y	22
x	-4	y	14
x	-10	y	18
x	-14	y	16
x	-19	y	14
x	-16	y	7
x	-17	y	3
x	-17	y	0
x	-17	y	-3
x	-17	y	-7
x	-17	y	-12
x	-16	y	-18
x	-12	y	-20
x	-5	y	-16
x	-2	y	-20
x	2	y	-22
x	5	y	-17
x	12	y	-21
x	11	y	-13
x	13	y	-9
x	14	y	-6
x	23	y	-4
Tempo_Viagem
0	15	23	14	18	18	19	15	19	22	14	20	21	23	17	17	17	17	18	20	24	23	16	20	22	17	24	17	15	15	23	
15	0	8	6	11	14	17	18	23	27	23	30	33	36	31	32	32	32	32	34	35	33	25	26	24	19	21	13	9	6	8	
23	8	0	10	10	14	17	20	25	29	28	35	38	42	39	40	40	40	40	42	43	41	33	34	32	27	27	20	16	13	8	
14	6	10	0	5	8	11	12	17	21	18	25	28	32	29	30	30	31	32	34	37	36	28	30	29	24	27	19	15	12	14	
18	11	10	5	0	4	7	10	15	19	19	25	29	34	31	32	33	34	36	38	42	41	33	35	34	29	32	24	20	17	17	
18	14	14	8	4	0	3	7	11	16	16	22	26	31	28	31	32	33	35	38	42	41	34	36	36	31	35	27	23	20	21	
19	17	17	11	7	3	0	5	8	13	14	20	24	29	27	30	31	33	36	39	43	42	35	38	39	34	38	30	26	23	24	
15	18	20	12	10	7	5	0	5	9	9	15	19	24	22	25	26	28	31	34	39	38	31	35	37	32	36	28	25	22	26	
19	23	25	17	15	11	8	5	0	5	7	12	16	21	20	24	26	28	31	36	41	41	35	39	41	36	41	33	30	27	31	
22	27	29	21	19	16	13	9	5	0	8	8	12	17	20	24	26	29	32	37	42	42	38	42	44	39	45	37	34	31	35	
14	23	28	18	19	16	14	9	7	8	0	7	10	15	13	17	19	21	24	29	34	34	30	34	36	31	38	30	28	26	31	
20	30	35	25	25	22	20	15	12	8	7	0	4	9	12	16	19	22	25	30	36	38	34	38	41	37	44	37	35	33	38	
21	33	38	28	29	26	24	19	16	12	10	4	0	5	9	13	16	19	23	28	34	36	33	37	41	38	45	38	36	35	41	
23	36	42	32	34	31	29	24	21	17	15	9	5	0	7	11	14	17	21	26	32	34	32	37	41	38	46	40	38	38	44	
17	31	39	29	31	28	27	22	20	20	13	12	9	7	0	4	7	10	14	19	25	27	25	30	34	31	39	33	32	32	39	
17	32	40	30	32	31	30	25	24	24	17	16	13	11	4	0	3	6	10	15	21	23	22	27	31	29	37	32	32	32	40	
17	32	40	30	33	32	31	26	26	26	19	19	16	14	7	3	0	3	7	12	18	20	20	25	29	27	35	30	31	31	40	
17	32	40	31	34	33	33	28	28	29	21	22	19	17	10	6	3	0	4	9	15	17	17	22	26	26	34	29	30	31	40	
18	32	40	32	36	35	36	31	31	32	24	25	23	21	14	10	7	4	0	5	11	13	15	19	23	24	32	28	30	31	40	
20	34	42	34	38	38	39	34	36	37	29	30	28	26	19	15	12	9	5	0	6	9	12	17	21	22	29	28	30	31	40	
24	35	43	37	42	42	43	39	41	42	34	36	34	32	25	21	18	15	11	6	0	4	11	14	18	21	28	27	30	32	41	
23	33	41	36	41	41	42	38	41	42	34	38	36	34	27	23	20	17	13	9	4	0	8	10	14	17	24	24	27	29	38	
16	25	33	28	33	34	35	31	35	38	30	34	33	32	25	22	20	17	15	12	11	8	0	5	9	10	17	16	19	21	30	
20	26	34	30	35	36	38	35	39	42	34	38	37	37	30	27	25	22	19	17	14	10	5	0	4	7	14	14	18	21	29	
22	24	32	29	34	36	39	37	41	44	36	41	41	41	34	31	29	26	23	21	18	14	9	4	0	5	10	12	16	19	27	
17	19	27	24	29	31	34	32	36	39	31	37	38	38	31	29	27	26	24	22	21	17	10	7	5	0	8	7	11	14	22	
24	21	27	27	32	35	38	36	41	45	38	44	45	46	39	37	35	34	32	29	28	24	17	14	10	8	0	8	12	15	20	
17	13	20	19	24	27	30	28	33	37	30	37	38	40	33	32	30	29	28	28	27	24	16	14	12	7	8	0	4	7	15	
15	9	16	15	20	23	26	25	30	34	28	35	36	38	32	32	31	30	30	30	30	27	19	18	16	11	12	4	0	3	11	
15	6	13	12	17	20	23	22	27	31	26	33	35	38	32	32	31	31	31	31	32	29	21	21	19	14	15	7	3	0	9	
23	8	8	14	17	21	24	26	31	35	31	38	41	44	39	40	40	40	40	40	41	38	30	29	27	22	20	15	11	9	0	
Custo_Viagem
V0
0	240	368	224	288	288	304	240	304	352	224	320	336	368	272	272	272	272	288	320	384	368	256	320	352	272	384	272	240	240	368	
240	0	128	96	176	224	272	288	368	432	368	480	528	576	496	512	512	512	512	544	560	528	400	416	400	304	336	208	144	96	128	
368	128	0	160	160	224	288	336	400	480	448	560	608	688	624	640	640	640	656	688	704	672	544	544	528	432	432	320	256	208	128	
224	96	160	0	80	128	176	192	272	336	288	400	448	512	464	480	480	496	512	544	592	576	448	480	480	384	432	304	240	192	224	
288	176	160	80	0	64	112	160	240	320	304	400	464	544	496	512	528	544	576	624	672	656	528	560	560	464	512	384	320	272	272	
288	224	224	128	64	0	48	112	176	256	256	352	416	496	448	496	512	528	560	608	672	656	544	576	592	496	560	432	368	320	336	
304	272	288	176	112	48	0	80	128	208	224	320	384	464	432	480	496	528	576	624	688	688	576	608	624	544	608	480	416	368	384	
240	288	336	192	160	112	80	0	80	144	144	240	304	384	352	400	416	448	496	544	624	608	512	560	592	512	576	448	400	352	416	
304	368	400	272	240	176	128	80	0	80	112	192	256	336	336	384	416	464	512	576	656	656	560	624	656	576	656	528	480	432	496	
352	432	480	336	320	256	208	144	80	0	128	128	208	288	320	384	416	464	512	592	672	688	608	672	704	624	720	592	544	512	576	
224	368	448	288	304	256	224	144	112	128	0	112	160	240	208	272	304	336	384	464	544	544	480	544	576	512	608	480	448	416	512	
320	480	560	400	400	352	320	240	192	128	112	0	64	144	192	256	304	352	400	480	576	608	544	608	656	608	704	592	560	528	624	
336	528	608	448	464	416	384	304	256	208	160	64	0	80	144	208	256	304	368	448	544	576	528	592	656	608	720	608	576	560	672	
368	576	688	512	544	496	464	384	336	288	240	144	80	0	112	176	224	272	336	416	512	544	528	608	656	624	736	640	624	608	720	
272	496	624	464	496	448	432	352	336	320	208	192	144	112	0	64	112	160	224	304	400	432	400	480	544	496	624	528	528	512	640	
272	512	640	480	512	496	480	400	384	384	272	256	208	176	64	0	48	96	160	240	336	368	352	432	496	464	592	512	512	512	640	
272	512	640	480	528	512	496	416	416	416	304	304	256	224	112	48	0	48	112	192	288	320	320	400	464	432	560	480	496	496	640	
272	512	640	496	544	528	528	448	464	464	336	352	304	272	160	96	48	0	64	144	240	272	272	352	416	416	544	464	480	496	640	
288	512	656	512	576	560	576	496	512	512	384	400	368	336	224	160	112	64	0	80	176	208	240	304	384	384	512	448	480	496	640	
320	544	688	544	624	608	624	544	576	592	464	480	448	416	304	240	192	144	80	0	96	144	192	272	336	352	480	448	480	496	640	
384	560	704	592	672	672	688	624	656	672	544	576	544	512	400	336	288	240	176	96	0	64	176	224	288	336	448	432	480	512	656	
368	528	672	576	656	656	688	608	656	688	544	608	576	544	432	368	320	272	208	144	64	0	128	160	224	272	384	384	432	464	608	
256	400	544	448	528	544	576	512	560	608	480	544	528	528	400	352	320	272	240	192	176	128	0	80	144	160	272	256	304	336	480	
320	416	544	480	560	576	608	560	624	672	544	608	592	608	480	432	400	352	304	272	224	160	80	0	64	112	224	224	288	336	464	
352	400	528	480	560	592	624	592	656	704	576	656	656	656	544	496	464	416	384	336	288	224	144	64	0	80	160	192	272	320	432	
272	304	432	384	464	496	544	512	576	624	512	608	608	624	496	464	432	416	384	352	336	272	160	112	80	0	128	112	176	224	352	
384	336	432	432	512	560	608	576	656	720	608	704	720	736	624	592	560	544	512	480	448	384	272	224	160	128	0	128	192	240	320	
272	208	320	304	384	432	480	448	528	592	480	592	608	640	528	512	480	464	448	448	432	384	256	224	192	112	128	0	64	112	240	
240	144	256	240	320	368	416	400	480	544	448	560	576	624	528	512	496	480	480	480	480	432	304	288	272	176	192	64	0	48	176	
240	96	208	192	272	320	368	352	432	512	416	528	560	608	512	512	496	496	496	496	512	464	336	336	320	224	240	112	48	0	144	
368	128	128	224	272	336	384	416	496	576	512	624	672	720	640	640	640	640	640	640	656	608	480	464	432	352	320	240	176	144	0	
V1
0	327	501	305	392	392	414	327	414	479	305	436	457	501	370	370	370	370	392	436	523	501	348	436	479	370	523	370	327	327	501	
327	0	174	130	239	305	370	392	501	588	501	654	719	784	675	697	697	697	697	741	763	719	545	566	545	414	457	283	196	130	174	
501	174	0	218	218	305	392	457	545	654	610	763	828	937	850	872	872	872	893	937	959	915	741	741	719	588	588	436	348	283	174	
305	130	218	0	109	174	239	261	370	457	392	545	610	697	632	654	654	675	697	741	806	784	610	654	654	523	588	414	327	261	305	
392	239	218	109	0	87	152	218	327	436	414	545	632	741	675	697	719	741	784	850	915	893	719	763	763	632	697	523	436	370	370	
392	305	305	174	87	0	65	152	239	348	348	479	566	675	610	675	697	719	763	828	915	893	741	784	806	675	763	588	501	436	457	
414	370	392	239	152	65	0	109	174	283	305	436	523	632	588	654	675	719	784	850	937	937	784	828	850	741	828	654	566	501	523	
327	392	457	261	218	152	109	0	109	196	196	327	414	523	479	545	566	610	675	741	850	828	697	763	806	697	784	610	545	479	566	
414	501	545	370	327	239	174	109	0	109	152	261	348	457	457	523	566	632	697	784	893	893	763	850	893	784	893	719	654	588	675	
479	588	654	457	436	348	283	196	109	0	174	174	283	392	436	523	566	632	697	806	915	937	828	915	959	850	981	806	741	697	784	
305	501	610	392	414	348	305	196	152	174	0	152	218	327	283	370	414	457	523	632	741	741	654	741	784	697	828	654	610	566	697	
436	654	763	545	545	479	436	327	261	174	152	0	87	196	261	348	414	479	545	654	784	828	741	828	893	828	959	806	763	719	850	
457	719	828	610	632	566	523	414	348	283	218	87	0	109	196	283	348	414	501	610	741	784	719	806	893	828	981	828	784	763	915	
501	784	937	697	741	675	632	523	457	392	327	196	109	0	152	239	305	370	457	566	697	741	719	828	893	850	1002	872	850	828	981	
370	675	850	632	675	610	588	479	457	436	283	261	196	152	0	87	152	218	305	414	545	588	545	654	741	675	850	719	719	697	872	
370	697	872	654	697	675	654	545	523	523	370	348	283	239	87	0	65	130	218	327	457	501	479	588	675	632	806	697	697	697	872	
370	697	872	654	719	697	675	566	566	566	414	414	348	305	152	65	0	65	152	261	392	436	436	545	632	588	763	654	675	675	872	
370	697	872	675	741	719	719	610	632	632	457	479	414	370	218	130	65	0	87	196	327	370	370	479	566	566	741	632	654	675	872	
392	697	893	697	784	763	784	675	697	697	523	545	501	457	305	218	152	87	0	109	239	283	327	414	523	523	697	610	654	675	872	
436	741	937	741	850	828	850	741	784	806	632	654	610	566	414	327	261	196	109	0	130	196	261	370	457	479	654	610	654	675	872	
523	763	959	806	915	915	937	850	893	915	741	784	741	697	545	457	392	327	239	130	0	87	239	305	392	457	610	588	654	697	893	
501	719	915	784	893	893	937	828	893	937	741	828	784	741	588	501	436	370	283	196	87	0	174	218	305	370	523	523	588	632	828	
348	545	741	610	719	741	784	697	763	828	654	741	719	719	545	479	436	370	327	261	239	174	0	109	196	218	370	348	414	457	654	
436	566	741	654	763	784	828	763	850	915	741	828	806	828	654	588	545	479	414	370	305	218	109	0	87	152	305	305	392	457	632	
479	545	719	654	763	806	850	806	893	959	784	893	893	893	741	675	632	566	523	457	392	305	196	87	0	109	218	261	370	436	588	
370	414	588	523	632	675	741	697	784	850	697	828	828	850	675	632	588	566	523	479	457	370	218	152	109	0	174	152	239	305	479	
523	457	588	588	697	763	828	784	893	981	828	959	981	1002	850	806	763	741	697	654	610	523	370	305	218	174	0	174	261	327	436	
370	283	436	414	523	588	654	610	719	806	654	806	828	872	719	697	654	632	610	610	588	523	348	305	261	152	174	0	87	152	327	
327	196	348	327	436	501	566	545	654	741	610	763	784	850	719	697	675	654	654	654	654	588	414	392	370	239	261	87	0	65	239	
327	130	283	261	370	436	501	479	588	697	566	719	763	828	697	697	675	675	675	675	697	632	457	457	436	305	327	152	65	0	196	
501	174	174	305	370	457	523	566	675	784	697	850	915	981	872	872	872	872	872	872	893	828	654	632	588	479	436	327	239	196	0	
V2
0	120	184	112	144	144	152	120	152	176	112	160	168	184	136	136	136	136	144	160	192	184	128	160	176	136	192	136	120	120	184	
120	0	64	48	88	112	136	144	184	216	184	240	264	288	248	256	256	256	256	272	280	264	200	208	200	152	168	104	72	48	64	
184	64	0	80	80	112	144	168	200	240	224	280	304	344	312	320	320	320	328	344	352	336	272	272	264	216	216	160	128	104	64	
112	48	80	0	40	64	88	96	136	168	144	200	224	256	232	240	240	248	256	272	296	288	224	240	240	192	216	152	120	96	112	
144	88	80	40	0	32	56	80	120	160	152	200	232	272	248	256	264	272	288	312	336	328	264	280	280	232	256	192	160	136	136	
144	112	112	64	32	0	24	56	88	128	128	176	208	248	224	248	256	264	280	304	336	328	272	288	296	248	280	216	184	160	168	
152	136	144	88	56	24	0	40	64	104	112	160	192	232	216	240	248	264	288	312	344	344	288	304	312	272	304	240	208	184	192	
120	144	168	96	80	56	40	0	40	72	72	120	152	192	176	200	208	224	248	272	312	304	256	280	296	256	288	224	200	176	208	
152	184	200	136	120	88	64	40	0	40	56	96	128	168	168	192	208	232	256	288	328	328	280	312	328	288	328	264	240	216	248	
176	216	240	168	160	128	104	72	40	0	64	64	104	144	160	192	208	232	256	296	336	344	304	336	352	312	360	296	272	256	288	
112	184	224	144	152	128	112	72	56	64	0	56	80	120	104	136	152	168	192	232	272	272	240	272	288	256	304	240	224	208	256	
160	240	280	200	200	176	160	120	96	64	56	0	32	72	96	128	152	176	200	240	288	304	272	304	328	304	352	296	280	264	312	
168	264	304	224	232	208	192	152	128	104	80	32	0	40	72	104	128	152	184	224	272	288	264	296	328	304	360	304	288	280	336	
184	288	344	256	272	248	232	192	168	144	120	72	40	0	56	88	112	136	168	208	256	272	264	304	328	312	368	320	312	304	360	
136	248	312	232	248	224	216	176	168	160	104	96	72	56	0	32	56	80	112	152	200	216	200	240	272	248	312	264	264	256	320	
136	256	320	240	256	248	240	200	192	192	136	128	104	88	32	0	24	48	80	120	168	184	176	216	248	232	296	256	256	256	320	
136	256	320	240	264	256	248	208	208	208	152	152	128	112	56	24	0	24	56	96	144	160	160	200	232	216	280	240	248	248	320	
136	256	320	248	272	264	264	224	232	232	168	176	152	136	80	48	24	0	32	72	120	136	136	176	208	208	272	232	240	248	320	
144	256	328	256	288	280	288	248	256	256	192	200	184	168	112	80	56	32	0	40	88	104	120	152	192	192	256	224	240	248	320	
160	272	344	272	312	304	312	272	288	296	232	240	224	208	152	120	96	72	40	0	48	72	96	136	168	176	240	224	240	248	320	
192	280	352	296	336	336	344	312	328	336	272	288	272	256	200	168	144	120	88	48	0	32	88	112	144	168	224	216	240	256	328	
184	264	336	288	328	328	344	304	328	344	272	304	288	272	216	184	160	136	104	72	32	0	64	80	112	136	192	192	216	232	304	
128	200	272	224	264	272	288	256	280	304	240	272	264	264	200	176	160	136	120	96	88	64	0	40	72	80	136	128	152	168	240	
160	208	272	240	280	288	304	280	312	336	272	304	296	304	240	216	200	176	152	136	112	80	40	0	32	56	112	112	144	168	232	
176	200	264	240	280	296	312	296	328	352	288	328	328	328	272	248	232	208	192	168	144	112	72	32	0	40	80	96	136	160	216	
136	152	216	192	232	248	272	256	288	312	256	304	304	312	248	232	216	208	192	176	168	136	80	56	40	0	64	56	88	112	176	
192	168	216	216	256	280	304	288	328	360	304	352	360	368	312	296	280	272	256	240	224	192	136	112	80	64	0	64	96	120	160	
136	104	160	152	192	216	240	224	264	296	240	296	304	320	264	256	240	232	224	224	216	192	128	112	96	56	64	0	32	56	120	
120	72	128	120	160	184	208	200	240	272	224	280	288	312	264	256	248	240	240	240	240	216	152	144	136	88	96	32	0	24	88	
120	48	104	96	136	160	184	176	216	256	208	264	280	304	256	256	248	248	248	248	256	232	168	168	160	112	120	56	24	0	72	
184	64	64	112	136	168	192	208	248	288	256	312	336	360	320	320	320	320	320	320	328	304	240	232	216	176	160	120	88	72	0	
V3
0	261	400	243	313	313	330	261	330	382	243	348	365	400	295	295	295	295	313	348	417	400	278	348	382	295	417	295	261	261	400	
261	0	139	104	191	243	295	313	400	469	400	522	574	626	539	556	556	556	556	591	609	574	435	452	435	330	365	226	156	104	139	
400	139	0	174	174	243	313	365	435	522	487	609	661	748	678	696	696	696	713	748	765	730	591	591	574	469	469	348	278	226	139	
243	104	174	0	87	139	191	208	295	365	313	435	487	556	504	522	522	539	556	591	643	626	487	522	522	417	469	330	261	208	243	
313	191	174	87	0	69	121	174	261	348	330	435	504	591	539	556	574	591	626	678	730	713	574	609	609	504	556	417	348	295	295	
313	243	243	139	69	0	52	121	191	278	278	382	452	539	487	539	556	574	609	661	730	713	591	626	643	539	609	469	400	348	365	
330	295	313	191	121	52	0	87	139	226	243	348	417	504	469	522	539	574	626	678	748	748	626	661	678	591	661	522	452	400	417	
261	313	365	208	174	121	87	0	87	156	156	261	330	417	382	435	452	487	539	591	678	661	556	609	643	556	626	487	435	382	452	
330	400	435	295	261	191	139	87	0	87	121	208	278	365	365	417	452	504	556	626	713	713	609	678	713	626	713	574	522	469	539	
382	469	522	365	348	278	226	156	87	0	139	139	226	313	348	417	452	504	556	643	730	748	661	730	765	678	783	643	591	556	626	
243	400	487	313	330	278	243	156	121	139	0	121	174	261	226	295	330	365	417	504	591	591	522	591	626	556	661	522	487	452	556	
348	522	609	435	435	382	348	261	208	139	121	0	69	156	208	278	330	382	435	522	626	661	591	661	713	661	765	643	609	574	678	
365	574	661	487	504	452	417	330	278	226	174	69	0	87	156	226	278	330	400	487	591	626	574	643	713	661	783	661	626	609	730	
400	626	748	556	591	539	504	417	365	313	261	156	87	0	121	191	243	295	365	452	556	591	574	661	713	678	800	696	678	661	783	
295	539	678	504	539	487	469	382	365	348	226	208	156	121	0	69	121	174	243	330	435	469	435	522	591	539	678	574	574	556	696	
295	556	696	522	556	539	522	435	417	417	295	278	226	191	69	0	52	104	174	261	365	400	382	469	539	504	643	556	556	556	696	
295	556	696	522	574	556	539	452	452	452	330	330	278	243	121	52	0	52	121	208	313	348	348	435	504	469	609	522	539	539	696	
295	556	696	539	591	574	574	487	504	504	365	382	330	295	174	104	52	0	69	156	261	295	295	382	452	452	591	504	522	539	696	
313	556	713	556	626	609	626	539	556	556	417	435	400	365	243	174	121	69	0	87	191	226	261	330	417	417	556	487	522	539	696	
348	591	748	591	678	661	678	591	626	643	504	522	487	452	330	261	208	156	87	0	104	156	208	295	365	382	522	487	522	539	696	
417	609	765	643	730	730	748	678	713	730	591	626	591	556	435	365	313	261	191	104	0	69	191	243	313	365	487	469	522	556	713	
400	574	730	626	713	713	748	661	713	748	591	661	626	591	469	400	348	295	226	156	69	0	139	174	243	295	417	417	469	504	661	
278	435	591	487	574	591	626	556	609	661	522	591	574	574	435	382	348	295	261	208	191	139	0	87	156	174	295	278	330	365	522	
348	452	591	522	609	626	661	609	678	730	591	661	643	661	522	469	435	382	330	295	243	174	87	0	69	121	243	243	313	365	504	
382	435	574	522	609	643	678	643	713	765	626	713	713	713	591	539	504	452	417	365	313	243	156	69	0	87	174	208	295	348	469	
295	330	469	417	504	539	591	556	626	678	556	661	661	678	539	504	469	452	417	382	365	295	174	121	87	0	139	121	191	243	382	
417	365	469	469	556	609	661	626	713	783	661	765	783	800	678	643	609	591	556	522	487	417	295	243	174	139	0	139	208	261	348	
295	226	348	330	417	469	522	487	574	643	522	643	661	696	574	556	522	504	487	487	469	417	278	243	208	121	139	0	69	121	261	
261	156	278	261	348	400	452	435	522	591	487	609	626	678	574	556	539	522	522	522	522	469	330	313	295	191	208	69	0	52	191	
261	104	226	208	295	348	400	382	469	556	452	574	609	661	556	556	539	539	539	539	556	504	365	365	348	243	261	121	52	0	156	
400	139	139	243	295	365	417	452	539	626	556	678	730	783	696	696	696	696	696	696	713	661	522	504	469	382	348	261	191	156	0	
V4
0	324	496	302	388	388	410	324	410	475	302	432	453	496	367	367	367	367	388	432	518	496	345	432	475	367	518	367	324	324	496	
324	0	172	129	237	302	367	388	496	583	496	648	712	777	669	691	691	691	691	734	756	712	540	561	540	410	453	280	194	129	172	
496	172	0	216	216	302	388	453	540	648	604	756	820	928	842	864	864	864	885	928	950	907	734	734	712	583	583	432	345	280	172	
302	129	216	0	108	172	237	259	367	453	388	540	604	691	626	648	648	669	691	734	799	777	604	648	648	518	583	410	324	259	302	
388	237	216	108	0	86	151	216	324	432	410	540	626	734	669	691	712	734	777	842	907	885	712	756	756	626	691	518	432	367	367	
388	302	302	172	86	0	64	151	237	345	345	475	561	669	604	669	691	712	756	820	907	885	734	777	799	669	756	583	496	432	453	
410	367	388	237	151	64	0	108	172	280	302	432	518	626	583	648	669	712	777	842	928	928	777	820	842	734	820	648	561	496	518	
324	388	453	259	216	151	108	0	108	194	194	324	410	518	475	540	561	604	669	734	842	820	691	756	799	691	777	604	540	475	561	
410	496	540	367	324	237	172	108	0	108	151	259	345	453	453	518	561	626	691	777	885	885	756	842	885	777	885	712	648	583	669	
475	583	648	453	432	345	280	194	108	0	172	172	280	388	432	518	561	626	691	799	907	928	820	907	950	842	972	799	734	691	777	
302	496	604	388	410	345	302	194	151	172	0	151	216	324	280	367	410	453	518	626	734	734	648	734	777	691	820	648	604	561	691	
432	648	756	540	540	475	432	324	259	172	151	0	86	194	259	345	410	475	540	648	777	820	734	820	885	820	950	799	756	712	842	
453	712	820	604	626	561	518	410	345	280	216	86	0	108	194	280	345	410	496	604	734	777	712	799	885	820	972	820	777	756	907	
496	777	928	691	734	669	626	518	453	388	324	194	108	0	151	237	302	367	453	561	691	734	712	820	885	842	993	864	842	820	972	
367	669	842	626	669	604	583	475	453	432	280	259	194	151	0	86	151	216	302	410	540	583	540	648	734	669	842	712	712	691	864	
367	691	864	648	691	669	648	540	518	518	367	345	280	237	86	0	64	129	216	324	453	496	475	583	669	626	799	691	691	691	864	
367	691	864	648	712	691	669	561	561	561	410	410	345	302	151	64	0	64	151	259	388	432	432	540	626	583	756	648	669	669	864	
367	691	864	669	734	712	712	604	626	626	453	475	410	367	216	129	64	0	86	194	324	367	367	475	561	561	734	626	648	669	864	
388	691	885	691	777	756	777	669	691	691	518	540	496	453	302	216	151	86	0	108	237	280	324	410	518	518	691	604	648	669	864	
432	734	928	734	842	820	842	734	777	799	626	648	604	561	410	324	259	194	108	0	129	194	259	367	453	475	648	604	648	669	864	
518	756	950	799	907	907	928	842	885	907	734	777	734	691	540	453	388	324	237	129	0	86	237	302	388	453	604	583	648	691	885	
496	712	907	777	885	885	928	820	885	928	734	820	777	734	583	496	432	367	280	194	86	0	172	216	302	367	518	518	583	626	820	
345	540	734	604	712	734	777	691	756	820	648	734	712	712	540	475	432	367	324	259	237	172	0	108	194	216	367	345	410	453	648	
432	561	734	648	756	777	820	756	842	907	734	820	799	820	648	583	540	475	410	367	302	216	108	0	86	151	302	302	388	453	626	
475	540	712	648	756	799	842	799	885	950	777	885	885	885	734	669	626	561	518	453	388	302	194	86	0	108	216	259	367	432	583	
367	410	583	518	626	669	734	691	777	842	691	820	820	842	669	626	583	561	518	475	453	367	216	151	108	0	172	151	237	302	475	
518	453	583	583	691	756	820	777	885	972	820	950	972	993	842	799	756	734	691	648	604	518	367	302	216	172	0	172	259	324	432	
367	280	432	410	518	583	648	604	712	799	648	799	820	864	712	691	648	626	604	604	583	518	345	302	259	151	172	0	86	151	324	
324	194	345	324	432	496	561	540	648	734	604	756	777	842	712	691	669	648	648	648	648	583	410	388	367	237	259	86	0	64	237	
324	129	280	259	367	432	496	475	583	691	561	712	756	820	691	691	669	669	669	669	691	626	453	453	432	302	324	151	64	0	194	
496	172	172	302	367	453	518	561	669	777	691	842	907	972	864	864	864	864	864	864	885	820	648	626	583	475	432	324	237	194	0	
V5
0	243	372	226	291	291	307	243	307	356	226	324	340	372	275	275	275	275	291	324	388	372	259	324	356	275	388	275	243	243	372	
243	0	129	97	178	226	275	291	372	437	372	486	534	583	502	518	518	518	518	550	567	534	405	421	405	307	340	210	145	97	129	
372	129	0	162	162	226	291	340	405	486	453	567	615	696	631	648	648	648	664	696	712	680	550	550	534	437	437	324	259	210	129	
226	97	162	0	81	129	178	194	275	340	291	405	453	518	469	486	486	502	518	550	599	583	453	486	486	388	437	307	243	194	226	
291	178	162	81	0	64	113	162	243	324	307	405	469	550	502	518	534	550	583	631	680	664	534	567	567	469	518	388	324	275	275	
291	226	226	129	64	0	48	113	178	259	259	356	421	502	453	502	518	534	567	615	680	664	550	583	599	502	567	437	372	324	340	
307	275	291	178	113	48	0	81	129	210	226	324	388	469	437	486	502	534	583	631	696	696	583	615	631	550	615	486	421	372	388	
243	291	340	194	162	113	81	0	81	145	145	243	307	388	356	405	421	453	502	550	631	615	518	567	599	518	583	453	405	356	421	
307	372	405	275	243	178	129	81	0	81	113	194	259	340	340	388	421	469	518	583	664	664	567	631	664	583	664	534	486	437	502	
356	437	486	340	324	259	210	145	81	0	129	129	210	291	324	388	421	469	518	599	680	696	615	680	712	631	729	599	550	518	583	
226	372	453	291	307	259	226	145	113	129	0	113	162	243	210	275	307	340	388	469	550	550	486	550	583	518	615	486	453	421	518	
324	486	567	405	405	356	324	243	194	129	113	0	64	145	194	259	307	356	405	486	583	615	550	615	664	615	712	599	567	534	631	
340	534	615	453	469	421	388	307	259	210	162	64	0	81	145	210	259	307	372	453	550	583	534	599	664	615	729	615	583	567	680	
372	583	696	518	550	502	469	388	340	291	243	145	81	0	113	178	226	275	340	421	518	550	534	615	664	631	745	648	631	615	729	
275	502	631	469	502	453	437	356	340	324	210	194	145	113	0	64	113	162	226	307	405	437	405	486	550	502	631	534	534	518	648	
275	518	648	486	518	502	486	405	388	388	275	259	210	178	64	0	48	97	162	243	340	372	356	437	502	469	599	518	518	518	648	
275	518	648	486	534	518	502	421	421	421	307	307	259	226	113	48	0	48	113	194	291	324	324	405	469	437	567	486	502	502	648	
275	518	648	502	550	534	534	453	469	469	340	356	307	275	162	97	48	0	64	145	243	275	275	356	421	421	550	469	486	502	648	
291	518	664	518	583	567	583	502	518	518	388	405	372	340	226	162	113	64	0	81	178	210	243	307	388	388	518	453	486	502	648	
324	550	696	550	631	615	631	550	583	599	469	486	453	421	307	243	194	145	81	0	97	145	194	275	340	356	486	453	486	502	648	
388	567	712	599	680	680	696	631	664	680	550	583	550	518	405	340	291	243	178	97	0	64	178	226	291	340	453	437	486	518	664	
372	534	680	583	664	664	696	615	664	696	550	615	583	550	437	372	324	275	210	145	64	0	129	162	226	275	388	388	437	469	615	
259	405	550	453	534	550	583	518	567	615	486	550	534	534	405	356	324	275	243	194	178	129	0	81	145	162	275	259	307	340	486	
324	421	550	486	567	583	615	567	631	680	550	615	599	615	486	437	405	356	307	275	226	162	81	0	64	113	226	226	291	340	469	
356	405	534	486	567	599	631	599	664	712	583	664	664	664	550	502	469	421	388	340	291	226	145	64	0	81	162	194	275	324	437	
275	307	437	388	469	502	550	518	583	631	518	615	615	631	502	469	437	421	388	356	340	275	162	113	81	0	129	113	178	226	356	
388	340	437	437	518	567	615	583	664	729	615	712	729	745	631	599	567	550	518	486	453	388	275	226	162	129	0	129	194	243	324	
275	210	324	307	388	437	486	453	534	599	486	599	615	648	534	518	486	469	453	453	437	388	259	226	194	113	129	0	64	113	243	
243	145	259	243	324	372	421	405	486	550	453	567	583	631	534	518	502	486	486	486	486	437	307	291	275	178	194	64	0	48	178	
243	97	210	194	275	324	372	356	437	518	421	534	567	615	518	518	502	502	502	502	518	469	340	340	324	226	243	113	48	0	145	
372	129	129	226	275	340	388	421	502	583	518	631	680	729	648	648	648	648	648	648	664	615	486	469	437	356	324	243	178	145	0	
V6
0	141	216	131	169	169	178	141	178	206	131	188	197	216	159	159	159	159	169	188	225	216	150	188	206	159	225	159	141	141	216	
141	0	75	56	103	131	159	169	216	253	216	282	310	338	291	300	300	300	300	319	329	310	235	244	235	178	197	122	84	56	75	
216	75	0	94	94	131	169	197	235	282	263	329	357	404	366	376	376	376	385	404	413	394	319	319	310	253	253	188	150	122	75	
131	56	94	0	47	75	103	112	159	197	169	235	263	300	272	282	282	291	300	319	347	338	263	282	282	225	253	178	141	112	131	
169	103	94	47	0	37	65	94	141	188	178	235	272	319	291	300	310	319	338	366	394	385	310	329	329	272	300	225	188	159	159	
169	131	131	75	37	0	28	65	103	150	150	206	244	291	263	291	300	310	329	357	394	385	319	338	347	291	329	253	216	188	197	
178	159	169	103	65	28	0	47	75	122	131	188	225	272	253	282	291	310	338	366	404	404	338	357	366	319	357	282	244	216	225	
141	169	197	112	94	65	47	0	47	84	84	141	178	225	206	235	244	263	291	319	366	357	300	329	347	300	338	263	235	206	244	
178	216	235	159	141	103	75	47	0	47	65	112	150	197	197	225	244	272	300	338	385	385	329	366	385	338	385	310	282	253	291	
206	253	282	197	188	150	122	84	47	0	75	75	122	169	188	225	244	272	300	347	394	404	357	394	413	366	423	347	319	300	338	
131	216	263	169	178	150	131	84	65	75	0	65	94	141	122	159	178	197	225	272	319	319	282	319	338	300	357	282	263	244	300	
188	282	329	235	235	206	188	141	112	75	65	0	37	84	112	150	178	206	235	282	338	357	319	357	385	357	413	347	329	310	366	
197	310	357	263	272	244	225	178	150	122	94	37	0	47	84	122	150	178	216	263	319	338	310	347	385	357	423	357	338	329	394	
216	338	404	300	319	291	272	225	197	169	141	84	47	0	65	103	131	159	197	244	300	319	310	357	385	366	432	376	366	357	423	
159	291	366	272	291	263	253	206	197	188	122	112	84	65	0	37	65	94	131	178	235	253	235	282	319	291	366	310	310	300	376	
159	300	376	282	300	291	282	235	225	225	159	150	122	103	37	0	28	56	94	141	197	216	206	253	291	272	347	300	300	300	376	
159	300	376	282	310	300	291	244	244	244	178	178	150	131	65	28	0	28	65	112	169	188	188	235	272	253	329	282	291	291	376	
159	300	376	291	319	310	310	263	272	272	197	206	178	159	94	56	28	0	37	84	141	159	159	206	244	244	319	272	282	291	376	
169	300	385	300	338	329	338	291	300	300	225	235	216	197	131	94	65	37	0	47	103	122	141	178	225	225	300	263	282	291	376	
188	319	404	319	366	357	366	319	338	347	272	282	263	244	178	141	112	84	47	0	56	84	112	159	197	206	282	263	282	291	376	
225	329	413	347	394	394	404	366	385	394	319	338	319	300	235	197	169	141	103	56	0	37	103	131	169	197	263	253	282	300	385	
216	310	394	338	385	385	404	357	385	404	319	357	338	319	253	216	188	159	122	84	37	0	75	94	131	159	225	225	253	272	357	
150	235	319	263	310	319	338	300	329	357	282	319	310	310	235	206	188	159	141	112	103	75	0	47	84	94	159	150	178	197	282	
188	244	319	282	329	338	357	329	366	394	319	357	347	357	282	253	235	206	178	159	131	94	47	0	37	65	131	131	169	197	272	
206	235	310	282	329	347	366	347	385	413	338	385	385	385	319	291	272	244	225	197	169	131	84	37	0	47	94	112	159	188	253	
159	178	253	225	272	291	319	300	338	366	300	357	357	366	291	272	253	244	225	206	197	159	94	65	47	0	75	65	103	131	206	
225	197	253	253	300	329	357	338	385	423	357	413	423	432	366	347	329	319	300	282	263	225	159	131	94	75	0	75	112	141	188	
159	122	188	178	225	253	282	263	310	347	282	347	357	376	310	300	282	272	263	263	253	225	150	131	112	65	75	0	37	65	141	
141	84	150	141	188	216	244	235	282	319	263	329	338	366	310	300	291	282	282	282	282	253	178	169	159	103	112	37	0	28	103	
141	56	122	112	159	188	216	206	253	300	244	310	329	357	300	300	291	291	291	291	300	272	197	197	188	131	141	65	28	0	84	
216	75	75	131	159	197	225	244	291	338	300	366	394	423	376	376	376	376	376	376	385	357	282	272	253	206	188	141	103	84	0	
V7
0	141	216	131	169	169	178	141	178	206	131	188	197	216	159	159	159	159	169	188	225	216	150	188	206	159	225	159	141	141	216	
141	0	75	56	103	131	159	169	216	253	216	282	310	338	291	300	300	300	300	319	329	310	235	244	235	178	197	122	84	56	75	
216	75	0	94	94	131	169	197	235	282	263	329	357	404	366	376	376	376	385	404	413	394	319	319	310	253	253	188	150	122	75	
131	56	94	0	47	75	103	112	159	197	169	235	263	300	272	282	282	291	300	319	347	338	263	282	282	225	253	178	141	112	131	
169	103	94	47	0	37	65	94	141	188	178	235	272	319	291	300	310	319	338	366	394	385	310	329	329	272	300	225	188	159	159	
169	131	131	75	37	0	28	65	103	150	150	206	244	291	263	291	300	310	329	357	394	385	319	338	347	291	329	253	216	188	197	
178	159	169	103	65	28	0	47	75	122	131	188	225	272	253	282	291	310	338	366	404	404	338	357	366	319	357	282	244	216	225	
141	169	197	112	94	65	47	0	47	84	84	141	178	225	206	235	244	263	291	319	366	357	300	329	347	300	338	263	235	206	244	
178	216	235	159	141	103	75	47	0	47	65	112	150	197	197	225	244	272	300	338	385	385	329	366	385	338	385	310	282	253	291	
206	253	282	197	188	150	122	84	47	0	75	75	122	169	188	225	244	272	300	347	394	404	357	394	413	366	423	347	319	300	338	
131	216	263	169	178	150	131	84	65	75	0	65	94	141	122	159	178	197	225	272	319	319	282	319	338	300	357	282	263	244	300	
188	282	329	235	235	206	188	141	112	75	65	0	37	84	112	150	178	206	235	282	338	357	319	357	385	357	413	347	329	310	366	
197	310	357	263	272	244	225	178	150	122	94	37	0	47	84	122	150	178	216	263	319	338	310	347	385	357	423	357	338	329	394	
216	338	404	300	319	291	272	225	197	169	141	84	47	0	65	103	131	159	197	244	300	319	310	357	385	366	432	376	366	357	423	
159	291	366	272	291	263	253	206	197	188	122	112	84	65	0	37	65	94	131	178	235	253	235	282	319	291	366	310	310	300	376	
159	300	376	282	300	291	282	235	225	225	159	150	122	103	37	0	28	56	94	141	197	216	206	253	291	272	347	300	300	300	376	
159	300	376	282	310	300	291	244	244	244	178	178	150	131	65	28	0	28	65	112	169	188	188	235	272	253	329	282	291	291	376	
159	300	376	291	319	310	310	263	272	272	197	206	178	159	94	56	28	0	37	84	141	159	159	206	244	244	319	272	282	291	376	
169	300	385	300	338	329	338	291	300	300	225	235	216	197	131	94	65	37	0	47	103	122	141	178	225	225	300	263	282	291	376	
188	319	404	319	366	357	366	319	338	347	272	282	263	244	178	141	112	84	47	0	56	84	112	159	197	206	282	263	282	291	376	
225	329	413	347	394	394	404	366	385	394	319	338	319	300	235	197	169	141	103	56	0	37	103	131	169	197	263	253	282	300	385	
216	310	394	338	385	385	404	357	385	404	319	357	338	319	253	216	188	159	122	84	37	0	75	94	131	159	225	225	253	272	357	
150	235	319	263	310	319	338	300	329	357	282	319	310	310	235	206	188	159	141	112	103	75	0	47	84	94	159	150	178	197	282	
188	244	319	282	329	338	357	329	366	394	319	357	347	357	282	253	235	206	178	159	131	94	47	0	37	65	131	131	169	197	272	
206	235	310	282	329	347	366	347	385	413	338	385	385	385	319	291	272	244	225	197	169	131	84	37	0	47	94	112	159	188	253	
159	178	253	225	272	291	319	300	338	366	300	357	357	366	291	272	253	244	225	206	197	159	94	65	47	0	75	65	103	131	206	
225	197	253	253	300	329	357	338	385	423	357	413	423	432	366	347	329	319	300	282	263	225	159	131	94	75	0	75	112	141	188	
159	122	188	178	225	253	282	263	310	347	282	347	357	376	310	300	282	272	263	263	253	225	150	131	112	65	75	0	37	65	141	
141	84	150	141	188	216	244	235	282	319	263	329	338	366	310	300	291	282	282	282	282	253	178	169	159	103	112	37	0	28	103	
141	56	122	112	159	188	216	206	253	300	244	310	329	357	300	300	291	291	291	291	300	272	197	197	188	131	141	65	28	0	84	
216	75	75	131	159	197	225	244	291	338	300	366	394	423	376	376	376	376	376	376	385	357	282	272	253	206	188	141	103	84	0	
V8
0	288	441	268	345	345	364	288	364	422	268	384	403	441	326	326	326	326	345	384	460	441	307	384	422	326	460	326	288	288	441	
288	0	153	115	211	268	326	345	441	518	441	576	633	691	595	614	614	614	614	652	672	633	480	499	480	364	403	249	172	115	153	
441	153	0	192	192	268	345	403	480	576	537	672	729	825	748	768	768	768	787	825	844	806	652	652	633	518	518	384	307	249	153	
268	115	192	0	96	153	211	230	326	403	345	480	537	614	556	576	576	595	614	652	710	691	537	576	576	460	518	364	288	230	268	
345	211	192	96	0	76	134	192	288	384	364	480	556	652	595	614	633	652	691	748	806	787	633	672	672	556	614	460	384	326	326	
345	268	268	153	76	0	57	134	211	307	307	422	499	595	537	595	614	633	672	729	806	787	652	691	710	595	672	518	441	384	403	
364	326	345	211	134	57	0	96	153	249	268	384	460	556	518	576	595	633	691	748	825	825	691	729	748	652	729	576	499	441	460	
288	345	403	230	192	134	96	0	96	172	172	288	364	460	422	480	499	537	595	652	748	729	614	672	710	614	691	537	480	422	499	
364	441	480	326	288	211	153	96	0	96	134	230	307	403	403	460	499	556	614	691	787	787	672	748	787	691	787	633	576	518	595	
422	518	576	403	384	307	249	172	96	0	153	153	249	345	384	460	499	556	614	710	806	825	729	806	844	748	864	710	652	614	691	
268	441	537	345	364	307	268	172	134	153	0	134	192	288	249	326	364	403	460	556	652	652	576	652	691	614	729	576	537	499	614	
384	576	672	480	480	422	384	288	230	153	134	0	76	172	230	307	364	422	480	576	691	729	652	729	787	729	844	710	672	633	748	
403	633	729	537	556	499	460	364	307	249	192	76	0	96	172	249	307	364	441	537	652	691	633	710	787	729	864	729	691	672	806	
441	691	825	614	652	595	556	460	403	345	288	172	96	0	134	211	268	326	403	499	614	652	633	729	787	748	883	768	748	729	864	
326	595	748	556	595	537	518	422	403	384	249	230	172	134	0	76	134	192	268	364	480	518	480	576	652	595	748	633	633	614	768	
326	614	768	576	614	595	576	480	460	460	326	307	249	211	76	0	57	115	192	288	403	441	422	518	595	556	710	614	614	614	768	
326	614	768	576	633	614	595	499	499	499	364	364	307	268	134	57	0	57	134	230	345	384	384	480	556	518	672	576	595	595	768	
326	614	768	595	652	633	633	537	556	556	403	422	364	326	192	115	57	0	76	172	288	326	326	422	499	499	652	556	576	595	768	
345	614	787	614	691	672	691	595	614	614	460	480	441	403	268	192	134	76	0	96	211	249	288	364	460	460	614	537	576	595	768	
384	652	825	652	748	729	748	652	691	710	556	576	537	499	364	288	230	172	96	0	115	172	230	326	403	422	576	537	576	595	768	
460	672	844	710	806	806	825	748	787	806	652	691	652	614	480	403	345	288	211	115	0	76	211	268	345	403	537	518	576	614	787	
441	633	806	691	787	787	825	729	787	825	652	729	691	652	518	441	384	326	249	172	76	0	153	192	268	326	460	460	518	556	729	
307	480	652	537	633	652	691	614	672	729	576	652	633	633	480	422	384	326	288	230	211	153	0	96	172	192	326	307	364	403	576	
384	499	652	576	672	691	729	672	748	806	652	729	710	729	576	518	480	422	364	326	268	192	96	0	76	134	268	268	345	403	556	
422	480	633	576	672	710	748	710	787	844	691	787	787	787	652	595	556	499	460	403	345	268	172	76	0	96	192	230	326	384	518	
326	364	518	460	556	595	652	614	691	748	614	729	729	748	595	556	518	499	460	422	403	326	192	134	96	0	153	134	211	268	422	
460	403	518	518	614	672	729	691	787	864	729	844	864	883	748	710	672	652	614	576	537	460	326	268	192	153	0	153	230	288	384	
326	249	384	364	460	518	576	537	633	710	576	710	729	768	633	614	576	556	537	537	518	460	307	268	230	134	153	0	76	134	288	
288	172	307	288	384	441	499	480	576	652	537	672	691	748	633	614	595	576	576	576	576	518	364	345	326	211	230	76	0	57	211	
288	115	249	230	326	384	441	422	518	614	499	633	672	729	614	614	595	595	595	595	614	556	403	403	384	268	288	134	57	0	172	
441	153	153	268	326	403	460	499	595	691	614	748	806	864	768	768	768	768	768	768	787	729	576	556	518	422	384	288	211	172	0	
V9
0	228	349	212	273	273	288	228	288	334	212	304	319	349	258	258	258	258	273	304	364	349	243	304	334	258	364	258	228	228	349	
228	0	121	91	167	212	258	273	349	410	349	456	501	547	471	486	486	486	486	516	532	501	380	395	380	288	319	197	136	91	121	
349	121	0	152	152	212	273	319	380	456	425	532	577	653	592	608	608	608	623	653	668	638	516	516	501	410	410	304	243	197	121	
212	91	152	0	76	121	167	182	258	319	273	380	425	486	440	456	456	471	486	516	562	547	425	456	456	364	410	288	228	182	212	
273	167	152	76	0	60	106	152	228	304	288	380	440	516	471	486	501	516	547	592	638	623	501	532	532	440	486	364	304	258	258	
273	212	212	121	60	0	45	106	167	243	243	334	395	471	425	471	486	501	532	577	638	623	516	547	562	471	532	410	349	304	319	
288	258	273	167	106	45	0	76	121	197	212	304	364	440	410	456	471	501	547	592	653	653	547	577	592	516	577	456	395	349	364	
228	273	319	182	152	106	76	0	76	136	136	228	288	364	334	380	395	425	471	516	592	577	486	532	562	486	547	425	380	334	395	
288	349	380	258	228	167	121	76	0	76	106	182	243	319	319	364	395	440	486	547	623	623	532	592	623	547	623	501	456	410	471	
334	410	456	319	304	243	197	136	76	0	121	121	197	273	304	364	395	440	486	562	638	653	577	638	668	592	684	562	516	486	547	
212	349	425	273	288	243	212	136	106	121	0	106	152	228	197	258	288	319	364	440	516	516	456	516	547	486	577	456	425	395	486	
304	456	532	380	380	334	304	228	182	121	106	0	60	136	182	243	288	334	380	456	547	577	516	577	623	577	668	562	532	501	592	
319	501	577	425	440	395	364	288	243	197	152	60	0	76	136	197	243	288	349	425	516	547	501	562	623	577	684	577	547	532	638	
349	547	653	486	516	471	440	364	319	273	228	136	76	0	106	167	212	258	319	395	486	516	501	577	623	592	699	608	592	577	684	
258	471	592	440	471	425	410	334	319	304	197	182	136	106	0	60	106	152	212	288	380	410	380	456	516	471	592	501	501	486	608	
258	486	608	456	486	471	456	380	364	364	258	243	197	167	60	0	45	91	152	228	319	349	334	410	471	440	562	486	486	486	608	
258	486	608	456	501	486	471	395	395	395	288	288	243	212	106	45	0	45	106	182	273	304	304	380	440	410	532	456	471	471	608	
258	486	608	471	516	501	501	425	440	440	319	334	288	258	152	91	45	0	60	136	228	258	258	334	395	395	516	440	456	471	608	
273	486	623	486	547	532	547	471	486	486	364	380	349	319	212	152	106	60	0	76	167	197	228	288	364	364	486	425	456	471	608	
304	516	653	516	592	577	592	516	547	562	440	456	425	395	288	228	182	136	76	0	91	136	182	258	319	334	456	425	456	471	608	
364	532	668	562	638	638	653	592	623	638	516	547	516	486	380	319	273	228	167	91	0	60	167	212	273	319	425	410	456	486	623	
349	501	638	547	623	623	653	577	623	653	516	577	547	516	410	349	304	258	197	136	60	0	121	152	212	258	364	364	410	440	577	
243	380	516	425	501	516	547	486	532	577	456	516	501	501	380	334	304	258	228	182	167	121	0	76	136	152	258	243	288	319	456	
304	395	516	456	532	547	577	532	592	638	516	577	562	577	456	410	380	334	288	258	212	152	76	0	60	106	212	212	273	319	440	
334	380	501	456	532	562	592	562	623	668	547	623	623	623	516	471	440	395	364	319	273	212	136	60	0	76	152	182	258	304	410	
258	288	410	364	440	471	516	486	547	592	486	577	577	592	471	440	410	395	364	334	319	258	152	106	76	0	121	106	167	212	334	
364	319	410	410	486	532	577	547	623	684	577	668	684	699	592	562	532	516	486	456	425	364	258	212	152	121	0	121	182	228	304	
258	197	304	288	364	410	456	425	501	562	456	562	577	608	501	486	456	440	425	425	410	364	243	212	182	106	121	0	60	106	228	
228	136	243	228	304	349	395	380	456	516	425	532	547	592	501	486	471	456	456	456	456	410	288	273	258	167	182	60	0	45	167	
228	91	197	182	258	304	349	334	410	486	395	501	532	577	486	486	471	471	471	471	486	440	319	319	304	212	228	106	45	0	136	
349	121	121	212	258	319	364	395	471	547	486	592	638	684	608	608	608	608	608	608	623	577	456	440	410	334	304	228	167	136	0	
Velocidade_Veiculos
1	1	1	1	1	1	1	1	1	1	