M: 4
N: 30
Nun_Veiculos: 12
Capacidade_Total: 821
Demanda_Total: 522
Setup_Min: 1
Setup_Max: 99
Raio: 20
Circulos: 1
Tempo_Processamento_Min: 1
Tempo_Processamento_Max: 49
Demanda_Min: 10
Demanda_Max: 30
Priority_Factor: 0.2
Range_Factor_R: 0.8
U_factor: 2
ALpha: 0.2Replicao: 3
Tempos_Processamentos
0	0	1	0	2	0	3	0	
0	31	1	37	2	8	3	44	
0	49	1	39	2	7	3	34	
0	6	1	8	2	10	3	42	
0	45	1	44	2	35	3	28	
0	2	1	7	2	9	3	18	
0	16	1	9	2	43	3	37	
0	13	1	45	2	4	3	27	
0	43	1	36	2	12	3	33	
0	6	1	22	2	30	3	4	
0	31	1	30	2	16	3	31	
0	22	1	17	2	20	3	23	
0	12	1	33	2	17	3	3	
0	49	1	7	2	28	3	1	
0	27	1	35	2	45	3	19	
0	9	1	29	2	33	3	44	
0	30	1	22	2	15	3	13	
0	25	1	31	2	33	3	44	
0	8	1	48	2	13	3	18	
0	27	1	16	2	3	3	34	
0	39	1	42	2	6	3	29	
0	46	1	45	2	46	3	5	
0	12	1	45	2	4	3	8	
0	5	1	26	2	18	3	29	
0	2	1	11	2	25	3	6	
0	39	1	46	2	13	3	22	
0	20	1	20	2	21	3	17	
0	48	1	6	2	25	3	22	
0	10	1	39	2	46	3	28	
0	6	1	35	2	47	3	38	
0	6	1	44	2	9	3	16	

Tempos_setup
M0
0	0	0	0	0	0	0	0	0	0	0	0	0	0	0	0	0	0	0	0	0	0	0	0	0	0	0	0	0	0	0	
0	0	15	20	16	28	8	27	23	25	27	13	17	19	10	14	24	9	8	11	22	23	22	10	14	17	16	17	18	31	13	
0	20	0	9	12	17	11	16	11	13	16	12	15	14	8	6	15	3	9	6	17	14	7	13	12	8	11	2	13	29	5	
0	24	8	0	16	8	16	11	19	8	24	13	10	22	13	14	23	11	17	10	20	22	15	18	14	16	15	10	21	22	13	
0	12	17	15	0	23	10	13	23	23	15	15	18	21	12	14	26	14	19	19	8	28	24	12	15	19	2	19	21	29	13	
0	17	7	16	8	0	8	18	18	20	22	5	9	19	10	6	22	10	16	2	13	18	14	10	6	15	7	9	20	14	12	
0	20	7	12	8	20	0	20	15	17	23	12	9	11	2	6	16	4	9	12	16	18	14	2	13	9	10	9	14	23	5	
0	24	14	18	14	26	8	0	19	21	25	5	9	19	10	13	24	12	6	9	20	18	16	10	6	17	14	11	22	24	13	
0	13	12	13	1	21	11	5	0	2	16	10	4	9	7	11	19	15	11	14	9	18	11	13	11	12	3	6	17	29	10	
0	23	17	11	11	19	11	3	13	0	18	8	2	14	5	9	17	15	9	12	19	16	9	13	9	10	13	4	15	27	8	
0	7	18	10	10	18	15	8	17	18	0	13	11	13	4	8	21	16	14	17	3	15	18	13	14	17	9	13	6	30	7	
0	20	10	13	11	21	3	20	15	17	20	0	4	14	5	9	19	7	12	5	16	13	11	5	1	12	10	6	17	23	8	
0	23	17	9	12	17	12	16	11	13	16	18	0	17	8	12	15	16	9	12	19	14	7	13	9	8	14	2	13	29	11	
0	36	22	22	27	30	21	33	31	30	36	18	20	0	23	25	33	25	29	21	32	31	27	17	17	26	26	22	31	31	26	
0	18	14	16	6	24	13	18	13	15	21	10	7	9	0	4	22	12	16	15	14	21	14	9	11	15	8	9	20	33	3	
0	21	24	16	20	24	22	26	21	23	26	24	10	23	14	0	25	26	19	22	28	24	17	23	19	18	22	12	21	38	17	
0	13	22	16	18	24	19	11	22	24	18	16	11	24	15	1	0	22	17	17	9	25	18	21	13	19	3	13	22	30	18	
0	22	12	18	14	23	21	23	20	22	25	20	12	26	17	7	24	0	18	13	18	14	16	23	9	17	12	11	22	29	17	
0	18	8	17	8	25	13	19	19	21	19	10	14	22	15	7	19	11	0	3	14	22	15	15	11	16	8	10	21	33	13	
0	15	5	14	17	22	10	16	16	18	20	7	11	19	12	4	20	8	14	0	11	19	12	12	8	13	5	7	18	30	10	
0	4	15	7	9	15	12	5	21	15	21	10	14	18	9	13	25	13	11	14	0	23	17	14	11	18	6	12	22	29	12	
0	21	13	16	17	9	17	22	17	19	23	14	7	24	15	12	22	16	16	8	17	0	14	17	4	15	13	9	20	15	18	
0	16	15	17	7	16	12	17	14	16	9	11	8	10	1	5	20	13	14	15	12	7	0	10	11	16	9	10	15	22	4	
0	22	5	14	10	21	13	21	16	18	21	17	20	19	13	11	16	8	12	11	18	19	12	0	17	9	12	7	14	34	10	
0	19	9	12	15	20	14	19	14	16	19	11	3	20	11	8	18	12	12	4	15	17	10	16	0	11	9	5	16	32	14	
0	20	11	16	12	24	4	18	19	21	25	16	13	15	6	8	7	8	7	10	16	22	18	6	17	0	10	13	5	27	9	
0	10	21	13	15	21	16	11	27	21	15	13	17	24	15	19	31	19	17	18	6	26	23	18	14	24	0	18	21	27	18	
0	21	15	7	10	15	10	14	9	11	14	16	13	15	6	10	13	14	7	10	17	12	5	12	16	6	12	0	11	27	9	
0	15	15	18	20	26	23	16	26	26	31	21	25	19	20	20	26	18	13	16	11	29	22	10	22	19	17	17	0	40	20	
0	6	7	9	11	17	14	7	15	17	20	12	16	20	11	7	17	10	13	13	2	18	11	2	13	10	8	6	15	0	12	
0	22	17	17	11	25	10	15	10	12	26	7	11	9	12	1	25	14	14	12	19	20	17	12	8	18	13	12	22	30	0	
M1
0	0	0	0	0	0	0	0	0	0	0	0	0	0	0	0	0	0	0	0	0	0	0	0	0	0	0	0	0	0	0	
0	0	7	15	10	18	18	2	12	1	21	17	27	19	16	4	16	10	7	6	19	13	14	18	19	8	4	5	20	11	23	
0	31	0	35	23	31	29	18	10	17	35	31	28	18	32	20	14	21	24	22	26	29	21	26	31	20	20	27	18	27	25	
0	28	7	0	18	26	28	12	17	11	31	20	32	13	21	14	9	20	23	16	29	23	24	21	29	15	14	25	13	21	32	
0	10	17	25	0	8	16	12	22	11	22	20	22	18	21	7	21	8	11	12	28	23	23	17	22	15	11	15	25	21	14	
0	2	9	17	12	0	20	4	14	3	14	12	24	17	13	1	17	12	6	6	21	15	16	19	16	7	3	7	21	13	25	
0	14	16	10	24	27	0	11	26	15	16	12	24	21	13	18	17	19	21	18	32	26	27	1	25	15	11	19	21	14	33	
0	18	5	25	17	25	16	0	15	19	19	15	27	23	16	17	19	8	11	22	28	29	26	17	30	19	22	16	23	26	30	
0	23	13	25	13	21	24	8	0	7	25	21	18	8	22	10	4	16	17	12	16	19	11	16	21	10	10	17	8	17	15	
0	19	6	20	18	26	17	1	16	0	20	16	26	18	15	3	20	9	12	5	18	12	13	18	18	7	3	17	24	10	22	
0	18	7	25	8	16	16	2	17	18	0	17	29	16	18	13	21	10	11	18	16	10	11	17	24	21	19	16	9	13	22	
0	17	11	10	14	22	17	9	21	8	19	0	12	9	1	11	5	11	14	7	23	20	18	7	15	4	10	19	9	18	21	
0	18	14	16	15	23	16	9	24	10	7	17	0	11	7	13	7	17	18	13	23	17	18	13	3	13	13	23	11	20	9	
0	15	22	17	5	13	18	17	27	16	23	25	27	0	26	12	26	13	16	17	33	28	28	8	27	20	16	20	30	26	19	
0	19	10	9	19	27	16	21	20	20	21	28	38	22	0	19	18	10	13	6	22	31	17	6	30	20	16	18	22	28	33	
0	31	28	28	21	29	34	23	19	22	33	29	27	16	30	0	19	29	32	5	21	34	16	24	15	25	25	22	23	26	34	
0	19	9	21	9	17	20	4	19	3	23	17	25	4	18	6	0	12	15	8	21	15	16	12	21	6	6	16	4	13	23	
0	10	17	18	9	17	8	12	22	11	24	20	31	17	21	9	13	0	3	14	20	23	24	9	24	17	14	8	17	18	23	
0	7	14	15	10	14	25	9	19	8	28	24	32	22	23	6	23	17	0	11	26	20	21	18	21	14	11	5	27	18	24	
0	27	24	25	17	25	32	19	14	18	28	34	32	22	33	13	18	24	27	0	16	30	11	30	24	24	21	17	22	28	29	
0	19	8	9	14	22	19	3	18	2	12	18	28	16	17	5	12	11	12	7	0	14	13	20	8	9	5	9	16	12	24	
0	17	14	15	7	15	23	9	11	8	18	24	29	6	23	3	15	15	18	8	6	0	1	14	14	15	11	7	13	18	21	
0	16	13	14	6	14	22	8	21	7	17	23	28	18	22	2	17	14	17	7	5	19	0	19	13	14	10	6	21	17	20	
0	13	16	9	23	31	10	15	25	14	15	22	33	22	23	17	18	23	20	17	31	25	26	0	31	14	10	18	22	24	36	
0	23	13	13	13	21	24	8	23	7	27	14	26	8	15	10	4	16	19	12	25	19	20	16	0	10	10	20	8	17	27	
0	28	22	21	25	33	17	20	32	19	24	11	19	20	12	22	16	22	25	18	27	31	29	18	22	0	21	30	20	28	28	
0	23	26	25	24	30	21	24	21	23	28	15	23	24	16	20	20	26	16	7	23	29	18	22	26	4	0	21	24	28	32	
0	15	9	10	5	13	20	4	19	16	23	19	27	23	20	12	19	12	15	17	25	28	28	13	27	9	16	0	23	26	19	
0	21	21	17	23	31	18	16	31	15	23	30	22	30	29	18	26	15	18	20	33	27	28	8	25	22	18	18	0	25	28	
0	24	15	14	24	32	21	19	25	18	26	25	24	19	5	21	15	15	18	11	27	21	22	11	11	21	21	23	19	0	33	
0	9	7	21	19	27	18	2	17	1	21	17	27	19	16	4	21	10	13	6	19	13	14	19	19	8	4	14	25	11	0	
M2
0	0	0	0	0	0	0	0	0	0	0	0	0	0	0	0	0	0	0	0	0	0	0	0	0	0	0	0	0	0	0	
0	0	3	5	9	20	7	9	12	10	9	10	12	6	8	11	10	8	16	10	11	11	2	12	13	15	3	20	4	2	13	
0	11	0	2	13	17	4	6	9	7	6	7	9	3	10	8	7	5	13	12	8	8	13	14	10	12	14	17	10	13	12	
0	28	30	0	30	39	25	28	23	28	27	24	31	33	20	22	24	27	28	22	26	29	30	24	31	41	31	34	31	14	25	
0	15	6	8	0	23	10	12	15	13	12	11	15	9	8	14	13	11	19	10	2	14	17	12	16	18	18	23	16	2	17	
0	17	8	10	2	0	12	14	8	15	14	13	17	11	6	14	15	13	20	8	4	16	14	5	18	14	15	25	12	4	19	
0	7	7	9	15	19	0	8	10	3	2	3	15	10	6	9	11	12	15	8	4	4	9	10	6	16	10	21	11	9	8	
0	8	11	7	10	11	5	0	3	7	7	4	11	14	11	2	4	7	7	12	8	9	10	14	11	21	11	14	4	10	13	
0	21	24	4	27	32	22	25	0	13	24	21	23	25	24	19	21	24	25	26	14	12	23	28	26	24	24	31	20	18	16	
0	12	15	11	14	19	9	12	7	0	11	8	15	12	15	6	8	11	12	17	1	13	14	18	15	25	15	18	16	14	17	
0	11	5	7	16	17	9	6	8	3	0	10	13	8	4	8	10	10	13	6	4	2	13	8	4	14	14	20	10	8	6	
0	4	7	9	13	21	11	10	13	14	13	0	13	10	11	12	14	9	17	13	15	15	6	10	17	19	7	24	8	6	17	
0	34	23	18	29	40	27	29	32	26	29	30	0	26	21	31	30	28	36	11	27	25	22	25	33	35	23	40	24	15	29	
0	10	10	12	10	22	3	11	13	6	5	6	18	0	9	12	4	15	14	11	6	7	12	13	9	17	13	14	14	12	11	
0	21	16	18	20	24	18	13	16	15	20	17	20	19	0	15	17	20	20	2	15	14	15	4	24	23	16	27	11	17	18	
0	6	9	5	8	17	3	6	1	6	5	2	9	12	9	0	2	5	6	11	7	7	8	12	9	19	9	12	10	8	11	
0	21	12	14	6	29	16	18	21	19	18	17	21	15	14	20	0	17	25	16	8	20	19	18	22	24	20	10	21	8	23	
0	9	5	7	11	12	6	1	4	8	8	5	4	8	12	3	5	0	8	13	9	7	11	15	12	17	12	15	5	11	11	
0	25	19	13	27	27	22	21	16	23	21	21	28	22	8	19	21	24	0	10	23	22	18	7	19	31	19	31	14	20	23	
0	23	20	22	18	34	24	24	22	15	26	23	23	23	26	21	23	25	27	0	16	14	25	30	28	26	14	33	16	20	18	
0	13	16	18	21	30	14	19	22	17	16	9	22	11	20	21	15	18	25	22	0	18	15	19	20	28	16	25	17	15	22	
0	9	12	12	15	20	10	13	8	1	12	9	11	13	16	7	9	12	13	16	2	0	11	19	14	12	12	19	8	11	4	
0	12	1	3	14	18	5	7	10	8	7	8	10	4	11	9	8	6	14	9	9	9	0	15	11	13	1	18	2	8	11	
0	18	12	14	20	20	15	14	13	16	17	14	21	15	1	12	14	17	18	3	16	15	11	0	21	24	12	24	7	13	16	
0	12	1	3	14	18	5	7	10	5	2	8	10	4	6	9	8	6	14	8	6	4	14	10	0	13	15	18	11	10	8	
0	11	14	16	20	28	9	17	19	12	11	7	20	17	12	18	20	16	11	14	6	13	13	16	15	0	14	28	15	6	17	
0	20	9	11	22	22	13	15	18	16	15	16	17	12	14	17	16	14	22	10	17	17	22	18	19	21	0	19	2	8	11	
0	16	19	15	18	27	13	16	11	16	15	12	19	22	19	10	12	15	16	21	17	17	18	22	19	29	19	0	20	13	21	
0	30	20	11	22	20	24	22	16	23	21	26	15	23	12	24	21	21	22	8	23	22	27	16	19	32	22	17	0	6	9	
0	27	16	18	26	30	20	19	22	21	22	23	25	19	6	21	23	21	26	8	17	20	21	10	26	28	22	33	17	0	21	
0	21	11	12	23	24	15	13	16	15	12	17	16	14	16	15	17	12	20	18	16	14	23	20	10	23	24	27	17	20	0	
M3
0	0	0	0	0	0	0	0	0	0	0	0	0	0	0	0	0	0	0	0	0	0	0	0	0	0	0	0	0	0	0	
0	0	19	30	28	26	28	29	20	21	25	19	22	24	25	22	23	21	28	15	28	24	25	29	13	20	18	29	16	20	25	
0	8	0	11	9	16	9	11	6	2	6	12	3	5	6	3	15	2	9	7	9	7	6	12	5	8	10	10	11	1	6	
0	8	15	0	10	17	15	17	12	17	12	4	16	5	6	9	21	8	9	13	15	16	6	21	11	10	13	16	12	16	12	
0	4	17	24	0	16	14	16	2	17	11	6	16	16	9	14	23	17	14	15	14	6	11	11	13	12	18	15	16	18	6	
0	8	7	15	13	0	13	14	10	6	10	14	10	9	10	7	17	6	13	9	13	11	10	16	7	12	12	5	6	5	6	
0	9	12	12	8	18	0	2	9	14	7	10	11	6	7	4	16	3	10	8	10	13	7	16	6	10	8	10	11	13	7	
0	7	11	17	6	16	8	0	7	13	5	11	9	4	5	2	14	1	8	6	8	11	5	14	4	11	9	9	10	12	5	
0	9	15	24	11	14	12	14	0	17	9	13	18	14	7	12	24	15	18	16	12	4	15	9	14	19	19	13	14	16	15	
0	12	7	9	16	14	16	18	13	0	13	13	10	12	13	10	22	9	16	14	16	14	13	19	12	15	17	9	10	8	13	
0	7	6	15	3	15	3	5	5	8	0	9	9	5	6	7	19	6	9	11	3	9	6	14	9	13	11	4	5	7	9	
0	13	17	26	17	24	19	21	14	19	16	0	18	13	13	11	17	19	11	9	19	18	14	23	7	6	12	20	14	18	14	
0	5	16	8	7	19	21	23	9	16	18	10	0	10	3	8	20	16	13	12	21	13	10	18	10	10	8	22	16	17	5	
0	3	10	21	5	12	19	14	7	12	16	10	13	0	1	6	18	12	4	10	19	11	1	16	8	10	8	17	7	11	9	
0	2	16	20	4	16	18	20	6	18	15	10	12	7	0	5	17	15	11	9	18	10	8	15	7	14	12	19	14	17	8	
0	5	12	15	7	14	21	16	9	14	18	9	7	2	3	0	12	14	6	4	21	9	3	14	2	9	7	19	9	13	3	
0	15	14	22	11	23	11	13	13	16	8	17	14	13	14	15	0	14	17	19	11	17	14	22	17	21	19	12	13	15	17	
0	6	10	16	7	15	7	9	9	12	4	10	8	3	4	1	13	0	7	5	7	10	4	15	3	10	8	8	9	11	4	
0	4	6	17	6	13	15	10	8	8	12	12	9	9	2	7	19	8	0	11	15	12	10	17	9	14	14	16	3	7	10	
0	14	13	24	16	28	22	14	18	15	19	22	16	18	12	16	28	15	22	0	22	9	19	14	18	21	23	23	24	14	19	
0	4	3	14	7	12	12	10	9	5	9	12	6	2	3	6	18	5	6	9	0	10	3	15	8	11	10	1	2	4	9	
0	5	19	23	7	19	21	14	9	21	18	13	15	10	3	8	20	15	14	12	21	0	11	5	10	17	15	22	17	20	11	
0	7	9	20	9	11	18	13	11	11	15	9	12	12	5	10	20	11	3	12	18	15	0	18	10	9	7	16	6	10	13	
0	20	24	30	19	22	21	13	20	26	18	15	22	17	18	15	26	14	21	18	21	24	18	0	16	15	13	22	23	25	18	
0	6	15	23	16	21	19	16	7	17	16	7	16	11	12	9	10	17	15	2	19	11	12	16	0	7	5	20	18	16	12	
0	7	16	24	16	19	16	17	8	18	13	8	17	12	13	10	11	18	16	3	16	12	13	17	1	0	6	17	18	17	13	
0	9	18	18	18	21	18	19	10	20	15	2	15	14	15	12	13	20	13	5	18	14	15	11	3	2	0	19	16	19	10	
0	3	2	13	11	11	11	9	8	4	8	14	5	7	8	5	17	4	11	9	11	9	8	14	7	10	12	0	1	3	8	
0	11	3	14	12	10	12	14	9	5	9	15	6	8	9	6	18	5	12	10	12	10	9	15	8	11	13	13	0	4	9	
0	7	8	10	8	15	8	10	5	1	5	11	9	4	5	2	14	1	8	6	8	6	5	11	4	7	9	9	10	0	5	
0	12	14	20	14	16	23	18	16	11	20	14	17	11	10	15	19	16	8	11	23	20	5	23	9	8	12	20	11	15	0	
Tamanho_Tarefas
0	22	12	10	30	8	25	6	19	13	23	20	12	15	24	22	19	32	15	18	17	29	11	19	2	18	19	9	11	30	12	
Data_Entrega
0	65	106	98	77	105	72	78	102	85	77	92	80	53	80	82	55	102	54	53	96	106	71	91	91	100	62	55	55	78	70	
Penalidade_Atraso
0	6	5	9	4	15	8	7	19	11	8	12	16	6	20	16	3	4	19	10	8	11	12	12	13	9	4	14	17	1	18	
Capacidade_Veiculo
84	43	88	41	91	68	58	59	62	77	73	77	
Custo_Fixo_Veiculo
840	430	880	410	910	680	580	590	620	770	730	770	
Coordenadas_Clientes
x	0	y	0
x	16	y	0
x	18	y	4
x	14	y	6
x	16	y	12
x	10	y	11
x	11	y	19
x	6	y	19
x	1	y	15
x	-2	y	21
x	-4	y	14
x	-11	y	19
x	-12	y	13
x	-15	y	11
x	-22	y	10
x	-22	y	4
x	-16	y	0
x	-22	y	-4
x	-19	y	-8
x	-15	y	-11
x	-16	y	-18
x	-7	y	-13
x	-5	y	-17
x	-1	y	-16
x	2	y	-23
x	6	y	-19
x	7	y	-13
x	15	y	-17
x	14	y	-10
x	19	y	-8
x	19	y	-4
Tempo_Viagem
0	16	18	15	20	14	21	19	15	21	14	21	17	18	24	22	16	22	20	18	24	14	17	16	23	19	14	22	17	20	19	
16	0	4	6	12	12	19	20	21	27	24	32	30	32	39	38	32	38	35	32	36	26	27	23	26	21	15	17	10	8	5	
18	4	0	4	8	10	16	18	19	25	23	31	30	33	40	40	34	40	38	36	40	30	31	27	30	25	19	21	14	12	8	
15	6	4	0	6	6	13	14	15	21	19	27	26	29	36	36	30	37	35	33	38	28	29	26	31	26	20	23	16	14	11	
20	12	8	6	0	6	8	12	15	20	20	27	28	31	38	38	34	41	40	38	43	33	35	32	37	32	26	29	22	20	16	
14	12	10	6	6	0	8	8	9	15	14	21	22	25	32	32	28	35	34	32	38	28	31	29	34	30	24	28	21	20	17	
21	19	16	13	8	8	0	5	10	13	15	22	23	26	33	35	32	39	40	39	45	35	38	37	42	38	32	36	29	27	24	
19	20	18	14	12	8	5	0	6	8	11	17	18	21	28	30	28	35	36	36	43	33	36	35	42	38	32	36	29	28	25	
15	21	19	15	15	9	10	6	0	6	5	12	13	16	23	25	22	29	30	30	37	29	32	31	38	34	28	34	28	29	26	
21	27	25	21	20	15	13	8	6	0	7	9	12	15	22	24	25	31	33	34	41	34	38	37	44	40	34	40	34	35	32	
14	24	23	19	20	14	15	11	5	7	0	8	8	11	18	20	18	25	26	27	34	27	31	30	37	33	28	36	30	31	29	
21	32	31	27	27	21	22	17	12	9	8	0	6	8	14	17	19	24	27	30	37	32	36	36	43	40	35	43	38	39	37	
17	30	30	26	28	22	23	18	13	12	8	6	0	3	10	12	13	19	21	24	31	26	30	31	38	36	31	39	34	37	35	
18	32	33	29	31	25	26	21	16	15	11	8	3	0	7	9	11	16	19	22	29	25	29	30	37	36	32	40	35	38	37	
24	39	40	36	38	32	33	28	23	22	18	14	10	7	0	6	11	14	18	22	28	26	30	32	39	39	37	45	41	44	43	
22	38	40	36	38	32	35	30	25	24	20	17	12	9	6	0	7	8	12	16	22	22	26	28	35	35	33	41	38	42	41	
16	32	34	30	34	28	32	28	22	25	18	19	13	11	11	7	0	7	8	11	18	15	19	21	28	28	26	34	31	35	35	
22	38	40	37	41	35	39	35	29	31	25	24	19	16	14	8	7	0	5	9	15	17	20	23	29	30	30	38	36	41	41	
20	35	38	35	40	34	40	36	30	33	26	27	21	19	18	12	8	5	0	5	10	13	16	19	25	26	26	34	33	38	38	
18	32	36	33	38	32	39	36	30	34	27	30	24	22	22	16	11	9	5	0	7	8	11	14	20	21	22	30	29	34	34	
24	36	40	38	43	38	45	43	37	41	34	37	31	29	28	22	18	15	10	7	0	10	11	15	18	22	23	31	30	35	37	
14	26	30	28	33	28	35	33	29	34	27	32	26	25	26	22	15	17	13	8	10	0	4	6	13	13	14	22	21	26	27	
17	27	31	29	35	31	38	36	32	38	31	36	30	29	30	26	19	20	16	11	11	4	0	4	9	11	12	20	19	24	26	
16	23	27	26	32	29	37	35	31	37	30	36	31	30	32	28	21	23	19	14	15	6	4	0	7	7	8	16	15	20	22	
23	26	30	31	37	34	42	42	38	44	37	43	38	37	39	35	28	29	25	20	18	13	9	7	0	5	11	14	17	22	24	
19	21	25	26	32	30	38	38	34	40	33	40	36	36	39	35	28	30	26	21	22	13	11	7	5	0	6	9	12	17	19	
14	15	19	20	26	24	32	32	28	34	28	35	31	32	37	33	26	30	26	22	23	14	12	8	11	6	0	8	7	12	14	
22	17	21	23	29	28	36	36	34	40	36	43	39	40	45	41	34	38	34	30	31	22	20	16	14	9	8	0	7	9	13	
17	10	14	16	22	21	29	29	28	34	30	38	34	35	41	38	31	36	33	29	30	21	19	15	17	12	7	7	0	5	7	
20	8	12	14	20	20	27	28	29	35	31	39	37	38	44	42	35	41	38	34	35	26	24	20	22	17	12	9	5	0	4	
19	5	8	11	16	17	24	25	26	32	29	37	35	37	43	41	35	41	38	34	37	27	26	22	24	19	14	13	7	4	0	
Custo_Viagem
V0
0	268	302	252	336	235	352	319	252	352	235	352	285	302	403	369	268	369	336	302	403	235	285	268	386	319	235	369	285	336	319	
268	0	67	100	201	201	319	352	352	453	403	554	504	537	655	638	537	638	588	537	604	436	453	386	436	352	252	285	168	134	84	
302	67	0	67	134	168	268	319	336	436	403	537	520	554	672	672	571	672	638	604	672	504	520	453	520	420	336	352	235	201	134	
252	100	67	0	100	100	218	252	252	352	319	470	436	487	604	604	504	621	588	554	638	470	487	436	520	436	336	386	268	235	184	
336	201	134	100	0	100	134	201	252	336	336	453	470	520	638	638	571	688	672	638	722	554	588	537	621	537	436	487	369	336	268	
235	201	168	100	100	0	134	134	151	252	235	369	369	420	537	537	470	588	571	554	638	487	520	487	571	504	403	470	352	352	285	
352	319	268	218	134	134	0	84	168	218	252	369	386	453	571	604	554	672	672	655	756	604	655	621	705	638	537	604	487	470	403	
319	352	319	252	201	134	84	0	100	134	184	285	302	369	487	520	487	604	604	604	722	571	621	588	705	638	537	621	504	487	436	
252	352	336	252	252	151	168	100	0	100	84	201	218	268	386	420	369	487	504	504	621	487	537	520	638	571	470	571	470	487	436	
352	453	436	352	336	252	218	134	100	0	117	151	201	268	369	436	420	537	554	571	688	571	638	621	739	672	588	688	571	588	537	
235	403	403	319	336	235	252	184	84	117	0	134	134	184	302	336	302	420	436	453	571	453	520	504	621	571	487	604	504	520	487	
352	554	537	470	453	369	369	285	201	151	134	0	100	134	235	302	319	420	470	504	621	537	604	604	722	688	604	739	638	672	621	
285	504	520	436	470	369	386	302	218	201	134	100	0	50	168	218	218	319	369	403	520	436	504	520	638	604	537	672	571	621	588	
302	537	554	487	520	420	453	369	268	268	184	134	50	0	117	151	184	268	319	369	487	420	487	504	638	604	537	688	588	638	621	
403	655	672	604	638	537	571	487	386	369	302	235	168	117	0	100	184	235	302	369	470	453	520	554	672	672	621	756	688	739	722	
369	638	672	604	638	537	604	520	420	436	336	302	218	151	100	0	117	134	201	268	369	369	453	487	604	604	554	705	638	705	688	
268	537	571	504	571	470	554	487	369	420	302	319	218	184	184	117	0	117	134	184	302	252	336	352	487	487	436	588	520	588	588	
369	638	672	621	688	588	672	604	487	537	420	420	319	268	235	134	117	0	84	151	252	285	352	403	504	520	504	655	604	688	688	
336	588	638	588	672	571	672	604	504	554	436	470	369	319	302	201	134	84	0	84	168	218	268	319	420	453	436	588	554	638	638	
302	537	604	554	638	554	655	604	504	571	453	504	403	369	369	268	184	151	84	0	117	134	184	235	336	369	369	504	487	571	571	
403	604	672	638	722	638	756	722	621	688	571	621	520	487	470	369	302	252	168	117	0	168	184	252	302	369	386	520	520	604	621	
235	436	504	470	554	487	604	571	487	571	453	537	436	420	453	369	252	285	218	134	168	0	67	100	218	235	235	369	352	436	453	
285	453	520	487	588	520	655	621	537	638	520	604	504	487	520	453	336	352	268	184	184	67	0	67	151	184	201	336	336	420	453	
268	386	453	436	537	487	621	588	520	621	504	604	520	504	554	487	352	403	319	235	252	100	67	0	117	117	134	268	268	352	386	
386	436	520	520	621	571	705	705	638	739	621	722	638	638	672	604	487	504	420	336	302	218	151	117	0	84	184	235	285	369	420	
319	352	420	436	537	504	638	638	571	672	571	688	604	604	672	604	487	520	453	369	369	235	184	117	84	0	100	151	201	285	319	
235	252	336	336	436	403	537	537	470	588	487	604	537	537	621	554	436	504	436	369	386	235	201	134	184	100	0	134	117	218	252	
369	285	352	386	487	470	604	621	571	688	604	739	672	688	756	705	588	655	588	504	520	369	336	268	235	151	134	0	117	151	218	
285	168	235	268	369	352	487	504	470	571	504	638	571	588	688	638	520	604	554	487	520	352	336	268	285	201	117	117	0	84	117	
336	134	201	235	336	352	470	487	487	588	520	672	621	638	739	705	588	688	638	571	604	436	420	352	369	285	218	151	84	0	67	
319	84	134	184	268	285	403	436	436	537	487	621	588	621	722	688	588	688	638	571	621	453	453	386	420	319	252	218	117	67	0	
V1
0	137	154	129	172	120	180	163	129	180	120	180	146	154	206	189	137	189	172	154	206	120	146	137	197	163	120	189	146	172	163	
137	0	34	51	103	103	163	180	180	232	206	283	258	275	335	326	275	326	301	275	309	223	232	197	223	180	129	146	86	68	43	
154	34	0	34	68	86	137	163	172	223	206	275	266	283	344	344	292	344	326	309	344	258	266	232	266	215	172	180	120	103	68	
129	51	34	0	51	51	111	129	129	180	163	240	223	249	309	309	258	318	301	283	326	240	249	223	266	223	172	197	137	120	94	
172	103	68	51	0	51	68	103	129	172	172	232	240	266	326	326	292	352	344	326	369	283	301	275	318	275	223	249	189	172	137	
120	103	86	51	51	0	68	68	77	129	120	189	189	215	275	275	240	301	292	283	326	249	266	249	292	258	206	240	180	180	146	
180	163	137	111	68	68	0	43	86	111	129	189	197	232	292	309	283	344	344	335	387	309	335	318	361	326	275	309	249	240	206	
163	180	163	129	103	68	43	0	51	68	94	146	154	189	249	266	249	309	309	309	369	292	318	301	361	326	275	318	258	249	223	
129	180	172	129	129	77	86	51	0	51	43	103	111	137	197	215	189	249	258	258	318	249	275	266	326	292	240	292	240	249	223	
180	232	223	180	172	129	111	68	51	0	60	77	103	137	189	223	215	275	283	292	352	292	326	318	378	344	301	352	292	301	275	
120	206	206	163	172	120	129	94	43	60	0	68	68	94	154	172	154	215	223	232	292	232	266	258	318	292	249	309	258	266	249	
180	283	275	240	232	189	189	146	103	77	68	0	51	68	120	154	163	215	240	258	318	275	309	309	369	352	309	378	326	344	318	
146	258	266	223	240	189	197	154	111	103	68	51	0	25	86	111	111	163	189	206	266	223	258	266	326	309	275	344	292	318	301	
154	275	283	249	266	215	232	189	137	137	94	68	25	0	60	77	94	137	163	189	249	215	249	258	326	309	275	352	301	326	318	
206	335	344	309	326	275	292	249	197	189	154	120	86	60	0	51	94	120	154	189	240	232	266	283	344	344	318	387	352	378	369	
189	326	344	309	326	275	309	266	215	223	172	154	111	77	51	0	60	68	103	137	189	189	232	249	309	309	283	361	326	361	352	
137	275	292	258	292	240	283	249	189	215	154	163	111	94	94	60	0	60	68	94	154	129	172	180	249	249	223	301	266	301	301	
189	326	344	318	352	301	344	309	249	275	215	215	163	137	120	68	60	0	43	77	129	146	180	206	258	266	258	335	309	352	352	
172	301	326	301	344	292	344	309	258	283	223	240	189	163	154	103	68	43	0	43	86	111	137	163	215	232	223	301	283	326	326	
154	275	309	283	326	283	335	309	258	292	232	258	206	189	189	137	94	77	43	0	60	68	94	120	172	189	189	258	249	292	292	
206	309	344	326	369	326	387	369	318	352	292	318	266	249	240	189	154	129	86	60	0	86	94	129	154	189	197	266	266	309	318	
120	223	258	240	283	249	309	292	249	292	232	275	223	215	232	189	129	146	111	68	86	0	34	51	111	120	120	189	180	223	232	
146	232	266	249	301	266	335	318	275	326	266	309	258	249	266	232	172	180	137	94	94	34	0	34	77	94	103	172	172	215	232	
137	197	232	223	275	249	318	301	266	318	258	309	266	258	283	249	180	206	163	120	129	51	34	0	60	60	68	137	137	180	197	
197	223	266	266	318	292	361	361	326	378	318	369	326	326	344	309	249	258	215	172	154	111	77	60	0	43	94	120	146	189	215	
163	180	215	223	275	258	326	326	292	344	292	352	309	309	344	309	249	266	232	189	189	120	94	60	43	0	51	77	103	146	163	
120	129	172	172	223	206	275	275	240	301	249	309	275	275	318	283	223	258	223	189	197	120	103	68	94	51	0	68	60	111	129	
189	146	180	197	249	240	309	318	292	352	309	378	344	352	387	361	301	335	301	258	266	189	172	137	120	77	68	0	60	77	111	
146	86	120	137	189	180	249	258	240	292	258	326	292	301	352	326	266	309	283	249	266	180	172	137	146	103	60	60	0	43	60	
172	68	103	120	172	180	240	249	249	301	266	344	318	326	378	361	301	352	326	292	309	223	215	180	189	146	111	77	43	0	34	
163	43	68	94	137	146	206	223	223	275	249	318	301	318	369	352	301	352	326	292	318	232	232	197	215	163	129	111	60	34	0	
V2
0	281	316	264	352	246	369	334	264	369	246	369	299	316	422	387	281	387	352	316	422	246	299	281	404	334	246	387	299	352	334	
281	0	70	105	211	211	334	369	369	475	422	580	528	563	686	668	563	668	616	563	633	457	475	404	457	369	264	299	176	140	88	
316	70	0	70	140	176	281	334	352	457	422	563	545	580	704	704	598	704	668	633	704	528	545	475	545	440	352	369	246	211	140	
264	105	70	0	105	105	228	264	264	369	334	492	457	510	633	633	528	651	616	580	668	492	510	457	545	457	352	404	281	246	193	
352	211	140	105	0	105	140	211	264	352	352	475	492	545	668	668	598	721	704	668	756	580	616	563	651	563	457	510	387	352	281	
246	211	176	105	105	0	140	140	158	264	246	387	387	440	563	563	492	616	598	580	668	510	545	510	598	528	422	492	369	369	299	
369	334	281	228	140	140	0	88	176	228	264	387	404	475	598	633	580	704	704	686	792	633	686	651	739	668	563	633	510	492	422	
334	369	334	264	211	140	88	0	105	140	193	299	316	387	510	545	510	633	633	633	756	598	651	616	739	668	563	651	528	510	457	
264	369	352	264	264	158	176	105	0	105	88	211	228	281	404	440	387	510	528	528	651	510	563	545	668	598	492	598	492	510	457	
369	475	457	369	352	264	228	140	105	0	123	158	211	281	387	457	440	563	580	598	721	598	668	651	774	704	616	721	598	616	563	
246	422	422	334	352	246	264	193	88	123	0	140	140	193	316	352	316	440	457	475	598	475	545	528	651	598	510	633	528	545	510	
369	580	563	492	475	387	387	299	211	158	140	0	105	140	246	316	334	440	492	528	651	563	633	633	756	721	633	774	668	704	651	
299	528	545	457	492	387	404	316	228	211	140	105	0	52	176	228	228	334	387	422	545	457	528	545	668	633	563	704	598	651	616	
316	563	580	510	545	440	475	387	281	281	193	140	52	0	123	158	193	281	334	387	510	440	510	528	668	633	563	721	616	668	651	
422	686	704	633	668	563	598	510	404	387	316	246	176	123	0	105	193	246	316	387	492	475	545	580	704	704	651	792	721	774	756	
387	668	704	633	668	563	633	545	440	457	352	316	228	158	105	0	123	140	211	281	387	387	475	510	633	633	580	739	668	739	721	
281	563	598	528	598	492	580	510	387	440	316	334	228	193	193	123	0	123	140	193	316	264	352	369	510	510	457	616	545	616	616	
387	668	704	651	721	616	704	633	510	563	440	440	334	281	246	140	123	0	88	158	264	299	369	422	528	545	528	686	633	721	721	
352	616	668	616	704	598	704	633	528	580	457	492	387	334	316	211	140	88	0	88	176	228	281	334	440	475	457	616	580	668	668	
316	563	633	580	668	580	686	633	528	598	475	528	422	387	387	281	193	158	88	0	123	140	193	246	352	387	387	528	510	598	598	
422	633	704	668	756	668	792	756	651	721	598	651	545	510	492	387	316	264	176	123	0	176	193	264	316	387	404	545	545	633	651	
246	457	528	492	580	510	633	598	510	598	475	563	457	440	475	387	264	299	228	140	176	0	70	105	228	246	246	387	369	457	475	
299	475	545	510	616	545	686	651	563	668	545	633	528	510	545	475	352	369	281	193	193	70	0	70	158	193	211	352	352	440	475	
281	404	475	457	563	510	651	616	545	651	528	633	545	528	580	510	369	422	334	246	264	105	70	0	123	123	140	281	281	369	404	
404	457	545	545	651	598	739	739	668	774	651	756	668	668	704	633	510	528	440	352	316	228	158	123	0	88	193	246	299	387	440	
334	369	440	457	563	528	668	668	598	704	598	721	633	633	704	633	510	545	475	387	387	246	193	123	88	0	105	158	211	299	334	
246	264	352	352	457	422	563	563	492	616	510	633	563	563	651	580	457	528	457	387	404	246	211	140	193	105	0	140	123	228	264	
387	299	369	404	510	492	633	651	598	721	633	774	704	721	792	739	616	686	616	528	545	387	352	281	246	158	140	0	123	158	228	
299	176	246	281	387	369	510	528	492	598	528	668	598	616	721	668	545	633	580	510	545	369	352	281	299	211	123	123	0	88	123	
352	140	211	246	352	369	492	510	510	616	545	704	651	668	774	739	616	721	668	598	633	457	440	369	387	299	228	158	88	0	70	
334	88	140	193	281	299	422	457	457	563	510	651	616	651	756	721	616	721	668	598	651	475	475	404	440	334	264	228	123	70	0	
V3
0	131	147	123	164	114	172	155	123	172	114	172	139	147	196	180	131	180	164	147	196	114	139	131	188	155	114	180	139	164	155	
131	0	32	49	98	98	155	172	172	221	196	270	246	262	319	311	262	311	287	262	295	213	221	188	213	172	123	139	82	65	41	
147	32	0	32	65	82	131	155	164	213	196	262	254	270	328	328	278	328	311	295	328	246	254	221	254	205	164	172	114	98	65	
123	49	32	0	49	49	106	123	123	172	155	229	213	237	295	295	246	303	287	270	311	229	237	213	254	213	164	188	131	114	90	
164	98	65	49	0	49	65	98	123	164	164	221	229	254	311	311	278	336	328	311	352	270	287	262	303	262	213	237	180	164	131	
114	98	82	49	49	0	65	65	73	123	114	180	180	205	262	262	229	287	278	270	311	237	254	237	278	246	196	229	172	172	139	
172	155	131	106	65	65	0	41	82	106	123	180	188	221	278	295	270	328	328	319	369	295	319	303	344	311	262	295	237	229	196	
155	172	155	123	98	65	41	0	49	65	90	139	147	180	237	254	237	295	295	295	352	278	303	287	344	311	262	303	246	237	213	
123	172	164	123	123	73	82	49	0	49	41	98	106	131	188	205	180	237	246	246	303	237	262	254	311	278	229	278	229	237	213	
172	221	213	172	164	123	106	65	49	0	57	73	98	131	180	213	205	262	270	278	336	278	311	303	360	328	287	336	278	287	262	
114	196	196	155	164	114	123	90	41	57	0	65	65	90	147	164	147	205	213	221	278	221	254	246	303	278	237	295	246	254	237	
172	270	262	229	221	180	180	139	98	73	65	0	49	65	114	147	155	205	229	246	303	262	295	295	352	336	295	360	311	328	303	
139	246	254	213	229	180	188	147	106	98	65	49	0	24	82	106	106	155	180	196	254	213	246	254	311	295	262	328	278	303	287	
147	262	270	237	254	205	221	180	131	131	90	65	24	0	57	73	90	131	155	180	237	205	237	246	311	295	262	336	287	311	303	
196	319	328	295	311	262	278	237	188	180	147	114	82	57	0	49	90	114	147	180	229	221	254	270	328	328	303	369	336	360	352	
180	311	328	295	311	262	295	254	205	213	164	147	106	73	49	0	57	65	98	131	180	180	221	237	295	295	270	344	311	344	336	
131	262	278	246	278	229	270	237	180	205	147	155	106	90	90	57	0	57	65	90	147	123	164	172	237	237	213	287	254	287	287	
180	311	328	303	336	287	328	295	237	262	205	205	155	131	114	65	57	0	41	73	123	139	172	196	246	254	246	319	295	336	336	
164	287	311	287	328	278	328	295	246	270	213	229	180	155	147	98	65	41	0	41	82	106	131	155	205	221	213	287	270	311	311	
147	262	295	270	311	270	319	295	246	278	221	246	196	180	180	131	90	73	41	0	57	65	90	114	164	180	180	246	237	278	278	
196	295	328	311	352	311	369	352	303	336	278	303	254	237	229	180	147	123	82	57	0	82	90	123	147	180	188	254	254	295	303	
114	213	246	229	270	237	295	278	237	278	221	262	213	205	221	180	123	139	106	65	82	0	32	49	106	114	114	180	172	213	221	
139	221	254	237	287	254	319	303	262	311	254	295	246	237	254	221	164	172	131	90	90	32	0	32	73	90	98	164	164	205	221	
131	188	221	213	262	237	303	287	254	303	246	295	254	246	270	237	172	196	155	114	123	49	32	0	57	57	65	131	131	172	188	
188	213	254	254	303	278	344	344	311	360	303	352	311	311	328	295	237	246	205	164	147	106	73	57	0	41	90	114	139	180	205	
155	172	205	213	262	246	311	311	278	328	278	336	295	295	328	295	237	254	221	180	180	114	90	57	41	0	49	73	98	139	155	
114	123	164	164	213	196	262	262	229	287	237	295	262	262	303	270	213	246	213	180	188	114	98	65	90	49	0	65	57	106	123	
180	139	172	188	237	229	295	303	278	336	295	360	328	336	369	344	287	319	287	246	254	180	164	131	114	73	65	0	57	73	106	
139	82	114	131	180	172	237	246	229	278	246	311	278	287	336	311	254	295	270	237	254	172	164	131	139	98	57	57	0	41	57	
164	65	98	114	164	172	229	237	237	287	254	328	303	311	360	344	287	336	311	278	295	213	205	172	180	139	106	73	41	0	32	
155	41	65	90	131	139	196	213	213	262	237	303	287	303	352	336	287	336	311	278	303	221	221	188	205	155	123	106	57	32	0	
V4
0	291	327	273	364	254	382	345	273	382	254	382	309	327	436	400	291	400	364	327	436	254	309	291	418	345	254	400	309	364	345	
291	0	72	109	218	218	345	382	382	491	436	600	546	582	709	691	582	691	637	582	655	473	491	418	473	382	273	309	182	145	91	
327	72	0	72	145	182	291	345	364	473	436	582	564	600	728	728	618	728	691	655	728	546	564	491	564	455	364	382	254	218	145	
273	109	72	0	109	109	236	273	273	382	345	509	473	527	655	655	546	673	637	600	691	509	527	473	564	473	364	418	291	254	200	
364	218	145	109	0	109	145	218	273	364	364	491	509	564	691	691	618	746	728	691	782	600	637	582	673	582	473	527	400	364	291	
254	218	182	109	109	0	145	145	163	273	254	400	400	455	582	582	509	637	618	600	691	527	564	527	618	546	436	509	382	382	309	
382	345	291	236	145	145	0	91	182	236	273	400	418	491	618	655	600	728	728	709	819	655	709	673	764	691	582	655	527	509	436	
345	382	345	273	218	145	91	0	109	145	200	309	327	400	527	564	527	655	655	655	782	618	673	637	764	691	582	673	546	527	473	
273	382	364	273	273	163	182	109	0	109	91	218	236	291	418	455	400	527	546	546	673	527	582	564	691	618	509	618	509	527	473	
382	491	473	382	364	273	236	145	109	0	127	163	218	291	400	473	455	582	600	618	746	618	691	673	800	728	637	746	618	637	582	
254	436	436	345	364	254	273	200	91	127	0	145	145	200	327	364	327	455	473	491	618	491	564	546	673	618	527	655	546	564	527	
382	600	582	509	491	400	400	309	218	163	145	0	109	145	254	327	345	455	509	546	673	582	655	655	782	746	655	800	691	728	673	
309	546	564	473	509	400	418	327	236	218	145	109	0	54	182	236	236	345	400	436	564	473	546	564	691	655	582	728	618	673	637	
327	582	600	527	564	455	491	400	291	291	200	145	54	0	127	163	200	291	345	400	527	455	527	546	691	655	582	746	637	691	673	
436	709	728	655	691	582	618	527	418	400	327	254	182	127	0	109	200	254	327	400	509	491	564	600	728	728	673	819	746	800	782	
400	691	728	655	691	582	655	564	455	473	364	327	236	163	109	0	127	145	218	291	400	400	491	527	655	655	600	764	691	764	746	
291	582	618	546	618	509	600	527	400	455	327	345	236	200	200	127	0	127	145	200	327	273	364	382	527	527	473	637	564	637	637	
400	691	728	673	746	637	728	655	527	582	455	455	345	291	254	145	127	0	91	163	273	309	382	436	546	564	546	709	655	746	746	
364	637	691	637	728	618	728	655	546	600	473	509	400	345	327	218	145	91	0	91	182	236	291	345	455	491	473	637	600	691	691	
327	582	655	600	691	600	709	655	546	618	491	546	436	400	400	291	200	163	91	0	127	145	200	254	364	400	400	546	527	618	618	
436	655	728	691	782	691	819	782	673	746	618	673	564	527	509	400	327	273	182	127	0	182	200	273	327	400	418	564	564	655	673	
254	473	546	509	600	527	655	618	527	618	491	582	473	455	491	400	273	309	236	145	182	0	72	109	236	254	254	400	382	473	491	
309	491	564	527	637	564	709	673	582	691	564	655	546	527	564	491	364	382	291	200	200	72	0	72	163	200	218	364	364	455	491	
291	418	491	473	582	527	673	637	564	673	546	655	564	546	600	527	382	436	345	254	273	109	72	0	127	127	145	291	291	382	418	
418	473	564	564	673	618	764	764	691	800	673	782	691	691	728	655	527	546	455	364	327	236	163	127	0	91	200	254	309	400	455	
345	382	455	473	582	546	691	691	618	728	618	746	655	655	728	655	527	564	491	400	400	254	200	127	91	0	109	163	218	309	345	
254	273	364	364	473	436	582	582	509	637	527	655	582	582	673	600	473	546	473	400	418	254	218	145	200	109	0	145	127	236	273	
400	309	382	418	527	509	655	673	618	746	655	800	728	746	819	764	637	709	637	546	564	400	364	291	254	163	145	0	127	163	236	
309	182	254	291	400	382	527	546	509	618	546	691	618	637	746	691	564	655	600	527	564	382	364	291	309	218	127	127	0	91	127	
364	145	218	254	364	382	509	527	527	637	564	728	673	691	800	764	637	746	691	618	655	473	455	382	400	309	236	163	91	0	72	
345	91	145	200	291	309	436	473	473	582	527	673	637	673	782	746	637	746	691	618	673	491	491	418	455	345	273	236	127	72	0	
V5
0	217	244	204	272	190	285	258	204	285	190	285	231	244	326	299	217	299	272	244	326	190	231	217	312	258	190	299	231	272	258	
217	0	54	81	163	163	258	285	285	367	326	448	408	435	530	516	435	516	476	435	489	353	367	312	353	285	204	231	136	108	68	
244	54	0	54	108	136	217	258	272	353	326	435	421	448	544	544	462	544	516	489	544	408	421	367	421	340	272	285	190	163	108	
204	81	54	0	81	81	176	204	204	285	258	380	353	394	489	489	408	503	476	448	516	380	394	353	421	353	272	312	217	190	149	
272	163	108	81	0	81	108	163	204	272	272	367	380	421	516	516	462	557	544	516	584	448	476	435	503	435	353	394	299	272	217	
190	163	136	81	81	0	108	108	122	204	190	299	299	340	435	435	380	476	462	448	516	394	421	394	462	408	326	380	285	285	231	
285	258	217	176	108	108	0	68	136	176	204	299	312	367	462	489	448	544	544	530	612	489	530	503	571	516	435	489	394	380	326	
258	285	258	204	163	108	68	0	81	108	149	231	244	299	394	421	394	489	489	489	584	462	503	476	571	516	435	503	408	394	353	
204	285	272	204	204	122	136	81	0	81	68	163	176	217	312	340	299	394	408	408	503	394	435	421	516	462	380	462	380	394	353	
285	367	353	285	272	204	176	108	81	0	95	122	163	217	299	353	340	435	448	462	557	462	516	503	598	544	476	557	462	476	435	
190	326	326	258	272	190	204	149	68	95	0	108	108	149	244	272	244	340	353	367	462	367	421	408	503	462	394	489	408	421	394	
285	448	435	380	367	299	299	231	163	122	108	0	81	108	190	244	258	340	380	408	503	435	489	489	584	557	489	598	516	544	503	
231	408	421	353	380	299	312	244	176	163	108	81	0	40	136	176	176	258	299	326	421	353	408	421	516	489	435	544	462	503	476	
244	435	448	394	421	340	367	299	217	217	149	108	40	0	95	122	149	217	258	299	394	340	394	408	516	489	435	557	476	516	503	
326	530	544	489	516	435	462	394	312	299	244	190	136	95	0	81	149	190	244	299	380	367	421	448	544	544	503	612	557	598	584	
299	516	544	489	516	435	489	421	340	353	272	244	176	122	81	0	95	108	163	217	299	299	367	394	489	489	448	571	516	571	557	
217	435	462	408	462	380	448	394	299	340	244	258	176	149	149	95	0	95	108	149	244	204	272	285	394	394	353	476	421	476	476	
299	516	544	503	557	476	544	489	394	435	340	340	258	217	190	108	95	0	68	122	204	231	285	326	408	421	408	530	489	557	557	
272	476	516	476	544	462	544	489	408	448	353	380	299	258	244	163	108	68	0	68	136	176	217	258	340	367	353	476	448	516	516	
244	435	489	448	516	448	530	489	408	462	367	408	326	299	299	217	149	122	68	0	95	108	149	190	272	299	299	408	394	462	462	
326	489	544	516	584	516	612	584	503	557	462	503	421	394	380	299	244	204	136	95	0	136	149	204	244	299	312	421	421	489	503	
190	353	408	380	448	394	489	462	394	462	367	435	353	340	367	299	204	231	176	108	136	0	54	81	176	190	190	299	285	353	367	
231	367	421	394	476	421	530	503	435	516	421	489	408	394	421	367	272	285	217	149	149	54	0	54	122	149	163	272	272	340	367	
217	312	367	353	435	394	503	476	421	503	408	489	421	408	448	394	285	326	258	190	204	81	54	0	95	95	108	217	217	285	312	
312	353	421	421	503	462	571	571	516	598	503	584	516	516	544	489	394	408	340	272	244	176	122	95	0	68	149	190	231	299	340	
258	285	340	353	435	408	516	516	462	544	462	557	489	489	544	489	394	421	367	299	299	190	149	95	68	0	81	122	163	231	258	
190	204	272	272	353	326	435	435	380	476	394	489	435	435	503	448	353	408	353	299	312	190	163	108	149	81	0	108	95	176	204	
299	231	285	312	394	380	489	503	462	557	489	598	544	557	612	571	476	530	476	408	421	299	272	217	190	122	108	0	95	122	176	
231	136	190	217	299	285	394	408	380	462	408	516	462	476	557	516	421	489	448	394	421	285	272	217	231	163	95	95	0	68	95	
272	108	163	190	272	285	380	394	394	476	421	544	503	516	598	571	476	557	516	462	489	353	340	285	299	231	176	122	68	0	54	
258	68	108	149	217	231	326	353	353	435	394	503	476	503	584	557	476	557	516	462	503	367	367	312	340	258	204	176	95	54	0	
V6
0	185	208	174	232	162	243	220	174	243	162	243	197	208	278	255	185	255	232	208	278	162	197	185	266	220	162	255	197	232	220	
185	0	46	69	139	139	220	243	243	313	278	382	348	371	452	440	371	440	406	371	417	301	313	266	301	243	174	197	116	92	58	
208	46	0	46	92	116	185	220	232	301	278	371	359	382	464	464	394	464	440	417	464	348	359	313	359	290	232	243	162	139	92	
174	69	46	0	69	69	150	174	174	243	220	324	301	336	417	417	348	429	406	382	440	324	336	301	359	301	232	266	185	162	127	
232	139	92	69	0	69	92	139	174	232	232	313	324	359	440	440	394	475	464	440	498	382	406	371	429	371	301	336	255	232	185	
162	139	116	69	69	0	92	92	104	174	162	255	255	290	371	371	324	406	394	382	440	336	359	336	394	348	278	324	243	243	197	
243	220	185	150	92	92	0	58	116	150	174	255	266	313	394	417	382	464	464	452	522	417	452	429	487	440	371	417	336	324	278	
220	243	220	174	139	92	58	0	69	92	127	197	208	255	336	359	336	417	417	417	498	394	429	406	487	440	371	429	348	336	301	
174	243	232	174	174	104	116	69	0	69	58	139	150	185	266	290	255	336	348	348	429	336	371	359	440	394	324	394	324	336	301	
243	313	301	243	232	174	150	92	69	0	81	104	139	185	255	301	290	371	382	394	475	394	440	429	510	464	406	475	394	406	371	
162	278	278	220	232	162	174	127	58	81	0	92	92	127	208	232	208	290	301	313	394	313	359	348	429	394	336	417	348	359	336	
243	382	371	324	313	255	255	197	139	104	92	0	69	92	162	208	220	290	324	348	429	371	417	417	498	475	417	510	440	464	429	
197	348	359	301	324	255	266	208	150	139	92	69	0	34	116	150	150	220	255	278	359	301	348	359	440	417	371	464	394	429	406	
208	371	382	336	359	290	313	255	185	185	127	92	34	0	81	104	127	185	220	255	336	290	336	348	440	417	371	475	406	440	429	
278	452	464	417	440	371	394	336	266	255	208	162	116	81	0	69	127	162	208	255	324	313	359	382	464	464	429	522	475	510	498	
255	440	464	417	440	371	417	359	290	301	232	208	150	104	69	0	81	92	139	185	255	255	313	336	417	417	382	487	440	487	475	
185	371	394	348	394	324	382	336	255	290	208	220	150	127	127	81	0	81	92	127	208	174	232	243	336	336	301	406	359	406	406	
255	440	464	429	475	406	464	417	336	371	290	290	220	185	162	92	81	0	58	104	174	197	243	278	348	359	348	452	417	475	475	
232	406	440	406	464	394	464	417	348	382	301	324	255	220	208	139	92	58	0	58	116	150	185	220	290	313	301	406	382	440	440	
208	371	417	382	440	382	452	417	348	394	313	348	278	255	255	185	127	104	58	0	81	92	127	162	232	255	255	348	336	394	394	
278	417	464	440	498	440	522	498	429	475	394	429	359	336	324	255	208	174	116	81	0	116	127	174	208	255	266	359	359	417	429	
162	301	348	324	382	336	417	394	336	394	313	371	301	290	313	255	174	197	150	92	116	0	46	69	150	162	162	255	243	301	313	
197	313	359	336	406	359	452	429	371	440	359	417	348	336	359	313	232	243	185	127	127	46	0	46	104	127	139	232	232	290	313	
185	266	313	301	371	336	429	406	359	429	348	417	359	348	382	336	243	278	220	162	174	69	46	0	81	81	92	185	185	243	266	
266	301	359	359	429	394	487	487	440	510	429	498	440	440	464	417	336	348	290	232	208	150	104	81	0	58	127	162	197	255	290	
220	243	290	301	371	348	440	440	394	464	394	475	417	417	464	417	336	359	313	255	255	162	127	81	58	0	69	104	139	197	220	
162	174	232	232	301	278	371	371	324	406	336	417	371	371	429	382	301	348	301	255	266	162	139	92	127	69	0	92	81	150	174	
255	197	243	266	336	324	417	429	394	475	417	510	464	475	522	487	406	452	406	348	359	255	232	185	162	104	92	0	81	104	150	
197	116	162	185	255	243	336	348	324	394	348	440	394	406	475	440	359	417	382	336	359	243	232	185	197	139	81	81	0	58	81	
232	92	139	162	232	243	324	336	336	406	359	464	429	440	510	487	406	475	440	394	417	301	290	243	255	197	150	104	58	0	46	
220	58	92	127	185	197	278	301	301	371	336	429	406	429	498	475	406	475	440	394	429	313	313	266	290	220	174	150	81	46	0	
V7
0	188	212	177	236	165	247	224	177	247	165	247	200	212	283	259	188	259	236	212	283	165	200	188	271	224	165	259	200	236	224	
188	0	47	70	141	141	224	247	247	318	283	389	354	377	460	448	377	448	413	377	424	306	318	271	306	247	177	200	118	94	59	
212	47	0	47	94	118	188	224	236	306	283	377	365	389	472	472	401	472	448	424	472	354	365	318	365	295	236	247	165	141	94	
177	70	47	0	70	70	153	177	177	247	224	330	306	342	424	424	354	436	413	389	448	330	342	306	365	306	236	271	188	165	129	
236	141	94	70	0	70	94	141	177	236	236	318	330	365	448	448	401	483	472	448	507	389	413	377	436	377	306	342	259	236	188	
165	141	118	70	70	0	94	94	106	177	165	259	259	295	377	377	330	413	401	389	448	342	365	342	401	354	283	330	247	247	200	
247	224	188	153	94	94	0	59	118	153	177	259	271	318	401	424	389	472	472	460	531	424	460	436	495	448	377	424	342	330	283	
224	247	224	177	141	94	59	0	70	94	129	200	212	259	342	365	342	424	424	424	507	401	436	413	495	448	377	436	354	342	306	
177	247	236	177	177	106	118	70	0	70	59	141	153	188	271	295	259	342	354	354	436	342	377	365	448	401	330	401	330	342	306	
247	318	306	247	236	177	153	94	70	0	82	106	141	188	259	306	295	377	389	401	483	401	448	436	519	472	413	483	401	413	377	
165	283	283	224	236	165	177	129	59	82	0	94	94	129	212	236	212	295	306	318	401	318	365	354	436	401	342	424	354	365	342	
247	389	377	330	318	259	259	200	141	106	94	0	70	94	165	212	224	295	330	354	436	377	424	424	507	483	424	519	448	472	436	
200	354	365	306	330	259	271	212	153	141	94	70	0	35	118	153	153	224	259	283	365	306	354	365	448	424	377	472	401	436	413	
212	377	389	342	365	295	318	259	188	188	129	94	35	0	82	106	129	188	224	259	342	295	342	354	448	424	377	483	413	448	436	
283	460	472	424	448	377	401	342	271	259	212	165	118	82	0	70	129	165	212	259	330	318	365	389	472	472	436	531	483	519	507	
259	448	472	424	448	377	424	365	295	306	236	212	153	106	70	0	82	94	141	188	259	259	318	342	424	424	389	495	448	495	483	
188	377	401	354	401	330	389	342	259	295	212	224	153	129	129	82	0	82	94	129	212	177	236	247	342	342	306	413	365	413	413	
259	448	472	436	483	413	472	424	342	377	295	295	224	188	165	94	82	0	59	106	177	200	247	283	354	365	354	460	424	483	483	
236	413	448	413	472	401	472	424	354	389	306	330	259	224	212	141	94	59	0	59	118	153	188	224	295	318	306	413	389	448	448	
212	377	424	389	448	389	460	424	354	401	318	354	283	259	259	188	129	106	59	0	82	94	129	165	236	259	259	354	342	401	401	
283	424	472	448	507	448	531	507	436	483	401	436	365	342	330	259	212	177	118	82	0	118	129	177	212	259	271	365	365	424	436	
165	306	354	330	389	342	424	401	342	401	318	377	306	295	318	259	177	200	153	94	118	0	47	70	153	165	165	259	247	306	318	
200	318	365	342	413	365	460	436	377	448	365	424	354	342	365	318	236	247	188	129	129	47	0	47	106	129	141	236	236	295	318	
188	271	318	306	377	342	436	413	365	436	354	424	365	354	389	342	247	283	224	165	177	70	47	0	82	82	94	188	188	247	271	
271	306	365	365	436	401	495	495	448	519	436	507	448	448	472	424	342	354	295	236	212	153	106	82	0	59	129	165	200	259	295	
224	247	295	306	377	354	448	448	401	472	401	483	424	424	472	424	342	365	318	259	259	165	129	82	59	0	70	106	141	200	224	
165	177	236	236	306	283	377	377	330	413	342	424	377	377	436	389	306	354	306	259	271	165	141	94	129	70	0	94	82	153	177	
259	200	247	271	342	330	424	436	401	483	424	519	472	483	531	495	413	460	413	354	365	259	236	188	165	106	94	0	82	106	153	
200	118	165	188	259	247	342	354	330	401	354	448	401	413	483	448	365	424	389	342	365	247	236	188	200	141	82	82	0	59	82	
236	94	141	165	236	247	330	342	342	413	365	472	436	448	519	495	413	483	448	401	424	306	295	247	259	200	153	106	59	0	47	
224	59	94	129	188	200	283	306	306	377	342	436	413	436	507	483	413	483	448	401	436	318	318	271	295	224	177	153	82	47	0	
V8
0	198	223	186	248	173	260	235	186	260	173	260	210	223	297	272	198	272	248	223	297	173	210	198	285	235	173	272	210	248	235	
198	0	49	74	148	148	235	260	260	334	297	409	372	396	483	471	396	471	434	396	446	322	334	285	322	260	186	210	124	99	62	
223	49	0	49	99	124	198	235	248	322	297	396	384	409	496	496	421	496	471	446	496	372	384	334	384	310	248	260	173	148	99	
186	74	49	0	74	74	161	186	186	260	235	347	322	359	446	446	372	458	434	409	471	347	359	322	384	322	248	285	198	173	136	
248	148	99	74	0	74	99	148	186	248	248	334	347	384	471	471	421	508	496	471	533	409	434	396	458	396	322	359	272	248	198	
173	148	124	74	74	0	99	99	111	186	173	272	272	310	396	396	347	434	421	409	471	359	384	359	421	372	297	347	260	260	210	
260	235	198	161	99	99	0	62	124	161	186	272	285	334	421	446	409	496	496	483	558	446	483	458	520	471	396	446	359	347	297	
235	260	235	186	148	99	62	0	74	99	136	210	223	272	359	384	359	446	446	446	533	421	458	434	520	471	396	458	372	359	322	
186	260	248	186	186	111	124	74	0	74	62	148	161	198	285	310	272	359	372	372	458	359	396	384	471	421	347	421	347	359	322	
260	334	322	260	248	186	161	99	74	0	86	111	148	198	272	322	310	396	409	421	508	421	471	458	545	496	434	508	421	434	396	
173	297	297	235	248	173	186	136	62	86	0	99	99	136	223	248	223	310	322	334	421	334	384	372	458	421	359	446	372	384	359	
260	409	396	347	334	272	272	210	148	111	99	0	74	99	173	223	235	310	347	372	458	396	446	446	533	508	446	545	471	496	458	
210	372	384	322	347	272	285	223	161	148	99	74	0	37	124	161	161	235	272	297	384	322	372	384	471	446	396	496	421	458	434	
223	396	409	359	384	310	334	272	198	198	136	99	37	0	86	111	136	198	235	272	359	310	359	372	471	446	396	508	434	471	458	
297	483	496	446	471	396	421	359	285	272	223	173	124	86	0	74	136	173	223	272	347	334	384	409	496	496	458	558	508	545	533	
272	471	496	446	471	396	446	384	310	322	248	223	161	111	74	0	86	99	148	198	272	272	334	359	446	446	409	520	471	520	508	
198	396	421	372	421	347	409	359	272	310	223	235	161	136	136	86	0	86	99	136	223	186	248	260	359	359	322	434	384	434	434	
272	471	496	458	508	434	496	446	359	396	310	310	235	198	173	99	86	0	62	111	186	210	260	297	372	384	372	483	446	508	508	
248	434	471	434	496	421	496	446	372	409	322	347	272	235	223	148	99	62	0	62	124	161	198	235	310	334	322	434	409	471	471	
223	396	446	409	471	409	483	446	372	421	334	372	297	272	272	198	136	111	62	0	86	99	136	173	248	272	272	372	359	421	421	
297	446	496	471	533	471	558	533	458	508	421	458	384	359	347	272	223	186	124	86	0	124	136	186	223	272	285	384	384	446	458	
173	322	372	347	409	359	446	421	359	421	334	396	322	310	334	272	186	210	161	99	124	0	49	74	161	173	173	272	260	322	334	
210	334	384	359	434	384	483	458	396	471	384	446	372	359	384	334	248	260	198	136	136	49	0	49	111	136	148	248	248	310	334	
198	285	334	322	396	359	458	434	384	458	372	446	384	372	409	359	260	297	235	173	186	74	49	0	86	86	99	198	198	260	285	
285	322	384	384	458	421	520	520	471	545	458	533	471	471	496	446	359	372	310	248	223	161	111	86	0	62	136	173	210	272	310	
235	260	310	322	396	372	471	471	421	496	421	508	446	446	496	446	359	384	334	272	272	173	136	86	62	0	74	111	148	210	235	
173	186	248	248	322	297	396	396	347	434	359	446	396	396	458	409	322	372	322	272	285	173	148	99	136	74	0	99	86	161	186	
272	210	260	285	359	347	446	458	421	508	446	545	496	508	558	520	434	483	434	372	384	272	248	198	173	111	99	0	86	111	161	
210	124	173	198	272	260	359	372	347	421	372	471	421	434	508	471	384	446	409	359	384	260	248	198	210	148	86	86	0	62	86	
248	99	148	173	248	260	347	359	359	434	384	496	458	471	545	520	434	508	471	421	446	322	310	260	272	210	161	111	62	0	49	
235	62	99	136	198	210	297	322	322	396	359	458	434	458	533	508	434	508	471	421	458	334	334	285	310	235	186	161	86	49	0	
V9
0	246	277	231	308	215	323	292	231	323	215	323	261	277	369	338	246	338	308	277	369	215	261	246	354	292	215	338	261	308	292	
246	0	61	92	184	184	292	323	323	415	369	508	462	492	600	585	492	585	539	492	554	400	415	354	400	323	231	261	154	123	77	
277	61	0	61	123	154	246	292	308	400	369	492	477	508	616	616	523	616	585	554	616	462	477	415	477	385	308	323	215	184	123	
231	92	61	0	92	92	200	231	231	323	292	431	400	446	554	554	462	569	539	508	585	431	446	400	477	400	308	354	246	215	169	
308	184	123	92	0	92	123	184	231	308	308	415	431	477	585	585	523	631	616	585	662	508	539	492	569	492	400	446	338	308	246	
215	184	154	92	92	0	123	123	138	231	215	338	338	385	492	492	431	539	523	508	585	446	477	446	523	462	369	431	323	323	261	
323	292	246	200	123	123	0	77	154	200	231	338	354	415	523	554	508	616	616	600	693	554	600	569	646	585	492	554	446	431	369	
292	323	292	231	184	123	77	0	92	123	169	261	277	338	446	477	446	554	554	554	662	523	569	539	646	585	492	569	462	446	400	
231	323	308	231	231	138	154	92	0	92	77	184	200	246	354	385	338	446	462	462	569	446	492	477	585	523	431	523	431	446	400	
323	415	400	323	308	231	200	123	92	0	107	138	184	246	338	400	385	492	508	523	631	523	585	569	677	616	539	631	523	539	492	
215	369	369	292	308	215	231	169	77	107	0	123	123	169	277	308	277	385	400	415	523	415	477	462	569	523	446	554	462	477	446	
323	508	492	431	415	338	338	261	184	138	123	0	92	123	215	277	292	385	431	462	569	492	554	554	662	631	554	677	585	616	569	
261	462	477	400	431	338	354	277	200	184	123	92	0	46	154	200	200	292	338	369	477	400	462	477	585	554	492	616	523	569	539	
277	492	508	446	477	385	415	338	246	246	169	123	46	0	107	138	169	246	292	338	446	385	446	462	585	554	492	631	539	585	569	
369	600	616	554	585	492	523	446	354	338	277	215	154	107	0	92	169	215	277	338	431	415	477	508	616	616	569	693	631	677	662	
338	585	616	554	585	492	554	477	385	400	308	277	200	138	92	0	107	123	184	246	338	338	415	446	554	554	508	646	585	646	631	
246	492	523	462	523	431	508	446	338	385	277	292	200	169	169	107	0	107	123	169	277	231	308	323	446	446	400	539	477	539	539	
338	585	616	569	631	539	616	554	446	492	385	385	292	246	215	123	107	0	77	138	231	261	323	369	462	477	462	600	554	631	631	
308	539	585	539	616	523	616	554	462	508	400	431	338	292	277	184	123	77	0	77	154	200	246	292	385	415	400	539	508	585	585	
277	492	554	508	585	508	600	554	462	523	415	462	369	338	338	246	169	138	77	0	107	123	169	215	308	338	338	462	446	523	523	
369	554	616	585	662	585	693	662	569	631	523	569	477	446	431	338	277	231	154	107	0	154	169	231	277	338	354	477	477	554	569	
215	400	462	431	508	446	554	523	446	523	415	492	400	385	415	338	231	261	200	123	154	0	61	92	200	215	215	338	323	400	415	
261	415	477	446	539	477	600	569	492	585	477	554	462	446	477	415	308	323	246	169	169	61	0	61	138	169	184	308	308	385	415	
246	354	415	400	492	446	569	539	477	569	462	554	477	462	508	446	323	369	292	215	231	92	61	0	107	107	123	246	246	323	354	
354	400	477	477	569	523	646	646	585	677	569	662	585	585	616	554	446	462	385	308	277	200	138	107	0	77	169	215	261	338	385	
292	323	385	400	492	462	585	585	523	616	523	631	554	554	616	554	446	477	415	338	338	215	169	107	77	0	92	138	184	261	292	
215	231	308	308	400	369	492	492	431	539	446	554	492	492	569	508	400	462	400	338	354	215	184	123	169	92	0	123	107	200	231	
338	261	323	354	446	431	554	569	523	631	554	677	616	631	693	646	539	600	539	462	477	338	308	246	215	138	123	0	107	138	200	
261	154	215	246	338	323	446	462	431	523	462	585	523	539	631	585	477	554	508	446	477	323	308	246	261	184	107	107	0	77	107	
308	123	184	215	308	323	431	446	446	539	477	616	569	585	677	646	539	631	585	523	554	400	385	323	338	261	200	138	77	0	61	
292	77	123	169	246	261	369	400	400	492	446	569	539	569	662	631	539	631	585	523	569	415	415	354	385	292	231	200	107	61	0	
V10
0	233	262	219	292	204	306	277	219	306	204	306	248	262	350	321	233	321	292	262	350	204	248	233	335	277	204	321	248	292	277	
233	0	58	87	175	175	277	306	306	394	350	481	438	467	569	554	467	554	511	467	525	379	394	335	379	306	219	248	146	116	73	
262	58	0	58	116	146	233	277	292	379	350	467	452	481	584	584	496	584	554	525	584	438	452	394	452	365	292	306	204	175	116	
219	87	58	0	87	87	189	219	219	306	277	408	379	423	525	525	438	540	511	481	554	408	423	379	452	379	292	335	233	204	160	
292	175	116	87	0	87	116	175	219	292	292	394	408	452	554	554	496	598	584	554	627	481	511	467	540	467	379	423	321	292	233	
204	175	146	87	87	0	116	116	131	219	204	321	321	365	467	467	408	511	496	481	554	423	452	423	496	438	350	408	306	306	248	
306	277	233	189	116	116	0	73	146	189	219	321	335	394	496	525	481	584	584	569	657	525	569	540	613	554	467	525	423	408	350	
277	306	277	219	175	116	73	0	87	116	160	248	262	321	423	452	423	525	525	525	627	496	540	511	613	554	467	540	438	423	379	
219	306	292	219	219	131	146	87	0	87	73	175	189	233	335	365	321	423	438	438	540	423	467	452	554	496	408	496	408	423	379	
306	394	379	306	292	219	189	116	87	0	102	131	175	233	321	379	365	467	481	496	598	496	554	540	642	584	511	598	496	511	467	
204	350	350	277	292	204	219	160	73	102	0	116	116	160	262	292	262	365	379	394	496	394	452	438	540	496	423	525	438	452	423	
306	481	467	408	394	321	321	248	175	131	116	0	87	116	204	262	277	365	408	438	540	467	525	525	627	598	525	642	554	584	540	
248	438	452	379	408	321	335	262	189	175	116	87	0	43	146	189	189	277	321	350	452	379	438	452	554	525	467	584	496	540	511	
262	467	481	423	452	365	394	321	233	233	160	116	43	0	102	131	160	233	277	321	423	365	423	438	554	525	467	598	511	554	540	
350	569	584	525	554	467	496	423	335	321	262	204	146	102	0	87	160	204	262	321	408	394	452	481	584	584	540	657	598	642	627	
321	554	584	525	554	467	525	452	365	379	292	262	189	131	87	0	102	116	175	233	321	321	394	423	525	525	481	613	554	613	598	
233	467	496	438	496	408	481	423	321	365	262	277	189	160	160	102	0	102	116	160	262	219	292	306	423	423	379	511	452	511	511	
321	554	584	540	598	511	584	525	423	467	365	365	277	233	204	116	102	0	73	131	219	248	306	350	438	452	438	569	525	598	598	
292	511	554	511	584	496	584	525	438	481	379	408	321	277	262	175	116	73	0	73	146	189	233	277	365	394	379	511	481	554	554	
262	467	525	481	554	481	569	525	438	496	394	438	350	321	321	233	160	131	73	0	102	116	160	204	292	321	321	438	423	496	496	
350	525	584	554	627	554	657	627	540	598	496	540	452	423	408	321	262	219	146	102	0	146	160	219	262	321	335	452	452	525	540	
204	379	438	408	481	423	525	496	423	496	394	467	379	365	394	321	219	248	189	116	146	0	58	87	189	204	204	321	306	379	394	
248	394	452	423	511	452	569	540	467	554	452	525	438	423	452	394	292	306	233	160	160	58	0	58	131	160	175	292	292	365	394	
233	335	394	379	467	423	540	511	452	540	438	525	452	438	481	423	306	350	277	204	219	87	58	0	102	102	116	233	233	306	335	
335	379	452	452	540	496	613	613	554	642	540	627	554	554	584	525	423	438	365	292	262	189	131	102	0	73	160	204	248	321	365	
277	306	365	379	467	438	554	554	496	584	496	598	525	525	584	525	423	452	394	321	321	204	160	102	73	0	87	131	175	248	277	
204	219	292	292	379	350	467	467	408	511	423	525	467	467	540	481	379	438	379	321	335	204	175	116	160	87	0	116	102	189	219	
321	248	306	335	423	408	525	540	496	598	525	642	584	598	657	613	511	569	511	438	452	321	292	233	204	131	116	0	102	131	189	
248	146	204	233	321	306	423	438	408	496	438	554	496	511	598	554	452	525	481	423	452	306	292	233	248	175	102	102	0	73	102	
292	116	175	204	292	306	408	423	423	511	452	584	540	554	642	613	511	598	554	496	525	379	365	306	321	248	189	131	73	0	58	
277	73	116	160	233	248	350	379	379	467	423	540	511	540	627	598	511	598	554	496	540	394	394	335	365	277	219	189	102	58	0	
V11
0	246	277	231	308	215	323	292	231	323	215	323	261	277	369	338	246	338	308	277	369	215	261	246	354	292	215	338	261	308	292	
246	0	61	92	184	184	292	323	323	415	369	508	462	492	600	585	492	585	539	492	554	400	415	354	400	323	231	261	154	123	77	
277	61	0	61	123	154	246	292	308	400	369	492	477	508	616	616	523	616	585	554	616	462	477	415	477	385	308	323	215	184	123	
231	92	61	0	92	92	200	231	231	323	292	431	400	446	554	554	462	569	539	508	585	431	446	400	477	400	308	354	246	215	169	
308	184	123	92	0	92	123	184	231	308	308	415	431	477	585	585	523	631	616	585	662	508	539	492	569	492	400	446	338	308	246	
215	184	154	92	92	0	123	123	138	231	215	338	338	385	492	492	431	539	523	508	585	446	477	446	523	462	369	431	323	323	261	
323	292	246	200	123	123	0	77	154	200	231	338	354	415	523	554	508	616	616	600	693	554	600	569	646	585	492	554	446	431	369	
292	323	292	231	184	123	77	0	92	123	169	261	277	338	446	477	446	554	554	554	662	523	569	539	646	585	492	569	462	446	400	
231	323	308	231	231	138	154	92	0	92	77	184	200	246	354	385	338	446	462	462	569	446	492	477	585	523	431	523	431	446	400	
323	415	400	323	308	231	200	123	92	0	107	138	184	246	338	400	385	492	508	523	631	523	585	569	677	616	539	631	523	539	492	
215	369	369	292	308	215	231	169	77	107	0	123	123	169	277	308	277	385	400	415	523	415	477	462	569	523	446	554	462	477	446	
323	508	492	431	415	338	338	261	184	138	123	0	92	123	215	277	292	385	431	462	569	492	554	554	662	631	554	677	585	616	569	
261	462	477	400	431	338	354	277	200	184	123	92	0	46	154	200	200	292	338	369	477	400	462	477	585	554	492	616	523	569	539	
277	492	508	446	477	385	415	338	246	246	169	123	46	0	107	138	169	246	292	338	446	385	446	462	585	554	492	631	539	585	569	
369	600	616	554	585	492	523	446	354	338	277	215	154	107	0	92	169	215	277	338	431	415	477	508	616	616	569	693	631	677	662	
338	585	616	554	585	492	554	477	385	400	308	277	200	138	92	0	107	123	184	246	338	338	415	446	554	554	508	646	585	646	631	
246	492	523	462	523	431	508	446	338	385	277	292	200	169	169	107	0	107	123	169	277	231	308	323	446	446	400	539	477	539	539	
338	585	616	569	631	539	616	554	446	492	385	385	292	246	215	123	107	0	77	138	231	261	323	369	462	477	462	600	554	631	631	
308	539	585	539	616	523	616	554	462	508	400	431	338	292	277	184	123	77	0	77	154	200	246	292	385	415	400	539	508	585	585	
277	492	554	508	585	508	600	554	462	523	415	462	369	338	338	246	169	138	77	0	107	123	169	215	308	338	338	462	446	523	523	
369	554	616	585	662	585	693	662	569	631	523	569	477	446	431	338	277	231	154	107	0	154	169	231	277	338	354	477	477	554	569	
215	400	462	431	508	446	554	523	446	523	415	492	400	385	415	338	231	261	200	123	154	0	61	92	200	215	215	338	323	400	415	
261	415	477	446	539	477	600	569	492	585	477	554	462	446	477	415	308	323	246	169	169	61	0	61	138	169	184	308	308	385	415	
246	354	415	400	492	446	569	539	477	569	462	554	477	462	508	446	323	369	292	215	231	92	61	0	107	107	123	246	246	323	354	
354	400	477	477	569	523	646	646	585	677	569	662	585	585	616	554	446	462	385	308	277	200	138	107	0	77	169	215	261	338	385	
292	323	385	400	492	462	585	585	523	616	523	631	554	554	616	554	446	477	415	338	338	215	169	107	77	0	92	138	184	261	292	
215	231	308	308	400	369	492	492	431	539	446	554	492	492	569	508	400	462	400	338	354	215	184	123	169	92	0	123	107	200	231	
338	261	323	354	446	431	554	569	523	631	554	677	616	631	693	646	539	600	539	462	477	338	308	246	215	138	123	0	107	138	200	
261	154	215	246	338	323	446	462	431	523	462	585	523	539	631	585	477	554	508	446	477	323	308	246	261	184	107	107	0	77	107	
308	123	184	215	308	323	431	446	446	539	477	616	569	585	677	646	539	631	585	523	554	400	385	323	338	261	200	138	77	0	61	
292	77	123	169	246	261	369	400	400	492	446	569	539	569	662	631	539	631	585	523	569	415	415	354	385	292	231	200	107	61	0	
Velocidade_Veiculos
1	1	1	1	1	1	1	1	1	1	1	1	