M: 4
N: 30
Nun_Veiculos: 8
Capacidade_Total: 635
Demanda_Total: 516
Setup_Min: 1
Setup_Max: 99
Raio: 20
Circulos: 1
Tempo_Processamento_Min: 1
Tempo_Processamento_Max: 49
Demanda_Min: 10
Demanda_Max: 30
Priority_Factor: 0.2
Range_Factor_R: 0.8
U_factor: 2
ALpha: 0.2Replicao: 3
Tempos_Processamentos
0	0	1	0	2	0	3	0	
0	21	1	27	2	8	3	17	
0	33	1	39	2	15	3	29	
0	10	1	15	2	41	3	35	
0	7	1	25	2	20	3	24	
0	9	1	25	2	44	3	27	
0	37	1	33	2	13	3	33	
0	3	1	47	2	10	3	11	
0	48	1	41	2	41	3	49	
0	12	1	23	2	12	3	29	
0	26	1	20	2	9	3	35	
0	49	1	10	2	22	3	12	
0	49	1	3	2	10	3	10	
0	43	1	44	2	24	3	3	
0	9	1	6	2	23	3	30	
0	12	1	21	2	48	3	16	
0	32	1	39	2	15	3	20	
0	5	1	3	2	17	3	33	
0	25	1	8	2	41	3	49	
0	30	1	21	2	21	3	28	
0	5	1	19	2	45	3	24	
0	47	1	9	2	27	3	18	
0	10	1	6	2	37	3	2	
0	34	1	10	2	10	3	30	
0	1	1	24	2	32	3	42	
0	3	1	13	2	4	3	4	
0	1	1	33	2	27	3	15	
0	11	1	37	2	20	3	5	
0	25	1	10	2	18	3	43	
0	23	1	34	2	13	3	1	
0	24	1	42	2	46	3	48	

Tempos_setup
M0
0	0	0	0	0	0	0	0	0	0	0	0	0	0	0	0	0	0	0	0	0	0	0	0	0	0	0	0	0	0	0	
0	0	8	6	6	8	6	12	12	9	13	5	9	13	7	8	2	19	15	7	8	18	2	15	24	15	3	4	20	11	6	
0	5	0	11	11	7	9	13	9	12	10	10	8	5	4	5	7	22	16	10	11	18	7	18	26	16	8	9	25	14	11	
0	15	10	0	9	4	9	10	6	12	7	8	5	13	4	2	3	19	13	10	11	12	14	15	19	13	15	19	33	14	21	
0	17	12	20	0	6	11	7	8	14	9	9	7	10	6	4	13	16	15	12	5	12	16	12	22	15	15	18	35	8	23	
0	11	12	14	5	0	5	6	13	8	9	11	1	9	11	9	12	15	9	6	7	17	10	11	19	9	14	15	29	10	17	
0	13	14	16	7	2	0	8	15	3	11	6	3	11	13	11	14	17	11	1	2	19	12	13	21	11	15	17	24	5	19	
0	11	12	13	11	6	11	0	8	14	9	11	7	3	6	4	6	9	15	12	13	16	9	5	25	15	14	11	31	16	17	
0	9	4	15	15	11	13	17	0	16	1	14	12	9	8	9	11	26	20	14	15	9	11	22	30	20	12	13	29	18	15	
0	13	14	16	7	2	7	8	15	0	11	13	3	11	13	11	14	17	11	8	9	19	12	13	21	11	16	15	21	3	19	
0	8	3	14	14	10	12	16	12	15	0	13	11	8	7	8	10	25	19	13	14	21	10	21	29	19	11	12	28	17	14	
0	16	12	22	22	19	21	23	21	24	22	0	20	17	16	17	18	14	28	22	21	21	18	10	19	28	19	20	36	24	22	
0	10	11	16	16	11	16	5	13	19	8	15	0	8	11	9	11	14	8	17	18	17	12	10	27	20	13	14	30	21	16	
0	17	20	18	19	14	19	16	19	18	20	8	15	0	17	15	3	21	15	20	21	20	19	17	27	17	20	8	37	21	23	
0	17	19	19	12	7	5	13	20	8	16	11	8	16	0	16	19	22	16	6	7	24	17	18	26	16	15	21	29	10	23	
0	13	8	16	7	2	7	8	4	10	5	13	3	11	2	0	14	17	11	8	9	13	12	13	21	11	16	17	31	12	19	
0	21	17	27	27	24	26	28	26	29	27	5	25	22	21	22	0	19	33	27	26	26	23	15	24	14	24	25	41	29	27	
0	2	10	8	8	10	8	9	11	11	12	7	11	9	6	9	4	0	17	9	7	7	4	14	26	17	5	6	22	10	8	
0	2	10	8	8	10	8	14	14	11	15	7	11	15	9	10	4	21	0	9	10	14	4	17	22	17	5	6	22	13	8	
0	13	17	19	17	14	19	10	18	17	14	5	14	13	16	14	15	19	12	0	1	26	15	15	24	23	14	16	33	4	19	
0	20	16	22	16	13	18	9	17	16	13	4	14	12	15	13	15	18	22	19	0	25	18	14	23	22	13	15	37	3	26	
0	19	18	13	6	12	13	13	14	16	15	9	12	2	12	10	5	22	17	14	11	0	9	18	28	14	3	10	29	14	25	
0	12	14	4	11	6	4	12	10	7	11	10	7	15	5	6	7	21	15	5	6	16	0	17	23	15	15	16	28	9	18	
0	6	14	12	12	14	12	13	15	15	15	11	15	13	10	13	8	4	21	13	11	11	8	0	30	21	9	10	26	14	12	
0	14	15	17	8	3	8	9	12	11	12	14	4	12	13	11	12	18	12	9	10	14	13	14	0	12	17	18	32	13	20	
0	24	26	16	23	18	16	24	22	19	23	21	19	27	17	18	19	33	27	16	17	28	12	29	35	0	27	28	40	20	30	
0	19	15	20	3	9	14	10	11	17	12	12	9	13	9	7	16	19	17	15	8	15	16	15	25	18	0	21	38	11	25	
0	13	13	10	11	6	11	8	16	10	15	1	7	11	14	12	13	15	11	12	13	22	15	11	20	15	16	0	31	13	19	
0	8	16	14	14	14	14	15	17	17	17	13	15	15	12	15	10	6	23	15	13	13	10	2	17	23	11	12	0	16	14	
0	17	13	19	15	10	15	6	14	18	10	13	11	9	12	10	12	15	19	16	17	22	15	11	29	19	20	12	37	0	23	
0	17	12	2	11	6	11	12	8	14	9	10	7	12	6	4	5	15	15	12	9	14	16	11	21	15	16	20	14	12	0	
M1
0	0	0	0	0	0	0	0	0	0	0	0	0	0	0	0	0	0	0	0	0	0	0	0	0	0	0	0	0	0	0	
0	0	16	13	17	9	9	10	12	10	10	6	9	19	17	14	7	11	15	6	13	7	10	15	25	21	11	16	10	5	14	
0	11	0	12	18	12	9	11	12	14	14	6	20	18	16	20	10	10	18	14	9	18	12	17	18	23	11	14	5	16	12	
0	15	6	0	8	9	13	1	13	2	8	10	14	6	8	12	7	13	13	9	10	12	10	6	22	12	9	6	9	16	4	
0	15	7	7	0	5	14	6	9	8	9	11	15	13	9	13	3	15	11	10	2	13	6	11	25	17	10	7	10	12	5	
0	10	9	9	13	0	11	6	14	3	11	8	11	15	11	15	5	13	13	8	4	9	8	13	27	19	12	9	12	7	7	
0	7	10	4	10	13	0	3	3	6	12	12	16	10	10	14	11	2	15	11	12	14	3	8	26	14	13	10	11	12	8	
0	22	14	14	7	12	21	0	14	15	16	18	20	20	16	20	10	22	14	17	9	18	13	18	32	24	17	14	17	19	12	
0	18	13	13	18	22	11	14	0	15	15	17	24	19	15	19	20	13	20	11	20	23	14	19	31	25	16	13	16	23	11	
0	17	16	15	15	7	18	8	21	0	15	15	18	21	15	19	5	20	11	15	11	16	8	13	33	18	16	13	16	14	14	
0	10	19	13	15	19	14	14	17	15	0	11	19	19	13	17	17	16	5	11	17	17	6	11	31	17	16	19	14	15	17	
0	10	13	7	13	11	3	6	6	9	8	0	14	13	13	17	9	5	13	8	8	12	6	11	29	17	5	13	4	15	11	
0	11	14	14	10	5	15	11	16	8	1	12	0	20	14	5	8	17	6	12	9	14	7	12	16	12	17	14	15	12	12	
0	17	8	8	16	17	15	9	7	10	10	12	16	0	10	14	15	16	7	10	15	14	8	13	16	18	7	8	11	21	6	
0	7	10	8	14	8	5	7	8	10	10	2	16	14	0	4	6	6	8	10	5	14	8	13	18	19	7	10	1	12	8	
0	19	14	12	19	19	17	13	16	14	16	14	23	18	12	0	17	18	4	10	17	21	5	10	14	16	19	17	13	19	15	
0	12	11	10	10	2	13	3	16	5	13	10	13	16	10	14	0	15	15	10	6	11	3	8	28	14	14	11	11	9	9	
0	5	8	2	8	11	14	1	15	4	10	11	14	8	10	14	9	0	13	11	10	12	12	8	24	14	11	8	11	10	6	
0	15	14	8	16	16	13	9	12	10	12	10	19	14	8	12	14	14	0	6	13	20	1	6	26	12	15	14	9	20	12	
0	20	20	15	19	11	19	12	22	4	14	16	13	21	14	18	9	15	15	0	15	20	12	17	29	22	20	17	15	18	18	
0	13	5	5	11	3	12	4	15	6	7	9	14	11	7	11	1	13	9	8	0	12	4	9	23	15	8	5	8	10	3	
0	13	9	9	12	7	16	8	18	10	3	13	2	15	11	7	10	17	8	12	11	0	9	14	18	14	12	9	12	14	7	
0	14	13	7	15	15	12	8	15	9	11	9	21	13	7	11	13	13	15	9	12	19	0	5	25	11	14	13	8	19	11	
0	9	8	2	10	10	7	3	10	4	6	4	16	8	2	6	8	8	10	11	7	14	10	0	20	6	9	8	3	14	6	
0	7	12	12	5	5	9	6	12	8	10	6	9	18	13	14	3	11	15	6	7	7	6	11	0	17	11	12	10	5	10	
0	5	12	11	14	14	14	7	17	13	11	11	14	15	14	18	12	9	16	11	16	12	15	17	30	0	15	12	15	10	10	
0	20	16	16	19	14	22	15	25	7	10	19	9	22	17	14	12	18	15	3	18	7	15	20	25	21	0	16	18	21	14	
0	12	5	8	16	15	14	9	17	10	2	11	12	14	10	14	15	15	7	6	14	10	8	8	23	14	3	0	10	17	6	
0	6	9	7	13	7	4	6	7	9	9	1	15	13	11	15	5	5	13	9	4	13	7	12	27	18	6	9	0	11	7	
0	11	11	8	12	4	4	5	7	5	5	1	4	14	12	9	2	6	10	1	8	2	5	10	20	16	6	11	5	0	9	
0	11	2	2	10	11	9	3	12	4	4	6	14	8	4	8	9	10	9	5	9	12	10	8	20	14	5	2	5	16	0	
M2
0	0	0	0	0	0	0	0	0	0	0	0	0	0	0	0	0	0	0	0	0	0	0	0	0	0	0	0	0	0	0	
0	0	19	13	13	10	21	15	14	14	2	25	24	16	21	17	11	2	21	16	21	5	17	12	13	39	10	15	8	21	11	
0	13	0	13	7	8	16	4	6	16	14	23	18	8	16	13	16	15	22	13	23	18	18	22	18	37	10	15	10	21	11	
0	14	19	0	14	16	21	21	17	20	16	17	11	12	22	17	3	15	13	9	14	11	7	25	6	31	16	15	14	21	17	
0	21	20	13	0	13	9	16	18	17	7	19	15	9	9	14	16	12	15	6	16	12	20	17	16	39	11	16	11	22	12	
0	21	15	9	13	0	17	10	21	10	10	26	17	20	11	25	12	19	22	17	23	14	10	17	15	36	6	11	4	17	6	
0	16	14	4	13	11	0	10	9	19	9	21	9	11	22	16	7	15	17	13	18	15	11	17	10	35	5	10	13	16	6	
0	11	23	16	3	9	12	0	20	19	10	19	14	12	12	17	19	13	18	9	19	15	19	20	19	42	14	19	13	25	15	
0	7	15	9	14	2	11	11	0	10	9	21	19	2	13	7	12	9	17	17	18	12	12	18	15	37	6	11	4	17	7	
0	32	26	18	17	30	26	24	32	0	24	17	29	26	26	31	21	29	31	23	32	28	3	24	24	38	24	22	28	28	20	
0	19	20	13	11	21	20	24	26	25	0	24	24	17	20	22	16	20	20	14	21	16	20	10	11	41	21	22	19	28	22	
0	15	16	1	10	16	18	7	18	21	11	0	12	13	19	18	4	16	14	10	15	12	8	14	7	30	7	12	15	18	3	
0	13	21	15	15	8	17	15	6	16	11	21	0	8	19	13	7	6	17	13	18	9	18	14	15	35	12	17	10	23	13	
0	17	13	7	12	4	9	9	12	8	8	19	18	0	15	5	10	10	15	15	16	13	11	16	13	35	4	9	2	15	5	
0	19	17	11	7	8	16	13	12	12	2	25	6	14	0	15	13	12	22	13	23	3	15	12	13	35	8	13	6	19	9	
0	14	16	8	15	9	4	14	7	17	13	14	13	9	20	0	11	16	10	17	11	19	15	14	14	30	9	12	11	18	10	
0	25	16	15	19	18	24	18	22	24	15	14	16	21	28	26	0	20	10	24	11	23	22	25	21	28	13	12	22	18	14	
0	19	17	11	16	8	19	13	12	12	5	28	22	14	19	15	14	0	24	19	19	3	15	15	16	39	8	13	6	19	9	
0	15	6	5	9	8	14	8	12	14	5	4	16	11	18	16	8	10	0	14	1	13	12	15	11	34	3	2	12	8	4	
0	15	16	10	15	7	12	12	15	11	11	22	19	3	13	8	13	6	18	0	19	9	14	19	16	38	7	12	5	18	8	
0	21	26	7	21	17	22	22	24	21	21	20	18	13	28	18	10	22	20	16	0	18	14	29	13	38	17	22	15	28	18	
0	18	14	8	13	5	16	10	11	9	9	25	19	13	16	12	11	18	21	16	22	0	12	17	14	36	5	10	3	16	6	
0	36	23	27	29	30	38	27	29	34	22	34	38	31	38	35	30	27	35	35	36	25	0	32	33	35	30	19	28	25	27	
0	9	10	3	1	11	10	14	16	15	8	14	14	7	10	12	6	10	10	4	11	6	10	0	1	31	11	12	9	18	12	
0	8	15	2	16	10	15	15	16	14	10	13	13	6	16	11	5	9	9	3	10	5	9	20	0	33	10	11	8	17	11	
0	2	16	3	14	7	16	11	5	15	4	14	14	7	17	12	6	4	10	4	11	6	7	14	1	0	11	12	9	3	12	
0	16	9	3	8	14	11	5	15	22	4	20	14	14	17	19	6	13	16	11	17	14	10	12	9	31	0	5	16	11	1	
0	17	4	13	11	12	20	8	10	20	3	20	22	12	20	17	16	8	16	17	17	11	10	13	14	38	14	0	14	6	8	
0	18	11	5	10	2	13	7	17	6	6	22	16	16	13	21	8	15	18	13	19	15	9	14	11	33	2	7	0	13	3	
0	21	19	13	18	10	21	15	14	14	7	30	24	16	21	17	16	2	26	21	21	5	4	17	18	39	10	15	8	0	11	
0	15	21	5	7	13	16	4	22	23	14	21	16	16	16	21	8	17	18	13	19	16	12	11	11	30	18	20	17	26	0	
M3
0	0	0	0	0	0	0	0	0	0	0	0	0	0	0	0	0	0	0	0	0	0	0	0	0	0	0	0	0	0	0	
0	0	9	30	23	28	21	22	19	21	9	25	15	19	30	18	25	20	34	29	19	23	18	26	30	17	17	16	17	23	23	
0	2	0	32	23	27	15	21	21	20	11	18	17	12	32	20	16	21	33	24	21	24	20	22	23	19	10	18	19	24	14	
0	10	19	0	13	1	12	16	24	16	14	17	20	16	32	9	21	25	28	22	14	28	20	17	26	16	21	12	19	23	23	
0	7	11	14	0	15	10	4	16	3	8	10	12	4	19	15	20	17	16	11	1	16	7	11	20	15	8	11	6	17	10	
0	9	18	26	12	0	11	15	23	15	13	16	19	15	31	8	20	24	27	21	13	27	19	16	26	15	20	11	18	22	22	
0	13	13	31	21	12	0	14	22	18	19	5	20	21	28	14	20	23	26	10	16	28	16	22	15	14	23	21	15	15	20	
0	6	7	28	18	19	16	0	21	15	14	14	17	10	25	11	16	15	12	7	13	22	13	19	24	11	17	7	12	18	21	
0	8	6	23	26	22	10	23	0	26	15	15	18	11	25	16	17	1	35	19	25	14	24	18	22	23	9	19	23	4	9	
0	7	8	17	3	18	13	1	13	0	11	13	9	7	22	12	17	14	13	8	4	17	10	8	17	12	11	8	9	14	13	
0	16	16	21	14	19	12	13	10	12	0	17	6	18	21	24	27	11	25	20	10	14	9	20	27	8	17	7	8	14	19	
0	8	16	31	17	14	24	9	17	19	17	0	23	16	24	20	15	18	21	16	17	28	21	27	10	15	25	16	21	21	26	
0	12	10	22	12	13	14	10	4	9	15	13	0	15	25	20	21	5	22	17	7	8	13	17	23	5	13	1	12	8	13	
0	14	20	25	18	20	16	15	14	16	4	6	10	0	25	18	21	15	27	22	14	12	13	24	16	12	17	11	12	18	23	
0	13	22	30	16	4	14	19	26	19	16	18	22	12	0	12	23	15	31	23	17	24	23	20	28	16	23	15	22	8	13	
0	13	14	26	19	22	17	7	15	17	5	13	11	7	26	0	17	16	19	14	15	19	14	8	23	13	14	12	13	14	19	
0	12	10	34	26	32	25	24	23	23	13	28	19	22	28	30	0	24	29	30	21	27	22	31	14	19	20	20	21	27	24	
0	8	17	22	25	21	9	23	21	26	14	14	17	10	24	22	18	0	35	18	24	13	23	17	21	22	8	18	22	3	8	
0	11	14	22	12	15	10	10	15	9	10	6	11	12	19	5	4	3	0	1	7	15	7	13	16	5	11	12	6	6	11	
0	12	16	21	11	14	9	9	14	8	9	7	10	11	18	4	13	15	21	0	6	18	6	12	17	4	18	11	5	18	14	
0	6	10	19	5	20	9	3	15	2	12	14	11	9	18	14	19	16	15	10	0	19	6	10	19	14	13	10	5	16	9	
0	16	14	31	28	28	16	26	8	25	23	21	24	19	25	24	25	9	36	25	23	0	29	24	30	29	17	25	28	12	15	
0	16	16	26	16	15	3	14	24	13	22	8	22	20	12	17	23	24	21	13	11	16	0	21	18	9	24	5	16	18	20	
0	13	19	33	32	24	12	26	24	29	22	17	20	23	36	25	9	21	38	21	27	28	27	0	22	25	21	21	26	6	11	
0	13	15	22	12	18	14	10	22	9	18	19	18	16	14	21	5	23	22	17	7	26	11	17	0	5	20	8	12	22	16	
0	8	12	17	7	18	11	5	17	4	14	16	13	11	20	16	20	18	17	12	2	21	8	12	21	0	15	12	7	18	11	
0	16	19	27	17	18	6	17	13	18	6	8	12	2	24	20	18	11	29	16	16	14	15	12	13	14	0	13	14	14	19	
0	12	16	21	11	12	15	9	21	8	18	20	17	15	24	20	24	22	21	16	6	25	12	16	25	4	19	0	11	22	15	
0	10	17	20	6	16	4	10	22	9	14	9	18	10	13	16	24	23	22	12	7	17	1	17	19	10	14	6	0	19	16	
0	19	19	36	26	18	6	20	18	23	21	11	14	17	33	19	15	15	32	15	21	22	21	14	21	19	15	15	20	0	5	
0	14	14	31	21	13	1	15	13	18	19	6	9	19	28	14	10	14	27	10	16	17	16	9	16	14	17	10	15	15	0	
Tamanho_Tarefas
0	18	17	15	7	17	24	16	41	18	16	17	17	20	12	24	18	6	10	23	18	22	11	13	19	6	8	13	18	13	39	
Data_Entrega
0	61	71	108	82	92	111	88	84	76	102	54	100	68	104	63	66	54	95	111	64	56	86	90	99	82	77	87	89	79	86	
Penalidade_Atraso
0	12	8	13	15	1	12	2	14	11	6	9	14	3	17	9	10	1	4	19	4	16	7	7	2	5	7	8	18	18	17	
Capacidade_Veiculo
99	65	68	77	103	43	106	74	
Custo_Fixo_Veiculo
990	650	680	770	1030	430	1060	740	
Coordenadas_Clientes
x	0	y	0
x	15	y	0
x	15	y	3
x	22	y	10
x	14	y	10
x	15	y	17
x	11	y	20
x	4	y	15
x	1	y	16
x	-1	y	16
x	-7	y	23
x	-11	y	19
x	-13	y	15
x	-15	y	11
x	-17	y	7
x	-21	y	4
x	-24	y	0
x	-21	y	-4
x	-22	y	-10
x	-15	y	-11
x	-11	y	-13
x	-11	y	-19
x	-6	y	-19
x	-1	y	-15
x	2	y	-23
x	5	y	-16
x	8	y	-14
x	11	y	-12
x	16	y	-11
x	21	y	-9
x	17	y	-3
Tempo_Viagem
0	15	15	24	17	22	22	15	16	16	24	21	19	18	18	21	24	21	24	18	17	21	19	15	23	16	16	16	19	22	17	
15	0	3	12	10	17	20	18	21	22	31	32	31	31	32	36	39	36	38	31	29	31	27	21	25	18	15	12	11	10	3	
15	3	0	9	7	14	17	16	19	20	29	30	30	31	32	36	39	36	39	33	30	34	30	24	28	21	18	15	14	13	6	
24	12	9	0	8	9	14	18	21	23	31	33	35	37	39	43	47	45	48	42	39	43	39	33	36	29	26	23	21	19	13	
17	10	7	8	0	7	10	11	14	16	24	26	27	29	31	35	39	37	41	35	33	38	35	29	34	27	24	22	21	20	13	
22	17	14	9	7	0	5	11	14	16	22	26	28	30	33	38	42	41	45	40	39	43	41	35	41	34	31	29	28	26	20	
22	20	17	14	10	5	0	8	10	12	18	22	24	26	30	35	39	39	44	40	39	43	41	37	43	36	34	32	31	30	23	
15	18	16	18	11	11	8	0	3	5	13	15	17	19	22	27	31	31	36	32	31	36	34	30	38	31	29	27	28	28	21	
16	21	19	21	14	14	10	3	0	2	10	12	14	16	20	25	29	29	34	31	31	37	35	31	39	32	30	29	30	31	24	
16	22	20	23	16	16	12	5	2	0	9	10	12	14	18	23	27	28	33	30	30	36	35	31	39	32	31	30	31	32	25	
24	31	29	31	24	22	18	13	10	9	0	5	9	13	17	22	26	28	34	34	36	42	42	38	46	40	39	39	40	41	34	
21	32	30	33	26	26	22	15	12	10	5	0	4	8	12	17	21	23	29	30	32	38	38	35	43	37	37	37	40	42	35	
19	31	30	35	27	28	24	17	14	12	9	4	0	4	8	13	17	19	25	26	28	34	34	32	40	35	35	35	38	41	34	
18	31	31	37	29	30	26	19	16	14	13	8	4	0	4	9	13	15	21	22	24	30	31	29	37	33	33	34	37	40	34	
18	32	32	39	31	33	30	22	20	18	17	12	8	4	0	5	9	11	17	18	20	26	27	27	35	31	32	33	37	40	35	
21	36	36	43	35	38	35	27	25	23	22	17	13	9	5	0	5	8	14	16	19	24	26	27	34	32	34	35	39	43	38	
24	39	39	47	39	42	39	31	29	27	26	21	17	13	9	5	0	5	10	14	18	22	25	27	33	33	34	37	41	45	41	
21	36	36	45	37	41	39	31	29	28	28	23	19	15	11	8	5	0	6	9	13	17	20	22	28	28	30	32	37	42	38	
24	38	39	48	41	45	44	36	34	33	34	29	25	21	17	14	10	6	0	7	11	14	18	21	26	27	30	33	38	43	39	
18	31	33	42	35	40	40	32	31	30	34	30	26	22	18	16	14	9	7	0	4	8	11	14	19	20	23	26	31	36	32	
17	29	30	39	33	39	39	31	31	30	36	32	28	24	20	19	18	13	11	4	0	6	7	10	15	16	19	22	27	32	29	
21	31	34	43	38	43	43	36	37	36	42	38	34	30	26	24	22	17	14	8	6	0	5	10	13	16	19	22	27	32	31	
19	27	30	39	35	41	41	34	35	35	42	38	34	31	27	26	25	20	18	11	7	5	0	6	8	11	14	17	22	27	27	
15	21	24	33	29	35	37	30	31	31	38	35	32	29	27	27	27	22	21	14	10	10	6	0	8	6	9	12	17	22	21	
23	25	28	36	34	41	43	38	39	39	46	43	40	37	35	34	33	28	26	19	15	13	8	8	0	7	10	13	18	23	23	
16	18	21	29	27	34	36	31	32	32	40	37	35	33	31	32	33	28	27	20	16	16	11	6	7	0	3	6	11	16	16	
16	15	18	26	24	31	34	29	30	31	39	37	35	33	32	34	34	30	30	23	19	19	14	9	10	3	0	3	8	13	13	
16	12	15	23	22	29	32	27	29	30	39	37	35	34	33	35	37	32	33	26	22	22	17	12	13	6	3	0	5	10	10	
19	11	14	21	21	28	31	28	30	31	40	40	38	37	37	39	41	37	38	31	27	27	22	17	18	11	8	5	0	5	8	
22	10	13	19	20	26	30	28	31	32	41	42	41	40	40	43	45	42	43	36	32	32	27	22	23	16	13	10	5	0	7	
17	3	6	13	13	20	23	21	24	25	34	35	34	34	35	38	41	38	39	32	29	31	27	21	23	16	13	10	8	7	0	
Custo_Viagem
V0
0	297	297	475	336	435	435	297	316	316	475	415	376	356	356	415	475	415	475	356	336	415	376	297	455	316	316	316	376	435	336	
297	0	59	237	198	336	396	356	415	435	613	633	613	613	633	712	772	712	752	613	574	633	554	415	514	356	297	237	217	198	59	
297	59	0	178	138	277	336	316	376	396	574	594	594	613	633	712	772	712	772	653	594	673	594	475	574	415	356	297	277	257	118	
475	237	178	0	158	178	277	356	415	455	613	673	693	732	772	851	930	891	950	831	792	851	792	653	752	613	534	475	415	376	257	
336	198	138	158	0	138	198	217	277	316	475	514	534	574	613	693	772	732	811	693	653	752	693	574	693	534	475	435	415	396	257	
435	336	277	178	138	0	99	217	277	316	435	514	554	594	653	752	831	811	891	811	772	871	811	693	831	673	613	574	554	514	396	
435	396	336	277	198	99	0	158	198	237	356	435	475	534	594	693	792	792	871	792	772	871	831	732	851	712	673	633	613	594	455	
297	356	316	356	217	217	158	0	59	99	257	297	336	376	435	534	613	613	712	633	613	732	693	594	752	613	574	534	554	574	435	
316	415	376	415	277	277	198	59	0	39	198	237	277	316	396	495	574	574	673	613	613	732	693	613	772	633	594	574	594	633	475	
316	435	396	455	316	316	237	99	39	0	178	198	237	277	356	455	554	554	653	594	594	712	693	613	772	633	613	594	613	653	514	
475	613	574	613	475	435	356	257	198	178	0	99	198	277	356	455	554	594	712	673	712	831	831	752	910	792	772	772	811	831	693	
415	633	594	673	514	514	435	297	237	198	99	0	79	158	257	356	455	495	613	594	633	752	752	693	851	752	752	752	792	831	693	
376	613	594	693	534	554	475	336	277	237	198	79	0	79	158	257	356	396	514	514	554	673	673	633	792	693	693	712	752	811	673	
356	613	613	732	574	594	534	376	316	277	277	158	79	0	79	178	277	316	435	435	475	594	613	574	752	653	653	673	752	811	673	
356	633	633	772	613	653	594	435	396	356	356	257	158	79	0	99	178	217	336	356	396	514	554	534	693	613	633	653	732	811	693	
415	712	712	851	693	752	693	534	495	455	455	356	257	178	99	0	99	158	277	316	376	495	534	534	693	633	673	693	772	851	752	
475	772	772	930	772	831	792	613	574	554	554	455	356	277	178	99	0	99	198	277	356	455	514	534	673	653	673	732	811	891	811	
415	712	712	891	732	811	792	613	574	554	594	495	396	316	217	158	99	0	118	178	257	356	415	435	574	554	594	633	732	831	752	
475	752	772	950	811	891	871	712	673	653	712	613	514	435	336	277	198	118	0	138	217	277	356	415	534	534	594	653	752	851	772	
356	613	653	831	693	811	792	633	613	594	673	594	514	435	356	316	277	178	138	0	79	158	237	277	396	396	455	514	613	712	633	
336	574	594	792	653	772	772	613	613	594	712	633	554	475	396	376	356	257	217	79	0	118	138	198	316	316	376	435	534	633	574	
415	633	673	851	752	871	871	732	732	712	831	752	673	594	514	495	455	356	277	158	118	0	99	198	257	316	376	455	554	653	633	
376	554	594	792	693	811	831	693	693	693	831	752	673	613	554	534	514	415	356	237	138	99	0	118	158	217	277	356	455	554	554	
297	415	475	653	574	693	732	594	613	613	752	693	633	574	534	534	534	435	415	277	198	198	118	0	158	118	178	237	336	435	415	
455	514	574	752	693	831	851	752	772	772	910	851	792	752	693	693	673	574	534	396	316	257	158	158	0	138	198	277	356	455	495	
316	356	415	613	534	673	712	613	633	633	792	752	693	653	613	633	653	554	534	396	316	316	217	118	138	0	59	138	237	336	336	
316	297	356	534	475	613	673	574	594	613	772	752	693	653	633	673	673	594	594	455	376	376	277	178	198	59	0	59	158	257	277	
316	237	297	475	435	574	633	534	574	594	772	752	712	673	653	693	732	633	653	514	435	455	356	237	277	138	59	0	99	198	198	
376	217	277	415	415	554	613	554	594	613	811	792	752	752	732	772	811	732	752	613	534	554	455	336	356	237	158	99	0	99	158	
435	198	257	376	396	514	594	574	633	653	831	831	811	811	811	851	891	831	851	712	633	653	554	435	455	336	257	198	99	0	138	
336	59	118	257	257	396	455	435	475	514	693	693	673	673	693	752	811	752	772	633	574	633	554	415	495	336	277	198	158	138	0	
V1
0	195	195	312	221	286	286	195	208	208	312	273	247	234	234	273	312	273	312	234	221	273	247	195	299	208	208	208	247	286	221	
195	0	39	156	130	221	260	234	273	286	403	416	403	403	416	468	507	468	494	403	377	416	364	273	338	234	195	156	143	130	39	
195	39	0	117	91	182	221	208	247	260	377	390	390	403	416	468	507	468	507	429	390	442	390	312	377	273	234	195	182	169	78	
312	156	117	0	104	117	182	234	273	299	403	442	455	481	507	559	611	585	624	546	520	559	520	429	494	403	351	312	273	247	169	
221	130	91	104	0	91	130	143	182	208	312	338	351	377	403	455	507	481	533	455	429	494	455	377	455	351	312	286	273	260	169	
286	221	182	117	91	0	65	143	182	208	286	338	364	390	429	494	546	533	585	533	507	572	533	455	546	442	403	377	364	338	260	
286	260	221	182	130	65	0	104	130	156	234	286	312	351	390	455	520	520	572	520	507	572	546	481	559	468	442	416	403	390	299	
195	234	208	234	143	143	104	0	39	65	169	195	221	247	286	351	403	403	468	416	403	481	455	390	494	403	377	351	364	377	286	
208	273	247	273	182	182	130	39	0	26	130	156	182	208	260	325	377	377	442	403	403	481	455	403	507	416	390	377	390	416	312	
208	286	260	299	208	208	156	65	26	0	117	130	156	182	234	299	364	364	429	390	390	468	455	403	507	416	403	390	403	429	338	
312	403	377	403	312	286	234	169	130	117	0	65	130	182	234	299	364	390	468	442	468	546	546	494	598	520	507	507	533	546	455	
273	416	390	442	338	338	286	195	156	130	65	0	52	104	169	234	299	325	403	390	416	494	494	455	559	494	494	494	520	546	455	
247	403	390	455	351	364	312	221	182	156	130	52	0	52	104	169	234	260	338	338	364	442	442	416	520	455	455	468	494	533	442	
234	403	403	481	377	390	351	247	208	182	182	104	52	0	52	117	182	208	286	286	312	390	403	377	494	429	429	442	494	533	442	
234	416	416	507	403	429	390	286	260	234	234	169	104	52	0	65	117	143	221	234	260	338	364	351	455	403	416	429	481	533	455	
273	468	468	559	455	494	455	351	325	299	299	234	169	117	65	0	65	104	182	208	247	325	351	351	455	416	442	455	507	559	494	
312	507	507	611	507	546	520	403	377	364	364	299	234	182	117	65	0	65	130	182	234	299	338	351	442	429	442	481	533	585	533	
273	468	468	585	481	533	520	403	377	364	390	325	260	208	143	104	65	0	78	117	169	234	273	286	377	364	390	416	481	546	494	
312	494	507	624	533	585	572	468	442	429	468	403	338	286	221	182	130	78	0	91	143	182	234	273	351	351	390	429	494	559	507	
234	403	429	546	455	533	520	416	403	390	442	390	338	286	234	208	182	117	91	0	52	104	156	182	260	260	299	338	403	468	416	
221	377	390	520	429	507	507	403	403	390	468	416	364	312	260	247	234	169	143	52	0	78	91	130	208	208	247	286	351	416	377	
273	416	442	559	494	572	572	481	481	468	546	494	442	390	338	325	299	234	182	104	78	0	65	130	169	208	247	299	364	429	416	
247	364	390	520	455	533	546	455	455	455	546	494	442	403	364	351	338	273	234	156	91	65	0	78	104	143	182	234	299	364	364	
195	273	312	429	377	455	481	390	403	403	494	455	416	377	351	351	351	286	273	182	130	130	78	0	104	78	117	156	221	286	273	
299	338	377	494	455	546	559	494	507	507	598	559	520	494	455	455	442	377	351	260	208	169	104	104	0	91	130	182	234	299	325	
208	234	273	403	351	442	468	403	416	416	520	494	455	429	403	416	429	364	351	260	208	208	143	78	91	0	39	91	156	221	221	
208	195	234	351	312	403	442	377	390	403	507	494	455	429	416	442	442	390	390	299	247	247	182	117	130	39	0	39	104	169	182	
208	156	195	312	286	377	416	351	377	390	507	494	468	442	429	455	481	416	429	338	286	299	234	156	182	91	39	0	65	130	130	
247	143	182	273	273	364	403	364	390	403	533	520	494	494	481	507	533	481	494	403	351	364	299	221	234	156	104	65	0	65	104	
286	130	169	247	260	338	390	377	416	429	546	546	533	533	533	559	585	546	559	468	416	429	364	286	299	221	169	130	65	0	91	
221	39	78	169	169	260	299	286	312	338	455	455	442	442	455	494	533	494	507	416	377	416	364	273	325	221	182	130	104	91	0	
V2
0	204	204	326	231	299	299	204	217	217	326	285	258	244	244	285	326	285	326	244	231	285	258	204	312	217	217	217	258	299	231	
204	0	40	163	136	231	272	244	285	299	421	435	421	421	435	489	530	489	516	421	394	435	380	285	353	244	204	163	149	136	40	
204	40	0	122	95	190	231	217	258	272	394	408	408	421	435	489	530	489	530	448	408	462	408	326	394	285	244	204	190	176	81	
326	163	122	0	108	122	190	244	285	312	421	462	476	503	530	584	639	612	652	571	544	584	544	448	516	421	367	326	285	258	176	
231	136	95	108	0	95	136	149	190	217	326	353	367	394	421	476	530	503	557	476	448	516	476	394	476	367	326	299	285	272	176	
299	231	190	122	95	0	68	149	190	217	299	353	380	408	448	516	571	557	612	557	530	598	557	476	571	462	421	394	380	353	272	
299	272	231	190	136	68	0	108	136	163	244	299	326	367	408	476	544	544	598	544	530	598	571	503	584	489	462	435	421	408	312	
204	244	217	244	149	149	108	0	40	68	176	204	231	258	299	367	421	421	489	435	421	503	476	408	516	421	394	367	380	394	299	
217	285	258	285	190	190	136	40	0	27	136	163	190	217	272	340	394	394	462	421	421	503	476	421	530	435	408	394	408	435	326	
217	299	272	312	217	217	163	68	27	0	122	136	163	190	244	312	380	380	448	408	408	489	476	421	530	435	421	408	421	448	353	
326	421	394	421	326	299	244	176	136	122	0	68	136	190	244	312	380	408	489	462	489	571	571	516	625	544	530	530	557	571	476	
285	435	408	462	353	353	299	204	163	136	68	0	54	108	176	244	312	340	421	408	435	516	516	476	584	516	516	516	544	571	476	
258	421	408	476	367	380	326	231	190	163	136	54	0	54	108	176	244	272	353	353	380	462	462	435	544	476	476	489	516	557	462	
244	421	421	503	394	408	367	258	217	190	190	108	54	0	54	122	190	217	299	299	326	408	421	394	516	448	448	462	516	557	462	
244	435	435	530	421	448	408	299	272	244	244	176	108	54	0	68	122	149	231	244	272	353	380	367	476	421	435	448	503	557	476	
285	489	489	584	476	516	476	367	340	312	312	244	176	122	68	0	68	108	190	217	258	340	367	367	476	435	462	476	530	584	516	
326	530	530	639	530	571	544	421	394	380	380	312	244	190	122	68	0	68	136	190	244	312	353	367	462	448	462	503	557	612	557	
285	489	489	612	503	557	544	421	394	380	408	340	272	217	149	108	68	0	81	122	176	244	285	299	394	380	408	435	503	571	516	
326	516	530	652	557	612	598	489	462	448	489	421	353	299	231	190	136	81	0	95	149	190	244	285	367	367	408	448	516	584	530	
244	421	448	571	476	557	544	435	421	408	462	408	353	299	244	217	190	122	95	0	54	108	163	190	272	272	312	353	421	489	435	
231	394	408	544	448	530	530	421	421	408	489	435	380	326	272	258	244	176	149	54	0	81	95	136	217	217	258	299	367	435	394	
285	435	462	584	516	598	598	503	503	489	571	516	462	408	353	340	312	244	190	108	81	0	68	136	176	217	258	312	380	448	435	
258	380	408	544	476	557	571	476	476	476	571	516	462	421	380	367	353	285	244	163	95	68	0	81	108	149	190	244	312	380	380	
204	285	326	448	394	476	503	408	421	421	516	476	435	394	367	367	367	299	285	190	136	136	81	0	108	81	122	163	231	299	285	
312	353	394	516	476	571	584	516	530	530	625	584	544	516	476	476	462	394	367	272	217	176	108	108	0	95	136	190	244	312	340	
217	244	285	421	367	462	489	421	435	435	544	516	476	448	421	435	448	380	367	272	217	217	149	81	95	0	40	95	163	231	231	
217	204	244	367	326	421	462	394	408	421	530	516	476	448	435	462	462	408	408	312	258	258	190	122	136	40	0	40	108	176	190	
217	163	204	326	299	394	435	367	394	408	530	516	489	462	448	476	503	435	448	353	299	312	244	163	190	95	40	0	68	136	136	
258	149	190	285	285	380	421	380	408	421	557	544	516	516	503	530	557	503	516	421	367	380	312	231	244	163	108	68	0	68	108	
299	136	176	258	272	353	408	394	435	448	571	571	557	557	557	584	612	571	584	489	435	448	380	299	312	231	176	136	68	0	95	
231	40	81	176	176	272	312	299	326	353	476	476	462	462	476	516	557	516	530	435	394	435	380	285	340	231	190	136	108	95	0	
V3
0	231	231	369	261	338	338	231	246	246	369	323	292	277	277	323	369	323	369	277	261	323	292	231	354	246	246	246	292	338	261	
231	0	46	184	154	261	308	277	323	338	477	492	477	477	492	554	600	554	585	477	446	492	431	323	400	277	231	184	169	154	46	
231	46	0	138	107	215	261	246	292	308	446	462	462	477	492	554	600	554	600	508	462	523	462	369	446	323	277	231	215	200	92	
369	184	138	0	123	138	215	277	323	354	477	523	539	569	600	662	723	693	739	646	616	662	616	508	585	477	415	369	323	292	200	
261	154	107	123	0	107	154	169	215	246	369	400	415	446	477	539	600	569	631	539	508	585	539	446	539	415	369	338	323	308	200	
338	261	215	138	107	0	77	169	215	246	338	400	431	462	508	585	646	631	693	631	600	677	631	539	646	523	477	446	431	400	308	
338	308	261	215	154	77	0	123	154	184	277	338	369	415	462	539	616	616	677	616	600	677	646	569	662	554	523	492	477	462	354	
231	277	246	277	169	169	123	0	46	77	200	231	261	292	338	415	477	477	554	492	477	569	539	462	585	477	446	415	431	446	338	
246	323	292	323	215	215	154	46	0	30	154	184	215	246	308	385	446	446	523	477	477	569	539	477	600	492	462	446	462	492	369	
246	338	308	354	246	246	184	77	30	0	138	154	184	215	277	354	431	431	508	462	462	554	539	477	600	492	477	462	477	508	400	
369	477	446	477	369	338	277	200	154	138	0	77	154	215	277	354	431	462	554	523	554	646	646	585	708	616	600	600	631	646	539	
323	492	462	523	400	400	338	231	184	154	77	0	61	123	200	277	354	385	477	462	492	585	585	539	662	585	585	585	616	646	539	
292	477	462	539	415	431	369	261	215	184	154	61	0	61	123	200	277	308	400	400	431	523	523	492	616	539	539	554	585	631	523	
277	477	477	569	446	462	415	292	246	215	215	123	61	0	61	138	215	246	338	338	369	462	477	446	585	508	508	523	585	631	523	
277	492	492	600	477	508	462	338	308	277	277	200	123	61	0	77	138	169	261	277	308	400	431	415	539	477	492	508	569	631	539	
323	554	554	662	539	585	539	415	385	354	354	277	200	138	77	0	77	123	215	246	292	385	415	415	539	492	523	539	600	662	585	
369	600	600	723	600	646	616	477	446	431	431	354	277	215	138	77	0	77	154	215	277	354	400	415	523	508	523	569	631	693	631	
323	554	554	693	569	631	616	477	446	431	462	385	308	246	169	123	77	0	92	138	200	277	323	338	446	431	462	492	569	646	585	
369	585	600	739	631	693	677	554	523	508	554	477	400	338	261	215	154	92	0	107	169	215	277	323	415	415	462	508	585	662	600	
277	477	508	646	539	631	616	492	477	462	523	462	400	338	277	246	215	138	107	0	61	123	184	215	308	308	354	400	477	554	492	
261	446	462	616	508	600	600	477	477	462	554	492	431	369	308	292	277	200	169	61	0	92	107	154	246	246	292	338	415	492	446	
323	492	523	662	585	677	677	569	569	554	646	585	523	462	400	385	354	277	215	123	92	0	77	154	200	246	292	354	431	508	492	
292	431	462	616	539	631	646	539	539	539	646	585	523	477	431	415	400	323	277	184	107	77	0	92	123	169	215	277	354	431	431	
231	323	369	508	446	539	569	462	477	477	585	539	492	446	415	415	415	338	323	215	154	154	92	0	123	92	138	184	261	338	323	
354	400	446	585	539	646	662	585	600	600	708	662	616	585	539	539	523	446	415	308	246	200	123	123	0	107	154	215	277	354	385	
246	277	323	477	415	523	554	477	492	492	616	585	539	508	477	492	508	431	415	308	246	246	169	92	107	0	46	107	184	261	261	
246	231	277	415	369	477	523	446	462	477	600	585	539	508	492	523	523	462	462	354	292	292	215	138	154	46	0	46	123	200	215	
246	184	231	369	338	446	492	415	446	462	600	585	554	523	508	539	569	492	508	400	338	354	277	184	215	107	46	0	77	154	154	
292	169	215	323	323	431	477	431	462	477	631	616	585	585	569	600	631	569	585	477	415	431	354	261	277	184	123	77	0	77	123	
338	154	200	292	308	400	462	446	492	508	646	646	631	631	631	662	693	646	662	554	492	508	431	338	354	261	200	154	77	0	107	
261	46	92	200	200	308	354	338	369	400	539	539	523	523	539	585	631	585	600	492	446	492	431	323	385	261	215	154	123	107	0	
V4
0	309	309	494	350	453	453	309	329	329	494	432	391	370	370	432	494	432	494	370	350	432	391	309	473	329	329	329	391	453	350	
309	0	61	247	206	350	412	370	432	453	638	659	638	638	659	741	803	741	782	638	597	659	576	432	535	370	309	247	226	206	61	
309	61	0	185	144	288	350	329	391	412	597	618	618	638	659	741	803	741	803	679	618	700	618	494	597	432	370	309	288	267	123	
494	247	185	0	164	185	288	370	432	473	638	700	721	762	803	885	968	927	988	865	824	885	824	679	782	638	556	494	432	391	267	
350	206	144	164	0	144	206	226	288	329	494	535	556	597	638	721	803	762	844	721	679	782	721	597	721	556	494	453	432	412	267	
453	350	288	185	144	0	103	226	288	329	453	535	576	618	679	782	865	844	927	844	803	906	844	721	865	700	638	597	576	535	412	
453	412	350	288	206	103	0	164	206	247	370	453	494	556	618	721	824	824	906	824	803	906	865	762	885	741	700	659	638	618	473	
309	370	329	370	226	226	164	0	61	103	267	309	350	391	453	556	638	638	741	659	638	762	721	618	782	638	597	556	576	597	453	
329	432	391	432	288	288	206	61	0	41	206	247	288	329	412	515	597	597	700	638	638	762	721	638	803	659	618	597	618	659	494	
329	453	412	473	329	329	247	103	41	0	185	206	247	288	370	473	576	576	679	618	618	741	721	638	803	659	638	618	638	679	535	
494	638	597	638	494	453	370	267	206	185	0	103	206	288	370	473	576	618	741	700	741	865	865	782	947	824	803	803	844	865	721	
432	659	618	700	535	535	453	309	247	206	103	0	82	164	267	370	473	515	638	618	659	782	782	721	885	782	782	782	824	865	721	
391	638	618	721	556	576	494	350	288	247	206	82	0	82	164	267	370	412	535	535	576	700	700	659	824	721	721	741	782	844	700	
370	638	638	762	597	618	556	391	329	288	288	164	82	0	82	185	288	329	453	453	494	618	638	597	782	679	679	700	782	844	700	
370	659	659	803	638	679	618	453	412	370	370	267	164	82	0	103	185	226	350	370	412	535	576	556	721	638	659	679	762	844	721	
432	741	741	885	721	782	721	556	515	473	473	370	267	185	103	0	103	164	288	329	391	515	556	556	721	659	700	721	803	885	782	
494	803	803	968	803	865	824	638	597	576	576	473	370	288	185	103	0	103	206	288	370	473	535	556	700	679	700	762	844	927	844	
432	741	741	927	762	844	824	638	597	576	618	515	412	329	226	164	103	0	123	185	267	370	432	453	597	576	618	659	762	865	782	
494	782	803	988	844	927	906	741	700	679	741	638	535	453	350	288	206	123	0	144	226	288	370	432	556	556	618	679	782	885	803	
370	638	679	865	721	844	824	659	638	618	700	618	535	453	370	329	288	185	144	0	82	164	247	288	412	412	473	535	638	741	659	
350	597	618	824	679	803	803	638	638	618	741	659	576	494	412	391	370	267	226	82	0	123	144	206	329	329	391	453	556	659	597	
432	659	700	885	782	906	906	762	762	741	865	782	700	618	535	515	473	370	288	164	123	0	103	206	267	329	391	473	576	679	659	
391	576	618	824	721	844	865	721	721	721	865	782	700	638	576	556	535	432	370	247	144	103	0	123	164	226	288	370	473	576	576	
309	432	494	679	597	721	762	618	638	638	782	721	659	597	556	556	556	453	432	288	206	206	123	0	164	123	185	247	350	453	432	
473	535	597	782	721	865	885	782	803	803	947	885	824	782	721	721	700	597	556	412	329	267	164	164	0	144	206	288	370	473	515	
329	370	432	638	556	700	741	638	659	659	824	782	721	679	638	659	679	576	556	412	329	329	226	123	144	0	61	144	247	350	350	
329	309	370	556	494	638	700	597	618	638	803	782	721	679	659	700	700	618	618	473	391	391	288	185	206	61	0	61	164	267	288	
329	247	309	494	453	597	659	556	597	618	803	782	741	700	679	721	762	659	679	535	453	473	370	247	288	144	61	0	103	206	206	
391	226	288	432	432	576	638	576	618	638	844	824	782	782	762	803	844	762	782	638	556	576	473	350	370	247	164	103	0	103	164	
453	206	267	391	412	535	618	597	659	679	865	865	844	844	844	885	927	865	885	741	659	679	576	453	473	350	267	206	103	0	144	
350	61	123	267	267	412	473	453	494	535	721	721	700	700	721	782	844	782	803	659	597	659	576	432	515	350	288	206	164	144	0	
V5
0	129	129	206	146	189	189	129	137	137	206	180	163	154	154	180	206	180	206	154	146	180	163	129	197	137	137	137	163	189	146	
129	0	25	103	86	146	172	154	180	189	266	275	266	266	275	309	335	309	326	266	249	275	240	180	223	154	129	103	94	86	25	
129	25	0	77	60	120	146	137	163	172	249	258	258	266	275	309	335	309	335	283	258	292	258	206	249	180	154	129	120	111	51	
206	103	77	0	68	77	120	154	180	197	266	292	301	318	335	369	404	387	412	361	344	369	344	283	326	266	232	206	180	163	111	
146	86	60	68	0	60	86	94	120	137	206	223	232	249	266	301	335	318	352	301	283	326	301	249	301	232	206	189	180	172	111	
189	146	120	77	60	0	43	94	120	137	189	223	240	258	283	326	361	352	387	352	335	378	352	301	361	292	266	249	240	223	172	
189	172	146	120	86	43	0	68	86	103	154	189	206	232	258	301	344	344	378	344	335	378	361	318	369	309	292	275	266	258	197	
129	154	137	154	94	94	68	0	25	43	111	129	146	163	189	232	266	266	309	275	266	318	301	258	326	266	249	232	240	249	189	
137	180	163	180	120	120	86	25	0	17	86	103	120	137	172	215	249	249	292	266	266	318	301	266	335	275	258	249	258	275	206	
137	189	172	197	137	137	103	43	17	0	77	86	103	120	154	197	240	240	283	258	258	309	301	266	335	275	266	258	266	283	223	
206	266	249	266	206	189	154	111	86	77	0	43	86	120	154	197	240	258	309	292	309	361	361	326	395	344	335	335	352	361	301	
180	275	258	292	223	223	189	129	103	86	43	0	34	68	111	154	197	215	266	258	275	326	326	301	369	326	326	326	344	361	301	
163	266	258	301	232	240	206	146	120	103	86	34	0	34	68	111	154	172	223	223	240	292	292	275	344	301	301	309	326	352	292	
154	266	266	318	249	258	232	163	137	120	120	68	34	0	34	77	120	137	189	189	206	258	266	249	326	283	283	292	326	352	292	
154	275	275	335	266	283	258	189	172	154	154	111	68	34	0	43	77	94	146	154	172	223	240	232	301	266	275	283	318	352	301	
180	309	309	369	301	326	301	232	215	197	197	154	111	77	43	0	43	68	120	137	163	215	232	232	301	275	292	301	335	369	326	
206	335	335	404	335	361	344	266	249	240	240	197	154	120	77	43	0	43	86	120	154	197	223	232	292	283	292	318	352	387	352	
180	309	309	387	318	352	344	266	249	240	258	215	172	137	94	68	43	0	51	77	111	154	180	189	249	240	258	275	318	361	326	
206	326	335	412	352	387	378	309	292	283	309	266	223	189	146	120	86	51	0	60	94	120	154	180	232	232	258	283	326	369	335	
154	266	283	361	301	352	344	275	266	258	292	258	223	189	154	137	120	77	60	0	34	68	103	120	172	172	197	223	266	309	275	
146	249	258	344	283	335	335	266	266	258	309	275	240	206	172	163	154	111	94	34	0	51	60	86	137	137	163	189	232	275	249	
180	275	292	369	326	378	378	318	318	309	361	326	292	258	223	215	197	154	120	68	51	0	43	86	111	137	163	197	240	283	275	
163	240	258	344	301	352	361	301	301	301	361	326	292	266	240	232	223	180	154	103	60	43	0	51	68	94	120	154	197	240	240	
129	180	206	283	249	301	318	258	266	266	326	301	275	249	232	232	232	189	180	120	86	86	51	0	68	51	77	103	146	189	180	
197	223	249	326	301	361	369	326	335	335	395	369	344	326	301	301	292	249	232	172	137	111	68	68	0	60	86	120	154	197	215	
137	154	180	266	232	292	309	266	275	275	344	326	301	283	266	275	283	240	232	172	137	137	94	51	60	0	25	60	103	146	146	
137	129	154	232	206	266	292	249	258	266	335	326	301	283	275	292	292	258	258	197	163	163	120	77	86	25	0	25	68	111	120	
137	103	129	206	189	249	275	232	249	258	335	326	309	292	283	301	318	275	283	223	189	197	154	103	120	60	25	0	43	86	86	
163	94	120	180	180	240	266	240	258	266	352	344	326	326	318	335	352	318	326	266	232	240	197	146	154	103	68	43	0	43	68	
189	86	111	163	172	223	258	249	275	283	361	361	352	352	352	369	387	361	369	309	275	283	240	189	197	146	111	86	43	0	60	
146	25	51	111	111	172	197	189	206	223	301	301	292	292	301	326	352	326	335	275	249	275	240	180	215	146	120	86	68	60	0	
V6
0	318	318	508	360	466	466	318	339	339	508	445	402	381	381	445	508	445	508	381	360	445	402	318	487	339	339	339	402	466	360	
318	0	63	254	212	360	424	381	445	466	657	678	657	657	678	763	826	763	805	657	614	678	593	445	551	381	318	254	233	212	63	
318	63	0	190	148	296	360	339	402	424	614	636	636	657	678	763	826	763	826	699	636	720	636	508	614	445	381	318	296	275	127	
508	254	190	0	169	190	296	381	445	487	657	720	742	784	826	911	996	954	1017	890	848	911	848	699	805	657	572	508	445	402	275	
360	212	148	169	0	148	212	233	296	339	508	551	572	614	657	742	826	784	869	742	699	805	742	614	742	572	508	466	445	424	275	
466	360	296	190	148	0	106	233	296	339	466	551	593	636	699	805	890	869	954	869	826	932	869	742	890	720	657	614	593	551	424	
466	424	360	296	212	106	0	169	212	254	381	466	508	572	636	742	848	848	932	848	826	932	890	784	911	763	720	678	657	636	487	
318	381	339	381	233	233	169	0	63	106	275	318	360	402	466	572	657	657	763	678	657	784	742	636	805	657	614	572	593	614	466	
339	445	402	445	296	296	212	63	0	42	212	254	296	339	424	530	614	614	720	657	657	784	742	657	826	678	636	614	636	678	508	
339	466	424	487	339	339	254	106	42	0	190	212	254	296	381	487	593	593	699	636	636	763	742	657	826	678	657	636	657	699	551	
508	657	614	657	508	466	381	275	212	190	0	106	212	296	381	487	593	636	763	720	763	890	890	805	975	848	826	826	869	890	742	
445	678	636	720	551	551	466	318	254	212	106	0	84	169	275	381	487	530	657	636	678	805	805	742	911	805	805	805	848	890	742	
402	657	636	742	572	593	508	360	296	254	212	84	0	84	169	275	381	424	551	551	593	720	720	678	848	742	742	763	805	869	720	
381	657	657	784	614	636	572	402	339	296	296	169	84	0	84	190	296	339	466	466	508	636	657	614	805	699	699	720	805	869	720	
381	678	678	826	657	699	636	466	424	381	381	275	169	84	0	106	190	233	360	381	424	551	593	572	742	657	678	699	784	869	742	
445	763	763	911	742	805	742	572	530	487	487	381	275	190	106	0	106	169	296	339	402	530	572	572	742	678	720	742	826	911	805	
508	826	826	996	826	890	848	657	614	593	593	487	381	296	190	106	0	106	212	296	381	487	551	572	720	699	720	784	869	954	869	
445	763	763	954	784	869	848	657	614	593	636	530	424	339	233	169	106	0	127	190	275	381	445	466	614	593	636	678	784	890	805	
508	805	826	1017	869	954	932	763	720	699	763	657	551	466	360	296	212	127	0	148	233	296	381	445	572	572	636	699	805	911	826	
381	657	699	890	742	869	848	678	657	636	720	636	551	466	381	339	296	190	148	0	84	169	254	296	424	424	487	551	657	763	678	
360	614	636	848	699	826	826	657	657	636	763	678	593	508	424	402	381	275	233	84	0	127	148	212	339	339	402	466	572	678	614	
445	678	720	911	805	932	932	784	784	763	890	805	720	636	551	530	487	381	296	169	127	0	106	212	275	339	402	487	593	699	678	
402	593	636	848	742	869	890	742	742	742	890	805	720	657	593	572	551	445	381	254	148	106	0	127	169	233	296	381	487	593	593	
318	445	508	699	614	742	784	636	657	657	805	742	678	614	572	572	572	466	445	296	212	212	127	0	169	127	190	254	360	466	445	
487	551	614	805	742	890	911	805	826	826	975	911	848	805	742	742	720	614	572	424	339	275	169	169	0	148	212	296	381	487	530	
339	381	445	657	572	720	763	657	678	678	848	805	742	699	657	678	699	593	572	424	339	339	233	127	148	0	63	148	254	360	360	
339	318	381	572	508	657	720	614	636	657	826	805	742	699	678	720	720	636	636	487	402	402	296	190	212	63	0	63	169	275	296	
339	254	318	508	466	614	678	572	614	636	826	805	763	720	699	742	784	678	699	551	466	487	381	254	296	148	63	0	106	212	212	
402	233	296	445	445	593	657	593	636	657	869	848	805	805	784	826	869	784	805	657	572	593	487	360	381	254	169	106	0	106	169	
466	212	275	402	424	551	636	614	678	699	890	890	869	869	869	911	954	890	911	763	678	699	593	466	487	360	275	212	106	0	148	
360	63	127	275	275	424	487	466	508	551	742	742	720	720	742	805	869	805	826	678	614	678	593	445	530	360	296	212	169	148	0	
V7
0	222	222	355	251	325	325	222	236	236	355	310	281	266	266	310	355	310	355	266	251	310	281	222	340	236	236	236	281	325	251	
222	0	44	177	148	251	296	266	310	325	458	473	458	458	473	532	577	532	562	458	429	473	414	310	384	266	222	177	162	148	44	
222	44	0	133	103	207	251	236	281	296	429	444	444	458	473	532	577	532	577	488	444	503	444	355	429	310	266	222	207	192	88	
355	177	133	0	118	133	207	266	310	340	458	503	518	547	577	636	695	666	710	621	592	636	592	488	562	458	399	355	310	281	192	
251	148	103	118	0	103	148	162	207	236	355	384	399	429	458	518	577	547	606	518	488	562	518	429	518	399	355	325	310	296	192	
325	251	207	133	103	0	74	162	207	236	325	384	414	444	488	562	621	606	666	606	577	651	606	518	621	503	458	429	414	384	296	
325	296	251	207	148	74	0	118	148	177	266	325	355	399	444	518	592	592	651	592	577	651	621	547	636	532	503	473	458	444	340	
222	266	236	266	162	162	118	0	44	74	192	222	251	281	325	399	458	458	532	473	458	547	518	444	562	458	429	399	414	429	325	
236	310	281	310	207	207	148	44	0	29	148	177	207	236	296	370	429	429	503	458	458	547	518	458	577	473	444	429	444	473	355	
236	325	296	340	236	236	177	74	29	0	133	148	177	207	266	340	414	414	488	444	444	532	518	458	577	473	458	444	458	488	384	
355	458	429	458	355	325	266	192	148	133	0	74	148	207	266	340	414	444	532	503	532	621	621	562	680	592	577	577	606	621	518	
310	473	444	503	384	384	325	222	177	148	74	0	59	118	192	266	340	370	458	444	473	562	562	518	636	562	562	562	592	621	518	
281	458	444	518	399	414	355	251	207	177	148	59	0	59	118	192	266	296	384	384	414	503	503	473	592	518	518	532	562	606	503	
266	458	458	547	429	444	399	281	236	207	207	118	59	0	59	133	207	236	325	325	355	444	458	429	562	488	488	503	562	606	503	
266	473	473	577	458	488	444	325	296	266	266	192	118	59	0	74	133	162	251	266	296	384	414	399	518	458	473	488	547	606	518	
310	532	532	636	518	562	518	399	370	340	340	266	192	133	74	0	74	118	207	236	281	370	399	399	518	473	503	518	577	636	562	
355	577	577	695	577	621	592	458	429	414	414	340	266	207	133	74	0	74	148	207	266	340	384	399	503	488	503	547	606	666	606	
310	532	532	666	547	606	592	458	429	414	444	370	296	236	162	118	74	0	88	133	192	266	310	325	429	414	444	473	547	621	562	
355	562	577	710	606	666	651	532	503	488	532	458	384	325	251	207	148	88	0	103	162	207	266	310	399	399	444	488	562	636	577	
266	458	488	621	518	606	592	473	458	444	503	444	384	325	266	236	207	133	103	0	59	118	177	207	296	296	340	384	458	532	473	
251	429	444	592	488	577	577	458	458	444	532	473	414	355	296	281	266	192	162	59	0	88	103	148	236	236	281	325	399	473	429	
310	473	503	636	562	651	651	547	547	532	621	562	503	444	384	370	340	266	207	118	88	0	74	148	192	236	281	340	414	488	473	
281	414	444	592	518	606	621	518	518	518	621	562	503	458	414	399	384	310	266	177	103	74	0	88	118	162	207	266	340	414	414	
222	310	355	488	429	518	547	444	458	458	562	518	473	429	399	399	399	325	310	207	148	148	88	0	118	88	133	177	251	325	310	
340	384	429	562	518	621	636	562	577	577	680	636	592	562	518	518	503	429	399	296	236	192	118	118	0	103	148	207	266	340	370	
236	266	310	458	399	503	532	458	473	473	592	562	518	488	458	473	488	414	399	296	236	236	162	88	103	0	44	103	177	251	251	
236	222	266	399	355	458	503	429	444	458	577	562	518	488	473	503	503	444	444	340	281	281	207	133	148	44	0	44	118	192	207	
236	177	222	355	325	429	473	399	429	444	577	562	532	503	488	518	547	473	488	384	325	340	266	177	207	103	44	0	74	148	148	
281	162	207	310	310	414	458	414	444	458	606	592	562	562	547	577	606	547	562	458	399	414	340	251	266	177	118	74	0	74	118	
325	148	192	281	296	384	444	429	473	488	621	621	606	606	606	636	666	621	636	532	473	488	414	325	340	251	192	148	74	0	103	
251	44	88	192	192	296	340	325	355	384	518	518	503	503	518	562	606	562	577	473	429	473	414	310	370	251	207	148	118	103	0	
Velocidade_Veiculos
1	1	1	1	1	1	1	1	