M: 4
N: 30
Nun_Veiculos: 10
Capacidade_Total: 759
Demanda_Total: 497
Setup_Min: 1
Setup_Max: 9
Raio: 100
Circulos: 1
Tempo_Processamento_Min: 1
Tempo_Processamento_Max: 49
Demanda_Min: 10
Demanda_Max: 30
Priority_Factor: 0.2
Range_Factor_R: 0.8
U_factor: 2
ALpha: 0.2Replicao: 2
Tempos_Processamentos
0	0	1	0	2	0	3	0	
0	31	1	13	2	18	3	20	
0	14	1	45	2	28	3	40	
0	3	1	11	2	42	3	13	
0	13	1	42	2	12	3	19	
0	44	1	46	2	42	3	39	
0	24	1	6	2	36	3	5	
0	34	1	1	2	17	3	30	
0	8	1	19	2	1	3	33	
0	33	1	33	2	32	3	29	
0	1	1	44	2	34	3	2	
0	42	1	34	2	41	3	1	
0	4	1	47	2	1	3	28	
0	11	1	3	2	34	3	38	
0	14	1	21	2	10	3	29	
0	16	1	18	2	15	3	49	
0	26	1	27	2	21	3	31	
0	24	1	9	2	28	3	21	
0	10	1	43	2	2	3	38	
0	30	1	36	2	7	3	16	
0	10	1	13	2	45	3	36	
0	44	1	45	2	39	3	10	
0	22	1	15	2	17	3	41	
0	20	1	11	2	42	3	10	
0	1	1	23	2	31	3	14	
0	19	1	3	2	2	3	12	
0	4	1	32	2	31	3	20	
0	15	1	26	2	8	3	1	
0	27	1	49	2	8	3	43	
0	7	1	4	2	42	3	37	
0	26	1	14	2	42	3	7	

Tempos_setup
M0
0	0	0	0	0	0	0	0	0	0	0	0	0	0	0	0	0	0	0	0	0	0	0	0	0	0	0	0	0	0	0	
0	0	3	3	3	3	3	4	2	4	2	3	1	4	2	4	2	3	3	3	2	4	3	3	4	2	4	3	2	3	3	
0	2	0	3	2	1	2	2	2	3	1	1	3	4	1	3	1	1	2	2	3	2	2	2	2	3	3	2	2	2	2	
0	1	3	0	1	2	2	2	2	2	2	3	1	3	2	4	2	1	2	2	1	2	1	2	1	2	2	3	2	3	3	
0	2	3	2	0	2	2	1	2	3	2	2	1	3	2	3	1	2	2	1	2	2	2	3	1	2	4	2	1	2	2	
0	1	1	2	3	0	2	3	1	3	2	2	2	3	2	3	1	2	2	2	2	3	2	3	3	3	4	2	1	2	2	
0	3	2	3	4	2	0	4	3	3	3	3	3	4	1	4	3	3	2	4	3	3	4	2	3	4	3	2	3	4	3	
0	3	2	3	2	2	3	0	3	3	2	3	2	4	1	3	3	1	2	1	1	2	4	2	3	3	3	3	2	4	2	
0	3	1	3	2	2	2	3	0	2	2	2	1	2	2	2	2	1	3	3	2	3	3	2	3	2	3	3	2	1	3	
0	2	2	3	2	1	1	2	2	0	1	3	2	1	2	3	2	3	1	1	1	3	3	2	3	2	3	3	2	3	2	
0	1	3	2	2	2	1	3	3	3	0	2	2	3	2	2	1	3	1	1	2	3	2	2	3	3	3	2	1	2	1	
0	1	4	3	1	3	2	2	3	3	2	0	2	4	3	3	2	3	2	2	3	2	3	3	1	3	4	3	2	3	2	
0	2	2	3	3	2	2	4	1	3	1	3	0	3	1	3	2	2	2	2	1	3	3	2	4	1	3	2	2	2	2	
0	3	4	2	3	3	3	4	4	3	4	2	3	0	3	3	1	3	4	2	3	3	2	3	3	4	4	2	4	2	3	
0	2	2	3	3	1	2	3	2	4	2	2	2	4	0	4	2	3	1	3	2	3	3	1	3	3	2	3	2	3	3	
0	2	3	2	2	2	3	2	3	2	3	2	3	3	1	0	2	2	2	3	3	1	3	2	3	3	3	1	3	3	1	
0	2	3	2	2	2	2	3	3	2	3	1	3	3	2	2	0	2	3	1	3	2	1	2	2	3	3	1	3	1	2	
0	2	2	2	3	1	2	3	2	4	1	2	2	3	3	3	2	0	2	2	2	3	3	1	3	3	2	3	1	3	2	
0	2	2	3	2	1	2	3	2	3	2	2	3	4	3	3	2	3	0	3	2	3	3	1	3	4	2	3	2	2	2	
0	2	2	3	1	1	3	2	2	3	3	3	2	4	1	2	2	3	2	0	3	3	3	2	2	3	3	3	2	3	1	
0	3	3	3	3	3	3	4	2	3	2	4	1	4	2	4	3	3	3	2	0	3	4	3	4	2	4	3	3	3	3	
0	2	3	3	1	2	2	2	3	1	2	1	2	2	3	3	2	1	2	2	2	0	3	2	2	2	2	3	2	2	3	
0	2	2	1	1	1	2	2	2	2	2	2	2	3	3	3	2	1	3	2	2	1	0	1	2	3	2	3	2	2	3	
0	1	3	2	2	2	1	2	3	3	1	1	2	4	2	3	2	2	2	2	1	2	3	0	2	3	1	3	2	3	2	
0	2	3	3	2	2	1	3	2	2	1	2	1	3	2	3	2	2	1	2	2	1	2	2	0	2	3	3	2	3	2	
0	2	3	2	2	2	3	3	3	2	2	3	3	3	2	3	2	3	3	1	3	2	3	3	3	0	4	1	2	3	2	
0	2	2	3	1	1	2	2	2	3	3	3	2	4	3	4	2	3	3	2	3	3	2	3	2	3	0	2	2	3	3	
0	1	3	1	2	2	2	2	3	1	2	2	2	2	3	2	1	2	2	2	2	1	2	2	2	2	3	0	3	2	1	
0	1	3	1	2	2	1	3	2	3	2	3	1	2	2	2	2	2	1	3	1	3	2	2	2	2	3	3	0	3	3	
0	2	3	3	2	2	1	3	3	1	2	2	3	2	2	1	1	1	2	2	2	2	2	2	3	3	3	2	2	0	2	
0	3	2	3	3	3	3	3	4	2	2	3	4	3	2	1	3	3	3	3	3	2	4	3	4	2	4	2	3	4	0	
M1
0	0	0	0	0	0	0	0	0	0	0	0	0	0	0	0	0	0	0	0	0	0	0	0	0	0	0	0	0	0	0	
0	0	2	3	3	3	1	1	3	2	3	3	3	2	2	2	3	3	2	3	3	4	2	4	2	2	2	2	3	2	2	
0	2	0	4	2	2	3	3	3	2	2	2	1	1	2	2	3	3	2	3	3	3	4	4	3	2	2	3	3	2	1	
0	2	2	0	3	1	2	2	3	2	2	2	3	1	3	2	2	3	2	1	1	2	3	3	3	2	3	2	1	2	3	
0	3	3	3	0	3	1	2	3	3	3	3	3	2	2	2	3	2	2	3	2	3	4	3	1	3	2	2	3	2	1	
0	3	3	3	2	0	3	2	2	2	2	3	4	3	2	2	2	3	3	3	1	1	4	2	3	2	2	1	2	3	2	
0	2	2	2	3	3	0	2	3	2	2	2	2	1	2	2	3	2	1	2	2	3	4	4	1	2	1	1	2	2	2	
0	3	1	3	2	3	3	0	2	3	3	3	2	2	2	1	4	3	3	3	4	4	3	3	3	3	2	4	3	3	1	
0	3	2	3	3	3	1	1	0	1	2	3	3	2	3	2	2	3	1	2	2	3	4	1	2	2	2	2	2	1	2	
0	4	3	3	2	3	3	3	4	0	3	3	2	4	3	3	4	4	4	3	4	4	5	5	3	5	2	2	2	4	3	
0	2	3	2	3	3	3	3	3	3	0	2	4	3	3	2	4	1	2	3	3	4	4	4	4	3	2	4	3	3	3	
0	4	3	3	1	3	2	3	4	4	3	0	4	3	3	3	3	3	3	4	3	4	2	4	2	3	3	3	2	3	2	
0	2	4	4	1	1	2	3	2	2	3	1	0	3	2	1	3	3	3	4	2	2	3	3	2	3	3	2	3	3	2	
0	1	2	3	2	3	2	2	3	1	1	1	3	0	3	3	2	2	1	2	2	3	3	4	3	1	2	3	3	1	2	
0	3	3	3	3	4	1	3	4	1	3	3	3	2	0	3	4	3	2	2	3	4	3	5	2	3	2	2	3	3	2	
0	4	3	4	1	4	2	2	1	2	3	3	4	3	1	0	3	3	2	3	3	4	3	2	2	3	3	3	3	2	2	
0	2	2	3	3	1	2	2	3	3	1	2	2	3	3	2	0	2	3	1	1	2	4	3	2	3	2	2	3	1	3	
0	4	2	4	2	4	3	2	2	3	2	2	3	3	2	1	3	0	1	3	2	3	4	3	3	2	3	4	4	3	3	
0	3	1	3	3	3	3	1	3	2	1	2	2	2	2	2	2	2	0	2	1	2	3	3	2	1	3	3	3	3	2	
0	1	1	3	2	3	2	2	2	3	3	3	2	2	3	3	4	4	3	0	4	3	3	3	3	3	3	3	4	3	2	
0	2	2	3	2	2	3	3	2	2	2	3	3	3	2	1	1	3	3	2	0	1	4	2	3	3	2	3	2	2	2	
0	3	2	3	3	4	2	2	1	1	1	3	3	3	2	3	3	2	2	2	3	0	4	1	3	2	1	3	3	2	1	
0	3	1	5	3	3	4	2	4	3	3	3	2	2	3	3	4	4	2	2	3	4	0	5	4	3	3	4	4	3	2	
0	2	1	3	3	3	3	3	3	1	1	3	2	2	3	3	4	2	3	1	4	2	4	0	4	3	3	3	2	3	2	
0	2	2	3	2	2	2	3	2	2	3	2	3	3	2	1	2	1	2	2	1	2	4	3	0	3	1	3	3	1	3	
0	2	2	3	3	4	2	3	3	1	1	3	3	3	2	3	4	2	3	1	4	3	2	4	3	0	2	2	3	4	1	
0	2	2	2	3	3	3	3	2	1	3	4	3	3	3	2	2	3	3	1	3	4	4	3	4	4	0	3	3	2	3	
0	3	2	2	3	3	2	2	3	2	2	2	3	2	1	3	3	3	3	2	3	4	4	4	3	3	1	0	1	3	3	
0	2	1	1	2	2	1	1	3	3	1	1	2	2	2	2	2	2	2	2	2	3	3	4	2	3	2	2	0	3	2	
0	3	3	3	4	2	1	3	3	2	2	3	3	2	2	3	1	2	2	2	2	3	5	4	2	3	1	2	3	0	3	
0	3	3	3	4	4	2	3	2	2	3	4	4	3	1	3	3	4	3	2	4	4	3	3	3	3	1	3	4	3	0	
M2
0	0	0	0	0	0	0	0	0	0	0	0	0	0	0	0	0	0	0	0	0	0	0	0	0	0	0	0	0	0	0	
0	0	3	2	2	3	3	1	4	3	2	2	1	2	3	2	2	2	2	2	2	3	2	2	3	2	2	3	3	3	1	
0	2	0	2	2	3	3	2	3	3	3	2	3	3	3	3	2	1	2	3	2	4	4	3	2	2	3	3	3	3	1	
0	2	2	0	1	2	3	2	3	2	1	2	3	1	3	2	2	2	2	2	2	3	2	2	2	2	2	1	3	3	1	
0	2	2	2	0	1	3	1	2	3	3	2	2	3	3	2	1	2	2	2	3	2	3	1	1	3	2	1	2	3	3	
0	1	2	1	2	0	3	1	4	3	2	3	2	2	3	1	3	2	3	2	3	1	2	1	3	3	2	2	1	4	2	
0	1	3	3	1	2	0	1	3	4	3	1	2	3	2	3	2	2	2	2	3	3	3	2	2	3	2	2	3	2	2	
0	3	3	2	1	2	3	0	3	3	3	2	3	3	2	3	2	1	3	3	3	3	2	1	2	2	1	2	3	3	2	
0	2	3	2	3	1	4	2	0	2	1	3	3	3	4	2	2	2	2	3	3	2	3	2	3	3	3	2	2	4	3	
0	2	2	2	2	1	4	2	4	0	3	4	3	3	4	2	3	3	4	3	1	2	2	2	3	3	3	3	2	5	3	
0	2	3	3	2	2	3	1	3	1	0	2	3	4	3	3	3	1	1	2	2	3	3	2	2	3	2	2	3	3	2	
0	2	3	2	2	2	1	2	2	3	3	0	3	2	1	2	2	3	1	1	2	3	3	3	3	2	3	2	2	1	1	
0	2	2	2	2	2	4	2	3	3	3	3	0	1	3	1	2	2	2	1	2	2	1	2	2	2	2	3	3	3	1	
0	2	3	3	2	3	3	3	2	4	3	2	2	0	2	3	3	3	2	3	3	2	1	3	1	2	1	2	3	3	3	
0	3	4	2	3	4	4	2	4	3	3	3	2	3	0	3	4	2	2	3	4	4	3	3	3	1	3	3	5	1	3	
0	3	1	3	1	2	4	2	3	2	3	3	3	4	2	0	2	2	3	1	2	3	3	2	2	3	3	2	2	3	2	
0	1	2	1	1	2	4	1	3	3	2	3	2	2	2	2	0	2	3	3	2	3	3	2	2	3	2	2	3	3	2	
0	2	2	3	3	3	2	3	2	4	3	1	2	3	2	3	3	0	2	2	3	4	3	2	1	3	3	3	3	2	2	
0	4	2	4	4	3	3	3	4	2	4	2	4	4	2	3	3	3	0	2	3	3	4	4	3	3	3	1	4	2	3	
0	2	3	2	2	1	4	1	4	3	2	3	3	3	2	2	3	2	3	0	4	2	3	2	3	3	2	3	2	3	3	
0	3	2	3	1	2	4	2	3	1	4	3	3	4	4	3	2	3	3	2	0	3	3	2	2	2	3	2	3	4	3	
0	3	2	3	2	2	3	1	3	3	3	2	1	2	3	1	3	2	3	1	3	0	2	2	3	3	2	3	3	3	2	
0	2	3	4	3	3	3	2	2	4	3	2	2	3	3	2	4	3	2	2	4	1	0	3	1	4	3	2	4	3	3	
0	3	3	1	2	3	4	3	4	2	2	3	2	2	2	3	3	3	3	2	3	4	3	0	3	3	1	2	3	3	2	
0	1	3	3	3	2	2	2	1	3	2	1	1	2	2	2	3	2	1	2	3	3	2	3	0	3	3	2	3	2	2	
0	3	3	1	2	3	3	3	3	2	2	2	1	2	3	2	3	1	1	2	3	3	2	3	2	0	3	2	4	3	2	
0	3	2	3	3	3	3	2	3	4	4	2	3	3	1	3	3	3	3	2	4	3	2	3	2	2	0	1	2	2	3	
0	3	1	3	3	2	2	2	3	4	3	1	3	3	2	2	2	2	2	1	3	2	4	3	3	3	2	0	3	2	2	
0	3	4	2	2	3	2	3	3	4	3	3	2	3	3	3	3	4	3	3	4	2	1	3	2	4	2	3	0	4	3	
0	4	4	3	2	3	4	1	4	4	4	3	3	4	3	4	3	2	3	4	4	3	3	2	3	2	2	3	4	0	3	
0	1	3	1	1	2	4	2	3	2	2	3	2	2	3	2	1	2	1	3	1	3	3	2	2	1	3	2	2	3	0	
M3
0	0	0	0	0	0	0	0	0	0	0	0	0	0	0	0	0	0	0	0	0	0	0	0	0	0	0	0	0	0	0	
0	0	1	2	3	1	1	3	2	1	2	2	3	2	2	1	2	2	2	2	1	2	2	2	2	1	2	2	2	1	1	
0	3	0	1	2	2	2	3	3	2	3	3	2	1	3	3	1	3	1	2	3	2	3	3	2	3	2	2	2	2	2	
0	3	3	0	2	1	1	2	3	3	2	3	1	1	3	3	1	2	2	2	2	3	3	3	2	3	2	2	2	2	2	
0	3	2	2	0	3	3	2	2	1	4	3	3	3	2	4	2	3	2	3	3	2	1	2	4	1	2	3	3	3	3	
0	3	3	2	3	0	3	3	2	2	4	2	3	2	2	2	3	2	1	3	2	2	2	3	2	3	1	2	3	2	1	
0	3	3	3	2	3	0	2	4	3	1	2	2	3	3	3	2	4	2	3	1	2	2	3	2	3	1	3	1	2	3	
0	3	4	4	4	4	3	0	5	2	4	4	4	4	5	4	4	4	3	4	3	3	4	3	4	3	3	3	4	4	4	
0	2	3	3	3	1	3	2	0	3	2	1	3	3	3	2	1	1	2	2	3	3	2	4	2	2	2	2	2	3	2	
0	3	3	3	3	2	2	3	3	0	3	2	2	2	4	3	2	2	2	2	3	1	2	1	3	1	1	2	3	3	3	
0	4	3	3	1	3	3	2	3	2	0	4	2	3	2	3	2	3	1	3	3	2	2	2	1	2	3	2	3	3	2	
0	4	4	3	4	3	2	1	3	2	3	0	2	3	2	3	3	3	2	4	3	2	1	3	3	3	3	2	1	3	2	
0	4	4	3	4	3	2	1	3	2	3	4	0	3	3	2	3	2	1	3	3	2	2	3	4	3	3	2	3	3	2	
0	2	2	2	1	2	3	2	3	2	4	4	1	0	3	2	2	3	2	3	3	3	2	2	1	2	3	1	3	1	2	
0	3	3	4	2	3	3	3	2	1	3	3	3	3	0	3	3	3	3	3	4	2	3	2	3	2	2	3	4	2	3	
0	4	3	2	2	2	3	3	4	2	4	3	3	2	4	0	3	3	3	4	2	2	3	3	2	3	3	1	4	3	3	
0	3	2	2	3	2	3	3	4	2	4	2	3	2	4	2	0	3	2	1	3	3	3	3	3	3	3	1	1	3	3	
0	3	4	4	4	3	4	2	3	3	5	2	4	3	3	3	2	0	2	3	3	2	1	4	4	1	1	3	3	3	2	
0	3	3	2	3	2	3	3	2	1	4	3	3	2	2	2	2	2	0	2	2	1	3	2	3	2	2	1	3	2	1	
0	4	4	4	4	4	4	4	5	4	5	3	3	4	5	3	2	5	4	0	2	3	3	4	3	2	4	3	1	3	4	
0	2	2	2	3	3	3	2	3	2	3	1	3	3	3	2	3	3	3	4	0	3	2	3	2	2	3	2	2	1	2	
0	3	3	2	2	1	2	3	2	2	3	2	2	1	3	2	1	3	2	2	3	0	2	3	2	3	1	1	2	2	2	
0	3	3	3	3	3	3	1	3	2	4	4	4	3	3	3	3	3	1	3	3	2	0	3	3	2	3	2	4	2	2	
0	4	4	4	3	4	1	2	4	3	2	3	1	2	4	3	3	1	2	4	2	3	2	0	2	2	2	3	2	3	3	
0	3	3	2	4	3	3	2	3	2	4	3	1	3	3	3	1	3	1	2	3	2	2	3	0	1	3	2	2	3	2	
0	2	3	3	3	2	3	2	3	3	4	3	3	2	4	3	1	4	2	2	3	1	1	4	3	0	2	2	2	3	3	
0	4	4	4	4	3	3	2	4	3	4	1	3	4	3	4	3	4	2	4	4	3	1	4	3	2	0	3	2	3	3	
0	3	3	1	2	1	2	2	3	1	3	3	2	1	3	1	2	2	2	3	3	2	2	2	2	2	2	0	3	2	2	
0	4	5	4	5	4	3	3	4	4	4	5	2	4	5	4	3	4	3	4	4	3	4	5	2	3	4	4	0	5	4	
0	1	1	2	3	2	2	3	2	2	3	3	2	2	2	1	2	2	2	3	2	2	2	3	1	1	3	1	3	0	1	
0	3	3	2	2	2	3	3	1	2	3	2	2	1	1	1	2	1	3	2	1	1	2	3	2	2	2	2	3	2	0	
Tamanho_Tarefas
0	14	30	9	21	41	15	13	8	31	5	25	16	17	16	16	24	14	20	22	12	23	20	12	5	3	12	11	20	14	8	
Data_Entrega
0	187	206	159	159	168	203	174	198	190	169	161	184	168	203	170	168	187	182	174	170	203	166	171	176	187	190	184	202	175	164	
Penalidade_Atraso
0	13	8	8	17	12	13	2	18	16	18	7	4	14	6	3	12	7	20	17	1	1	5	5	1	6	10	13	5	15	17	
Capacidade_Veiculo
71	73	47	85	104	72	102	73	48	84	
Custo_Fixo_Veiculo
710	730	470	850	1040	720	1020	730	480	840	
Coordenadas_Clientes
x	0	y	0
x	104	y	0
x	98	y	20
x	100	y	44
x	63	y	46
x	54	y	60
x	46	y	81
x	25	y	79
x	12	y	123
x	-11	y	113
x	-29	y	89
x	-55	y	96
x	-71	y	79
x	-65	y	47
x	-69	y	30
x	-107	y	22
x	-113	y	0
x	-105	y	-22
x	-96	y	-43
x	-84	y	-61
x	-58	y	-64
x	-51	y	-89
x	-29	y	-89
x	-8	y	-78
x	8	y	-82
x	30	y	-93
x	38	y	-65
x	65	y	-72
x	88	y	-64
x	91	y	-40
x	96	y	-20
Tempo_Viagem
0	104	100	109	78	80	93	82	123	113	93	110	106	80	75	109	113	107	105	103	86	102	93	78	82	97	75	97	108	99	98	
104	0	20	44	61	77	99	111	152	160	160	185	192	175	175	212	217	210	204	197	174	178	159	136	126	118	92	81	65	41	21	
100	20	0	24	43	59	80	93	134	142	144	170	179	165	167	205	211	207	203	199	177	184	167	144	136	131	104	97	84	60	40	
109	44	24	0	37	48	65	82	118	130	135	161	174	165	169	207	217	215	214	211	191	201	185	162	156	153	125	121	108	84	64	
78	61	43	37	0	16	38	50	91	99	101	127	138	128	132	170	181	181	182	181	163	176	163	142	139	142	113	118	112	90	73	
80	77	59	48	16	0	22	34	75	83	87	113	126	119	126	164	177	178	181	183	166	182	170	151	149	154	126	132	128	106	89	
93	99	80	65	38	22	0	21	54	65	75	101	117	116	125	163	178	182	188	192	178	195	185	167	167	174	146	154	150	128	111	
82	111	93	82	50	34	21	0	45	49	54	80	96	95	106	143	159	164	171	177	165	184	175	160	161	172	144	156	156	136	121	
123	152	134	118	91	75	54	45	0	25	53	72	93	108	123	155	175	186	198	207	199	221	215	201	205	216	189	201	201	181	164	
113	160	142	130	99	83	65	49	25	0	30	47	68	85	101	132	152	164	177	188	183	205	202	191	195	210	184	200	202	183	170	
93	160	144	135	101	87	75	54	53	30	0	26	43	55	71	102	122	134	148	159	155	179	178	168	174	190	167	186	192	176	165	
110	185	170	161	127	113	101	80	72	47	26	0	23	50	67	90	112	128	144	159	160	185	186	180	188	207	185	206	214	199	190	
106	192	179	174	138	126	117	96	93	68	43	23	0	32	49	67	89	106	124	140	143	168	172	169	179	199	180	203	213	201	194	
80	175	165	165	128	119	116	95	108	85	55	50	32	0	17	48	67	79	94	109	111	136	140	137	148	169	152	176	188	178	174	
75	175	167	169	132	126	125	106	123	101	71	67	49	17	0	38	53	63	77	92	94	119	125	124	135	157	143	168	182	174	172	
109	212	205	207	170	164	163	143	155	132	102	90	67	48	38	0	22	44	65	86	98	123	135	140	155	178	169	196	213	207	207	
113	217	211	217	181	177	178	159	175	152	122	112	89	67	53	22	0	23	45	66	84	108	122	130	146	170	164	191	210	207	209	
107	210	207	215	181	178	182	164	186	164	134	128	106	79	63	44	23	0	22	43	63	86	101	112	127	151	149	176	197	196	201	
105	204	203	214	182	181	188	171	198	177	148	144	124	94	77	65	45	22	0	21	43	64	81	94	110	134	135	162	185	187	193	
103	197	199	211	181	183	192	177	207	188	159	159	140	109	92	86	66	43	21	0	26	43	61	77	93	117	122	149	172	176	184	
86	174	177	191	163	166	178	165	199	183	155	160	143	111	94	98	84	63	43	26	0	25	38	51	67	91	96	123	146	150	160	
102	178	184	201	176	182	195	184	221	205	179	185	168	136	119	123	108	86	64	43	25	0	22	44	59	81	91	116	140	149	162	
93	159	167	185	163	170	185	175	215	202	178	186	172	140	125	135	122	101	81	61	38	22	0	23	37	59	70	94	118	128	142	
78	136	144	162	142	151	167	160	201	191	168	180	169	137	124	140	130	112	94	77	51	44	23	0	16	40	47	73	97	105	119	
82	126	136	156	139	149	167	161	205	195	174	188	179	148	135	155	146	127	110	93	67	59	37	16	0	24	34	57	81	92	107	
97	118	131	153	142	154	174	172	216	210	190	207	199	169	157	178	170	151	134	117	91	81	59	40	24	0	29	40	64	80	98	
75	92	104	125	113	126	146	144	189	184	167	185	180	152	143	169	164	149	135	122	96	91	70	47	34	29	0	27	50	58	73	
97	81	97	121	118	132	154	156	201	200	186	206	203	176	168	196	191	176	162	149	123	116	94	73	57	40	27	0	24	41	60	
108	65	84	108	112	128	150	156	201	202	192	214	213	188	182	213	210	197	185	172	146	140	118	97	81	64	50	24	0	24	44	
99	41	60	84	90	106	128	136	181	183	176	199	201	178	174	207	207	196	187	176	150	149	128	105	92	80	58	41	24	0	20	
98	21	40	64	73	89	111	121	164	170	165	190	194	174	172	207	209	201	193	184	160	162	142	119	107	98	73	60	44	20	0	
Custo_Viagem
V0
0	1476	1420	1547	1107	1136	1320	1164	1746	1604	1320	1562	1505	1136	1065	1547	1604	1519	1491	1462	1221	1448	1320	1107	1164	1377	1065	1377	1533	1405	1391	
1476	0	284	624	866	1107	1405	1576	2172	2286	2272	2627	2726	2485	2485	3010	3081	2982	2896	2797	2470	2527	2272	1931	1789	1675	1306	1150	923	596	298	
1420	284	0	340	610	837	1136	1320	1902	2030	2044	2414	2541	2343	2371	2911	2996	2939	2882	2825	2513	2612	2371	2044	1931	1860	1476	1377	1192	852	568	
1547	624	340	0	525	681	923	1164	1675	1846	1931	2314	2470	2343	2399	2953	3081	3053	3038	2996	2712	2854	2627	2300	2215	2172	1775	1718	1533	1192	908	
1107	866	610	525	0	227	539	710	1306	1405	1434	1817	1959	1817	1874	2428	2570	2570	2584	2570	2314	2499	2314	2016	1973	2016	1604	1675	1590	1278	1036	
1136	1107	837	681	227	0	312	482	1065	1178	1235	1618	1789	1689	1789	2343	2513	2527	2570	2598	2371	2584	2414	2144	2115	2186	1789	1874	1817	1505	1278	
1320	1405	1136	923	539	312	0	298	766	923	1065	1448	1661	1647	1775	2314	2527	2584	2669	2726	2527	2769	2627	2371	2371	2470	2073	2186	2130	1831	1590	
1164	1576	1320	1164	710	482	298	0	639	695	766	1150	1363	1349	1505	2030	2257	2328	2428	2513	2343	2612	2499	2272	2286	2442	2044	2215	2215	1931	1718	
1746	2172	1902	1675	1306	1065	766	639	0	355	752	1022	1320	1533	1746	2215	2485	2641	2811	2939	2825	3138	3053	2854	2911	3067	2683	2868	2854	2570	2343	
1604	2286	2030	1846	1405	1178	923	695	355	0	426	667	965	1207	1434	1874	2158	2328	2513	2669	2598	2911	2868	2712	2769	2982	2612	2840	2868	2598	2414	
1320	2272	2044	1931	1434	1235	1065	766	752	426	0	369	610	781	1008	1448	1732	1902	2101	2257	2201	2541	2527	2385	2470	2712	2371	2641	2726	2499	2343	
1562	2627	2414	2314	1817	1618	1448	1150	1022	667	369	0	326	710	951	1278	1590	1817	2044	2257	2272	2627	2641	2556	2669	2939	2627	2925	3038	2825	2698	
1505	2726	2541	2470	1959	1789	1661	1363	1320	965	610	326	0	454	695	951	1263	1505	1760	1988	2030	2399	2456	2399	2541	2825	2556	2882	3024	2854	2754	
1136	2485	2343	2343	1817	1689	1647	1349	1533	1207	781	710	454	0	241	681	951	1121	1349	1547	1576	1931	1988	1945	2101	2399	2158	2499	2683	2527	2470	
1065	2485	2371	2399	1874	1789	1775	1505	1746	1434	1008	951	695	241	0	539	752	894	1093	1306	1334	1704	1775	1760	1917	2229	2030	2385	2584	2470	2442	
1547	3010	2911	2953	2428	2343	2314	2030	2215	1874	1448	1278	951	681	539	0	312	624	923	1221	1391	1760	1917	1988	2201	2527	2399	2783	3024	2939	2939	
1604	3081	2996	3081	2570	2513	2527	2257	2485	2158	1732	1590	1263	951	752	312	0	326	653	951	1192	1533	1732	1846	2073	2414	2328	2726	2982	2939	2967	
1519	2982	2939	3053	2570	2527	2584	2328	2641	2328	1902	1817	1505	1121	894	624	326	0	312	624	894	1221	1434	1590	1803	2158	2115	2513	2797	2783	2854	
1491	2896	2882	3038	2584	2570	2669	2428	2811	2513	2101	2044	1760	1349	1093	923	653	312	0	298	610	908	1150	1334	1576	1917	1917	2314	2627	2655	2740	
1462	2797	2825	2996	2570	2598	2726	2513	2939	2669	2257	2257	1988	1547	1306	1221	951	624	298	0	369	610	866	1093	1334	1675	1732	2115	2442	2499	2612	
1221	2470	2513	2712	2314	2371	2527	2343	2825	2598	2201	2272	2030	1576	1334	1391	1192	894	610	369	0	355	539	724	965	1306	1363	1746	2073	2130	2272	
1448	2527	2612	2854	2499	2584	2769	2612	3138	2911	2541	2627	2399	1931	1704	1760	1533	1221	908	610	355	0	312	624	837	1150	1306	1661	2002	2130	2300	
1320	2272	2371	2627	2314	2414	2627	2499	3053	2868	2527	2641	2456	1988	1775	1917	1732	1434	1150	866	539	312	0	326	525	837	1008	1349	1689	1831	2016	
1107	1931	2044	2300	2016	2144	2371	2272	2854	2712	2385	2556	2399	1945	1760	1988	1846	1590	1334	1093	724	624	326	0	227	568	667	1036	1377	1505	1689	
1164	1789	1931	2215	1973	2115	2371	2286	2911	2769	2470	2669	2541	2101	1917	2201	2073	1803	1576	1334	965	837	525	227	0	340	482	809	1164	1320	1519	
1377	1675	1860	2172	2016	2186	2470	2442	3067	2982	2712	2939	2825	2399	2229	2527	2414	2158	1917	1675	1306	1150	837	568	340	0	411	568	908	1136	1391	
1065	1306	1476	1775	1604	1789	2073	2044	2683	2612	2371	2627	2556	2158	2030	2399	2328	2115	1917	1732	1363	1306	1008	667	482	411	0	383	710	823	1036	
1377	1150	1377	1718	1675	1874	2186	2215	2868	2840	2641	2925	2882	2499	2385	2783	2726	2513	2314	2115	1746	1661	1349	1036	809	568	383	0	340	582	852	
1533	923	1192	1533	1590	1817	2130	2215	2854	2868	2726	3038	3024	2683	2584	3024	2982	2797	2627	2442	2073	2002	1689	1377	1164	908	710	340	0	340	624	
1405	596	852	1192	1278	1505	1831	1931	2570	2598	2499	2825	2854	2527	2470	2939	2939	2783	2655	2499	2130	2130	1831	1505	1320	1136	823	582	340	0	284	
1391	298	568	908	1036	1278	1590	1718	2343	2414	2343	2698	2754	2470	2442	2939	2967	2854	2740	2612	2272	2300	2016	1689	1519	1391	1036	852	624	284	0	
V1
0	1518	1460	1591	1138	1168	1357	1197	1795	1649	1357	1606	1547	1168	1095	1591	1649	1562	1533	1503	1255	1489	1357	1138	1197	1416	1095	1416	1576	1445	1430	
1518	0	292	642	890	1138	1445	1620	2233	2350	2336	2701	2803	2555	2555	3095	3168	3066	2978	2876	2540	2598	2336	1985	1839	1722	1343	1182	949	613	306	
1460	292	0	350	627	861	1168	1357	1956	2087	2102	2482	2613	2409	2438	2993	3080	3022	2963	2905	2584	2686	2438	2102	1985	1912	1518	1416	1226	876	584	
1591	642	350	0	540	700	949	1197	1722	1898	1985	2379	2540	2409	2467	3036	3168	3139	3124	3080	2788	2934	2701	2365	2277	2233	1825	1766	1576	1226	934	
1138	890	627	540	0	233	554	730	1343	1445	1474	1868	2014	1868	1927	2496	2642	2642	2657	2642	2379	2569	2379	2073	2029	2073	1649	1722	1635	1314	1065	
1168	1138	861	700	233	0	321	496	1095	1211	1270	1664	1839	1737	1839	2409	2584	2598	2642	2671	2438	2657	2482	2204	2175	2248	1839	1927	1868	1547	1314	
1357	1445	1168	949	554	321	0	306	788	949	1095	1489	1708	1693	1825	2379	2598	2657	2744	2803	2598	2847	2701	2438	2438	2540	2131	2248	2190	1883	1635	
1197	1620	1357	1197	730	496	306	0	657	715	788	1182	1401	1387	1547	2087	2321	2394	2496	2584	2409	2686	2569	2336	2350	2511	2102	2277	2277	1985	1766	
1795	2233	1956	1722	1343	1095	788	657	0	365	773	1051	1357	1576	1795	2277	2555	2715	2890	3022	2905	3226	3139	2934	2993	3153	2759	2949	2934	2642	2409	
1649	2350	2087	1898	1445	1211	949	715	365	0	438	686	992	1241	1474	1927	2219	2394	2584	2744	2671	2993	2949	2788	2847	3066	2686	2920	2949	2671	2482	
1357	2336	2102	1985	1474	1270	1095	788	773	438	0	379	627	803	1036	1489	1781	1956	2160	2321	2263	2613	2598	2452	2540	2788	2438	2715	2803	2569	2409	
1606	2701	2482	2379	1868	1664	1489	1182	1051	686	379	0	335	730	978	1314	1635	1868	2102	2321	2336	2701	2715	2628	2744	3022	2701	3007	3124	2905	2774	
1547	2803	2613	2540	2014	1839	1708	1401	1357	992	627	335	0	467	715	978	1299	1547	1810	2044	2087	2467	2525	2467	2613	2905	2628	2963	3109	2934	2832	
1168	2555	2409	2409	1868	1737	1693	1387	1576	1241	803	730	467	0	248	700	978	1153	1387	1591	1620	1985	2044	2000	2160	2467	2219	2569	2759	2598	2540	
1095	2555	2438	2467	1927	1839	1825	1547	1795	1474	1036	978	715	248	0	554	773	919	1124	1343	1372	1752	1825	1810	1971	2292	2087	2452	2657	2540	2511	
1591	3095	2993	3036	2496	2409	2379	2087	2277	1927	1489	1314	978	700	554	0	321	642	949	1255	1430	1810	1971	2044	2263	2598	2467	2861	3109	3022	3022	
1649	3168	3080	3168	2642	2584	2598	2321	2555	2219	1781	1635	1299	978	773	321	0	335	671	978	1226	1576	1781	1898	2131	2482	2394	2803	3066	3022	3051	
1562	3066	3022	3139	2642	2598	2657	2394	2715	2394	1956	1868	1547	1153	919	642	335	0	321	642	919	1255	1474	1635	1854	2219	2175	2584	2876	2861	2934	
1533	2978	2963	3124	2657	2642	2744	2496	2890	2584	2160	2102	1810	1387	1124	949	671	321	0	306	627	934	1182	1372	1620	1971	1971	2379	2701	2730	2817	
1503	2876	2905	3080	2642	2671	2803	2584	3022	2744	2321	2321	2044	1591	1343	1255	978	642	306	0	379	627	890	1124	1372	1722	1781	2175	2511	2569	2686	
1255	2540	2584	2788	2379	2438	2598	2409	2905	2671	2263	2336	2087	1620	1372	1430	1226	919	627	379	0	365	554	744	992	1343	1401	1795	2131	2190	2336	
1489	2598	2686	2934	2569	2657	2847	2686	3226	2993	2613	2701	2467	1985	1752	1810	1576	1255	934	627	365	0	321	642	861	1182	1343	1708	2058	2190	2365	
1357	2336	2438	2701	2379	2482	2701	2569	3139	2949	2598	2715	2525	2044	1825	1971	1781	1474	1182	890	554	321	0	335	540	861	1036	1387	1737	1883	2073	
1138	1985	2102	2365	2073	2204	2438	2336	2934	2788	2452	2628	2467	2000	1810	2044	1898	1635	1372	1124	744	642	335	0	233	584	686	1065	1416	1547	1737	
1197	1839	1985	2277	2029	2175	2438	2350	2993	2847	2540	2744	2613	2160	1971	2263	2131	1854	1620	1372	992	861	540	233	0	350	496	832	1197	1357	1562	
1416	1722	1912	2233	2073	2248	2540	2511	3153	3066	2788	3022	2905	2467	2292	2598	2482	2219	1971	1722	1343	1182	861	584	350	0	423	584	934	1168	1430	
1095	1343	1518	1825	1649	1839	2131	2102	2759	2686	2438	2701	2628	2219	2087	2467	2394	2175	1971	1781	1401	1343	1036	686	496	423	0	394	730	846	1065	
1416	1182	1416	1766	1722	1927	2248	2277	2949	2920	2715	3007	2963	2569	2452	2861	2803	2584	2379	2175	1795	1708	1387	1065	832	584	394	0	350	598	876	
1576	949	1226	1576	1635	1868	2190	2277	2934	2949	2803	3124	3109	2759	2657	3109	3066	2876	2701	2511	2131	2058	1737	1416	1197	934	730	350	0	350	642	
1445	613	876	1226	1314	1547	1883	1985	2642	2671	2569	2905	2934	2598	2540	3022	3022	2861	2730	2569	2190	2190	1883	1547	1357	1168	846	598	350	0	292	
1430	306	584	934	1065	1314	1635	1766	2409	2482	2409	2774	2832	2540	2511	3022	3051	2934	2817	2686	2336	2365	2073	1737	1562	1430	1065	876	642	292	0	
V2
0	977	940	1024	733	752	874	770	1156	1062	874	1034	996	752	705	1024	1062	1005	987	968	808	958	874	733	770	911	705	911	1015	930	921	
977	0	188	413	573	733	930	1043	1438	1513	1504	1739	1804	1645	1645	1992	2039	1974	1917	1851	1635	1673	1504	1278	1184	1109	864	761	611	394	197	
940	188	0	225	404	554	752	874	1259	1344	1353	1598	1682	1551	1569	1927	1983	1945	1908	1870	1663	1729	1569	1353	1278	1231	977	911	789	564	376	
1024	413	225	0	347	451	611	770	1109	1222	1278	1532	1635	1551	1588	1955	2039	2021	2011	1983	1795	1889	1739	1522	1466	1438	1175	1137	1015	789	601	
733	573	404	347	0	150	357	470	864	930	949	1203	1297	1203	1240	1607	1701	1701	1710	1701	1532	1654	1532	1334	1306	1334	1062	1109	1052	846	686	
752	733	554	451	150	0	206	319	705	780	817	1071	1184	1118	1184	1551	1663	1673	1701	1720	1569	1710	1598	1419	1400	1447	1184	1240	1203	996	846	
874	930	752	611	357	206	0	197	507	611	705	958	1099	1090	1175	1532	1673	1710	1767	1804	1673	1833	1739	1569	1569	1635	1372	1447	1410	1212	1052	
770	1043	874	770	470	319	197	0	423	460	507	761	902	893	996	1344	1494	1541	1607	1663	1551	1729	1654	1504	1513	1616	1353	1466	1466	1278	1137	
1156	1438	1259	1109	864	705	507	423	0	235	498	676	874	1015	1156	1466	1645	1748	1861	1945	1870	2077	2021	1889	1927	2030	1776	1898	1889	1701	1551	
1062	1513	1344	1222	930	780	611	460	235	0	282	441	639	799	949	1240	1428	1541	1663	1767	1720	1927	1898	1795	1833	1974	1729	1880	1898	1720	1598	
874	1504	1353	1278	949	817	705	507	498	282	0	244	404	517	667	958	1146	1259	1391	1494	1457	1682	1673	1579	1635	1795	1569	1748	1804	1654	1551	
1034	1739	1598	1532	1203	1071	958	761	676	441	244	0	216	470	629	846	1052	1203	1353	1494	1504	1739	1748	1692	1767	1945	1739	1936	2011	1870	1786	
996	1804	1682	1635	1297	1184	1099	902	874	639	404	216	0	300	460	629	836	996	1165	1316	1344	1588	1626	1588	1682	1870	1692	1908	2002	1889	1823	
752	1645	1551	1551	1203	1118	1090	893	1015	799	517	470	300	0	159	451	629	742	893	1024	1043	1278	1316	1287	1391	1588	1428	1654	1776	1673	1635	
705	1645	1569	1588	1240	1184	1175	996	1156	949	667	629	460	159	0	357	498	592	723	864	883	1128	1175	1165	1269	1475	1344	1579	1710	1635	1616	
1024	1992	1927	1955	1607	1551	1532	1344	1466	1240	958	846	629	451	357	0	206	413	611	808	921	1165	1269	1316	1457	1673	1588	1842	2002	1945	1945	
1062	2039	1983	2039	1701	1663	1673	1494	1645	1428	1146	1052	836	629	498	206	0	216	432	629	789	1015	1146	1222	1372	1598	1541	1804	1974	1945	1964	
1005	1974	1945	2021	1701	1673	1710	1541	1748	1541	1259	1203	996	742	592	413	216	0	206	413	592	808	949	1052	1193	1428	1400	1663	1851	1842	1889	
987	1917	1908	2011	1710	1701	1767	1607	1861	1663	1391	1353	1165	893	723	611	432	206	0	197	404	601	761	883	1043	1269	1269	1532	1739	1757	1814	
968	1851	1870	1983	1701	1720	1804	1663	1945	1767	1494	1494	1316	1024	864	808	629	413	197	0	244	404	573	723	883	1109	1146	1400	1616	1654	1729	
808	1635	1663	1795	1532	1569	1673	1551	1870	1720	1457	1504	1344	1043	883	921	789	592	404	244	0	235	357	479	639	864	902	1156	1372	1410	1504	
958	1673	1729	1889	1654	1710	1833	1729	2077	1927	1682	1739	1588	1278	1128	1165	1015	808	601	404	235	0	206	413	554	761	864	1099	1325	1410	1522	
874	1504	1569	1739	1532	1598	1739	1654	2021	1898	1673	1748	1626	1316	1175	1269	1146	949	761	573	357	206	0	216	347	554	667	893	1118	1212	1334	
733	1278	1353	1522	1334	1419	1569	1504	1889	1795	1579	1692	1588	1287	1165	1316	1222	1052	883	723	479	413	216	0	150	376	441	686	911	996	1118	
770	1184	1278	1466	1306	1400	1569	1513	1927	1833	1635	1767	1682	1391	1269	1457	1372	1193	1043	883	639	554	347	150	0	225	319	535	770	874	1005	
911	1109	1231	1438	1334	1447	1635	1616	2030	1974	1795	1945	1870	1588	1475	1673	1598	1428	1269	1109	864	761	554	376	225	0	272	376	601	752	921	
705	864	977	1175	1062	1184	1372	1353	1776	1729	1569	1739	1692	1428	1344	1588	1541	1400	1269	1146	902	864	667	441	319	272	0	253	470	545	686	
911	761	911	1137	1109	1240	1447	1466	1898	1880	1748	1936	1908	1654	1579	1842	1804	1663	1532	1400	1156	1099	893	686	535	376	253	0	225	385	564	
1015	611	789	1015	1052	1203	1410	1466	1889	1898	1804	2011	2002	1776	1710	2002	1974	1851	1739	1616	1372	1325	1118	911	770	601	470	225	0	225	413	
930	394	564	789	846	996	1212	1278	1701	1720	1654	1870	1889	1673	1635	1945	1945	1842	1757	1654	1410	1410	1212	996	874	752	545	385	225	0	188	
921	197	376	601	686	846	1052	1137	1551	1598	1551	1786	1823	1635	1616	1945	1964	1889	1814	1729	1504	1522	1334	1118	1005	921	686	564	413	188	0	
V3
0	1768	1700	1853	1326	1360	1581	1394	2091	1921	1581	1870	1802	1360	1275	1853	1921	1819	1785	1751	1462	1734	1581	1326	1394	1649	1275	1649	1836	1683	1666	
1768	0	340	748	1037	1326	1683	1887	2601	2737	2720	3145	3264	2975	2975	3604	3689	3570	3468	3349	2958	3026	2720	2312	2142	2006	1564	1377	1105	714	357	
1700	340	0	408	731	1003	1360	1581	2278	2431	2448	2890	3043	2805	2839	3485	3587	3519	3451	3383	3009	3128	2839	2448	2312	2227	1768	1649	1428	1020	680	
1853	748	408	0	629	816	1105	1394	2006	2210	2312	2771	2958	2805	2873	3536	3689	3655	3638	3587	3247	3417	3145	2754	2652	2601	2125	2057	1836	1428	1088	
1326	1037	731	629	0	272	646	850	1564	1683	1717	2176	2346	2176	2244	2907	3077	3077	3094	3077	2771	2992	2771	2414	2363	2414	1921	2006	1904	1530	1241	
1360	1326	1003	816	272	0	374	578	1275	1411	1479	1938	2142	2023	2142	2805	3009	3026	3077	3111	2839	3094	2890	2567	2533	2618	2142	2244	2176	1802	1530	
1581	1683	1360	1105	646	374	0	357	918	1105	1275	1734	1989	1972	2125	2771	3026	3094	3196	3264	3026	3315	3145	2839	2839	2958	2482	2618	2550	2193	1904	
1394	1887	1581	1394	850	578	357	0	765	833	918	1377	1632	1615	1802	2431	2703	2788	2907	3009	2805	3128	2992	2720	2737	2924	2448	2652	2652	2312	2057	
2091	2601	2278	2006	1564	1275	918	765	0	425	901	1224	1581	1836	2091	2652	2975	3162	3366	3519	3383	3757	3655	3417	3485	3672	3213	3434	3417	3077	2805	
1921	2737	2431	2210	1683	1411	1105	833	425	0	510	799	1156	1445	1717	2244	2584	2788	3009	3196	3111	3485	3434	3247	3315	3570	3128	3400	3434	3111	2890	
1581	2720	2448	2312	1717	1479	1275	918	901	510	0	442	731	935	1207	1734	2074	2278	2516	2703	2635	3043	3026	2856	2958	3247	2839	3162	3264	2992	2805	
1870	3145	2890	2771	2176	1938	1734	1377	1224	799	442	0	391	850	1139	1530	1904	2176	2448	2703	2720	3145	3162	3060	3196	3519	3145	3502	3638	3383	3230	
1802	3264	3043	2958	2346	2142	1989	1632	1581	1156	731	391	0	544	833	1139	1513	1802	2108	2380	2431	2873	2941	2873	3043	3383	3060	3451	3621	3417	3298	
1360	2975	2805	2805	2176	2023	1972	1615	1836	1445	935	850	544	0	289	816	1139	1343	1615	1853	1887	2312	2380	2329	2516	2873	2584	2992	3213	3026	2958	
1275	2975	2839	2873	2244	2142	2125	1802	2091	1717	1207	1139	833	289	0	646	901	1071	1309	1564	1598	2040	2125	2108	2295	2669	2431	2856	3094	2958	2924	
1853	3604	3485	3536	2907	2805	2771	2431	2652	2244	1734	1530	1139	816	646	0	374	748	1105	1462	1666	2108	2295	2380	2635	3026	2873	3332	3621	3519	3519	
1921	3689	3587	3689	3077	3009	3026	2703	2975	2584	2074	1904	1513	1139	901	374	0	391	782	1139	1428	1836	2074	2210	2482	2890	2788	3264	3570	3519	3553	
1819	3570	3519	3655	3077	3026	3094	2788	3162	2788	2278	2176	1802	1343	1071	748	391	0	374	748	1071	1462	1717	1904	2159	2584	2533	3009	3349	3332	3417	
1785	3468	3451	3638	3094	3077	3196	2907	3366	3009	2516	2448	2108	1615	1309	1105	782	374	0	357	731	1088	1377	1598	1887	2295	2295	2771	3145	3179	3281	
1751	3349	3383	3587	3077	3111	3264	3009	3519	3196	2703	2703	2380	1853	1564	1462	1139	748	357	0	442	731	1037	1309	1598	2006	2074	2533	2924	2992	3128	
1462	2958	3009	3247	2771	2839	3026	2805	3383	3111	2635	2720	2431	1887	1598	1666	1428	1071	731	442	0	425	646	867	1156	1564	1632	2091	2482	2550	2720	
1734	3026	3128	3417	2992	3094	3315	3128	3757	3485	3043	3145	2873	2312	2040	2108	1836	1462	1088	731	425	0	374	748	1003	1377	1564	1989	2397	2550	2754	
1581	2720	2839	3145	2771	2890	3145	2992	3655	3434	3026	3162	2941	2380	2125	2295	2074	1717	1377	1037	646	374	0	391	629	1003	1207	1615	2023	2193	2414	
1326	2312	2448	2754	2414	2567	2839	2720	3417	3247	2856	3060	2873	2329	2108	2380	2210	1904	1598	1309	867	748	391	0	272	680	799	1241	1649	1802	2023	
1394	2142	2312	2652	2363	2533	2839	2737	3485	3315	2958	3196	3043	2516	2295	2635	2482	2159	1887	1598	1156	1003	629	272	0	408	578	969	1394	1581	1819	
1649	2006	2227	2601	2414	2618	2958	2924	3672	3570	3247	3519	3383	2873	2669	3026	2890	2584	2295	2006	1564	1377	1003	680	408	0	493	680	1088	1360	1666	
1275	1564	1768	2125	1921	2142	2482	2448	3213	3128	2839	3145	3060	2584	2431	2873	2788	2533	2295	2074	1632	1564	1207	799	578	493	0	459	850	986	1241	
1649	1377	1649	2057	2006	2244	2618	2652	3434	3400	3162	3502	3451	2992	2856	3332	3264	3009	2771	2533	2091	1989	1615	1241	969	680	459	0	408	697	1020	
1836	1105	1428	1836	1904	2176	2550	2652	3417	3434	3264	3638	3621	3213	3094	3621	3570	3349	3145	2924	2482	2397	2023	1649	1394	1088	850	408	0	408	748	
1683	714	1020	1428	1530	1802	2193	2312	3077	3111	2992	3383	3417	3026	2958	3519	3519	3332	3179	2992	2550	2550	2193	1802	1581	1360	986	697	408	0	340	
1666	357	680	1088	1241	1530	1904	2057	2805	2890	2805	3230	3298	2958	2924	3519	3553	3417	3281	3128	2720	2754	2414	2023	1819	1666	1241	1020	748	340	0	
V4
0	2163	2080	2267	1622	1664	1934	1705	2558	2350	1934	2288	2204	1664	1560	2267	2350	2225	2184	2142	1788	2121	1934	1622	1705	2017	1560	2017	2246	2059	2038	
2163	0	416	915	1268	1622	2059	2308	3182	3348	3328	3848	3993	3640	3640	4409	4513	4368	4243	4097	3619	3702	3328	2828	2620	2454	1913	1684	1352	873	436	
2080	416	0	499	894	1227	1664	1934	2787	2974	2995	3536	3723	3432	3473	4264	4388	4305	4222	4139	3681	3827	3473	2995	2828	2724	2163	2017	1747	1248	832	
2267	915	499	0	769	998	1352	1705	2454	2704	2828	3390	3619	3432	3515	4326	4513	4472	4451	4388	3972	4180	3848	3369	3244	3182	2600	2516	2246	1747	1331	
1622	1268	894	769	0	332	790	1040	1913	2059	2100	2662	2870	2662	2745	3556	3764	3764	3785	3764	3390	3660	3390	2953	2891	2953	2350	2454	2329	1872	1518	
1664	1622	1227	998	332	0	457	707	1560	1726	1809	2371	2620	2475	2620	3432	3681	3702	3764	3806	3473	3785	3536	3140	3099	3203	2620	2745	2662	2204	1872	
1934	2059	1664	1352	790	457	0	436	1123	1352	1560	2121	2433	2412	2600	3390	3702	3785	3910	3993	3702	4056	3848	3473	3473	3619	3036	3203	3120	2683	2329	
1705	2308	1934	1705	1040	707	436	0	936	1019	1123	1684	1996	1976	2204	2974	3307	3411	3556	3681	3432	3827	3660	3328	3348	3577	2995	3244	3244	2828	2516	
2558	3182	2787	2454	1913	1560	1123	936	0	520	1102	1497	1934	2246	2558	3244	3640	3868	4118	4305	4139	4596	4472	4180	4264	4492	3931	4201	4180	3764	3432	
2350	3348	2974	2704	2059	1726	1352	1019	520	0	624	977	1414	1768	2100	2745	3161	3411	3681	3910	3806	4264	4201	3972	4056	4368	3827	4160	4201	3806	3536	
1934	3328	2995	2828	2100	1809	1560	1123	1102	624	0	540	894	1144	1476	2121	2537	2787	3078	3307	3224	3723	3702	3494	3619	3972	3473	3868	3993	3660	3432	
2288	3848	3536	3390	2662	2371	2121	1684	1497	977	540	0	478	1040	1393	1872	2329	2662	2995	3307	3328	3848	3868	3744	3910	4305	3848	4284	4451	4139	3952	
2204	3993	3723	3619	2870	2620	2433	1996	1934	1414	894	478	0	665	1019	1393	1851	2204	2579	2912	2974	3515	3598	3515	3723	4139	3744	4222	4430	4180	4035	
1664	3640	3432	3432	2662	2475	2412	1976	2246	1768	1144	1040	665	0	353	998	1393	1643	1976	2267	2308	2828	2912	2849	3078	3515	3161	3660	3931	3702	3619	
1560	3640	3473	3515	2745	2620	2600	2204	2558	2100	1476	1393	1019	353	0	790	1102	1310	1601	1913	1955	2496	2600	2579	2808	3265	2974	3494	3785	3619	3577	
2267	4409	4264	4326	3556	3432	3390	2974	3244	2745	2121	1872	1393	998	790	0	457	915	1352	1788	2038	2579	2808	2912	3224	3702	3515	4076	4430	4305	4305	
2350	4513	4388	4513	3764	3681	3702	3307	3640	3161	2537	2329	1851	1393	1102	457	0	478	956	1393	1747	2246	2537	2704	3036	3536	3411	3993	4368	4305	4347	
2225	4368	4305	4472	3764	3702	3785	3411	3868	3411	2787	2662	2204	1643	1310	915	478	0	457	915	1310	1788	2100	2329	2641	3161	3099	3681	4097	4076	4180	
2184	4243	4222	4451	3785	3764	3910	3556	4118	3681	3078	2995	2579	1976	1601	1352	956	457	0	436	894	1331	1684	1955	2308	2808	2808	3390	3848	3889	4014	
2142	4097	4139	4388	3764	3806	3993	3681	4305	3910	3307	3307	2912	2267	1913	1788	1393	915	436	0	540	894	1268	1601	1955	2454	2537	3099	3577	3660	3827	
1788	3619	3681	3972	3390	3473	3702	3432	4139	3806	3224	3328	2974	2308	1955	2038	1747	1310	894	540	0	520	790	1060	1414	1913	1996	2558	3036	3120	3328	
2121	3702	3827	4180	3660	3785	4056	3827	4596	4264	3723	3848	3515	2828	2496	2579	2246	1788	1331	894	520	0	457	915	1227	1684	1913	2433	2932	3120	3369	
1934	3328	3473	3848	3390	3536	3848	3660	4472	4201	3702	3868	3598	2912	2600	2808	2537	2100	1684	1268	790	457	0	478	769	1227	1476	1976	2475	2683	2953	
1622	2828	2995	3369	2953	3140	3473	3328	4180	3972	3494	3744	3515	2849	2579	2912	2704	2329	1955	1601	1060	915	478	0	332	832	977	1518	2017	2204	2475	
1705	2620	2828	3244	2891	3099	3473	3348	4264	4056	3619	3910	3723	3078	2808	3224	3036	2641	2308	1955	1414	1227	769	332	0	499	707	1185	1705	1934	2225	
2017	2454	2724	3182	2953	3203	3619	3577	4492	4368	3972	4305	4139	3515	3265	3702	3536	3161	2808	2454	1913	1684	1227	832	499	0	603	832	1331	1664	2038	
1560	1913	2163	2600	2350	2620	3036	2995	3931	3827	3473	3848	3744	3161	2974	3515	3411	3099	2808	2537	1996	1913	1476	977	707	603	0	561	1040	1206	1518	
2017	1684	2017	2516	2454	2745	3203	3244	4201	4160	3868	4284	4222	3660	3494	4076	3993	3681	3390	3099	2558	2433	1976	1518	1185	832	561	0	499	852	1248	
2246	1352	1747	2246	2329	2662	3120	3244	4180	4201	3993	4451	4430	3931	3785	4430	4368	4097	3848	3577	3036	2932	2475	2017	1705	1331	1040	499	0	499	915	
2059	873	1248	1747	1872	2204	2683	2828	3764	3806	3660	4139	4180	3702	3619	4305	4305	4076	3889	3660	3120	3120	2683	2204	1934	1664	1206	852	499	0	416	
2038	436	832	1331	1518	1872	2329	2516	3432	3536	3432	3952	4035	3619	3577	4305	4347	4180	4014	3827	3328	3369	2953	2475	2225	2038	1518	1248	915	416	0	
V5
0	1497	1440	1569	1123	1152	1339	1180	1771	1627	1339	1584	1526	1152	1080	1569	1627	1540	1512	1483	1238	1468	1339	1123	1180	1396	1080	1396	1555	1425	1411	
1497	0	288	633	878	1123	1425	1598	2203	2318	2304	2664	2764	2520	2520	3052	3124	3024	2937	2836	2505	2563	2304	1958	1814	1699	1324	1166	936	604	302	
1440	288	0	345	619	849	1152	1339	1929	2059	2073	2448	2577	2376	2404	2952	3038	2980	2923	2865	2548	2649	2404	2073	1958	1886	1497	1396	1209	864	576	
1569	633	345	0	532	691	936	1180	1699	1872	1958	2347	2505	2376	2433	2995	3124	3096	3081	3038	2750	2894	2664	2332	2246	2203	1800	1742	1555	1209	921	
1123	878	619	532	0	230	547	720	1324	1425	1454	1843	1987	1843	1900	2462	2606	2606	2620	2606	2347	2534	2347	2044	2001	2044	1627	1699	1612	1296	1051	
1152	1123	849	691	230	0	316	489	1080	1195	1252	1641	1814	1713	1814	2376	2548	2563	2606	2635	2404	2620	2448	2174	2145	2217	1814	1900	1843	1526	1296	
1339	1425	1152	936	547	316	0	302	777	936	1080	1468	1684	1670	1800	2347	2563	2620	2707	2764	2563	2808	2664	2404	2404	2505	2102	2217	2160	1857	1612	
1180	1598	1339	1180	720	489	302	0	648	705	777	1166	1382	1368	1526	2059	2289	2361	2462	2548	2376	2649	2534	2304	2318	2476	2073	2246	2246	1958	1742	
1771	2203	1929	1699	1324	1080	777	648	0	360	763	1036	1339	1555	1771	2246	2520	2678	2851	2980	2865	3182	3096	2894	2952	3110	2721	2908	2894	2606	2376	
1627	2318	2059	1872	1425	1195	936	705	360	0	432	676	979	1224	1454	1900	2188	2361	2548	2707	2635	2952	2908	2750	2808	3024	2649	2880	2908	2635	2448	
1339	2304	2073	1958	1454	1252	1080	777	763	432	0	374	619	792	1022	1468	1756	1929	2131	2289	2232	2577	2563	2419	2505	2750	2404	2678	2764	2534	2376	
1584	2664	2448	2347	1843	1641	1468	1166	1036	676	374	0	331	720	964	1296	1612	1843	2073	2289	2304	2664	2678	2592	2707	2980	2664	2966	3081	2865	2736	
1526	2764	2577	2505	1987	1814	1684	1382	1339	979	619	331	0	460	705	964	1281	1526	1785	2016	2059	2433	2491	2433	2577	2865	2592	2923	3067	2894	2793	
1152	2520	2376	2376	1843	1713	1670	1368	1555	1224	792	720	460	0	244	691	964	1137	1368	1569	1598	1958	2016	1972	2131	2433	2188	2534	2721	2563	2505	
1080	2520	2404	2433	1900	1814	1800	1526	1771	1454	1022	964	705	244	0	547	763	907	1108	1324	1353	1728	1800	1785	1944	2260	2059	2419	2620	2505	2476	
1569	3052	2952	2995	2462	2376	2347	2059	2246	1900	1468	1296	964	691	547	0	316	633	936	1238	1411	1785	1944	2016	2232	2563	2433	2822	3067	2980	2980	
1627	3124	3038	3124	2606	2548	2563	2289	2520	2188	1756	1612	1281	964	763	316	0	331	662	964	1209	1555	1756	1872	2102	2448	2361	2764	3024	2980	3009	
1540	3024	2980	3096	2606	2563	2620	2361	2678	2361	1929	1843	1526	1137	907	633	331	0	316	633	907	1238	1454	1612	1828	2188	2145	2548	2836	2822	2894	
1512	2937	2923	3081	2620	2606	2707	2462	2851	2548	2131	2073	1785	1368	1108	936	662	316	0	302	619	921	1166	1353	1598	1944	1944	2347	2664	2692	2779	
1483	2836	2865	3038	2606	2635	2764	2548	2980	2707	2289	2289	2016	1569	1324	1238	964	633	302	0	374	619	878	1108	1353	1699	1756	2145	2476	2534	2649	
1238	2505	2548	2750	2347	2404	2563	2376	2865	2635	2232	2304	2059	1598	1353	1411	1209	907	619	374	0	360	547	734	979	1324	1382	1771	2102	2160	2304	
1468	2563	2649	2894	2534	2620	2808	2649	3182	2952	2577	2664	2433	1958	1728	1785	1555	1238	921	619	360	0	316	633	849	1166	1324	1684	2030	2160	2332	
1339	2304	2404	2664	2347	2448	2664	2534	3096	2908	2563	2678	2491	2016	1800	1944	1756	1454	1166	878	547	316	0	331	532	849	1022	1368	1713	1857	2044	
1123	1958	2073	2332	2044	2174	2404	2304	2894	2750	2419	2592	2433	1972	1785	2016	1872	1612	1353	1108	734	633	331	0	230	576	676	1051	1396	1526	1713	
1180	1814	1958	2246	2001	2145	2404	2318	2952	2808	2505	2707	2577	2131	1944	2232	2102	1828	1598	1353	979	849	532	230	0	345	489	820	1180	1339	1540	
1396	1699	1886	2203	2044	2217	2505	2476	3110	3024	2750	2980	2865	2433	2260	2563	2448	2188	1944	1699	1324	1166	849	576	345	0	417	576	921	1152	1411	
1080	1324	1497	1800	1627	1814	2102	2073	2721	2649	2404	2664	2592	2188	2059	2433	2361	2145	1944	1756	1382	1324	1022	676	489	417	0	388	720	835	1051	
1396	1166	1396	1742	1699	1900	2217	2246	2908	2880	2678	2966	2923	2534	2419	2822	2764	2548	2347	2145	1771	1684	1368	1051	820	576	388	0	345	590	864	
1555	936	1209	1555	1612	1843	2160	2246	2894	2908	2764	3081	3067	2721	2620	3067	3024	2836	2664	2476	2102	2030	1713	1396	1180	921	720	345	0	345	633	
1425	604	864	1209	1296	1526	1857	1958	2606	2635	2534	2865	2894	2563	2505	2980	2980	2822	2692	2534	2160	2160	1857	1526	1339	1152	835	590	345	0	288	
1411	302	576	921	1051	1296	1612	1742	2376	2448	2376	2736	2793	2505	2476	2980	3009	2894	2779	2649	2304	2332	2044	1713	1540	1411	1051	864	633	288	0	
V6
0	2121	2040	2223	1591	1632	1897	1672	2509	2305	1897	2244	2162	1632	1530	2223	2305	2182	2142	2101	1754	2080	1897	1591	1672	1978	1530	1978	2203	2019	1999	
2121	0	408	897	1244	1591	2019	2264	3121	3284	3264	3774	3916	3570	3570	4324	4426	4284	4161	4018	3549	3631	3264	2774	2570	2407	1876	1652	1326	856	428	
2040	408	0	489	877	1203	1632	1897	2733	2917	2937	3468	3651	3366	3406	4182	4304	4222	4141	4059	3610	3753	3406	2937	2774	2672	2121	1978	1713	1224	816	
2223	897	489	0	754	979	1326	1672	2407	2652	2774	3325	3549	3366	3447	4243	4426	4386	4365	4304	3896	4100	3774	3304	3182	3121	2550	2468	2203	1713	1305	
1591	1244	877	754	0	326	775	1020	1876	2019	2060	2611	2815	2611	2692	3488	3692	3692	3712	3692	3325	3590	3325	2896	2835	2896	2305	2407	2284	1836	1489	
1632	1591	1203	979	326	0	448	693	1530	1693	1774	2325	2570	2427	2570	3366	3610	3631	3692	3733	3406	3712	3468	3080	3039	3141	2570	2692	2611	2162	1836	
1897	2019	1632	1326	775	448	0	428	1101	1326	1530	2080	2386	2366	2550	3325	3631	3712	3835	3916	3631	3978	3774	3406	3406	3549	2978	3141	3060	2631	2284	
1672	2264	1897	1672	1020	693	428	0	918	999	1101	1652	1958	1938	2162	2917	3243	3345	3488	3610	3366	3753	3590	3264	3284	3508	2937	3182	3182	2774	2468	
2509	3121	2733	2407	1876	1530	1101	918	0	510	1081	1468	1897	2203	2509	3182	3570	3794	4039	4222	4059	4508	4386	4100	4182	4406	3855	4120	4100	3692	3366	
2305	3284	2917	2652	2019	1693	1326	999	510	0	612	958	1387	1734	2060	2692	3100	3345	3610	3835	3733	4182	4120	3896	3978	4284	3753	4080	4120	3733	3468	
1897	3264	2937	2774	2060	1774	1530	1101	1081	612	0	530	877	1122	1448	2080	2488	2733	3019	3243	3162	3651	3631	3427	3549	3896	3406	3794	3916	3590	3366	
2244	3774	3468	3325	2611	2325	2080	1652	1468	958	530	0	469	1020	1366	1836	2284	2611	2937	3243	3264	3774	3794	3672	3835	4222	3774	4202	4365	4059	3876	
2162	3916	3651	3549	2815	2570	2386	1958	1897	1387	877	469	0	652	999	1366	1815	2162	2529	2856	2917	3447	3529	3447	3651	4059	3672	4141	4345	4100	3957	
1632	3570	3366	3366	2611	2427	2366	1938	2203	1734	1122	1020	652	0	346	979	1366	1611	1938	2223	2264	2774	2856	2794	3019	3447	3100	3590	3855	3631	3549	
1530	3570	3406	3447	2692	2570	2550	2162	2509	2060	1448	1366	999	346	0	775	1081	1285	1570	1876	1917	2448	2550	2529	2754	3202	2917	3427	3712	3549	3508	
2223	4324	4182	4243	3488	3366	3325	2917	3182	2692	2080	1836	1366	979	775	0	448	897	1326	1754	1999	2529	2754	2856	3162	3631	3447	3998	4345	4222	4222	
2305	4426	4304	4426	3692	3610	3631	3243	3570	3100	2488	2284	1815	1366	1081	448	0	469	938	1366	1713	2203	2488	2652	2978	3468	3345	3916	4284	4222	4263	
2182	4284	4222	4386	3692	3631	3712	3345	3794	3345	2733	2611	2162	1611	1285	897	469	0	448	897	1285	1754	2060	2284	2590	3100	3039	3610	4018	3998	4100	
2142	4161	4141	4365	3712	3692	3835	3488	4039	3610	3019	2937	2529	1938	1570	1326	938	448	0	428	877	1305	1652	1917	2264	2754	2754	3325	3774	3814	3937	
2101	4018	4059	4304	3692	3733	3916	3610	4222	3835	3243	3243	2856	2223	1876	1754	1366	897	428	0	530	877	1244	1570	1917	2407	2488	3039	3508	3590	3753	
1754	3549	3610	3896	3325	3406	3631	3366	4059	3733	3162	3264	2917	2264	1917	1999	1713	1285	877	530	0	510	775	1040	1387	1876	1958	2509	2978	3060	3264	
2080	3631	3753	4100	3590	3712	3978	3753	4508	4182	3651	3774	3447	2774	2448	2529	2203	1754	1305	877	510	0	448	897	1203	1652	1876	2386	2876	3060	3304	
1897	3264	3406	3774	3325	3468	3774	3590	4386	4120	3631	3794	3529	2856	2550	2754	2488	2060	1652	1244	775	448	0	469	754	1203	1448	1938	2427	2631	2896	
1591	2774	2937	3304	2896	3080	3406	3264	4100	3896	3427	3672	3447	2794	2529	2856	2652	2284	1917	1570	1040	897	469	0	326	816	958	1489	1978	2162	2427	
1672	2570	2774	3182	2835	3039	3406	3284	4182	3978	3549	3835	3651	3019	2754	3162	2978	2590	2264	1917	1387	1203	754	326	0	489	693	1162	1672	1897	2182	
1978	2407	2672	3121	2896	3141	3549	3508	4406	4284	3896	4222	4059	3447	3202	3631	3468	3100	2754	2407	1876	1652	1203	816	489	0	591	816	1305	1632	1999	
1530	1876	2121	2550	2305	2570	2978	2937	3855	3753	3406	3774	3672	3100	2917	3447	3345	3039	2754	2488	1958	1876	1448	958	693	591	0	550	1020	1183	1489	
1978	1652	1978	2468	2407	2692	3141	3182	4120	4080	3794	4202	4141	3590	3427	3998	3916	3610	3325	3039	2509	2386	1938	1489	1162	816	550	0	489	836	1224	
2203	1326	1713	2203	2284	2611	3060	3182	4100	4120	3916	4365	4345	3855	3712	4345	4284	4018	3774	3508	2978	2876	2427	1978	1672	1305	1020	489	0	489	897	
2019	856	1224	1713	1836	2162	2631	2774	3692	3733	3590	4059	4100	3631	3549	4222	4222	3998	3814	3590	3060	3060	2631	2162	1897	1632	1183	836	489	0	408	
1999	428	816	1305	1489	1836	2284	2468	3366	3468	3366	3876	3957	3549	3508	4222	4263	4100	3937	3753	3264	3304	2896	2427	2182	1999	1489	1224	897	408	0	
V7
0	1518	1460	1591	1138	1168	1357	1197	1795	1649	1357	1606	1547	1168	1095	1591	1649	1562	1533	1503	1255	1489	1357	1138	1197	1416	1095	1416	1576	1445	1430	
1518	0	292	642	890	1138	1445	1620	2233	2350	2336	2701	2803	2555	2555	3095	3168	3066	2978	2876	2540	2598	2336	1985	1839	1722	1343	1182	949	613	306	
1460	292	0	350	627	861	1168	1357	1956	2087	2102	2482	2613	2409	2438	2993	3080	3022	2963	2905	2584	2686	2438	2102	1985	1912	1518	1416	1226	876	584	
1591	642	350	0	540	700	949	1197	1722	1898	1985	2379	2540	2409	2467	3036	3168	3139	3124	3080	2788	2934	2701	2365	2277	2233	1825	1766	1576	1226	934	
1138	890	627	540	0	233	554	730	1343	1445	1474	1868	2014	1868	1927	2496	2642	2642	2657	2642	2379	2569	2379	2073	2029	2073	1649	1722	1635	1314	1065	
1168	1138	861	700	233	0	321	496	1095	1211	1270	1664	1839	1737	1839	2409	2584	2598	2642	2671	2438	2657	2482	2204	2175	2248	1839	1927	1868	1547	1314	
1357	1445	1168	949	554	321	0	306	788	949	1095	1489	1708	1693	1825	2379	2598	2657	2744	2803	2598	2847	2701	2438	2438	2540	2131	2248	2190	1883	1635	
1197	1620	1357	1197	730	496	306	0	657	715	788	1182	1401	1387	1547	2087	2321	2394	2496	2584	2409	2686	2569	2336	2350	2511	2102	2277	2277	1985	1766	
1795	2233	1956	1722	1343	1095	788	657	0	365	773	1051	1357	1576	1795	2277	2555	2715	2890	3022	2905	3226	3139	2934	2993	3153	2759	2949	2934	2642	2409	
1649	2350	2087	1898	1445	1211	949	715	365	0	438	686	992	1241	1474	1927	2219	2394	2584	2744	2671	2993	2949	2788	2847	3066	2686	2920	2949	2671	2482	
1357	2336	2102	1985	1474	1270	1095	788	773	438	0	379	627	803	1036	1489	1781	1956	2160	2321	2263	2613	2598	2452	2540	2788	2438	2715	2803	2569	2409	
1606	2701	2482	2379	1868	1664	1489	1182	1051	686	379	0	335	730	978	1314	1635	1868	2102	2321	2336	2701	2715	2628	2744	3022	2701	3007	3124	2905	2774	
1547	2803	2613	2540	2014	1839	1708	1401	1357	992	627	335	0	467	715	978	1299	1547	1810	2044	2087	2467	2525	2467	2613	2905	2628	2963	3109	2934	2832	
1168	2555	2409	2409	1868	1737	1693	1387	1576	1241	803	730	467	0	248	700	978	1153	1387	1591	1620	1985	2044	2000	2160	2467	2219	2569	2759	2598	2540	
1095	2555	2438	2467	1927	1839	1825	1547	1795	1474	1036	978	715	248	0	554	773	919	1124	1343	1372	1752	1825	1810	1971	2292	2087	2452	2657	2540	2511	
1591	3095	2993	3036	2496	2409	2379	2087	2277	1927	1489	1314	978	700	554	0	321	642	949	1255	1430	1810	1971	2044	2263	2598	2467	2861	3109	3022	3022	
1649	3168	3080	3168	2642	2584	2598	2321	2555	2219	1781	1635	1299	978	773	321	0	335	671	978	1226	1576	1781	1898	2131	2482	2394	2803	3066	3022	3051	
1562	3066	3022	3139	2642	2598	2657	2394	2715	2394	1956	1868	1547	1153	919	642	335	0	321	642	919	1255	1474	1635	1854	2219	2175	2584	2876	2861	2934	
1533	2978	2963	3124	2657	2642	2744	2496	2890	2584	2160	2102	1810	1387	1124	949	671	321	0	306	627	934	1182	1372	1620	1971	1971	2379	2701	2730	2817	
1503	2876	2905	3080	2642	2671	2803	2584	3022	2744	2321	2321	2044	1591	1343	1255	978	642	306	0	379	627	890	1124	1372	1722	1781	2175	2511	2569	2686	
1255	2540	2584	2788	2379	2438	2598	2409	2905	2671	2263	2336	2087	1620	1372	1430	1226	919	627	379	0	365	554	744	992	1343	1401	1795	2131	2190	2336	
1489	2598	2686	2934	2569	2657	2847	2686	3226	2993	2613	2701	2467	1985	1752	1810	1576	1255	934	627	365	0	321	642	861	1182	1343	1708	2058	2190	2365	
1357	2336	2438	2701	2379	2482	2701	2569	3139	2949	2598	2715	2525	2044	1825	1971	1781	1474	1182	890	554	321	0	335	540	861	1036	1387	1737	1883	2073	
1138	1985	2102	2365	2073	2204	2438	2336	2934	2788	2452	2628	2467	2000	1810	2044	1898	1635	1372	1124	744	642	335	0	233	584	686	1065	1416	1547	1737	
1197	1839	1985	2277	2029	2175	2438	2350	2993	2847	2540	2744	2613	2160	1971	2263	2131	1854	1620	1372	992	861	540	233	0	350	496	832	1197	1357	1562	
1416	1722	1912	2233	2073	2248	2540	2511	3153	3066	2788	3022	2905	2467	2292	2598	2482	2219	1971	1722	1343	1182	861	584	350	0	423	584	934	1168	1430	
1095	1343	1518	1825	1649	1839	2131	2102	2759	2686	2438	2701	2628	2219	2087	2467	2394	2175	1971	1781	1401	1343	1036	686	496	423	0	394	730	846	1065	
1416	1182	1416	1766	1722	1927	2248	2277	2949	2920	2715	3007	2963	2569	2452	2861	2803	2584	2379	2175	1795	1708	1387	1065	832	584	394	0	350	598	876	
1576	949	1226	1576	1635	1868	2190	2277	2934	2949	2803	3124	3109	2759	2657	3109	3066	2876	2701	2511	2131	2058	1737	1416	1197	934	730	350	0	350	642	
1445	613	876	1226	1314	1547	1883	1985	2642	2671	2569	2905	2934	2598	2540	3022	3022	2861	2730	2569	2190	2190	1883	1547	1357	1168	846	598	350	0	292	
1430	306	584	934	1065	1314	1635	1766	2409	2482	2409	2774	2832	2540	2511	3022	3051	2934	2817	2686	2336	2365	2073	1737	1562	1430	1065	876	642	292	0	
V8
0	998	960	1046	748	768	892	787	1180	1084	892	1056	1017	768	720	1046	1084	1027	1008	988	825	979	892	748	787	931	720	931	1036	950	940	
998	0	192	422	585	748	950	1065	1468	1545	1536	1776	1843	1680	1680	2035	2083	2016	1958	1891	1670	1708	1536	1305	1209	1132	883	777	624	403	201	
960	192	0	230	412	566	768	892	1286	1372	1382	1632	1718	1584	1603	1968	2025	1987	1948	1910	1699	1766	1603	1382	1305	1257	998	931	806	576	384	
1046	422	230	0	355	460	624	787	1132	1248	1305	1564	1670	1584	1622	1996	2083	2064	2054	2025	1833	1929	1776	1555	1497	1468	1200	1161	1036	806	614	
748	585	412	355	0	153	364	480	883	950	969	1228	1324	1228	1267	1641	1737	1737	1747	1737	1564	1689	1564	1363	1334	1363	1084	1132	1075	864	700	
768	748	566	460	153	0	211	326	720	796	835	1094	1209	1142	1209	1584	1699	1708	1737	1756	1603	1747	1632	1449	1430	1478	1209	1267	1228	1017	864	
892	950	768	624	364	211	0	201	518	624	720	979	1123	1113	1200	1564	1708	1747	1804	1843	1708	1872	1776	1603	1603	1670	1401	1478	1440	1238	1075	
787	1065	892	787	480	326	201	0	432	470	518	777	921	912	1017	1372	1526	1574	1641	1699	1584	1766	1689	1536	1545	1651	1382	1497	1497	1305	1161	
1180	1468	1286	1132	883	720	518	432	0	240	508	691	892	1036	1180	1497	1680	1785	1900	1987	1910	2121	2064	1929	1968	2073	1814	1939	1929	1737	1584	
1084	1545	1372	1248	950	796	624	470	240	0	288	451	652	816	969	1267	1459	1574	1699	1804	1756	1968	1939	1833	1872	2016	1766	1920	1939	1756	1632	
892	1536	1382	1305	969	835	720	518	508	288	0	249	412	528	681	979	1171	1286	1420	1526	1488	1718	1708	1612	1670	1833	1603	1785	1843	1689	1584	
1056	1776	1632	1564	1228	1094	979	777	691	451	249	0	220	480	643	864	1075	1228	1382	1526	1536	1776	1785	1728	1804	1987	1776	1977	2054	1910	1824	
1017	1843	1718	1670	1324	1209	1123	921	892	652	412	220	0	307	470	643	854	1017	1190	1344	1372	1622	1660	1622	1718	1910	1728	1948	2044	1929	1862	
768	1680	1584	1584	1228	1142	1113	912	1036	816	528	480	307	0	163	460	643	758	912	1046	1065	1305	1344	1315	1420	1622	1459	1689	1814	1708	1670	
720	1680	1603	1622	1267	1209	1200	1017	1180	969	681	643	470	163	0	364	508	604	739	883	902	1152	1200	1190	1296	1507	1372	1612	1747	1670	1651	
1046	2035	1968	1996	1641	1584	1564	1372	1497	1267	979	864	643	460	364	0	211	422	624	825	940	1190	1296	1344	1488	1708	1622	1881	2044	1987	1987	
1084	2083	2025	2083	1737	1699	1708	1526	1680	1459	1171	1075	854	643	508	211	0	220	441	643	806	1036	1171	1248	1401	1632	1574	1843	2016	1987	2006	
1027	2016	1987	2064	1737	1708	1747	1574	1785	1574	1286	1228	1017	758	604	422	220	0	211	422	604	825	969	1075	1219	1459	1430	1699	1891	1881	1929	
1008	1958	1948	2054	1747	1737	1804	1641	1900	1699	1420	1382	1190	912	739	624	441	211	0	201	412	614	777	902	1065	1296	1296	1564	1776	1795	1852	
988	1891	1910	2025	1737	1756	1843	1699	1987	1804	1526	1526	1344	1046	883	825	643	422	201	0	249	412	585	739	902	1132	1171	1430	1651	1689	1766	
825	1670	1699	1833	1564	1603	1708	1584	1910	1756	1488	1536	1372	1065	902	940	806	604	412	249	0	240	364	489	652	883	921	1180	1401	1440	1536	
979	1708	1766	1929	1689	1747	1872	1766	2121	1968	1718	1776	1622	1305	1152	1190	1036	825	614	412	240	0	211	422	566	777	883	1123	1353	1440	1555	
892	1536	1603	1776	1564	1632	1776	1689	2064	1939	1708	1785	1660	1344	1200	1296	1171	969	777	585	364	211	0	220	355	566	681	912	1142	1238	1363	
748	1305	1382	1555	1363	1449	1603	1536	1929	1833	1612	1728	1622	1315	1190	1344	1248	1075	902	739	489	422	220	0	153	384	451	700	931	1017	1142	
787	1209	1305	1497	1334	1430	1603	1545	1968	1872	1670	1804	1718	1420	1296	1488	1401	1219	1065	902	652	566	355	153	0	230	326	547	787	892	1027	
931	1132	1257	1468	1363	1478	1670	1651	2073	2016	1833	1987	1910	1622	1507	1708	1632	1459	1296	1132	883	777	566	384	230	0	278	384	614	768	940	
720	883	998	1200	1084	1209	1401	1382	1814	1766	1603	1776	1728	1459	1372	1622	1574	1430	1296	1171	921	883	681	451	326	278	0	259	480	556	700	
931	777	931	1161	1132	1267	1478	1497	1939	1920	1785	1977	1948	1689	1612	1881	1843	1699	1564	1430	1180	1123	912	700	547	384	259	0	230	393	576	
1036	624	806	1036	1075	1228	1440	1497	1929	1939	1843	2054	2044	1814	1747	2044	2016	1891	1776	1651	1401	1353	1142	931	787	614	480	230	0	230	422	
950	403	576	806	864	1017	1238	1305	1737	1756	1689	1910	1929	1708	1670	1987	1987	1881	1795	1689	1440	1440	1238	1017	892	768	556	393	230	0	192	
940	201	384	614	700	864	1075	1161	1584	1632	1584	1824	1862	1670	1651	1987	2006	1929	1852	1766	1536	1555	1363	1142	1027	940	700	576	422	192	0	
V9
0	1747	1680	1831	1310	1344	1562	1377	2066	1898	1562	1848	1780	1344	1260	1831	1898	1797	1764	1730	1444	1713	1562	1310	1377	1629	1260	1629	1814	1663	1646	
1747	0	336	739	1024	1310	1663	1864	2570	2704	2688	3108	3225	2940	2940	3561	3645	3528	3427	3309	2923	2990	2688	2284	2116	1982	1545	1360	1092	705	352	
1680	336	0	403	722	991	1344	1562	2251	2402	2419	2856	3007	2772	2805	3444	3544	3477	3410	3343	2973	3091	2805	2419	2284	2200	1747	1629	1411	1008	672	
1831	739	403	0	621	806	1092	1377	1982	2184	2284	2738	2923	2772	2839	3494	3645	3612	3595	3544	3208	3376	3108	2721	2620	2570	2100	2032	1814	1411	1075	
1310	1024	722	621	0	268	638	840	1545	1663	1696	2150	2318	2150	2217	2872	3040	3040	3057	3040	2738	2956	2738	2385	2335	2385	1898	1982	1881	1512	1226	
1344	1310	991	806	268	0	369	571	1260	1394	1461	1915	2116	1999	2116	2772	2973	2990	3040	3074	2805	3057	2856	2536	2503	2587	2116	2217	2150	1780	1512	
1562	1663	1344	1092	638	369	0	352	907	1092	1260	1713	1965	1948	2100	2738	2990	3057	3158	3225	2990	3276	3108	2805	2805	2923	2452	2587	2520	2167	1881	
1377	1864	1562	1377	840	571	352	0	756	823	907	1360	1612	1596	1780	2402	2671	2755	2872	2973	2772	3091	2956	2688	2704	2889	2419	2620	2620	2284	2032	
2066	2570	2251	1982	1545	1260	907	756	0	420	890	1209	1562	1814	2066	2620	2940	3124	3326	3477	3343	3712	3612	3376	3444	3628	3175	3393	3376	3040	2772	
1898	2704	2402	2184	1663	1394	1092	823	420	0	504	789	1142	1428	1696	2217	2553	2755	2973	3158	3074	3444	3393	3208	3276	3528	3091	3360	3393	3074	2856	
1562	2688	2419	2284	1696	1461	1260	907	890	504	0	436	722	924	1192	1713	2049	2251	2486	2671	2604	3007	2990	2822	2923	3208	2805	3124	3225	2956	2772	
1848	3108	2856	2738	2150	1915	1713	1360	1209	789	436	0	386	840	1125	1512	1881	2150	2419	2671	2688	3108	3124	3024	3158	3477	3108	3460	3595	3343	3192	
1780	3225	3007	2923	2318	2116	1965	1612	1562	1142	722	386	0	537	823	1125	1495	1780	2083	2352	2402	2839	2906	2839	3007	3343	3024	3410	3578	3376	3259	
1344	2940	2772	2772	2150	1999	1948	1596	1814	1428	924	840	537	0	285	806	1125	1327	1596	1831	1864	2284	2352	2301	2486	2839	2553	2956	3175	2990	2923	
1260	2940	2805	2839	2217	2116	2100	1780	2066	1696	1192	1125	823	285	0	638	890	1058	1293	1545	1579	2016	2100	2083	2268	2637	2402	2822	3057	2923	2889	
1831	3561	3444	3494	2872	2772	2738	2402	2620	2217	1713	1512	1125	806	638	0	369	739	1092	1444	1646	2083	2268	2352	2604	2990	2839	3292	3578	3477	3477	
1898	3645	3544	3645	3040	2973	2990	2671	2940	2553	2049	1881	1495	1125	890	369	0	386	772	1125	1411	1814	2049	2184	2452	2856	2755	3225	3528	3477	3511	
1797	3528	3477	3612	3040	2990	3057	2755	3124	2755	2251	2150	1780	1327	1058	739	386	0	369	739	1058	1444	1696	1881	2133	2553	2503	2973	3309	3292	3376	
1764	3427	3410	3595	3057	3040	3158	2872	3326	2973	2486	2419	2083	1596	1293	1092	772	369	0	352	722	1075	1360	1579	1864	2268	2268	2738	3108	3141	3242	
1730	3309	3343	3544	3040	3074	3225	2973	3477	3158	2671	2671	2352	1831	1545	1444	1125	739	352	0	436	722	1024	1293	1579	1982	2049	2503	2889	2956	3091	
1444	2923	2973	3208	2738	2805	2990	2772	3343	3074	2604	2688	2402	1864	1579	1646	1411	1058	722	436	0	420	638	856	1142	1545	1612	2066	2452	2520	2688	
1713	2990	3091	3376	2956	3057	3276	3091	3712	3444	3007	3108	2839	2284	2016	2083	1814	1444	1075	722	420	0	369	739	991	1360	1545	1965	2368	2520	2721	
1562	2688	2805	3108	2738	2856	3108	2956	3612	3393	2990	3124	2906	2352	2100	2268	2049	1696	1360	1024	638	369	0	386	621	991	1192	1596	1999	2167	2385	
1310	2284	2419	2721	2385	2536	2805	2688	3376	3208	2822	3024	2839	2301	2083	2352	2184	1881	1579	1293	856	739	386	0	268	672	789	1226	1629	1780	1999	
1377	2116	2284	2620	2335	2503	2805	2704	3444	3276	2923	3158	3007	2486	2268	2604	2452	2133	1864	1579	1142	991	621	268	0	403	571	957	1377	1562	1797	
1629	1982	2200	2570	2385	2587	2923	2889	3628	3528	3208	3477	3343	2839	2637	2990	2856	2553	2268	1982	1545	1360	991	672	403	0	487	672	1075	1344	1646	
1260	1545	1747	2100	1898	2116	2452	2419	3175	3091	2805	3108	3024	2553	2402	2839	2755	2503	2268	2049	1612	1545	1192	789	571	487	0	453	840	974	1226	
1629	1360	1629	2032	1982	2217	2587	2620	3393	3360	3124	3460	3410	2956	2822	3292	3225	2973	2738	2503	2066	1965	1596	1226	957	672	453	0	403	688	1008	
1814	1092	1411	1814	1881	2150	2520	2620	3376	3393	3225	3595	3578	3175	3057	3578	3528	3309	3108	2889	2452	2368	1999	1629	1377	1075	840	403	0	403	739	
1663	705	1008	1411	1512	1780	2167	2284	3040	3074	2956	3343	3376	2990	2923	3477	3477	3292	3141	2956	2520	2520	2167	1780	1562	1344	974	688	403	0	336	
1646	352	672	1075	1226	1512	1881	2032	2772	2856	2772	3192	3259	2923	2889	3477	3511	3376	3242	3091	2688	2721	2385	1999	1797	1646	1226	1008	739	336	0	
Velocidade_Veiculos
1	1	1	1	1	1	1	1	1	1	