M: 4
N: 30
Nun_Veiculos: 15
Capacidade_Total: 1130
Demanda_Total: 568
Setup_Min: 1
Setup_Max: 99
Raio: 20
Circulos: 1
Tempo_Processamento_Min: 1
Tempo_Processamento_Max: 49
Demanda_Min: 10
Demanda_Max: 30
Priority_Factor: 0.2
Range_Factor_R: 0.8
U_factor: 2
ALpha: 0.2Replicao: 2
Tempos_Processamentos
0	0	1	0	2	0	3	0	
0	29	1	45	2	34	3	46	
0	18	1	44	2	10	3	4	
0	26	1	10	2	15	3	14	
0	48	1	25	2	20	3	46	
0	31	1	31	2	44	3	12	
0	29	1	25	2	13	3	23	
0	47	1	44	2	35	3	44	
0	43	1	43	2	11	3	11	
0	31	1	26	2	35	3	34	
0	11	1	12	2	6	3	46	
0	6	1	15	2	37	3	29	
0	46	1	30	2	15	3	19	
0	34	1	10	2	11	3	35	
0	12	1	28	2	10	3	45	
0	6	1	33	2	21	3	47	
0	6	1	35	2	4	3	4	
0	16	1	35	2	49	3	1	
0	45	1	47	2	48	3	11	
0	30	1	17	2	46	3	47	
0	9	1	28	2	17	3	21	
0	16	1	20	2	44	3	14	
0	30	1	28	2	8	3	21	
0	47	1	4	2	12	3	15	
0	27	1	2	2	28	3	24	
0	23	1	40	2	5	3	39	
0	10	1	34	2	28	3	47	
0	35	1	35	2	47	3	33	
0	31	1	3	2	29	3	20	
0	11	1	16	2	16	3	41	
0	23	1	49	2	29	3	34	

Tempos_setup
M0
0	0	0	0	0	0	0	0	0	0	0	0	0	0	0	0	0	0	0	0	0	0	0	0	0	0	0	0	0	0	0	
0	0	11	8	7	6	13	20	6	14	7	17	4	18	22	13	19	7	16	13	5	8	4	10	15	11	9	10	12	9	13	
0	31	0	26	32	27	30	41	19	30	37	15	21	35	29	32	35	24	31	34	31	21	30	30	36	24	22	31	20	29	33	
0	5	12	0	12	11	18	19	11	19	12	18	9	20	27	14	20	12	8	14	10	13	9	15	20	11	14	11	17	14	15	
0	8	19	15	0	12	19	22	13	13	15	22	11	11	15	21	21	12	10	21	13	10	12	3	20	4	7	18	9	2	6	
0	16	11	14	13	0	21	14	17	18	22	11	15	23	25	13	19	5	22	13	11	19	10	15	9	16	19	10	13	14	14	
0	5	2	5	4	6	0	13	11	14	8	8	9	15	19	4	10	9	13	4	10	13	9	7	15	8	10	1	13	6	3	
0	12	14	17	11	18	24	0	18	13	19	15	16	22	25	16	5	10	21	16	17	20	16	14	13	15	7	13	17	13	10	
0	12	13	7	18	8	22	22	0	11	19	13	13	22	23	13	26	11	12	21	16	2	15	17	17	11	3	18	21	16	20	
0	3	7	11	10	9	16	23	9	0	10	20	7	21	12	16	18	10	19	16	8	11	7	13	18	14	12	13	15	12	16	
0	9	4	7	8	8	14	22	15	7	0	10	13	19	19	6	12	13	15	6	12	17	13	11	17	12	12	3	17	10	7	
0	20	17	15	17	16	15	28	8	19	23	0	6	27	28	19	25	9	20	19	24	10	23	19	25	19	11	16	25	18	18	
0	14	11	9	11	10	9	22	2	13	17	15	0	21	22	13	19	3	14	13	18	4	17	13	19	13	5	10	19	12	12	
0	16	12	14	16	16	22	26	22	13	8	18	20	0	10	14	16	11	19	14	14	9	13	18	20	18	10	11	3	17	15	
0	14	12	15	16	13	22	16	20	15	8	12	18	14	0	14	6	11	23	14	19	22	18	19	10	20	20	11	14	18	15	
0	6	13	1	9	10	19	20	12	10	13	19	10	13	17	0	13	13	9	15	11	12	10	5	19	6	13	12	16	11	8	
0	15	10	13	14	14	20	10	18	18	21	10	16	23	23	12	0	5	21	12	18	20	19	15	8	16	17	9	12	14	13	
0	15	20	22	14	21	26	29	17	13	22	29	19	18	22	28	28	0	24	28	20	17	19	10	27	11	14	25	16	9	13	
0	12	12	10	6	7	10	21	3	14	16	16	1	14	21	14	20	4	0	14	4	5	3	9	16	3	6	11	11	8	10	
0	3	13	11	2	9	16	23	9	15	9	4	7	13	17	15	21	7	12	0	8	11	7	5	15	6	9	12	11	4	1	
0	10	14	17	2	3	20	17	15	15	12	14	13	13	17	16	22	8	12	16	0	12	13	5	12	6	9	13	7	4	8	
0	10	11	5	16	16	20	24	13	19	17	23	11	20	27	19	25	9	10	19	14	0	13	15	25	9	1	16	21	14	18	
0	11	15	18	3	4	21	18	13	16	13	15	14	14	18	17	23	9	13	17	1	13	0	6	13	7	10	14	8	5	9	
0	5	16	12	4	11	18	25	11	10	12	19	9	8	12	18	18	9	14	18	10	7	9	0	17	1	8	15	11	6	3	
0	7	2	5	6	6	12	20	10	11	13	2	8	17	16	4	10	11	13	4	10	12	11	9	0	10	10	1	4	8	5	
0	11	22	18	10	17	22	25	17	16	18	25	15	11	18	24	24	15	14	24	16	13	15	6	23	0	10	21	12	5	9	
0	21	24	18	22	27	33	37	26	18	28	36	24	29	30	32	36	22	23	32	26	13	25	25	35	22	0	29	29	24	21	
0	6	1	4	5	5	11	19	12	13	12	7	10	16	20	3	9	10	12	3	9	14	10	8	14	9	9	0	14	7	4	
0	13	17	21	13	14	20	28	19	10	20	23	17	22	12	24	18	8	20	24	11	21	10	16	22	17	16	21	0	15	19	
0	6	17	13	5	12	17	20	12	11	13	20	10	9	13	19	19	10	15	19	11	8	10	1	18	2	5	16	7	0	4	
0	2	13	10	1	8	15	22	8	14	9	16	6	12	16	15	21	6	11	15	7	10	6	4	14	5	8	12	10	3	0	
M1
0	0	0	0	0	0	0	0	0	0	0	0	0	0	0	0	0	0	0	0	0	0	0	0	0	0	0	0	0	0	0	
0	0	21	25	13	19	25	14	6	26	2	10	11	12	7	19	19	22	22	19	15	8	15	5	12	15	37	10	12	14	7	
0	22	0	10	20	4	16	5	16	7	12	11	8	19	17	20	22	23	6	13	16	15	12	15	17	12	38	11	21	21	8	
0	22	28	0	20	26	25	4	21	27	24	32	7	27	24	18	21	22	22	15	15	15	11	20	17	11	36	10	21	19	7	
0	20	8	12	0	6	20	7	1	15	6	13	10	7	11	6	19	17	14	18	10	12	10	9	15	9	24	5	24	7	10	
0	19	2	6	16	0	18	1	17	9	14	7	4	21	19	19	18	19	8	12	12	11	8	11	14	8	37	7	18	17	4	
0	14	20	24	12	18	0	16	9	26	14	22	7	15	19	18	24	24	24	15	17	7	17	1	9	3	36	12	17	12	19	
0	18	24	28	16	22	21	0	17	23	20	28	3	23	24	18	17	18	18	11	11	11	7	16	13	7	36	6	17	17	3	
0	20	24	24	16	22	19	17	0	21	5	13	12	6	10	22	26	16	16	20	9	11	9	8	15	16	40	4	26	17	12	
0	16	27	31	19	25	24	3	20	0	18	25	6	12	14	21	20	21	21	14	14	14	10	19	11	10	37	9	20	20	6	
0	15	19	23	11	17	23	12	4	25	0	8	9	10	5	17	24	20	20	17	13	6	13	3	10	13	35	8	23	12	15	
0	13	17	21	9	15	25	4	10	19	15	0	3	16	14	15	21	14	19	11	7	4	11	4	8	7	30	10	17	10	7	
0	15	21	25	13	19	28	17	14	27	17	25	0	20	21	15	21	22	25	8	18	8	18	13	10	4	33	13	14	14	20	
0	26	19	29	22	23	21	13	23	26	28	13	16	0	27	21	20	21	11	14	14	17	20	17	21	20	39	19	23	20	6	
0	29	21	31	23	25	18	23	21	20	17	25	25	27	0	29	28	15	15	30	8	23	8	19	24	21	33	3	28	29	24	
0	28	16	21	20	20	17	19	20	19	16	15	15	23	6	0	13	14	14	15	7	19	7	9	23	19	18	2	27	1	22	
0	28	25	30	22	28	14	28	15	25	20	24	21	21	15	9	0	16	20	2	13	21	13	15	23	17	27	8	29	10	27	
0	22	16	20	8	14	15	15	9	23	14	21	14	15	19	14	20	0	5	22	18	20	18	16	17	16	32	13	13	15	12	
0	20	23	33	22	27	10	15	19	26	22	21	17	25	27	28	23	24	0	25	17	17	22	11	15	13	46	18	27	17	9	
0	31	23	28	22	27	24	26	23	26	23	22	22	29	13	7	20	14	19	0	14	26	14	16	28	26	25	9	27	8	26	
0	25	23	27	15	21	22	15	16	12	21	28	18	22	26	21	27	7	12	26	0	18	14	23	20	14	39	12	20	22	18	
0	9	13	17	5	11	22	11	6	20	11	18	14	12	16	11	18	19	19	20	12	0	12	14	4	7	29	7	21	6	14	
0	33	25	29	17	23	19	24	18	21	23	30	26	24	28	23	29	16	16	31	9	26	0	20	28	22	41	4	29	24	25	
0	21	19	23	11	17	27	18	12	26	17	24	6	18	22	17	23	24	24	14	17	14	17	0	16	10	35	12	20	11	21	
0	5	20	24	12	18	27	7	11	26	7	15	10	17	12	18	24	24	24	18	17	7	9	10	0	3	36	12	17	13	10	
0	11	17	21	9	15	24	13	10	23	13	21	15	16	18	15	22	21	21	23	14	4	14	9	6	0	33	9	23	10	16	
0	23	1	3	21	5	17	6	17	8	13	12	9	20	9	3	16	15	7	14	8	16	10	12	18	13	0	5	22	4	9	
0	29	28	32	20	26	15	20	21	17	26	33	22	27	31	26	25	12	12	27	5	22	5	16	24	18	44	0	25	27	21	
0	9	20	24	12	18	21	11	13	14	11	19	14	19	16	16	7	18	18	9	11	7	11	12	4	3	34	6	0	5	14	
0	30	15	25	21	19	16	20	19	18	15	23	23	23	20	21	12	13	13	14	6	21	6	17	25	19	39	1	26	0	22	
0	25	29	35	23	29	28	7	20	20	25	33	10	26	27	23	14	15	20	16	8	18	14	23	20	14	41	13	24	14	0	
M2
0	0	0	0	0	0	0	0	0	0	0	0	0	0	0	0	0	0	0	0	0	0	0	0	0	0	0	0	0	0	0	
0	0	14	15	6	5	18	13	13	19	8	10	20	9	10	12	17	19	16	13	17	15	15	13	7	3	12	1	13	15	15	
0	11	0	13	4	9	25	17	17	23	17	8	24	13	14	12	21	22	14	11	17	15	13	7	17	7	16	12	11	26	19	
0	26	21	0	24	7	18	15	15	21	15	17	22	15	12	14	23	23	1	9	23	17	16	15	15	5	14	9	20	15	17	
0	7	19	9	0	5	24	13	13	19	13	4	20	16	10	12	17	18	10	7	22	14	9	13	14	3	12	8	7	22	15	
0	25	16	14	20	0	19	8	8	14	10	23	15	14	5	13	22	24	15	19	20	16	11	8	18	11	7	20	20	29	10	
0	15	21	15	10	15	0	13	9	8	15	14	17	4	10	7	20	5	9	13	9	10	12	12	12	13	12	14	14	14	9	
0	19	8	14	12	5	23	0	10	19	2	15	7	15	10	12	19	25	11	18	12	13	11	9	15	3	9	17	14	25	15	
0	20	20	6	18	13	21	18	0	20	20	21	25	9	15	8	25	19	7	14	17	11	3	3	13	11	17	15	15	21	19	
0	11	15	11	15	7	6	13	9	0	13	17	9	10	12	13	13	11	1	9	14	15	12	9	15	5	8	9	20	15	1	
0	17	6	12	10	9	25	17	17	23	0	14	24	13	14	12	17	23	13	17	21	15	9	7	17	13	16	18	17	27	19	
0	16	15	5	19	12	20	9	9	17	9	0	16	15	6	14	13	14	6	3	18	10	5	9	12	10	8	14	3	20	11	
0	13	6	13	6	9	16	4	14	15	6	8	0	16	14	13	20	21	4	11	5	6	13	10	8	7	13	10	11	18	16	
0	11	17	15	9	14	12	9	9	13	11	13	16	0	6	14	16	10	14	16	8	17	12	9	13	12	8	12	16	26	11	
0	20	11	9	15	8	14	3	3	16	5	18	10	9	0	8	17	19	10	14	15	11	6	3	13	6	2	15	15	24	5	
0	18	18	8	22	15	18	13	13	12	12	13	19	15	10	0	23	23	9	6	21	3	14	10	5	13	12	7	7	23	11	
0	10	16	11	16	15	20	14	16	14	15	15	10	17	13	3	0	25	12	9	15	5	16	13	7	13	15	9	10	25	14	
0	12	18	10	5	10	9	16	4	3	16	9	12	13	15	12	16	0	4	12	4	15	7	7	9	8	11	12	12	18	4	
0	27	20	10	24	6	17	14	14	20	14	16	21	16	11	13	24	22	0	8	24	16	15	14	14	4	13	8	19	14	16	
0	23	12	2	16	9	17	17	12	23	6	19	24	12	14	16	23	22	3	0	20	19	15	13	17	7	16	11	22	17	19	
0	8	20	10	1	6	11	14	12	19	14	5	21	11	11	8	18	16	11	8	0	11	10	5	5	4	13	9	8	23	16	
0	18	17	14	19	16	15	11	11	9	11	10	18	12	8	13	20	20	10	13	18	0	11	11	2	14	10	4	5	24	10	
0	29	24	3	27	10	21	18	18	24	18	20	25	18	15	17	26	26	4	12	26	20	0	18	18	8	17	12	23	18	20	
0	17	17	13	15	20	18	15	15	17	17	18	22	6	12	5	22	16	14	11	14	8	16	0	10	18	14	12	12	28	16	
0	26	20	12	20	19	27	24	22	28	14	24	31	15	21	26	23	25	13	21	19	28	9	21	0	17	21	7	27	27	26	
0	27	18	16	21	2	21	10	10	16	12	12	17	16	7	9	24	26	17	15	20	12	13	10	14	0	9	16	15	31	12	
0	18	13	7	16	10	18	5	1	14	7	19	12	7	13	6	23	17	8	12	15	9	4	1	11	8	0	13	13	22	15	
0	19	13	18	17	16	20	17	17	21	7	21	24	8	14	19	16	18	19	24	16	21	15	14	6	20	16	0	24	33	19	
0	13	14	12	18	11	17	6	6	19	8	21	13	12	3	11	20	22	13	17	18	14	9	6	16	9	5	14	0	27	8	
0	18	22	4	13	11	3	16	9	11	16	17	20	7	13	4	23	8	5	10	12	7	1	12	9	9	15	11	11	0	12	
0	18	14	14	14	9	9	12	8	17	14	16	8	9	14	13	12	14	12	19	13	14	11	8	16	15	7	18	19	23	0	
M3
0	0	0	0	0	0	0	0	0	0	0	0	0	0	0	0	0	0	0	0	0	0	0	0	0	0	0	0	0	0	0	
0	0	19	10	19	14	14	28	17	18	12	17	12	34	22	22	17	11	11	16	13	15	21	25	18	16	19	9	19	17	11	
0	23	0	31	13	22	20	32	25	24	16	23	21	45	28	23	24	21	17	20	19	19	32	31	21	27	19	24	30	15	26	
0	18	12	0	14	4	15	21	7	9	16	15	5	24	26	12	7	1	15	9	17	10	18	20	14	6	12	12	9	16	1	
0	15	12	18	0	11	10	24	25	14	8	11	13	32	20	10	11	13	9	12	11	11	23	23	8	14	6	11	17	2	18	
0	14	8	18	16	0	11	23	15	5	13	17	7	32	22	8	15	3	12	11	13	12	14	24	13	14	11	8	17	18	9	
0	6	7	16	9	8	0	18	21	4	2	6	7	31	11	16	14	4	1	6	2	5	13	14	8	13	10	15	16	11	8	
0	9	10	2	11	6	3	0	9	7	5	9	7	23	14	14	2	3	4	9	5	8	16	12	1	5	13	14	1	13	3	
0	12	16	22	13	12	17	31	0	17	15	20	11	44	25	20	23	15	14	19	16	9	26	25	20	26	18	20	29	15	21	
0	9	3	13	14	13	10	25	20	0	12	16	12	27	21	21	10	12	11	14	12	10	9	23	8	9	6	18	12	16	4	
0	7	9	17	7	6	4	16	21	8	0	7	5	33	12	14	15	5	1	4	3	3	16	15	6	15	12	14	17	9	10	
0	10	11	20	13	12	4	19	25	8	6	0	11	35	15	15	18	8	5	10	6	9	17	18	2	17	14	16	20	15	12	
0	17	18	19	20	19	11	26	26	15	13	17	0	33	22	10	12	15	12	15	13	16	24	25	9	15	7	11	18	22	19	
0	14	11	8	17	12	8	23	15	8	10	6	13	0	19	16	8	9	9	14	10	13	17	18	6	4	14	17	7	19	9	
0	10	14	8	16	12	7	21	11	11	9	10	12	30	0	5	9	8	8	9	6	12	17	3	5	12	17	6	15	18	9	
0	9	10	14	12	11	3	21	21	7	5	9	10	28	14	0	7	7	4	9	5	8	16	17	11	10	13	1	13	14	11	
0	16	10	7	9	11	12	21	14	7	14	8	6	21	23	16	0	8	13	16	14	17	16	15	10	3	13	16	6	11	8	
0	20	13	22	13	12	15	20	19	16	15	20	4	37	25	14	16	0	14	8	16	9	25	25	13	19	11	15	21	15	20	
0	6	10	16	8	7	3	17	21	7	1	6	6	32	11	15	15	4	0	5	2	4	16	14	7	14	13	15	17	10	9	
0	19	5	14	18	18	13	12	21	17	15	19	19	35	24	26	14	15	14	0	15	18	26	24	13	17	23	22	13	20	15	
0	4	8	14	10	9	1	19	19	5	3	4	6	30	9	14	13	2	2	7	0	6	14	12	6	12	11	13	15	12	7	
0	11	7	21	4	3	8	22	18	8	6	11	2	35	16	11	14	6	5	10	7	0	17	16	11	17	9	11	20	6	12	
0	12	8	8	5	4	9	21	15	9	7	12	3	29	17	12	8	7	6	11	8	1	0	17	12	11	10	12	7	7	9	
0	7	11	5	13	9	4	18	12	8	6	7	9	29	12	2	9	5	5	6	3	9	17	0	2	11	14	3	14	15	6	
0	8	9	18	11	10	2	17	23	6	4	8	9	33	13	18	16	6	3	8	4	7	15	16	0	15	12	17	18	13	10	
0	13	7	4	13	8	14	25	11	4	16	12	9	18	23	16	4	5	15	13	16	14	13	14	12	0	10	13	3	15	5	
0	10	11	20	13	12	4	19	25	8	6	10	11	35	15	20	18	8	5	8	6	9	17	18	2	17	0	19	20	15	12	
0	20	10	13	13	12	17	31	20	13	15	20	11	27	25	17	13	14	14	19	16	9	22	16	18	9	18	0	12	15	14	
0	17	11	1	10	5	13	22	8	8	15	9	6	22	20	13	1	2	14	10	14	11	17	11	11	4	13	13	0	12	2	
0	19	19	16	18	20	13	30	23	16	15	17	15	30	24	10	9	17	14	19	15	18	25	24	19	12	22	11	15	0	17	
0	18	12	9	15	13	18	27	16	9	17	14	12	23	28	21	6	10	18	18	20	19	18	19	16	5	15	18	8	17	0	
Tamanho_Tarefas
0	35	7	15	21	17	22	37	26	30	6	10	22	14	21	25	5	12	29	30	17	15	15	8	19	12	11	37	8	19	23	
Data_Entrega
0	104	88	71	132	111	122	135	132	117	123	101	69	126	67	122	134	76	101	114	120	124	86	92	91	68	72	113	90	133	96	
Penalidade_Atraso
0	13	10	11	9	20	18	14	1	1	20	17	16	12	19	18	6	5	18	10	20	19	7	6	13	17	11	10	18	1	6	
Capacidade_Veiculo
92	105	92	101	73	69	40	50	82	67	53	53	52	90	111	
Custo_Fixo_Veiculo
920	1050	920	1010	730	690	400	500	820	670	530	530	520	900	1110	
Coordenadas_Clientes
x	0	y	0
x	21	y	0
x	24	y	5
x	19	y	8
x	20	y	14
x	16	y	18
x	11	y	19
x	6	y	20
x	2	y	21
x	-2	y	21
x	-6	y	18
x	-8	y	13
x	-13	y	15
x	-18	y	13
x	-15	y	6
x	-22	y	4
x	-18	y	0
x	-21	y	-4
x	-17	y	-7
x	-18	y	-13
x	-11	y	-12
x	-10	y	-18
x	-6	y	-20
x	-1	y	-17
x	1	y	-16
x	4	y	-15
x	7	y	-12
x	11	y	-13
x	17	y	-12
x	18	y	-8
x	23	y	-4
Tempo_Viagem
0	21	24	20	24	24	21	20	21	21	18	15	19	22	16	22	18	21	18	22	16	20	20	17	16	15	13	17	20	19	23	
21	0	5	8	14	18	21	25	28	31	32	31	36	41	36	43	39	42	38	41	34	35	32	27	25	22	18	16	12	8	4	
24	5	0	5	9	14	18	22	26	29	31	32	37	42	39	46	42	45	42	45	38	40	37	32	30	27	23	21	17	13	9	
20	8	5	0	6	10	13	17	21	24	26	27	32	37	34	41	37	41	38	42	36	38	37	32	30	27	23	22	20	16	12	
24	14	9	6	0	5	10	15	19	23	26	28	33	38	35	42	40	44	42	46	40	43	42	37	35	33	29	28	26	22	18	
24	18	14	10	5	0	5	10	14	18	22	24	29	34	33	40	38	43	41	46	40	44	43	38	37	35	31	31	30	26	22	
21	21	18	13	10	5	0	5	9	13	17	19	24	29	28	35	34	39	38	43	37	41	41	37	36	34	31	32	31	27	25	
20	25	22	17	15	10	5	0	4	8	12	15	19	24	24	31	30	35	35	40	36	40	40	37	36	35	32	33	33	30	29	
21	28	26	21	19	14	9	4	0	4	8	12	15	20	21	28	27	32	33	39	35	40	41	38	37	36	33	35	36	33	32	
21	31	29	24	23	18	13	8	4	0	5	10	12	17	19	26	25	30	31	37	34	39	41	38	37	36	34	36	38	35	35	
18	32	31	26	26	22	17	12	8	5	0	5	7	12	14	21	20	25	26	32	30	36	38	35	34	33	31	35	37	35	36	
15	31	32	27	28	24	19	15	12	10	5	0	5	10	9	16	15	20	21	27	25	31	33	30	30	30	28	32	35	33	35	
19	36	37	32	33	29	24	19	15	12	7	5	0	5	9	14	15	20	22	28	27	33	35	34	34	34	32	36	39	38	40	
22	41	42	37	38	34	29	24	20	17	12	10	5	0	7	9	13	17	20	26	25	31	34	33	34	35	35	38	42	41	44	
16	36	39	34	35	33	28	24	21	19	14	9	9	7	0	7	6	11	13	19	18	24	27	26	27	28	28	32	36	35	39	
22	43	46	41	42	40	35	31	28	26	21	16	14	9	7	0	5	8	12	17	18	24	27	29	29	31	32	36	42	41	45	
18	39	42	37	40	38	34	30	27	25	20	15	15	13	6	5	0	5	7	13	13	19	22	24	24	26	27	31	37	36	41	
21	42	45	41	44	43	39	35	32	30	25	20	20	17	11	8	5	0	5	9	12	17	21	23	24	27	29	33	38	39	44	
18	38	42	38	42	41	38	35	33	31	26	21	22	20	13	12	7	5	0	6	7	13	16	18	19	22	24	28	34	35	40	
22	41	45	42	46	46	43	40	39	37	32	27	28	26	19	17	13	9	6	0	7	9	13	17	19	22	25	29	35	36	41	
16	34	38	36	40	40	37	36	35	34	30	25	27	25	18	18	13	12	7	7	0	6	9	11	12	15	18	22	28	29	34	
20	35	40	38	43	44	41	40	40	39	36	31	33	31	24	24	19	17	13	9	6	0	4	9	11	14	18	21	27	29	35	
20	32	37	37	42	43	41	40	41	41	38	33	35	34	27	27	22	21	16	13	9	4	0	5	7	10	14	17	23	25	31	
17	27	32	32	37	38	37	37	38	38	35	30	34	33	26	29	24	23	18	17	11	9	5	0	2	5	9	12	18	20	26	
16	25	30	30	35	37	36	36	37	37	34	30	34	34	27	29	24	24	19	19	12	11	7	2	0	3	7	10	16	18	24	
15	22	27	27	33	35	34	35	36	36	33	30	34	35	28	31	26	27	22	22	15	14	10	5	3	0	4	7	13	15	21	
13	18	23	23	29	31	31	32	33	34	31	28	32	35	28	32	27	29	24	25	18	18	14	9	7	4	0	4	10	11	17	
17	16	21	22	28	31	32	33	35	36	35	32	36	38	32	36	31	33	28	29	22	21	17	12	10	7	4	0	6	8	14	
20	12	17	20	26	30	31	33	36	38	37	35	39	42	36	42	37	38	34	35	28	27	23	18	16	13	10	6	0	4	10	
19	8	13	16	22	26	27	30	33	35	35	33	38	41	35	41	36	39	35	36	29	29	25	20	18	15	11	8	4	0	6	
23	4	9	12	18	22	25	29	32	35	36	35	40	44	39	45	41	44	40	41	34	35	31	26	24	21	17	14	10	6	0	
Custo_Viagem
V0
0	386	441	368	441	441	386	368	386	386	331	276	349	404	294	404	331	386	331	404	294	368	368	312	294	276	239	312	368	349	423	
386	0	92	147	257	331	386	460	515	570	588	570	680	754	662	791	717	772	699	754	625	644	607	496	460	404	331	294	220	147	73	
441	92	0	92	165	276	349	423	496	552	588	588	699	772	717	846	772	828	772	828	699	754	717	607	570	515	441	404	331	257	165	
368	147	92	0	110	184	239	312	386	441	478	496	588	680	625	754	680	754	717	772	662	699	680	588	552	496	423	404	368	294	220	
441	257	165	110	0	92	184	276	349	423	478	515	607	699	644	791	736	809	772	846	736	791	772	680	644	607	533	515	478	404	331	
441	331	276	184	92	0	92	184	257	331	404	441	533	625	607	736	699	791	754	846	736	809	791	699	680	644	570	570	552	478	423	
386	386	349	239	184	92	0	92	165	239	312	349	441	533	533	662	625	717	699	791	699	772	772	680	662	625	570	588	570	496	460	
368	460	423	312	276	184	92	0	73	147	220	276	349	460	460	588	570	662	644	736	662	754	754	680	662	644	588	607	607	552	533	
386	515	496	386	349	257	165	73	0	73	147	220	294	386	404	533	533	607	607	717	644	736	754	699	680	662	607	644	662	607	588	
386	570	552	441	423	331	239	147	73	0	92	184	220	312	349	478	478	570	570	680	625	717	754	699	680	662	625	662	699	644	644	
331	588	588	478	478	404	312	220	147	92	0	92	128	239	276	386	386	478	496	607	552	662	699	644	625	625	588	644	680	644	662	
276	570	588	496	515	441	349	276	220	184	92	0	92	184	165	294	294	386	386	496	460	570	607	552	552	552	533	588	644	607	644	
349	680	699	588	607	533	441	349	294	220	128	92	0	92	165	257	276	368	404	515	496	607	644	625	625	625	607	662	736	699	736	
404	754	772	680	699	625	533	460	386	312	239	184	92	0	128	165	239	312	368	478	460	588	644	625	625	644	644	699	791	754	809	
294	662	717	625	644	607	533	460	404	349	276	165	165	128	0	128	110	202	239	349	331	441	496	478	496	515	515	588	662	644	717	
404	791	846	754	791	736	662	588	533	478	386	294	257	165	128	0	92	147	220	312	349	460	515	533	552	588	607	680	772	754	828	
331	717	772	680	736	699	625	570	533	478	386	294	276	239	110	92	0	92	128	239	239	349	423	441	441	478	496	570	680	662	754	
386	772	828	754	809	791	717	662	607	570	478	386	368	312	202	147	92	0	92	165	220	312	386	423	460	496	533	607	699	717	809	
331	699	772	717	772	754	699	644	607	570	496	386	404	368	239	220	128	92	0	110	128	239	312	331	368	404	441	515	625	644	736	
404	754	828	772	846	846	791	736	717	680	607	496	515	478	349	312	239	165	110	0	128	165	239	312	349	404	460	533	644	662	754	
294	625	699	662	736	736	699	662	644	625	552	460	496	460	331	349	239	220	128	128	0	110	165	202	220	276	331	404	515	533	625	
368	644	754	699	791	809	772	754	736	717	662	570	607	588	441	460	349	312	239	165	110	0	73	165	202	257	331	386	496	533	644	
368	607	717	680	772	791	772	754	754	754	699	607	644	644	496	515	423	386	312	239	165	73	0	92	147	202	276	331	441	478	607	
312	496	607	588	680	699	680	680	699	699	644	552	625	625	478	533	441	423	331	312	202	165	92	0	36	92	165	220	331	386	496	
294	460	570	552	644	680	662	662	680	680	625	552	625	625	496	552	441	460	368	349	220	202	147	36	0	55	128	184	294	331	460	
276	404	515	496	607	644	625	644	662	662	625	552	625	644	515	588	478	496	404	404	276	257	202	92	55	0	73	128	239	276	386	
239	331	441	423	533	570	570	588	607	625	588	533	607	644	515	607	496	533	441	460	331	331	276	165	128	73	0	73	184	202	312	
312	294	404	404	515	570	588	607	644	662	644	588	662	699	588	680	570	607	515	533	404	386	331	220	184	128	73	0	110	147	276	
368	220	331	368	478	552	570	607	662	699	680	644	736	791	662	772	680	699	625	644	515	496	441	331	294	239	184	110	0	73	184	
349	147	257	294	404	478	496	552	607	644	644	607	699	754	644	754	662	717	644	662	533	533	478	386	331	276	202	147	73	0	110	
423	73	165	220	331	423	460	533	588	644	662	644	736	809	717	828	754	809	736	754	625	644	607	496	460	386	312	276	184	110	0	
V1
0	441	504	420	504	504	441	420	441	441	378	315	399	462	336	462	378	441	378	462	336	420	420	357	336	315	273	357	420	399	483	
441	0	105	168	294	378	441	525	588	651	672	651	777	861	756	903	819	882	798	861	714	735	693	567	525	462	378	336	252	168	84	
504	105	0	105	189	315	399	483	567	630	672	672	798	882	819	966	882	945	882	945	798	861	819	693	651	588	504	462	378	294	189	
420	168	105	0	126	210	273	357	441	504	546	567	672	777	714	861	777	861	819	882	756	798	777	672	630	567	483	462	420	336	252	
504	294	189	126	0	105	210	315	399	483	546	588	693	798	735	903	840	924	882	966	840	903	882	777	735	693	609	588	546	462	378	
504	378	315	210	105	0	105	210	294	378	462	504	609	714	693	840	798	903	861	966	840	924	903	798	777	735	651	651	630	546	483	
441	441	399	273	210	105	0	105	189	273	357	399	504	609	609	756	714	819	798	903	798	882	882	777	756	714	651	672	651	567	525	
420	525	483	357	315	210	105	0	84	168	252	315	399	525	525	672	651	756	735	840	756	861	861	777	756	735	672	693	693	630	609	
441	588	567	441	399	294	189	84	0	84	168	252	336	441	462	609	609	693	693	819	735	840	861	798	777	756	693	735	756	693	672	
441	651	630	504	483	378	273	168	84	0	105	210	252	357	399	546	546	651	651	777	714	819	861	798	777	756	714	756	798	735	735	
378	672	672	546	546	462	357	252	168	105	0	105	147	273	315	441	441	546	567	693	630	756	798	735	714	714	672	735	777	735	756	
315	651	672	567	588	504	399	315	252	210	105	0	105	210	189	336	336	441	441	567	525	651	693	630	630	630	609	672	735	693	735	
399	777	798	672	693	609	504	399	336	252	147	105	0	105	189	294	315	420	462	588	567	693	735	714	714	714	693	756	840	798	840	
462	861	882	777	798	714	609	525	441	357	273	210	105	0	147	189	273	357	420	546	525	672	735	714	714	735	735	798	903	861	924	
336	756	819	714	735	693	609	525	462	399	315	189	189	147	0	147	126	231	273	399	378	504	567	546	567	588	588	672	756	735	819	
462	903	966	861	903	840	756	672	609	546	441	336	294	189	147	0	105	168	252	357	399	525	588	609	630	672	693	777	882	861	945	
378	819	882	777	840	798	714	651	609	546	441	336	315	273	126	105	0	105	147	273	273	399	483	504	504	546	567	651	777	756	861	
441	882	945	861	924	903	819	756	693	651	546	441	420	357	231	168	105	0	105	189	252	357	441	483	525	567	609	693	798	819	924	
378	798	882	819	882	861	798	735	693	651	567	441	462	420	273	252	147	105	0	126	147	273	357	378	420	462	504	588	714	735	840	
462	861	945	882	966	966	903	840	819	777	693	567	588	546	399	357	273	189	126	0	147	189	273	357	399	462	525	609	735	756	861	
336	714	798	756	840	840	798	756	735	714	630	525	567	525	378	399	273	252	147	147	0	126	189	231	252	315	378	462	588	609	714	
420	735	861	798	903	924	882	861	840	819	756	651	693	672	504	525	399	357	273	189	126	0	84	189	231	294	378	441	567	609	735	
420	693	819	777	882	903	882	861	861	861	798	693	735	735	567	588	483	441	357	273	189	84	0	105	168	231	315	378	504	546	693	
357	567	693	672	777	798	777	777	798	798	735	630	714	714	546	609	504	483	378	357	231	189	105	0	42	105	189	252	378	441	567	
336	525	651	630	735	777	756	756	777	777	714	630	714	714	567	630	504	525	420	399	252	231	168	42	0	63	147	210	336	378	525	
315	462	588	567	693	735	714	735	756	756	714	630	714	735	588	672	546	567	462	462	315	294	231	105	63	0	84	147	273	315	441	
273	378	504	483	609	651	651	672	693	714	672	609	693	735	588	693	567	609	504	525	378	378	315	189	147	84	0	84	210	231	357	
357	336	462	462	588	651	672	693	735	756	735	672	756	798	672	777	651	693	588	609	462	441	378	252	210	147	84	0	126	168	315	
420	252	378	420	546	630	651	693	756	798	777	735	840	903	756	882	777	798	714	735	588	567	504	378	336	273	210	126	0	84	210	
399	168	294	336	462	546	567	630	693	735	735	693	798	861	735	861	756	819	735	756	609	609	546	441	378	315	231	168	84	0	126	
483	84	189	252	378	483	525	609	672	735	756	735	840	924	819	945	861	924	840	861	714	735	693	567	525	441	357	315	210	126	0	
V2
0	386	441	368	441	441	386	368	386	386	331	276	349	404	294	404	331	386	331	404	294	368	368	312	294	276	239	312	368	349	423	
386	0	92	147	257	331	386	460	515	570	588	570	680	754	662	791	717	772	699	754	625	644	607	496	460	404	331	294	220	147	73	
441	92	0	92	165	276	349	423	496	552	588	588	699	772	717	846	772	828	772	828	699	754	717	607	570	515	441	404	331	257	165	
368	147	92	0	110	184	239	312	386	441	478	496	588	680	625	754	680	754	717	772	662	699	680	588	552	496	423	404	368	294	220	
441	257	165	110	0	92	184	276	349	423	478	515	607	699	644	791	736	809	772	846	736	791	772	680	644	607	533	515	478	404	331	
441	331	276	184	92	0	92	184	257	331	404	441	533	625	607	736	699	791	754	846	736	809	791	699	680	644	570	570	552	478	423	
386	386	349	239	184	92	0	92	165	239	312	349	441	533	533	662	625	717	699	791	699	772	772	680	662	625	570	588	570	496	460	
368	460	423	312	276	184	92	0	73	147	220	276	349	460	460	588	570	662	644	736	662	754	754	680	662	644	588	607	607	552	533	
386	515	496	386	349	257	165	73	0	73	147	220	294	386	404	533	533	607	607	717	644	736	754	699	680	662	607	644	662	607	588	
386	570	552	441	423	331	239	147	73	0	92	184	220	312	349	478	478	570	570	680	625	717	754	699	680	662	625	662	699	644	644	
331	588	588	478	478	404	312	220	147	92	0	92	128	239	276	386	386	478	496	607	552	662	699	644	625	625	588	644	680	644	662	
276	570	588	496	515	441	349	276	220	184	92	0	92	184	165	294	294	386	386	496	460	570	607	552	552	552	533	588	644	607	644	
349	680	699	588	607	533	441	349	294	220	128	92	0	92	165	257	276	368	404	515	496	607	644	625	625	625	607	662	736	699	736	
404	754	772	680	699	625	533	460	386	312	239	184	92	0	128	165	239	312	368	478	460	588	644	625	625	644	644	699	791	754	809	
294	662	717	625	644	607	533	460	404	349	276	165	165	128	0	128	110	202	239	349	331	441	496	478	496	515	515	588	662	644	717	
404	791	846	754	791	736	662	588	533	478	386	294	257	165	128	0	92	147	220	312	349	460	515	533	552	588	607	680	772	754	828	
331	717	772	680	736	699	625	570	533	478	386	294	276	239	110	92	0	92	128	239	239	349	423	441	441	478	496	570	680	662	754	
386	772	828	754	809	791	717	662	607	570	478	386	368	312	202	147	92	0	92	165	220	312	386	423	460	496	533	607	699	717	809	
331	699	772	717	772	754	699	644	607	570	496	386	404	368	239	220	128	92	0	110	128	239	312	331	368	404	441	515	625	644	736	
404	754	828	772	846	846	791	736	717	680	607	496	515	478	349	312	239	165	110	0	128	165	239	312	349	404	460	533	644	662	754	
294	625	699	662	736	736	699	662	644	625	552	460	496	460	331	349	239	220	128	128	0	110	165	202	220	276	331	404	515	533	625	
368	644	754	699	791	809	772	754	736	717	662	570	607	588	441	460	349	312	239	165	110	0	73	165	202	257	331	386	496	533	644	
368	607	717	680	772	791	772	754	754	754	699	607	644	644	496	515	423	386	312	239	165	73	0	92	147	202	276	331	441	478	607	
312	496	607	588	680	699	680	680	699	699	644	552	625	625	478	533	441	423	331	312	202	165	92	0	36	92	165	220	331	386	496	
294	460	570	552	644	680	662	662	680	680	625	552	625	625	496	552	441	460	368	349	220	202	147	36	0	55	128	184	294	331	460	
276	404	515	496	607	644	625	644	662	662	625	552	625	644	515	588	478	496	404	404	276	257	202	92	55	0	73	128	239	276	386	
239	331	441	423	533	570	570	588	607	625	588	533	607	644	515	607	496	533	441	460	331	331	276	165	128	73	0	73	184	202	312	
312	294	404	404	515	570	588	607	644	662	644	588	662	699	588	680	570	607	515	533	404	386	331	220	184	128	73	0	110	147	276	
368	220	331	368	478	552	570	607	662	699	680	644	736	791	662	772	680	699	625	644	515	496	441	331	294	239	184	110	0	73	184	
349	147	257	294	404	478	496	552	607	644	644	607	699	754	644	754	662	717	644	662	533	533	478	386	331	276	202	147	73	0	110	
423	73	165	220	331	423	460	533	588	644	662	644	736	809	717	828	754	809	736	754	625	644	607	496	460	386	312	276	184	110	0	
V3
0	424	484	404	484	484	424	404	424	424	363	303	383	444	323	444	363	424	363	444	323	404	404	343	323	303	262	343	404	383	464	
424	0	101	161	282	363	424	505	565	626	646	626	747	828	727	868	787	848	767	828	686	707	666	545	505	444	363	323	242	161	80	
484	101	0	101	181	303	383	464	545	606	646	646	767	848	787	929	848	909	848	909	767	828	787	666	626	565	484	444	363	282	181	
404	161	101	0	121	202	262	343	424	484	525	545	646	747	686	828	747	828	787	848	727	767	747	646	606	545	464	444	404	323	242	
484	282	181	121	0	101	202	303	383	464	525	565	666	767	707	868	808	888	848	929	808	868	848	747	707	666	585	565	525	444	363	
484	363	303	202	101	0	101	202	282	363	444	484	585	686	666	808	767	868	828	929	808	888	868	767	747	707	626	626	606	525	464	
424	424	383	262	202	101	0	101	181	262	343	383	484	585	585	727	686	787	767	868	767	848	848	747	727	686	626	646	626	545	505	
404	505	464	343	303	202	101	0	80	161	242	303	383	505	505	646	626	727	707	808	727	828	828	747	727	707	646	666	666	606	585	
424	565	545	424	383	282	181	80	0	80	161	242	323	424	444	585	585	666	666	787	707	808	828	767	747	727	666	707	727	666	646	
424	626	606	484	464	363	262	161	80	0	101	202	242	343	383	525	525	626	626	747	686	787	828	767	747	727	686	727	767	707	707	
363	646	646	525	525	444	343	242	161	101	0	101	141	262	303	424	424	525	545	666	606	727	767	707	686	686	646	707	747	707	727	
303	626	646	545	565	484	383	303	242	202	101	0	101	202	181	323	323	424	424	545	505	626	666	606	606	606	585	646	707	666	707	
383	747	767	646	666	585	484	383	323	242	141	101	0	101	181	282	303	404	444	565	545	666	707	686	686	686	666	727	808	767	808	
444	828	848	747	767	686	585	505	424	343	262	202	101	0	141	181	262	343	404	525	505	646	707	686	686	707	707	767	868	828	888	
323	727	787	686	707	666	585	505	444	383	303	181	181	141	0	141	121	222	262	383	363	484	545	525	545	565	565	646	727	707	787	
444	868	929	828	868	808	727	646	585	525	424	323	282	181	141	0	101	161	242	343	383	505	565	585	606	646	666	747	848	828	909	
363	787	848	747	808	767	686	626	585	525	424	323	303	262	121	101	0	101	141	262	262	383	464	484	484	525	545	626	747	727	828	
424	848	909	828	888	868	787	727	666	626	525	424	404	343	222	161	101	0	101	181	242	343	424	464	505	545	585	666	767	787	888	
363	767	848	787	848	828	767	707	666	626	545	424	444	404	262	242	141	101	0	121	141	262	343	363	404	444	484	565	686	707	808	
444	828	909	848	929	929	868	808	787	747	666	545	565	525	383	343	262	181	121	0	141	181	262	343	383	444	505	585	707	727	828	
323	686	767	727	808	808	767	727	707	686	606	505	545	505	363	383	262	242	141	141	0	121	181	222	242	303	363	444	565	585	686	
404	707	828	767	868	888	848	828	808	787	727	626	666	646	484	505	383	343	262	181	121	0	80	181	222	282	363	424	545	585	707	
404	666	787	747	848	868	848	828	828	828	767	666	707	707	545	565	464	424	343	262	181	80	0	101	161	222	303	363	484	525	666	
343	545	666	646	747	767	747	747	767	767	707	606	686	686	525	585	484	464	363	343	222	181	101	0	40	101	181	242	363	424	545	
323	505	626	606	707	747	727	727	747	747	686	606	686	686	545	606	484	505	404	383	242	222	161	40	0	60	141	202	323	363	505	
303	444	565	545	666	707	686	707	727	727	686	606	686	707	565	646	525	545	444	444	303	282	222	101	60	0	80	141	262	303	424	
262	363	484	464	585	626	626	646	666	686	646	585	666	707	565	666	545	585	484	505	363	363	303	181	141	80	0	80	202	222	343	
343	323	444	444	565	626	646	666	707	727	707	646	727	767	646	747	626	666	565	585	444	424	363	242	202	141	80	0	121	161	303	
404	242	363	404	525	606	626	666	727	767	747	707	808	868	727	848	747	767	686	707	565	545	484	363	323	262	202	121	0	80	202	
383	161	282	323	444	525	545	606	666	707	707	666	767	828	707	828	727	787	707	727	585	585	525	424	363	303	222	161	80	0	121	
464	80	181	242	363	464	505	585	646	707	727	707	808	888	787	909	828	888	808	828	686	707	666	545	505	424	343	303	202	121	0	
V4
0	306	350	292	350	350	306	292	306	306	262	219	277	321	233	321	262	306	262	321	233	292	292	248	233	219	189	248	292	277	335	
306	0	73	116	204	262	306	365	408	452	467	452	540	598	525	627	569	613	554	598	496	511	481	394	365	321	262	233	175	116	58	
350	73	0	73	131	219	277	335	394	438	467	467	554	613	569	671	613	657	613	657	554	598	569	481	452	408	350	321	262	204	131	
292	116	73	0	87	146	189	248	306	350	379	394	467	540	496	598	540	598	569	613	525	554	540	467	438	394	335	321	292	233	175	
350	204	131	87	0	73	146	219	277	335	379	408	481	554	511	627	584	642	613	671	584	627	613	540	511	481	423	408	379	321	262	
350	262	219	146	73	0	73	146	204	262	321	350	423	496	481	584	554	627	598	671	584	642	627	554	540	511	452	452	438	379	335	
306	306	277	189	146	73	0	73	131	189	248	277	350	423	423	525	496	569	554	627	554	613	613	540	525	496	452	467	452	394	365	
292	365	335	248	219	146	73	0	58	116	175	219	277	365	365	467	452	525	511	584	525	598	598	540	525	511	467	481	481	438	423	
306	408	394	306	277	204	131	58	0	58	116	175	233	306	321	423	423	481	481	569	511	584	598	554	540	525	481	511	525	481	467	
306	452	438	350	335	262	189	116	58	0	73	146	175	248	277	379	379	452	452	540	496	569	598	554	540	525	496	525	554	511	511	
262	467	467	379	379	321	248	175	116	73	0	73	102	189	219	306	306	379	394	481	438	525	554	511	496	496	467	511	540	511	525	
219	452	467	394	408	350	277	219	175	146	73	0	73	146	131	233	233	306	306	394	365	452	481	438	438	438	423	467	511	481	511	
277	540	554	467	481	423	350	277	233	175	102	73	0	73	131	204	219	292	321	408	394	481	511	496	496	496	481	525	584	554	584	
321	598	613	540	554	496	423	365	306	248	189	146	73	0	102	131	189	248	292	379	365	467	511	496	496	511	511	554	627	598	642	
233	525	569	496	511	481	423	365	321	277	219	131	131	102	0	102	87	160	189	277	262	350	394	379	394	408	408	467	525	511	569	
321	627	671	598	627	584	525	467	423	379	306	233	204	131	102	0	73	116	175	248	277	365	408	423	438	467	481	540	613	598	657	
262	569	613	540	584	554	496	452	423	379	306	233	219	189	87	73	0	73	102	189	189	277	335	350	350	379	394	452	540	525	598	
306	613	657	598	642	627	569	525	481	452	379	306	292	248	160	116	73	0	73	131	175	248	306	335	365	394	423	481	554	569	642	
262	554	613	569	613	598	554	511	481	452	394	306	321	292	189	175	102	73	0	87	102	189	248	262	292	321	350	408	496	511	584	
321	598	657	613	671	671	627	584	569	540	481	394	408	379	277	248	189	131	87	0	102	131	189	248	277	321	365	423	511	525	598	
233	496	554	525	584	584	554	525	511	496	438	365	394	365	262	277	189	175	102	102	0	87	131	160	175	219	262	321	408	423	496	
292	511	598	554	627	642	613	598	584	569	525	452	481	467	350	365	277	248	189	131	87	0	58	131	160	204	262	306	394	423	511	
292	481	569	540	613	627	613	598	598	598	554	481	511	511	394	408	335	306	248	189	131	58	0	73	116	160	219	262	350	379	481	
248	394	481	467	540	554	540	540	554	554	511	438	496	496	379	423	350	335	262	248	160	131	73	0	29	73	131	175	262	306	394	
233	365	452	438	511	540	525	525	540	540	496	438	496	496	394	438	350	365	292	277	175	160	116	29	0	43	102	146	233	262	365	
219	321	408	394	481	511	496	511	525	525	496	438	496	511	408	467	379	394	321	321	219	204	160	73	43	0	58	102	189	219	306	
189	262	350	335	423	452	452	467	481	496	467	423	481	511	408	481	394	423	350	365	262	262	219	131	102	58	0	58	146	160	248	
248	233	321	321	408	452	467	481	511	525	511	467	525	554	467	540	452	481	408	423	321	306	262	175	146	102	58	0	87	116	219	
292	175	262	292	379	438	452	481	525	554	540	511	584	627	525	613	540	554	496	511	408	394	350	262	233	189	146	87	0	58	146	
277	116	204	233	321	379	394	438	481	511	511	481	554	598	511	598	525	569	511	525	423	423	379	306	262	219	160	116	58	0	87	
335	58	131	175	262	335	365	423	467	511	525	511	584	642	569	657	598	642	584	598	496	511	481	394	365	306	248	219	146	87	0	
V5
0	289	331	276	331	331	289	276	289	289	248	207	262	303	220	303	248	289	248	303	220	276	276	234	220	207	179	234	276	262	317	
289	0	69	110	193	248	289	345	386	427	441	427	510	565	496	593	538	579	524	565	469	483	455	372	345	303	248	220	165	110	55	
331	69	0	69	124	207	262	317	372	414	441	441	524	579	538	634	579	621	579	621	524	565	538	455	427	386	331	303	248	193	124	
276	110	69	0	82	138	179	234	289	331	358	372	441	510	469	565	510	565	538	579	496	524	510	441	414	372	317	303	276	220	165	
331	193	124	82	0	69	138	207	262	317	358	386	455	524	483	593	552	607	579	634	552	593	579	510	483	455	400	386	358	303	248	
331	248	207	138	69	0	69	138	193	248	303	331	400	469	455	552	524	593	565	634	552	607	593	524	510	483	427	427	414	358	317	
289	289	262	179	138	69	0	69	124	179	234	262	331	400	400	496	469	538	524	593	524	579	579	510	496	469	427	441	427	372	345	
276	345	317	234	207	138	69	0	55	110	165	207	262	345	345	441	427	496	483	552	496	565	565	510	496	483	441	455	455	414	400	
289	386	372	289	262	193	124	55	0	55	110	165	220	289	303	400	400	455	455	538	483	552	565	524	510	496	455	483	496	455	441	
289	427	414	331	317	248	179	110	55	0	69	138	165	234	262	358	358	427	427	510	469	538	565	524	510	496	469	496	524	483	483	
248	441	441	358	358	303	234	165	110	69	0	69	96	179	207	289	289	358	372	455	414	496	524	483	469	469	441	483	510	483	496	
207	427	441	372	386	331	262	207	165	138	69	0	69	138	124	220	220	289	289	372	345	427	455	414	414	414	400	441	483	455	483	
262	510	524	441	455	400	331	262	220	165	96	69	0	69	124	193	207	276	303	386	372	455	483	469	469	469	455	496	552	524	552	
303	565	579	510	524	469	400	345	289	234	179	138	69	0	96	124	179	234	276	358	345	441	483	469	469	483	483	524	593	565	607	
220	496	538	469	483	455	400	345	303	262	207	124	124	96	0	96	82	151	179	262	248	331	372	358	372	386	386	441	496	483	538	
303	593	634	565	593	552	496	441	400	358	289	220	193	124	96	0	69	110	165	234	262	345	386	400	414	441	455	510	579	565	621	
248	538	579	510	552	524	469	427	400	358	289	220	207	179	82	69	0	69	96	179	179	262	317	331	331	358	372	427	510	496	565	
289	579	621	565	607	593	538	496	455	427	358	289	276	234	151	110	69	0	69	124	165	234	289	317	345	372	400	455	524	538	607	
248	524	579	538	579	565	524	483	455	427	372	289	303	276	179	165	96	69	0	82	96	179	234	248	276	303	331	386	469	483	552	
303	565	621	579	634	634	593	552	538	510	455	372	386	358	262	234	179	124	82	0	96	124	179	234	262	303	345	400	483	496	565	
220	469	524	496	552	552	524	496	483	469	414	345	372	345	248	262	179	165	96	96	0	82	124	151	165	207	248	303	386	400	469	
276	483	565	524	593	607	579	565	552	538	496	427	455	441	331	345	262	234	179	124	82	0	55	124	151	193	248	289	372	400	483	
276	455	538	510	579	593	579	565	565	565	524	455	483	483	372	386	317	289	234	179	124	55	0	69	110	151	207	248	331	358	455	
234	372	455	441	510	524	510	510	524	524	483	414	469	469	358	400	331	317	248	234	151	124	69	0	27	69	124	165	248	289	372	
220	345	427	414	483	510	496	496	510	510	469	414	469	469	372	414	331	345	276	262	165	151	110	27	0	41	96	138	220	248	345	
207	303	386	372	455	483	469	483	496	496	469	414	469	483	386	441	358	372	303	303	207	193	151	69	41	0	55	96	179	207	289	
179	248	331	317	400	427	427	441	455	469	441	400	455	483	386	455	372	400	331	345	248	248	207	124	96	55	0	55	138	151	234	
234	220	303	303	386	427	441	455	483	496	483	441	496	524	441	510	427	455	386	400	303	289	248	165	138	96	55	0	82	110	207	
276	165	248	276	358	414	427	455	496	524	510	483	552	593	496	579	510	524	469	483	386	372	331	248	220	179	138	82	0	55	138	
262	110	193	220	303	358	372	414	455	483	483	455	524	565	483	565	496	538	483	496	400	400	358	289	248	207	151	110	55	0	82	
317	55	124	165	248	317	345	400	441	483	496	483	552	607	538	621	565	607	552	565	469	483	455	372	345	289	234	207	138	82	0	
V6
0	168	192	160	192	192	168	160	168	168	144	120	152	176	128	176	144	168	144	176	128	160	160	136	128	120	104	136	160	152	184	
168	0	40	64	112	144	168	200	224	248	256	248	296	328	288	344	312	336	304	328	272	280	264	216	200	176	144	128	96	64	32	
192	40	0	40	72	120	152	184	216	240	256	256	304	336	312	368	336	360	336	360	304	328	312	264	248	224	192	176	144	112	72	
160	64	40	0	48	80	104	136	168	192	208	216	256	296	272	328	296	328	312	336	288	304	296	256	240	216	184	176	160	128	96	
192	112	72	48	0	40	80	120	152	184	208	224	264	304	280	344	320	352	336	368	320	344	336	296	280	264	232	224	208	176	144	
192	144	120	80	40	0	40	80	112	144	176	192	232	272	264	320	304	344	328	368	320	352	344	304	296	280	248	248	240	208	184	
168	168	152	104	80	40	0	40	72	104	136	152	192	232	232	288	272	312	304	344	304	336	336	296	288	272	248	256	248	216	200	
160	200	184	136	120	80	40	0	32	64	96	120	152	200	200	256	248	288	280	320	288	328	328	296	288	280	256	264	264	240	232	
168	224	216	168	152	112	72	32	0	32	64	96	128	168	176	232	232	264	264	312	280	320	328	304	296	288	264	280	288	264	256	
168	248	240	192	184	144	104	64	32	0	40	80	96	136	152	208	208	248	248	296	272	312	328	304	296	288	272	288	304	280	280	
144	256	256	208	208	176	136	96	64	40	0	40	56	104	120	168	168	208	216	264	240	288	304	280	272	272	256	280	296	280	288	
120	248	256	216	224	192	152	120	96	80	40	0	40	80	72	128	128	168	168	216	200	248	264	240	240	240	232	256	280	264	280	
152	296	304	256	264	232	192	152	128	96	56	40	0	40	72	112	120	160	176	224	216	264	280	272	272	272	264	288	320	304	320	
176	328	336	296	304	272	232	200	168	136	104	80	40	0	56	72	104	136	160	208	200	256	280	272	272	280	280	304	344	328	352	
128	288	312	272	280	264	232	200	176	152	120	72	72	56	0	56	48	88	104	152	144	192	216	208	216	224	224	256	288	280	312	
176	344	368	328	344	320	288	256	232	208	168	128	112	72	56	0	40	64	96	136	152	200	224	232	240	256	264	296	336	328	360	
144	312	336	296	320	304	272	248	232	208	168	128	120	104	48	40	0	40	56	104	104	152	184	192	192	208	216	248	296	288	328	
168	336	360	328	352	344	312	288	264	248	208	168	160	136	88	64	40	0	40	72	96	136	168	184	200	216	232	264	304	312	352	
144	304	336	312	336	328	304	280	264	248	216	168	176	160	104	96	56	40	0	48	56	104	136	144	160	176	192	224	272	280	320	
176	328	360	336	368	368	344	320	312	296	264	216	224	208	152	136	104	72	48	0	56	72	104	136	152	176	200	232	280	288	328	
128	272	304	288	320	320	304	288	280	272	240	200	216	200	144	152	104	96	56	56	0	48	72	88	96	120	144	176	224	232	272	
160	280	328	304	344	352	336	328	320	312	288	248	264	256	192	200	152	136	104	72	48	0	32	72	88	112	144	168	216	232	280	
160	264	312	296	336	344	336	328	328	328	304	264	280	280	216	224	184	168	136	104	72	32	0	40	64	88	120	144	192	208	264	
136	216	264	256	296	304	296	296	304	304	280	240	272	272	208	232	192	184	144	136	88	72	40	0	16	40	72	96	144	168	216	
128	200	248	240	280	296	288	288	296	296	272	240	272	272	216	240	192	200	160	152	96	88	64	16	0	24	56	80	128	144	200	
120	176	224	216	264	280	272	280	288	288	272	240	272	280	224	256	208	216	176	176	120	112	88	40	24	0	32	56	104	120	168	
104	144	192	184	232	248	248	256	264	272	256	232	264	280	224	264	216	232	192	200	144	144	120	72	56	32	0	32	80	88	136	
136	128	176	176	224	248	256	264	280	288	280	256	288	304	256	296	248	264	224	232	176	168	144	96	80	56	32	0	48	64	120	
160	96	144	160	208	240	248	264	288	304	296	280	320	344	288	336	296	304	272	280	224	216	192	144	128	104	80	48	0	32	80	
152	64	112	128	176	208	216	240	264	280	280	264	304	328	280	328	288	312	280	288	232	232	208	168	144	120	88	64	32	0	48	
184	32	72	96	144	184	200	232	256	280	288	280	320	352	312	360	328	352	320	328	272	280	264	216	200	168	136	120	80	48	0	
V7
0	210	240	200	240	240	210	200	210	210	180	150	190	220	160	220	180	210	180	220	160	200	200	170	160	150	130	170	200	190	230	
210	0	50	80	140	180	210	250	280	310	320	310	370	410	360	430	390	420	380	410	340	350	330	270	250	220	180	160	120	80	40	
240	50	0	50	90	150	190	230	270	300	320	320	380	420	390	460	420	450	420	450	380	410	390	330	310	280	240	220	180	140	90	
200	80	50	0	60	100	130	170	210	240	260	270	320	370	340	410	370	410	390	420	360	380	370	320	300	270	230	220	200	160	120	
240	140	90	60	0	50	100	150	190	230	260	280	330	380	350	430	400	440	420	460	400	430	420	370	350	330	290	280	260	220	180	
240	180	150	100	50	0	50	100	140	180	220	240	290	340	330	400	380	430	410	460	400	440	430	380	370	350	310	310	300	260	230	
210	210	190	130	100	50	0	50	90	130	170	190	240	290	290	360	340	390	380	430	380	420	420	370	360	340	310	320	310	270	250	
200	250	230	170	150	100	50	0	40	80	120	150	190	250	250	320	310	360	350	400	360	410	410	370	360	350	320	330	330	300	290	
210	280	270	210	190	140	90	40	0	40	80	120	160	210	220	290	290	330	330	390	350	400	410	380	370	360	330	350	360	330	320	
210	310	300	240	230	180	130	80	40	0	50	100	120	170	190	260	260	310	310	370	340	390	410	380	370	360	340	360	380	350	350	
180	320	320	260	260	220	170	120	80	50	0	50	70	130	150	210	210	260	270	330	300	360	380	350	340	340	320	350	370	350	360	
150	310	320	270	280	240	190	150	120	100	50	0	50	100	90	160	160	210	210	270	250	310	330	300	300	300	290	320	350	330	350	
190	370	380	320	330	290	240	190	160	120	70	50	0	50	90	140	150	200	220	280	270	330	350	340	340	340	330	360	400	380	400	
220	410	420	370	380	340	290	250	210	170	130	100	50	0	70	90	130	170	200	260	250	320	350	340	340	350	350	380	430	410	440	
160	360	390	340	350	330	290	250	220	190	150	90	90	70	0	70	60	110	130	190	180	240	270	260	270	280	280	320	360	350	390	
220	430	460	410	430	400	360	320	290	260	210	160	140	90	70	0	50	80	120	170	190	250	280	290	300	320	330	370	420	410	450	
180	390	420	370	400	380	340	310	290	260	210	160	150	130	60	50	0	50	70	130	130	190	230	240	240	260	270	310	370	360	410	
210	420	450	410	440	430	390	360	330	310	260	210	200	170	110	80	50	0	50	90	120	170	210	230	250	270	290	330	380	390	440	
180	380	420	390	420	410	380	350	330	310	270	210	220	200	130	120	70	50	0	60	70	130	170	180	200	220	240	280	340	350	400	
220	410	450	420	460	460	430	400	390	370	330	270	280	260	190	170	130	90	60	0	70	90	130	170	190	220	250	290	350	360	410	
160	340	380	360	400	400	380	360	350	340	300	250	270	250	180	190	130	120	70	70	0	60	90	110	120	150	180	220	280	290	340	
200	350	410	380	430	440	420	410	400	390	360	310	330	320	240	250	190	170	130	90	60	0	40	90	110	140	180	210	270	290	350	
200	330	390	370	420	430	420	410	410	410	380	330	350	350	270	280	230	210	170	130	90	40	0	50	80	110	150	180	240	260	330	
170	270	330	320	370	380	370	370	380	380	350	300	340	340	260	290	240	230	180	170	110	90	50	0	20	50	90	120	180	210	270	
160	250	310	300	350	370	360	360	370	370	340	300	340	340	270	300	240	250	200	190	120	110	80	20	0	30	70	100	160	180	250	
150	220	280	270	330	350	340	350	360	360	340	300	340	350	280	320	260	270	220	220	150	140	110	50	30	0	40	70	130	150	210	
130	180	240	230	290	310	310	320	330	340	320	290	330	350	280	330	270	290	240	250	180	180	150	90	70	40	0	40	100	110	170	
170	160	220	220	280	310	320	330	350	360	350	320	360	380	320	370	310	330	280	290	220	210	180	120	100	70	40	0	60	80	150	
200	120	180	200	260	300	310	330	360	380	370	350	400	430	360	420	370	380	340	350	280	270	240	180	160	130	100	60	0	40	100	
190	80	140	160	220	260	270	300	330	350	350	330	380	410	350	410	360	390	350	360	290	290	260	210	180	150	110	80	40	0	60	
230	40	90	120	180	230	250	290	320	350	360	350	400	440	390	450	410	440	400	410	340	350	330	270	250	210	170	150	100	60	0	
V8
0	344	393	328	393	393	344	328	344	344	295	246	311	360	262	360	295	344	295	360	262	328	328	278	262	246	213	278	328	311	377	
344	0	82	131	229	295	344	410	459	508	524	508	606	672	590	705	639	688	623	672	557	574	541	442	410	360	295	262	196	131	65	
393	82	0	82	147	246	311	377	442	492	524	524	623	688	639	754	688	738	688	738	623	672	639	541	508	459	393	360	295	229	147	
328	131	82	0	98	164	213	278	344	393	426	442	524	606	557	672	606	672	639	688	590	623	606	524	492	442	377	360	328	262	196	
393	229	147	98	0	82	164	246	311	377	426	459	541	623	574	705	656	721	688	754	656	705	688	606	574	541	475	459	426	360	295	
393	295	246	164	82	0	82	164	229	295	360	393	475	557	541	656	623	705	672	754	656	721	705	623	606	574	508	508	492	426	377	
344	344	311	213	164	82	0	82	147	213	278	311	393	475	475	590	557	639	623	705	623	688	688	606	590	557	508	524	508	442	410	
328	410	377	278	246	164	82	0	65	131	196	246	311	410	410	524	508	590	574	656	590	672	672	606	590	574	524	541	541	492	475	
344	459	442	344	311	229	147	65	0	65	131	196	262	344	360	475	475	541	541	639	574	656	672	623	606	590	541	574	590	541	524	
344	508	492	393	377	295	213	131	65	0	82	164	196	278	311	426	426	508	508	606	557	639	672	623	606	590	557	590	623	574	574	
295	524	524	426	426	360	278	196	131	82	0	82	114	213	246	344	344	426	442	541	492	590	623	574	557	557	524	574	606	574	590	
246	508	524	442	459	393	311	246	196	164	82	0	82	164	147	262	262	344	344	442	410	508	541	492	492	492	475	524	574	541	574	
311	606	623	524	541	475	393	311	262	196	114	82	0	82	147	229	246	328	360	459	442	541	574	557	557	557	541	590	656	623	656	
360	672	688	606	623	557	475	410	344	278	213	164	82	0	114	147	213	278	328	426	410	524	574	557	557	574	574	623	705	672	721	
262	590	639	557	574	541	475	410	360	311	246	147	147	114	0	114	98	180	213	311	295	393	442	426	442	459	459	524	590	574	639	
360	705	754	672	705	656	590	524	475	426	344	262	229	147	114	0	82	131	196	278	311	410	459	475	492	524	541	606	688	672	738	
295	639	688	606	656	623	557	508	475	426	344	262	246	213	98	82	0	82	114	213	213	311	377	393	393	426	442	508	606	590	672	
344	688	738	672	721	705	639	590	541	508	426	344	328	278	180	131	82	0	82	147	196	278	344	377	410	442	475	541	623	639	721	
295	623	688	639	688	672	623	574	541	508	442	344	360	328	213	196	114	82	0	98	114	213	278	295	328	360	393	459	557	574	656	
360	672	738	688	754	754	705	656	639	606	541	442	459	426	311	278	213	147	98	0	114	147	213	278	311	360	410	475	574	590	672	
262	557	623	590	656	656	623	590	574	557	492	410	442	410	295	311	213	196	114	114	0	98	147	180	196	246	295	360	459	475	557	
328	574	672	623	705	721	688	672	656	639	590	508	541	524	393	410	311	278	213	147	98	0	65	147	180	229	295	344	442	475	574	
328	541	639	606	688	705	688	672	672	672	623	541	574	574	442	459	377	344	278	213	147	65	0	82	131	180	246	295	393	426	541	
278	442	541	524	606	623	606	606	623	623	574	492	557	557	426	475	393	377	295	278	180	147	82	0	32	82	147	196	295	344	442	
262	410	508	492	574	606	590	590	606	606	557	492	557	557	442	492	393	410	328	311	196	180	131	32	0	49	114	164	262	295	410	
246	360	459	442	541	574	557	574	590	590	557	492	557	574	459	524	426	442	360	360	246	229	180	82	49	0	65	114	213	246	344	
213	295	393	377	475	508	508	524	541	557	524	475	541	574	459	541	442	475	393	410	295	295	246	147	114	65	0	65	164	180	278	
278	262	360	360	459	508	524	541	574	590	574	524	590	623	524	606	508	541	459	475	360	344	295	196	164	114	65	0	98	131	246	
328	196	295	328	426	492	508	541	590	623	606	574	656	705	590	688	606	623	557	574	459	442	393	295	262	213	164	98	0	65	164	
311	131	229	262	360	426	442	492	541	574	574	541	623	672	574	672	590	639	574	590	475	475	426	344	295	246	180	131	65	0	98	
377	65	147	196	295	377	410	475	524	574	590	574	656	721	639	738	672	721	656	672	557	574	541	442	410	344	278	246	164	98	0	
V9
0	281	321	268	321	321	281	268	281	281	241	201	254	294	214	294	241	281	241	294	214	268	268	227	214	201	174	227	268	254	308	
281	0	67	107	187	241	281	335	375	415	428	415	495	549	482	576	522	562	509	549	455	469	442	361	335	294	241	214	160	107	53	
321	67	0	67	120	201	254	308	361	402	428	428	509	562	522	616	562	603	562	603	509	549	522	442	415	375	321	294	241	187	120	
268	107	67	0	80	134	174	227	281	321	348	361	428	495	455	549	495	549	522	562	482	509	495	428	402	361	308	294	268	214	160	
321	187	120	80	0	67	134	201	254	308	348	375	442	509	469	576	536	589	562	616	536	576	562	495	469	442	388	375	348	294	241	
321	241	201	134	67	0	67	134	187	241	294	321	388	455	442	536	509	576	549	616	536	589	576	509	495	469	415	415	402	348	308	
281	281	254	174	134	67	0	67	120	174	227	254	321	388	388	482	455	522	509	576	509	562	562	495	482	455	415	428	415	361	335	
268	335	308	227	201	134	67	0	53	107	160	201	254	335	335	428	415	482	469	536	482	549	549	495	482	469	428	442	442	402	388	
281	375	361	281	254	187	120	53	0	53	107	160	214	281	294	388	388	442	442	522	469	536	549	509	495	482	442	469	482	442	428	
281	415	402	321	308	241	174	107	53	0	67	134	160	227	254	348	348	415	415	495	455	522	549	509	495	482	455	482	509	469	469	
241	428	428	348	348	294	227	160	107	67	0	67	93	174	201	281	281	348	361	442	402	482	509	469	455	455	428	469	495	469	482	
201	415	428	361	375	321	254	201	160	134	67	0	67	134	120	214	214	281	281	361	335	415	442	402	402	402	388	428	469	442	469	
254	495	509	428	442	388	321	254	214	160	93	67	0	67	120	187	201	268	294	375	361	442	469	455	455	455	442	482	536	509	536	
294	549	562	495	509	455	388	335	281	227	174	134	67	0	93	120	174	227	268	348	335	428	469	455	455	469	469	509	576	549	589	
214	482	522	455	469	442	388	335	294	254	201	120	120	93	0	93	80	147	174	254	241	321	361	348	361	375	375	428	482	469	522	
294	576	616	549	576	536	482	428	388	348	281	214	187	120	93	0	67	107	160	227	254	335	375	388	402	428	442	495	562	549	603	
241	522	562	495	536	509	455	415	388	348	281	214	201	174	80	67	0	67	93	174	174	254	308	321	321	348	361	415	495	482	549	
281	562	603	549	589	576	522	482	442	415	348	281	268	227	147	107	67	0	67	120	160	227	281	308	335	361	388	442	509	522	589	
241	509	562	522	562	549	509	469	442	415	361	281	294	268	174	160	93	67	0	80	93	174	227	241	268	294	321	375	455	469	536	
294	549	603	562	616	616	576	536	522	495	442	361	375	348	254	227	174	120	80	0	93	120	174	227	254	294	335	388	469	482	549	
214	455	509	482	536	536	509	482	469	455	402	335	361	335	241	254	174	160	93	93	0	80	120	147	160	201	241	294	375	388	455	
268	469	549	509	576	589	562	549	536	522	482	415	442	428	321	335	254	227	174	120	80	0	53	120	147	187	241	281	361	388	469	
268	442	522	495	562	576	562	549	549	549	509	442	469	469	361	375	308	281	227	174	120	53	0	67	107	147	201	241	321	348	442	
227	361	442	428	495	509	495	495	509	509	469	402	455	455	348	388	321	308	241	227	147	120	67	0	26	67	120	160	241	281	361	
214	335	415	402	469	495	482	482	495	495	455	402	455	455	361	402	321	335	268	254	160	147	107	26	0	40	93	134	214	241	335	
201	294	375	361	442	469	455	469	482	482	455	402	455	469	375	428	348	361	294	294	201	187	147	67	40	0	53	93	174	201	281	
174	241	321	308	388	415	415	428	442	455	428	388	442	469	375	442	361	388	321	335	241	241	201	120	93	53	0	53	134	147	227	
227	214	294	294	375	415	428	442	469	482	469	428	482	509	428	495	415	442	375	388	294	281	241	160	134	93	53	0	80	107	201	
268	160	241	268	348	402	415	442	482	509	495	469	536	576	482	562	495	509	455	469	375	361	321	241	214	174	134	80	0	53	134	
254	107	187	214	294	348	361	402	442	469	469	442	509	549	469	549	482	522	469	482	388	388	348	281	241	201	147	107	53	0	80	
308	53	120	160	241	308	335	388	428	469	482	469	536	589	522	603	549	589	536	549	455	469	442	361	335	281	227	201	134	80	0	
V10
0	222	254	212	254	254	222	212	222	222	190	159	201	233	169	233	190	222	190	233	169	212	212	180	169	159	137	180	212	201	243	
222	0	53	84	148	190	222	265	296	328	339	328	392	434	381	455	413	445	402	434	360	371	349	286	265	233	190	169	127	84	42	
254	53	0	53	95	159	201	243	286	318	339	339	402	445	413	487	445	477	445	477	402	434	413	349	328	296	254	233	190	148	95	
212	84	53	0	63	106	137	180	222	254	275	286	339	392	360	434	392	434	413	445	381	402	392	339	318	286	243	233	212	169	127	
254	148	95	63	0	53	106	159	201	243	275	296	349	402	371	455	424	466	445	487	424	455	445	392	371	349	307	296	275	233	190	
254	190	159	106	53	0	53	106	148	190	233	254	307	360	349	424	402	455	434	487	424	466	455	402	392	371	328	328	318	275	243	
222	222	201	137	106	53	0	53	95	137	180	201	254	307	307	381	360	413	402	455	402	445	445	392	381	360	328	339	328	286	265	
212	265	243	180	159	106	53	0	42	84	127	159	201	265	265	339	328	381	371	424	381	434	434	392	381	371	339	349	349	318	307	
222	296	286	222	201	148	95	42	0	42	84	127	169	222	233	307	307	349	349	413	371	424	434	402	392	381	349	371	381	349	339	
222	328	318	254	243	190	137	84	42	0	53	106	127	180	201	275	275	328	328	392	360	413	434	402	392	381	360	381	402	371	371	
190	339	339	275	275	233	180	127	84	53	0	53	74	137	159	222	222	275	286	349	318	381	402	371	360	360	339	371	392	371	381	
159	328	339	286	296	254	201	159	127	106	53	0	53	106	95	169	169	222	222	286	265	328	349	318	318	318	307	339	371	349	371	
201	392	402	339	349	307	254	201	169	127	74	53	0	53	95	148	159	212	233	296	286	349	371	360	360	360	349	381	424	402	424	
233	434	445	392	402	360	307	265	222	180	137	106	53	0	74	95	137	180	212	275	265	339	371	360	360	371	371	402	455	434	466	
169	381	413	360	371	349	307	265	233	201	159	95	95	74	0	74	63	116	137	201	190	254	286	275	286	296	296	339	381	371	413	
233	455	487	434	455	424	381	339	307	275	222	169	148	95	74	0	53	84	127	180	201	265	296	307	318	339	349	392	445	434	477	
190	413	445	392	424	402	360	328	307	275	222	169	159	137	63	53	0	53	74	137	137	201	243	254	254	275	286	328	392	381	434	
222	445	477	434	466	455	413	381	349	328	275	222	212	180	116	84	53	0	53	95	127	180	222	243	265	286	307	349	402	413	466	
190	402	445	413	445	434	402	371	349	328	286	222	233	212	137	127	74	53	0	63	74	137	180	190	212	233	254	296	360	371	424	
233	434	477	445	487	487	455	424	413	392	349	286	296	275	201	180	137	95	63	0	74	95	137	180	201	233	265	307	371	381	434	
169	360	402	381	424	424	402	381	371	360	318	265	286	265	190	201	137	127	74	74	0	63	95	116	127	159	190	233	296	307	360	
212	371	434	402	455	466	445	434	424	413	381	328	349	339	254	265	201	180	137	95	63	0	42	95	116	148	190	222	286	307	371	
212	349	413	392	445	455	445	434	434	434	402	349	371	371	286	296	243	222	180	137	95	42	0	53	84	116	159	190	254	275	349	
180	286	349	339	392	402	392	392	402	402	371	318	360	360	275	307	254	243	190	180	116	95	53	0	21	53	95	127	190	222	286	
169	265	328	318	371	392	381	381	392	392	360	318	360	360	286	318	254	265	212	201	127	116	84	21	0	31	74	106	169	190	265	
159	233	296	286	349	371	360	371	381	381	360	318	360	371	296	339	275	286	233	233	159	148	116	53	31	0	42	74	137	159	222	
137	190	254	243	307	328	328	339	349	360	339	307	349	371	296	349	286	307	254	265	190	190	159	95	74	42	0	42	106	116	180	
180	169	233	233	296	328	339	349	371	381	371	339	381	402	339	392	328	349	296	307	233	222	190	127	106	74	42	0	63	84	159	
212	127	190	212	275	318	328	349	381	402	392	371	424	455	381	445	392	402	360	371	296	286	254	190	169	137	106	63	0	42	106	
201	84	148	169	233	275	286	318	349	371	371	349	402	434	371	434	381	413	371	381	307	307	275	222	190	159	116	84	42	0	63	
243	42	95	127	190	243	265	307	339	371	381	371	424	466	413	477	434	466	424	434	360	371	349	286	265	222	180	159	106	63	0	
V11
0	222	254	212	254	254	222	212	222	222	190	159	201	233	169	233	190	222	190	233	169	212	212	180	169	159	137	180	212	201	243	
222	0	53	84	148	190	222	265	296	328	339	328	392	434	381	455	413	445	402	434	360	371	349	286	265	233	190	169	127	84	42	
254	53	0	53	95	159	201	243	286	318	339	339	402	445	413	487	445	477	445	477	402	434	413	349	328	296	254	233	190	148	95	
212	84	53	0	63	106	137	180	222	254	275	286	339	392	360	434	392	434	413	445	381	402	392	339	318	286	243	233	212	169	127	
254	148	95	63	0	53	106	159	201	243	275	296	349	402	371	455	424	466	445	487	424	455	445	392	371	349	307	296	275	233	190	
254	190	159	106	53	0	53	106	148	190	233	254	307	360	349	424	402	455	434	487	424	466	455	402	392	371	328	328	318	275	243	
222	222	201	137	106	53	0	53	95	137	180	201	254	307	307	381	360	413	402	455	402	445	445	392	381	360	328	339	328	286	265	
212	265	243	180	159	106	53	0	42	84	127	159	201	265	265	339	328	381	371	424	381	434	434	392	381	371	339	349	349	318	307	
222	296	286	222	201	148	95	42	0	42	84	127	169	222	233	307	307	349	349	413	371	424	434	402	392	381	349	371	381	349	339	
222	328	318	254	243	190	137	84	42	0	53	106	127	180	201	275	275	328	328	392	360	413	434	402	392	381	360	381	402	371	371	
190	339	339	275	275	233	180	127	84	53	0	53	74	137	159	222	222	275	286	349	318	381	402	371	360	360	339	371	392	371	381	
159	328	339	286	296	254	201	159	127	106	53	0	53	106	95	169	169	222	222	286	265	328	349	318	318	318	307	339	371	349	371	
201	392	402	339	349	307	254	201	169	127	74	53	0	53	95	148	159	212	233	296	286	349	371	360	360	360	349	381	424	402	424	
233	434	445	392	402	360	307	265	222	180	137	106	53	0	74	95	137	180	212	275	265	339	371	360	360	371	371	402	455	434	466	
169	381	413	360	371	349	307	265	233	201	159	95	95	74	0	74	63	116	137	201	190	254	286	275	286	296	296	339	381	371	413	
233	455	487	434	455	424	381	339	307	275	222	169	148	95	74	0	53	84	127	180	201	265	296	307	318	339	349	392	445	434	477	
190	413	445	392	424	402	360	328	307	275	222	169	159	137	63	53	0	53	74	137	137	201	243	254	254	275	286	328	392	381	434	
222	445	477	434	466	455	413	381	349	328	275	222	212	180	116	84	53	0	53	95	127	180	222	243	265	286	307	349	402	413	466	
190	402	445	413	445	434	402	371	349	328	286	222	233	212	137	127	74	53	0	63	74	137	180	190	212	233	254	296	360	371	424	
233	434	477	445	487	487	455	424	413	392	349	286	296	275	201	180	137	95	63	0	74	95	137	180	201	233	265	307	371	381	434	
169	360	402	381	424	424	402	381	371	360	318	265	286	265	190	201	137	127	74	74	0	63	95	116	127	159	190	233	296	307	360	
212	371	434	402	455	466	445	434	424	413	381	328	349	339	254	265	201	180	137	95	63	0	42	95	116	148	190	222	286	307	371	
212	349	413	392	445	455	445	434	434	434	402	349	371	371	286	296	243	222	180	137	95	42	0	53	84	116	159	190	254	275	349	
180	286	349	339	392	402	392	392	402	402	371	318	360	360	275	307	254	243	190	180	116	95	53	0	21	53	95	127	190	222	286	
169	265	328	318	371	392	381	381	392	392	360	318	360	360	286	318	254	265	212	201	127	116	84	21	0	31	74	106	169	190	265	
159	233	296	286	349	371	360	371	381	381	360	318	360	371	296	339	275	286	233	233	159	148	116	53	31	0	42	74	137	159	222	
137	190	254	243	307	328	328	339	349	360	339	307	349	371	296	349	286	307	254	265	190	190	159	95	74	42	0	42	106	116	180	
180	169	233	233	296	328	339	349	371	381	371	339	381	402	339	392	328	349	296	307	233	222	190	127	106	74	42	0	63	84	159	
212	127	190	212	275	318	328	349	381	402	392	371	424	455	381	445	392	402	360	371	296	286	254	190	169	137	106	63	0	42	106	
201	84	148	169	233	275	286	318	349	371	371	349	402	434	371	434	381	413	371	381	307	307	275	222	190	159	116	84	42	0	63	
243	42	95	127	190	243	265	307	339	371	381	371	424	466	413	477	434	466	424	434	360	371	349	286	265	222	180	159	106	63	0	
V12
0	218	249	208	249	249	218	208	218	218	187	156	197	228	166	228	187	218	187	228	166	208	208	176	166	156	135	176	208	197	239	
218	0	52	83	145	187	218	260	291	322	332	322	384	426	374	447	405	436	395	426	353	364	343	280	260	228	187	166	124	83	41	
249	52	0	52	93	156	197	239	280	312	332	332	395	436	405	478	436	468	436	468	395	426	405	343	322	291	249	228	187	145	93	
208	83	52	0	62	104	135	176	218	249	270	280	332	384	353	426	384	426	405	436	374	395	384	332	312	280	239	228	208	166	124	
249	145	93	62	0	52	104	156	197	239	270	291	343	395	364	447	416	457	436	478	416	447	436	384	364	343	301	291	270	228	187	
249	187	156	104	52	0	52	104	145	187	228	249	301	353	343	416	395	447	426	478	416	457	447	395	384	364	322	322	312	270	239	
218	218	197	135	104	52	0	52	93	135	176	197	249	301	301	374	353	405	395	447	395	436	436	384	374	353	322	332	322	280	260	
208	260	239	176	156	104	52	0	41	83	124	156	197	260	260	332	322	374	364	416	374	426	426	384	374	364	332	343	343	312	301	
218	291	280	218	197	145	93	41	0	41	83	124	166	218	228	301	301	343	343	405	364	416	426	395	384	374	343	364	374	343	332	
218	322	312	249	239	187	135	83	41	0	52	104	124	176	197	270	270	322	322	384	353	405	426	395	384	374	353	374	395	364	364	
187	332	332	270	270	228	176	124	83	52	0	52	72	135	156	218	218	270	280	343	312	374	395	364	353	353	332	364	384	364	374	
156	322	332	280	291	249	197	156	124	104	52	0	52	104	93	166	166	218	218	280	260	322	343	312	312	312	301	332	364	343	364	
197	384	395	332	343	301	249	197	166	124	72	52	0	52	93	145	156	208	228	291	280	343	364	353	353	353	343	374	416	395	416	
228	426	436	384	395	353	301	260	218	176	135	104	52	0	72	93	135	176	208	270	260	332	364	353	353	364	364	395	447	426	457	
166	374	405	353	364	343	301	260	228	197	156	93	93	72	0	72	62	114	135	197	187	249	280	270	280	291	291	332	374	364	405	
228	447	478	426	447	416	374	332	301	270	218	166	145	93	72	0	52	83	124	176	197	260	291	301	312	332	343	384	436	426	468	
187	405	436	384	416	395	353	322	301	270	218	166	156	135	62	52	0	52	72	135	135	197	239	249	249	270	280	322	384	374	426	
218	436	468	426	457	447	405	374	343	322	270	218	208	176	114	83	52	0	52	93	124	176	218	239	260	280	301	343	395	405	457	
187	395	436	405	436	426	395	364	343	322	280	218	228	208	135	124	72	52	0	62	72	135	176	187	208	228	249	291	353	364	416	
228	426	468	436	478	478	447	416	405	384	343	280	291	270	197	176	135	93	62	0	72	93	135	176	197	228	260	301	364	374	426	
166	353	395	374	416	416	395	374	364	353	312	260	280	260	187	197	135	124	72	72	0	62	93	114	124	156	187	228	291	301	353	
208	364	426	395	447	457	436	426	416	405	374	322	343	332	249	260	197	176	135	93	62	0	41	93	114	145	187	218	280	301	364	
208	343	405	384	436	447	436	426	426	426	395	343	364	364	280	291	239	218	176	135	93	41	0	52	83	114	156	187	249	270	343	
176	280	343	332	384	395	384	384	395	395	364	312	353	353	270	301	249	239	187	176	114	93	52	0	20	52	93	124	187	218	280	
166	260	322	312	364	384	374	374	384	384	353	312	353	353	280	312	249	260	208	197	124	114	83	20	0	31	72	104	166	187	260	
156	228	291	280	343	364	353	364	374	374	353	312	353	364	291	332	270	280	228	228	156	145	114	52	31	0	41	72	135	156	218	
135	187	249	239	301	322	322	332	343	353	332	301	343	364	291	343	280	301	249	260	187	187	156	93	72	41	0	41	104	114	176	
176	166	228	228	291	322	332	343	364	374	364	332	374	395	332	384	322	343	291	301	228	218	187	124	104	72	41	0	62	83	156	
208	124	187	208	270	312	322	343	374	395	384	364	416	447	374	436	384	395	353	364	291	280	249	187	166	135	104	62	0	41	104	
197	83	145	166	228	270	280	312	343	364	364	343	395	426	364	426	374	405	364	374	301	301	270	218	187	156	114	83	41	0	62	
239	41	93	124	187	239	260	301	332	364	374	364	416	457	405	468	426	457	416	426	353	364	343	280	260	218	176	156	104	62	0	
V13
0	378	432	360	432	432	378	360	378	378	324	270	342	396	288	396	324	378	324	396	288	360	360	306	288	270	234	306	360	342	414	
378	0	90	144	252	324	378	450	504	558	576	558	666	738	648	774	702	756	684	738	612	630	594	486	450	396	324	288	216	144	72	
432	90	0	90	162	270	342	414	486	540	576	576	684	756	702	828	756	810	756	810	684	738	702	594	558	504	432	396	324	252	162	
360	144	90	0	108	180	234	306	378	432	468	486	576	666	612	738	666	738	702	756	648	684	666	576	540	486	414	396	360	288	216	
432	252	162	108	0	90	180	270	342	414	468	504	594	684	630	774	720	792	756	828	720	774	756	666	630	594	522	504	468	396	324	
432	324	270	180	90	0	90	180	252	324	396	432	522	612	594	720	684	774	738	828	720	792	774	684	666	630	558	558	540	468	414	
378	378	342	234	180	90	0	90	162	234	306	342	432	522	522	648	612	702	684	774	684	756	756	666	648	612	558	576	558	486	450	
360	450	414	306	270	180	90	0	72	144	216	270	342	450	450	576	558	648	630	720	648	738	738	666	648	630	576	594	594	540	522	
378	504	486	378	342	252	162	72	0	72	144	216	288	378	396	522	522	594	594	702	630	720	738	684	666	648	594	630	648	594	576	
378	558	540	432	414	324	234	144	72	0	90	180	216	306	342	468	468	558	558	666	612	702	738	684	666	648	612	648	684	630	630	
324	576	576	468	468	396	306	216	144	90	0	90	126	234	270	378	378	468	486	594	540	648	684	630	612	612	576	630	666	630	648	
270	558	576	486	504	432	342	270	216	180	90	0	90	180	162	288	288	378	378	486	450	558	594	540	540	540	522	576	630	594	630	
342	666	684	576	594	522	432	342	288	216	126	90	0	90	162	252	270	360	396	504	486	594	630	612	612	612	594	648	720	684	720	
396	738	756	666	684	612	522	450	378	306	234	180	90	0	126	162	234	306	360	468	450	576	630	612	612	630	630	684	774	738	792	
288	648	702	612	630	594	522	450	396	342	270	162	162	126	0	126	108	198	234	342	324	432	486	468	486	504	504	576	648	630	702	
396	774	828	738	774	720	648	576	522	468	378	288	252	162	126	0	90	144	216	306	342	450	504	522	540	576	594	666	756	738	810	
324	702	756	666	720	684	612	558	522	468	378	288	270	234	108	90	0	90	126	234	234	342	414	432	432	468	486	558	666	648	738	
378	756	810	738	792	774	702	648	594	558	468	378	360	306	198	144	90	0	90	162	216	306	378	414	450	486	522	594	684	702	792	
324	684	756	702	756	738	684	630	594	558	486	378	396	360	234	216	126	90	0	108	126	234	306	324	360	396	432	504	612	630	720	
396	738	810	756	828	828	774	720	702	666	594	486	504	468	342	306	234	162	108	0	126	162	234	306	342	396	450	522	630	648	738	
288	612	684	648	720	720	684	648	630	612	540	450	486	450	324	342	234	216	126	126	0	108	162	198	216	270	324	396	504	522	612	
360	630	738	684	774	792	756	738	720	702	648	558	594	576	432	450	342	306	234	162	108	0	72	162	198	252	324	378	486	522	630	
360	594	702	666	756	774	756	738	738	738	684	594	630	630	486	504	414	378	306	234	162	72	0	90	144	198	270	324	432	468	594	
306	486	594	576	666	684	666	666	684	684	630	540	612	612	468	522	432	414	324	306	198	162	90	0	36	90	162	216	324	378	486	
288	450	558	540	630	666	648	648	666	666	612	540	612	612	486	540	432	450	360	342	216	198	144	36	0	54	126	180	288	324	450	
270	396	504	486	594	630	612	630	648	648	612	540	612	630	504	576	468	486	396	396	270	252	198	90	54	0	72	126	234	270	378	
234	324	432	414	522	558	558	576	594	612	576	522	594	630	504	594	486	522	432	450	324	324	270	162	126	72	0	72	180	198	306	
306	288	396	396	504	558	576	594	630	648	630	576	648	684	576	666	558	594	504	522	396	378	324	216	180	126	72	0	108	144	270	
360	216	324	360	468	540	558	594	648	684	666	630	720	774	648	756	666	684	612	630	504	486	432	324	288	234	180	108	0	72	180	
342	144	252	288	396	468	486	540	594	630	630	594	684	738	630	738	648	702	630	648	522	522	468	378	324	270	198	144	72	0	108	
414	72	162	216	324	414	450	522	576	630	648	630	720	792	702	810	738	792	720	738	612	630	594	486	450	378	306	270	180	108	0	
V14
0	466	532	444	532	532	466	444	466	466	399	333	421	488	355	488	399	466	399	488	355	444	444	377	355	333	288	377	444	421	510	
466	0	111	177	310	399	466	555	621	688	710	688	821	910	799	954	865	932	843	910	754	777	732	599	555	488	399	355	266	177	88	
532	111	0	111	199	333	421	510	599	666	710	710	843	932	865	1021	932	999	932	999	843	910	865	732	688	621	532	488	399	310	199	
444	177	111	0	133	222	288	377	466	532	577	599	710	821	754	910	821	910	865	932	799	843	821	710	666	599	510	488	444	355	266	
532	310	199	133	0	111	222	333	421	510	577	621	732	843	777	954	888	976	932	1021	888	954	932	821	777	732	643	621	577	488	399	
532	399	333	222	111	0	111	222	310	399	488	532	643	754	732	888	843	954	910	1021	888	976	954	843	821	777	688	688	666	577	510	
466	466	421	288	222	111	0	111	199	288	377	421	532	643	643	799	754	865	843	954	843	932	932	821	799	754	688	710	688	599	555	
444	555	510	377	333	222	111	0	88	177	266	333	421	555	555	710	688	799	777	888	799	910	910	821	799	777	710	732	732	666	643	
466	621	599	466	421	310	199	88	0	88	177	266	355	466	488	643	643	732	732	865	777	888	910	843	821	799	732	777	799	732	710	
466	688	666	532	510	399	288	177	88	0	111	222	266	377	421	577	577	688	688	821	754	865	910	843	821	799	754	799	843	777	777	
399	710	710	577	577	488	377	266	177	111	0	111	155	288	333	466	466	577	599	732	666	799	843	777	754	754	710	777	821	777	799	
333	688	710	599	621	532	421	333	266	222	111	0	111	222	199	355	355	466	466	599	555	688	732	666	666	666	643	710	777	732	777	
421	821	843	710	732	643	532	421	355	266	155	111	0	111	199	310	333	444	488	621	599	732	777	754	754	754	732	799	888	843	888	
488	910	932	821	843	754	643	555	466	377	288	222	111	0	155	199	288	377	444	577	555	710	777	754	754	777	777	843	954	910	976	
355	799	865	754	777	732	643	555	488	421	333	199	199	155	0	155	133	244	288	421	399	532	599	577	599	621	621	710	799	777	865	
488	954	1021	910	954	888	799	710	643	577	466	355	310	199	155	0	111	177	266	377	421	555	621	643	666	710	732	821	932	910	999	
399	865	932	821	888	843	754	688	643	577	466	355	333	288	133	111	0	111	155	288	288	421	510	532	532	577	599	688	821	799	910	
466	932	999	910	976	954	865	799	732	688	577	466	444	377	244	177	111	0	111	199	266	377	466	510	555	599	643	732	843	865	976	
399	843	932	865	932	910	843	777	732	688	599	466	488	444	288	266	155	111	0	133	155	288	377	399	444	488	532	621	754	777	888	
488	910	999	932	1021	1021	954	888	865	821	732	599	621	577	421	377	288	199	133	0	155	199	288	377	421	488	555	643	777	799	910	
355	754	843	799	888	888	843	799	777	754	666	555	599	555	399	421	288	266	155	155	0	133	199	244	266	333	399	488	621	643	754	
444	777	910	843	954	976	932	910	888	865	799	688	732	710	532	555	421	377	288	199	133	0	88	199	244	310	399	466	599	643	777	
444	732	865	821	932	954	932	910	910	910	843	732	777	777	599	621	510	466	377	288	199	88	0	111	177	244	333	399	532	577	732	
377	599	732	710	821	843	821	821	843	843	777	666	754	754	577	643	532	510	399	377	244	199	111	0	44	111	199	266	399	466	599	
355	555	688	666	777	821	799	799	821	821	754	666	754	754	599	666	532	555	444	421	266	244	177	44	0	66	155	222	355	399	555	
333	488	621	599	732	777	754	777	799	799	754	666	754	777	621	710	577	599	488	488	333	310	244	111	66	0	88	155	288	333	466	
288	399	532	510	643	688	688	710	732	754	710	643	732	777	621	732	599	643	532	555	399	399	333	199	155	88	0	88	222	244	377	
377	355	488	488	621	688	710	732	777	799	777	710	799	843	710	821	688	732	621	643	488	466	399	266	222	155	88	0	133	177	333	
444	266	399	444	577	666	688	732	799	843	821	777	888	954	799	932	821	843	754	777	621	599	532	399	355	288	222	133	0	88	222	
421	177	310	355	488	577	599	666	732	777	777	732	843	910	777	910	799	865	777	799	643	643	577	466	399	333	244	177	88	0	133	
510	88	199	266	399	510	555	643	710	777	799	777	888	976	865	999	910	976	888	910	754	777	732	599	555	466	377	333	222	133	0	
Velocidade_Veiculos
1	1	1	1	1	1	1	1	1	1	1	1	1	1	1	