M: 4
N: 30
Nun_Veiculos: 15
Capacidade_Total: 1090
Demanda_Total: 553
Setup_Min: 1
Setup_Max: 9
Raio: 20
Circulos: 1
Tempo_Processamento_Min: 1
Tempo_Processamento_Max: 49
Demanda_Min: 10
Demanda_Max: 30
Priority_Factor: 0.2
Range_Factor_R: 0.8
U_factor: 2
ALpha: 0.2Replicao: 3
Tempos_Processamentos
0	0	1	0	2	0	3	0	
0	24	1	6	2	49	3	1	
0	46	1	35	2	5	3	41	
0	3	1	19	2	1	3	6	
0	14	1	36	2	45	3	9	
0	28	1	43	2	26	3	4	
0	45	1	27	2	32	3	48	
0	40	1	41	2	29	3	36	
0	41	1	19	2	12	3	46	
0	18	1	1	2	1	3	36	
0	22	1	19	2	23	3	1	
0	36	1	44	2	30	3	27	
0	39	1	45	2	30	3	26	
0	26	1	28	2	44	3	17	
0	31	1	38	2	15	3	13	
0	18	1	41	2	28	3	11	
0	26	1	40	2	7	3	15	
0	37	1	8	2	31	3	49	
0	5	1	9	2	34	3	47	
0	23	1	32	2	1	3	47	
0	40	1	5	2	40	3	21	
0	18	1	44	2	11	3	43	
0	47	1	44	2	33	3	12	
0	10	1	21	2	48	3	21	
0	38	1	16	2	46	3	2	
0	30	1	49	2	39	3	9	
0	12	1	48	2	14	3	17	
0	17	1	13	2	39	3	39	
0	49	1	28	2	27	3	46	
0	37	1	17	2	8	3	39	
0	6	1	7	2	2	3	20	

Tempos_setup
M0
0	0	0	0	0	0	0	0	0	0	0	0	0	0	0	0	0	0	0	0	0	0	0	0	0	0	0	0	0	0	0	
0	0	2	2	3	3	3	2	2	2	1	2	2	1	3	3	4	2	3	2	1	2	3	2	2	3	2	3	3	3	3	
0	2	0	1	2	2	3	2	2	3	3	2	1	1	1	3	3	3	2	4	3	2	3	2	3	3	2	4	4	3	3	
0	2	3	0	2	3	3	4	3	2	3	3	3	3	1	4	2	2	5	3	3	3	3	2	2	3	1	4	3	3	3	
0	4	3	3	0	5	3	4	3	5	4	3	4	3	4	4	4	2	4	3	3	4	2	4	4	3	3	2	4	4	3	
0	3	4	3	3	0	3	3	4	3	4	4	4	3	1	3	4	1	3	2	4	2	4	3	3	3	2	3	3	2	2	
0	1	3	3	2	2	0	2	1	3	2	3	3	2	2	3	4	3	4	3	2	3	3	2	3	2	3	3	3	2	3	
0	2	3	3	2	3	3	0	2	1	1	2	1	1	3	3	2	2	3	2	3	2	3	2	3	3	2	2	2	1	2	
0	2	3	2	2	3	1	2	0	2	3	3	3	3	2	2	4	3	3	3	3	2	2	1	3	3	2	2	2	1	2	
0	3	2	3	2	3	2	2	1	0	3	3	3	3	3	2	2	3	3	1	3	1	3	2	2	2	2	2	2	1	2	
0	2	3	2	2	2	2	2	2	1	0	4	1	3	3	2	3	1	3	1	2	1	3	2	2	2	2	3	2	2	2	
0	1	3	3	2	3	3	3	2	3	2	0	1	2	2	1	2	3	4	3	2	3	3	2	3	1	3	2	3	3	1	
0	1	3	3	1	3	3	3	3	3	2	3	0	2	2	4	4	3	4	3	2	3	2	1	3	3	3	3	4	4	3	
0	2	3	3	3	2	2	1	1	2	2	1	2	0	3	2	3	2	3	3	3	1	2	1	4	2	3	3	3	2	2	
0	3	3	4	4	2	2	4	3	5	4	3	4	4	0	4	3	3	5	4	4	3	4	3	3	4	3	5	5	4	4	
0	1	3	3	3	3	3	3	2	2	2	3	3	2	1	0	4	3	4	3	2	3	4	3	3	4	3	3	3	2	3	
0	2	1	2	1	1	1	2	2	3	3	3	1	2	2	2	0	2	3	3	2	1	3	2	3	2	2	2	2	1	2	
0	2	4	3	2	5	3	2	4	3	3	4	3	3	4	3	4	0	4	1	3	2	3	4	2	3	1	4	2	3	3	
0	3	4	4	3	3	3	3	3	3	2	3	3	2	2	4	3	3	0	3	1	3	4	3	2	2	2	3	4	4	3	
0	2	3	2	1	4	2	1	3	2	2	3	2	2	3	2	3	2	3	0	2	1	2	3	1	2	3	3	1	2	2	
0	2	4	3	2	3	2	3	3	2	1	3	2	3	2	3	4	2	2	2	0	2	3	3	1	3	1	2	3	3	2	
0	2	4	4	2	4	3	3	3	3	2	3	3	2	2	1	4	3	2	3	2	0	4	3	3	1	3	2	3	3	1	
0	2	1	2	3	3	1	2	1	3	3	2	2	2	2	3	2	3	3	4	3	3	0	2	4	3	3	2	3	2	1	
0	3	2	3	2	2	2	2	2	3	3	3	3	3	3	4	3	3	4	3	4	4	1	0	4	2	4	3	4	3	2	
0	2	4	3	2	3	1	3	2	3	2	3	1	3	3	2	4	1	3	2	1	3	3	2	0	3	2	2	3	3	1	
0	2	4	3	3	3	3	3	3	2	1	3	2	3	1	3	4	2	4	2	3	2	3	3	2	0	3	4	3	3	3	
0	1	3	3	1	4	2	3	3	3	2	3	2	2	3	3	4	1	4	2	2	3	2	3	1	2	0	3	2	2	2	
0	2	3	2	2	3	1	2	2	3	2	1	2	1	2	2	2	1	4	2	3	2	3	2	3	1	2	0	3	3	2	
0	2	3	1	2	3	3	2	2	3	3	2	3	1	2	1	2	3	4	4	3	2	2	2	3	3	2	4	0	3	3	
0	2	3	2	1	3	2	1	3	2	2	2	2	2	3	2	3	2	2	3	3	1	2	1	2	2	1	1	1	0	1	
0	3	4	3	3	4	2	3	3	3	3	2	3	2	3	3	3	2	4	3	2	3	4	3	3	2	3	1	2	4	0	
M1
0	0	0	0	0	0	0	0	0	0	0	0	0	0	0	0	0	0	0	0	0	0	0	0	0	0	0	0	0	0	0	
0	0	1	1	2	2	2	3	3	3	3	2	3	2	2	3	2	4	2	4	4	2	3	1	3	1	2	3	1	1	3	
0	3	0	3	4	3	3	3	2	3	3	2	3	3	2	4	3	5	3	3	3	1	3	3	3	2	1	4	3	3	2	
0	3	3	0	1	1	2	3	3	3	2	2	2	3	3	2	2	3	2	3	4	2	3	4	3	3	2	3	2	4	3	
0	2	2	3	0	3	3	2	3	2	2	1	1	2	2	1	1	4	2	3	3	3	2	3	2	2	1	3	1	3	2	
0	3	2	3	2	0	2	2	3	2	1	3	3	3	4	3	3	2	4	2	3	1	4	3	4	4	3	5	3	3	3	
0	2	2	3	2	4	0	4	1	4	4	1	3	2	3	1	3	5	3	3	3	2	2	3	4	3	2	4	2	3	3	
0	4	4	4	5	3	3	0	4	3	4	4	3	1	4	4	3	5	4	2	5	4	2	3	4	3	3	4	4	5	4	
0	1	2	2	3	3	2	3	0	4	3	3	2	2	3	3	3	4	2	4	2	3	1	2	3	2	3	3	1	2	4	
0	1	2	2	3	3	3	4	4	0	3	3	3	2	3	4	3	4	2	4	4	3	4	2	3	2	3	3	1	2	4	
0	3	1	4	5	4	3	1	3	2	0	3	4	2	3	4	3	5	4	1	3	2	3	2	4	3	2	4	3	4	2	
0	3	1	2	2	3	4	4	3	4	4	0	3	2	3	3	3	4	2	2	4	2	4	3	3	2	2	3	3	4	3	
0	4	4	4	4	2	4	3	4	4	3	4	0	3	4	4	3	4	2	4	4	3	3	5	2	4	4	3	5	4	3	
0	4	3	3	4	3	4	4	4	4	4	3	2	0	3	5	4	4	3	3	4	4	4	3	4	2	2	3	5	4	3	
0	2	2	3	3	3	3	2	3	1	3	1	2	1	0	3	3	4	1	3	3	2	2	3	1	2	3	2	2	3	2	
0	3	1	3	3	4	4	4	3	4	4	3	3	1	3	0	4	5	4	4	4	2	3	3	4	3	2	4	4	4	3	
0	2	3	3	3	3	2	1	3	1	2	2	2	2	2	3	0	5	3	3	3	2	1	2	1	2	1	2	2	3	2	
0	2	1	1	2	2	2	2	3	4	3	1	2	3	3	3	3	0	3	3	1	2	4	1	4	3	2	3	3	3	3	
0	2	3	2	3	3	3	2	3	2	2	4	1	2	3	2	2	3	0	2	2	2	2	3	1	3	3	1	3	3	2	
0	2	3	3	4	3	2	3	3	3	4	2	3	3	2	3	3	5	3	0	3	2	2	1	3	2	1	4	3	3	2	
0	3	3	3	4	3	4	1	4	4	3	3	1	2	4	5	4	2	3	2	0	3	3	3	3	4	3	2	4	4	4	
0	4	4	4	4	4	2	4	3	4	5	3	4	3	4	3	3	5	3	2	5	0	4	3	4	3	3	4	2	2	4	
0	3	3	3	3	2	1	2	2	4	2	2	1	3	4	2	4	4	2	3	4	3	0	4	3	4	3	3	3	4	4	
0	1	2	2	3	3	3	4	4	4	4	1	3	3	3	4	3	4	3	3	5	1	4	0	4	2	3	4	2	2	4	
0	3	4	3	4	3	2	1	3	3	3	3	2	1	2	3	2	4	3	3	2	1	1	3	0	2	3	3	3	3	1	
0	2	3	1	2	1	3	3	2	3	2	2	2	3	3	3	3	3	1	3	3	2	2	1	2	0	2	2	3	3	3	
0	3	2	2	3	2	3	2	2	2	3	1	3	2	1	4	2	4	2	3	2	3	3	2	2	1	0	3	3	2	1	
0	1	2	1	2	2	3	2	4	3	1	3	2	3	3	3	3	3	3	2	3	1	4	2	4	2	3	0	2	2	2	
0	2	3	3	4	2	4	3	4	3	3	4	2	1	4	3	3	3	1	3	3	3	3	3	2	3	3	2	0	3	3	
0	2	3	3	3	4	1	2	2	2	3	2	3	3	3	2	1	4	4	4	3	2	2	1	2	3	2	2	3	0	3	
0	2	3	2	3	2	3	2	3	2	3	2	2	2	1	4	1	3	2	3	1	2	2	2	2	1	2	2	3	3	0	
M2
0	0	0	0	0	0	0	0	0	0	0	0	0	0	0	0	0	0	0	0	0	0	0	0	0	0	0	0	0	0	0	
0	0	2	4	4	4	3	3	3	3	1	2	2	3	2	1	2	4	2	3	3	3	3	2	4	3	3	3	2	1	3	
0	4	0	2	2	3	3	4	3	2	4	4	4	3	4	3	3	2	3	3	3	4	2	4	2	1	3	2	3	3	2	
0	2	1	0	3	4	3	3	1	3	2	2	2	3	3	1	2	3	3	2	4	3	3	2	3	2	2	3	3	3	3	
0	2	3	4	0	2	1	3	2	1	3	2	2	1	3	3	2	2	2	3	3	3	1	3	2	4	2	5	4	2	3	
0	3	2	2	2	0	3	3	2	2	4	2	1	3	3	3	2	1	4	2	1	2	3	2	2	3	3	4	3	4	2	
0	3	2	3	3	2	0	3	4	1	4	1	3	2	3	4	2	3	5	2	2	3	3	2	1	3	3	4	4	4	3	
0	3	2	4	1	3	2	0	2	2	4	3	3	2	3	4	3	3	3	3	3	4	1	4	2	2	3	3	4	2	3	
0	3	1	3	3	3	3	2	0	2	4	4	1	3	3	2	3	3	2	2	3	3	3	2	3	2	3	3	2	4	2	
0	3	3	3	3	1	1	2	3	0	3	2	2	1	4	3	2	2	4	3	2	3	3	3	2	4	2	5	4	4	3	
0	2	1	3	3	3	3	3	2	2	0	1	1	3	3	3	1	3	3	4	3	2	3	2	3	2	3	3	1	3	2	
0	4	1	3	2	4	3	4	3	3	5	0	4	3	5	4	4	3	4	4	3	5	3	5	3	2	4	3	3	4	3	
0	2	2	2	4	2	2	3	1	1	3	3	0	2	3	2	2	3	3	3	2	2	2	1	3	3	2	4	3	3	1	
0	2	2	3	2	3	3	3	3	2	2	2	2	0	3	2	1	1	3	2	2	2	2	3	1	3	1	4	3	3	3	
0	2	1	3	3	4	2	3	3	3	3	2	2	2	0	3	1	2	2	4	3	2	3	3	3	2	3	3	3	3	2	
0	1	3	5	4	4	4	4	3	3	2	3	3	2	3	0	2	3	3	3	4	3	2	1	3	3	2	2	3	2	4	
0	1	2	3	3	3	3	2	2	2	2	1	1	3	3	2	0	2	3	3	3	1	3	2	2	3	2	3	2	2	2	
0	2	1	3	1	2	2	3	3	1	3	2	2	2	3	3	1	0	3	4	3	2	2	3	3	2	2	3	3	3	3	
0	2	3	2	4	2	2	3	3	3	3	2	2	3	3	3	1	3	0	3	1	2	3	2	2	4	3	4	3	2	2	
0	3	2	2	3	3	1	2	3	2	4	2	3	3	1	3	2	3	3	0	2	3	2	3	2	3	4	4	3	4	1	
0	3	2	1	3	3	3	2	2	4	3	1	3	3	3	2	2	4	4	2	0	3	2	3	1	3	3	4	3	3	1	
0	3	2	3	2	3	2	1	3	2	2	1	2	2	3	2	2	1	3	2	2	0	2	1	1	3	1	2	1	3	3	
0	3	2	4	2	3	3	3	1	2	3	3	2	1	4	3	2	2	3	3	3	3	0	3	2	3	2	4	3	4	3	
0	2	2	4	3	3	3	3	2	2	2	2	2	1	3	2	1	2	3	2	3	2	1	0	2	3	1	4	3	2	3	
0	2	3	2	3	2	2	2	3	3	3	2	2	2	2	3	1	3	4	1	1	2	3	3	0	4	3	4	3	3	2	
0	3	2	2	2	2	2	3	2	1	3	3	3	2	3	3	2	1	4	3	2	3	1	4	2	0	2	1	2	2	1	
0	2	2	3	4	3	3	4	2	2	1	2	1	3	4	1	2	4	2	3	2	3	3	2	3	3	0	3	2	3	2	
0	3	2	3	2	3	3	2	3	2	2	3	2	2	2	2	2	1	3	2	2	3	2	3	1	3	1	0	1	4	2	
0	4	3	3	4	3	3	3	4	2	4	3	4	3	2	3	3	3	4	4	2	2	3	3	3	4	3	4	0	5	3	
0	3	2	4	3	4	2	2	4	3	4	3	3	3	1	4	2	3	3	3	3	3	3	4	3	3	4	4	4	0	3	
0	3	2	1	3	4	3	2	2	3	3	2	3	2	2	2	2	3	4	2	1	3	1	3	2	3	3	4	2	4	0	
M3
0	0	0	0	0	0	0	0	0	0	0	0	0	0	0	0	0	0	0	0	0	0	0	0	0	0	0	0	0	0	0	
0	0	3	4	2	2	3	2	2	2	4	3	1	2	2	3	2	3	2	3	3	1	2	1	2	4	3	2	2	3	3	
0	1	0	3	3	3	3	3	3	3	4	4	2	3	2	3	3	3	3	2	4	2	3	2	3	3	1	2	2	4	3	
0	3	4	0	4	5	4	3	3	4	4	3	4	3	4	4	3	3	4	4	2	4	2	4	3	5	4	3	3	3	3	
0	3	2	4	0	3	2	2	3	3	2	1	3	3	3	2	3	2	3	1	3	2	2	4	2	2	2	1	2	3	3	
0	1	2	3	3	0	2	3	3	3	2	3	2	1	3	2	3	3	2	4	2	2	3	2	3	3	1	2	3	2	1	
0	2	5	4	3	4	0	3	3	3	4	4	3	3	4	3	4	2	3	4	3	3	4	2	3	2	4	4	4	4	3	
0	3	4	2	2	3	1	0	2	4	3	3	2	3	4	3	3	3	3	3	3	3	2	2	3	2	3	3	1	4	2	
0	2	2	3	2	2	3	2	0	3	2	3	3	2	3	3	3	2	3	1	1	3	2	2	3	3	1	1	2	4	2	
0	3	2	2	2	3	2	1	3	0	2	3	2	4	4	3	4	4	3	1	3	4	2	2	3	3	3	3	2	5	3	
0	2	2	3	3	3	2	2	3	3	0	1	3	3	2	2	3	2	1	4	3	2	4	3	1	3	3	3	2	3	2	
0	2	1	4	3	2	1	3	3	2	1	0	3	3	2	1	2	3	2	3	3	1	4	3	2	2	2	3	2	2	3	
0	2	3	3	3	1	2	1	1	3	3	3	0	2	2	3	3	2	1	2	2	3	1	3	2	3	2	1	1	3	2	
0	3	3	3	3	3	1	2	2	3	3	4	4	0	2	3	2	2	1	3	1	4	4	3	3	3	1	2	3	4	2	
0	3	3	3	3	4	1	2	3	1	2	3	3	3	0	1	2	3	3	2	3	3	3	3	3	2	2	3	3	4	3	
0	3	3	3	3	3	2	2	2	1	1	2	2	3	1	0	3	2	2	2	3	2	3	3	2	1	2	3	3	4	2	
0	3	3	4	1	3	3	2	1	3	3	2	4	2	3	2	0	2	3	2	1	3	3	3	3	3	2	2	3	2	2	
0	4	3	3	1	3	2	1	2	1	2	2	2	1	2	2	3	0	1	2	1	3	3	3	3	3	2	2	2	2	1	
0	3	2	2	3	4	2	1	2	2	3	3	3	4	1	2	3	3	0	3	3	4	3	3	2	3	3	3	2	5	3	
0	2	1	3	1	4	2	1	3	3	3	2	3	3	3	2	4	3	3	0	2	3	1	3	2	3	2	2	2	4	3	
0	3	3	3	2	3	2	1	1	2	2	3	3	1	2	2	3	1	2	2	0	4	3	3	3	3	2	1	2	3	1	
0	3	2	3	2	3	3	2	2	1	3	3	2	3	4	3	1	2	3	2	2	0	3	3	4	4	3	3	1	2	2	
0	1	3	4	3	3	3	2	2	3	3	2	2	2	3	3	3	2	2	3	1	2	0	2	1	4	3	2	3	4	2	
0	2	3	4	1	2	3	2	2	3	3	2	1	3	3	3	3	2	2	2	3	3	2	0	1	3	3	2	2	4	2	
0	1	2	3	2	3	2	2	3	2	2	1	2	2	2	2	3	1	1	3	2	2	3	2	0	3	2	2	3	3	1	
0	3	3	4	3	3	3	3	1	2	2	3	3	3	2	1	2	2	3	2	2	1	3	3	3	0	2	2	2	3	3	
0	4	3	2	2	4	3	3	3	3	4	3	3	3	3	3	2	2	2	3	3	3	4	4	4	2	0	1	2	4	3	
0	3	2	3	2	3	3	2	2	2	3	3	2	2	3	3	2	1	2	3	2	4	3	3	3	3	1	0	1	3	2	
0	3	3	2	3	2	3	2	1	3	2	3	1	3	3	2	3	3	2	2	2	4	2	2	3	3	2	2	0	4	1	
0	3	2	2	3	3	2	3	3	3	2	1	3	3	3	2	3	2	3	4	2	2	4	4	3	3	1	1	2	0	3	
0	3	3	4	3	4	3	3	3	2	1	2	3	3	2	1	3	3	2	3	4	3	4	2	2	2	3	4	3	4	0	
Tamanho_Tarefas
0	2	30	6	13	15	27	34	15	1	11	29	32	17	18	21	19	10	10	14	18	21	24	25	21	27	14	24	30	21	4	
Data_Entrega
0	76	105	81	76	84	77	87	83	103	61	79	78	95	96	106	102	79	98	107	96	98	70	108	92	101	74	57	110	64	113	
Penalidade_Atraso
0	2	16	18	7	6	9	17	17	12	12	8	8	7	11	15	13	9	14	20	9	5	1	5	5	11	7	10	9	9	6	
Capacidade_Veiculo
55	79	92	68	79	99	89	94	69	62	85	50	65	49	55	
Custo_Fixo_Veiculo
550	790	920	680	790	990	890	940	690	620	850	500	650	490	550	
Coordenadas_Clientes
x	0	y	0
x	22	y	0
x	19	y	4
x	19	y	8
x	17	y	12
x	14	y	16
x	9	y	17
x	6	y	19
x	2	y	21
x	-2	y	19
x	-5	y	16
x	-10	y	17
x	-14	y	16
x	-16	y	11
x	-20	y	9
x	-19	y	4
x	-19	y	0
x	-24	y	-5
x	-19	y	-8
x	-19	y	-14
x	-11	y	-12
x	-8	y	-14
x	-6	y	-19
x	-2	y	-22
x	2	y	-21
x	7	y	-22
x	8	y	-14
x	10	y	-11
x	13	y	-9
x	16	y	-7
x	14	y	-3
Tempo_Viagem
0	22	19	20	20	21	19	19	21	19	16	19	21	19	21	19	19	24	20	23	16	16	19	22	21	23	16	14	15	17	14	
22	0	5	8	12	17	21	24	28	30	31	36	39	39	42	41	41	46	41	42	34	32	32	30	27	26	18	15	12	9	8	
19	5	0	4	8	13	16	19	23	25	26	31	35	35	39	38	38	43	39	42	34	32	33	31	28	27	19	16	14	11	8	
20	8	4	0	4	9	13	16	20	23	25	30	33	35	39	38	38	44	40	43	36	34	36	35	32	31	23	20	18	15	12	
20	12	8	4	0	5	9	12	16	20	22	27	31	33	37	36	37	44	40	43	36	36	38	38	35	34	26	23	21	19	15	
21	17	13	9	5	0	5	8	12	16	19	24	28	30	34	35	36	43	40	44	37	37	40	41	38	38	30	27	25	23	19	
19	21	16	13	9	5	0	3	7	11	14	19	23	25	29	30	32	39	37	41	35	35	38	40	38	39	31	28	26	24	20	
19	24	19	16	12	8	3	0	4	8	11	16	20	23	27	29	31	38	36	41	35	35	38	41	40	41	33	30	28	27	23	
21	28	23	20	16	12	7	4	0	4	8	12	16	20	24	26	29	36	35	40	35	36	40	43	42	43	35	32	31	30	26	
19	30	25	23	20	16	11	8	4	0	4	8	12	16	20	22	25	32	31	37	32	33	38	41	40	41	34	32	31	31	27	
16	31	26	25	22	19	14	11	8	4	0	5	9	12	16	18	21	28	27	33	28	30	35	38	37	39	32	30	30	30	26	
19	36	31	30	27	24	19	16	12	8	5	0	4	8	12	15	19	25	26	32	29	31	36	39	39	42	35	33	34	35	31	
21	39	35	33	31	28	23	20	16	12	9	4	0	5	9	12	16	22	24	30	28	30	35	39	40	43	37	35	36	37	33	
19	39	35	35	33	30	25	23	20	16	12	8	5	0	4	7	11	17	19	25	23	26	31	35	36	40	34	33	34	36	33	
21	42	39	39	37	34	29	27	24	20	16	12	9	4	0	5	9	14	17	23	22	25	30	35	37	41	36	35	36	38	35	
19	41	38	38	36	35	30	29	26	22	18	15	12	7	5	0	4	10	12	18	17	20	25	30	32	36	32	32	34	36	33	
19	41	38	38	37	36	32	31	29	25	21	19	16	11	9	4	0	7	8	14	14	17	22	27	29	34	30	31	33	35	33	
24	46	43	44	44	43	39	38	36	32	28	25	22	17	14	10	7	0	5	10	13	16	21	26	28	33	32	34	37	40	38	
20	41	39	40	40	40	37	36	35	31	27	26	24	19	17	12	8	5	0	6	8	11	16	21	23	28	27	29	32	35	33	
23	42	42	43	43	44	41	41	40	37	33	32	30	25	23	18	14	10	6	0	8	11	13	18	21	26	27	29	32	35	34	
16	34	34	36	36	37	35	35	35	32	28	29	28	23	22	17	14	13	8	8	0	3	8	13	15	20	19	21	24	27	26	
16	32	32	34	36	37	35	35	36	33	30	31	30	26	25	20	17	16	11	11	3	0	5	10	12	17	16	18	21	24	24	
19	32	33	36	38	40	38	38	40	38	35	36	35	31	30	25	22	21	16	13	8	5	0	5	8	13	14	17	20	23	25	
22	30	31	35	38	41	40	41	43	41	38	39	39	35	35	30	27	26	21	18	13	10	5	0	4	9	12	15	18	21	23	
21	27	28	32	35	38	38	40	42	40	37	39	40	36	37	32	29	28	23	21	15	12	8	4	0	5	9	12	15	18	20	
23	26	27	31	34	38	39	41	43	41	39	42	43	40	41	36	34	33	28	26	20	17	13	9	5	0	8	11	14	17	19	
16	18	19	23	26	30	31	33	35	34	32	35	37	34	36	32	30	32	27	27	19	16	14	12	9	8	0	3	6	9	11	
14	15	16	20	23	27	28	30	32	32	30	33	35	33	35	32	31	34	29	29	21	18	17	15	12	11	3	0	3	6	8	
15	12	14	18	21	25	26	28	31	31	30	34	36	34	36	34	33	37	32	32	24	21	20	18	15	14	6	3	0	3	6	
17	9	11	15	19	23	24	27	30	31	30	35	37	36	38	36	35	40	35	35	27	24	23	21	18	17	9	6	3	0	4	
14	8	8	12	15	19	20	23	26	27	26	31	33	33	35	33	33	38	33	34	26	24	25	23	20	19	11	8	6	4	0	
Custo_Viagem
V0
0	242	209	220	220	231	209	209	231	209	176	209	231	209	231	209	209	264	220	253	176	176	209	242	231	253	176	154	165	187	154	
242	0	55	88	143	187	231	264	319	330	341	396	429	429	462	451	451	506	451	473	385	363	363	352	319	286	209	176	132	99	88	
209	55	0	44	88	143	176	209	264	275	286	341	385	385	429	418	418	473	429	462	374	352	363	363	330	308	231	187	154	121	88	
220	88	44	0	44	99	143	187	231	253	275	330	363	385	429	418	418	484	451	473	396	374	396	396	363	352	264	231	198	165	132	
220	143	88	44	0	55	99	143	187	220	242	297	341	363	407	396	407	484	451	484	396	396	418	418	396	385	297	264	231	209	165	
231	187	143	99	55	0	55	88	143	176	209	264	308	330	374	385	396	473	440	484	407	407	440	451	418	418	330	297	275	253	209	
209	231	176	143	99	55	0	33	88	121	154	209	253	275	330	330	352	429	407	451	385	385	429	440	418	429	341	308	286	275	220	
209	264	209	187	143	88	33	0	44	88	121	176	220	253	297	319	341	418	396	451	385	385	429	451	440	451	363	330	308	297	253	
231	319	264	231	187	143	88	44	0	44	88	132	176	220	275	297	319	396	385	440	385	396	440	473	462	473	385	352	341	341	286	
209	330	275	253	220	176	121	88	44	0	44	88	132	176	220	242	275	352	341	407	352	363	418	451	440	451	374	352	341	341	297	
176	341	286	275	242	209	154	121	88	44	0	55	99	132	176	198	231	308	297	363	308	330	385	418	407	429	352	330	330	341	286	
209	396	341	330	297	264	209	176	132	88	55	0	44	88	132	165	209	286	286	352	319	341	396	429	429	462	385	374	374	385	341	
231	429	385	363	341	308	253	220	176	132	99	44	0	55	99	143	176	253	264	330	308	330	385	429	440	473	407	396	396	407	363	
209	429	385	385	363	330	275	253	220	176	132	88	55	0	44	77	121	187	209	275	253	286	341	385	396	440	374	374	385	396	363	
231	462	429	429	407	374	330	297	275	220	176	132	99	44	0	55	99	154	187	253	242	275	341	385	407	451	396	396	407	429	396	
209	451	418	418	396	385	330	319	297	242	198	165	143	77	55	0	44	110	132	198	187	231	286	341	352	396	352	352	374	396	363	
209	451	418	418	407	396	352	341	319	275	231	209	176	121	99	44	0	77	88	154	154	187	253	297	319	374	330	341	363	385	363	
264	506	473	484	484	473	429	418	396	352	308	286	253	187	154	110	77	0	55	110	154	198	242	297	330	385	363	374	407	440	418	
220	451	429	451	451	440	407	396	385	341	297	286	264	209	187	132	88	55	0	66	88	132	187	242	264	319	297	319	352	385	363	
253	473	462	473	484	484	451	451	440	407	363	352	330	275	253	198	154	110	66	0	88	121	143	198	242	297	297	319	352	385	374	
176	385	374	396	396	407	385	385	385	352	308	319	308	253	242	187	154	154	88	88	0	33	88	143	165	220	209	231	264	297	286	
176	363	352	374	396	407	385	385	396	363	330	341	330	286	275	231	187	198	132	121	33	0	55	110	132	187	176	198	231	275	264	
209	363	363	396	418	440	429	429	440	418	385	396	385	341	341	286	253	242	187	143	88	55	0	55	88	143	154	187	231	275	275	
242	352	363	396	418	451	440	451	473	451	418	429	429	385	385	341	297	297	242	198	143	110	55	0	44	99	132	176	209	253	264	
231	319	330	363	396	418	418	440	462	440	407	429	440	396	407	352	319	330	264	242	165	132	88	44	0	55	99	132	176	209	231	
253	286	308	352	385	418	429	451	473	451	429	462	473	440	451	396	374	385	319	297	220	187	143	99	55	0	88	121	154	187	220	
176	209	231	264	297	330	341	363	385	374	352	385	407	374	396	352	330	363	297	297	209	176	154	132	99	88	0	33	77	110	132	
154	176	187	231	264	297	308	330	352	352	330	374	396	374	396	352	341	374	319	319	231	198	187	176	132	121	33	0	33	77	88	
165	132	154	198	231	275	286	308	341	341	330	374	396	385	407	374	363	407	352	352	264	231	231	209	176	154	77	33	0	33	66	
187	99	121	165	209	253	275	297	341	341	341	385	407	396	429	396	385	440	385	385	297	275	275	253	209	187	110	77	33	0	44	
154	88	88	132	165	209	220	253	286	297	286	341	363	363	396	363	363	418	363	374	286	264	275	264	231	220	132	88	66	44	0	
V1
0	347	300	316	316	331	300	300	331	300	252	300	331	300	331	300	300	379	316	363	252	252	300	347	331	363	252	221	237	268	221	
347	0	79	126	205	268	331	379	458	474	489	568	616	616	663	647	647	726	647	679	553	521	521	505	458	410	300	252	189	142	126	
300	79	0	63	126	205	252	300	379	395	410	489	553	553	616	600	600	679	616	663	537	505	521	521	474	442	331	268	221	173	126	
316	126	63	0	63	142	205	268	331	363	395	474	521	553	616	600	600	695	647	679	568	537	568	568	521	505	379	331	284	237	189	
316	205	126	63	0	79	142	205	268	316	347	426	489	521	584	568	584	695	647	695	568	568	600	600	568	553	426	379	331	300	237	
331	268	205	142	79	0	79	126	205	252	300	379	442	474	537	553	568	679	632	695	584	584	632	647	600	600	474	426	395	363	300	
300	331	252	205	142	79	0	47	126	173	221	300	363	395	474	474	505	616	584	647	553	553	616	632	600	616	489	442	410	395	316	
300	379	300	268	205	126	47	0	63	126	173	252	316	363	426	458	489	600	568	647	553	553	616	647	632	647	521	474	442	426	363	
331	458	379	331	268	205	126	63	0	63	126	189	252	316	395	426	458	568	553	632	553	568	632	679	663	679	553	505	489	489	410	
300	474	395	363	316	252	173	126	63	0	63	126	189	252	316	347	395	505	489	584	505	521	600	647	632	647	537	505	489	489	426	
252	489	410	395	347	300	221	173	126	63	0	79	142	189	252	284	331	442	426	521	442	474	553	600	584	616	505	474	474	489	410	
300	568	489	474	426	379	300	252	189	126	79	0	63	126	189	237	300	410	410	505	458	489	568	616	616	663	553	537	537	553	489	
331	616	553	521	489	442	363	316	252	189	142	63	0	79	142	205	252	363	379	474	442	474	553	616	632	679	584	568	568	584	521	
300	616	553	553	521	474	395	363	316	252	189	126	79	0	63	110	173	268	300	395	363	410	489	553	568	632	537	537	553	568	521	
331	663	616	616	584	537	474	426	395	316	252	189	142	63	0	79	142	221	268	363	347	395	489	553	584	647	568	568	584	616	568	
300	647	600	600	568	553	474	458	426	347	284	237	205	110	79	0	63	158	189	284	268	331	410	489	505	568	505	505	537	568	521	
300	647	600	600	584	568	505	489	458	395	331	300	252	173	142	63	0	110	126	221	221	268	363	426	458	537	474	489	521	553	521	
379	726	679	695	695	679	616	600	568	505	442	410	363	268	221	158	110	0	79	158	221	284	347	426	474	553	521	537	584	632	600	
316	647	616	647	647	632	584	568	553	489	426	410	379	300	268	189	126	79	0	94	126	189	268	347	379	458	426	458	505	553	521	
363	679	663	679	695	695	647	647	632	584	521	505	474	395	363	284	221	158	94	0	126	173	205	284	347	426	426	458	505	553	537	
252	553	537	568	568	584	553	553	553	505	442	458	442	363	347	268	221	221	126	126	0	47	126	205	237	316	300	331	379	426	410	
252	521	505	537	568	584	553	553	568	521	474	489	474	410	395	331	268	284	189	173	47	0	79	158	189	268	252	284	331	395	379	
300	521	521	568	600	632	616	616	632	600	553	568	553	489	489	410	363	347	268	205	126	79	0	79	126	205	221	268	331	395	395	
347	505	521	568	600	647	632	647	679	647	600	616	616	553	553	489	426	426	347	284	205	158	79	0	63	142	189	252	300	363	379	
331	458	474	521	568	600	600	632	663	632	584	616	632	568	584	505	458	474	379	347	237	189	126	63	0	79	142	189	252	300	331	
363	410	442	505	553	600	616	647	679	647	616	663	679	632	647	568	537	553	458	426	316	268	205	142	79	0	126	173	221	268	316	
252	300	331	379	426	474	489	521	553	537	505	553	584	537	568	505	474	521	426	426	300	252	221	189	142	126	0	47	110	158	189	
221	252	268	331	379	426	442	474	505	505	474	537	568	537	568	505	489	537	458	458	331	284	268	252	189	173	47	0	47	110	126	
237	189	221	284	331	395	410	442	489	489	474	537	568	553	584	537	521	584	505	505	379	331	331	300	252	221	110	47	0	47	94	
268	142	173	237	300	363	395	426	489	489	489	553	584	568	616	568	553	632	553	553	426	395	395	363	300	268	158	110	47	0	63	
221	126	126	189	237	300	316	363	410	426	410	489	521	521	568	521	521	600	521	537	410	379	395	379	331	316	189	126	94	63	0	
V2
0	404	349	368	368	386	349	349	386	349	294	349	386	349	386	349	349	441	368	423	294	294	349	404	386	423	294	257	276	312	257	
404	0	92	147	239	312	386	441	533	552	570	662	717	717	772	754	754	846	754	791	644	607	607	588	533	478	349	294	220	165	147	
349	92	0	73	147	239	294	349	441	460	478	570	644	644	717	699	699	791	717	772	625	588	607	607	552	515	386	312	257	202	147	
368	147	73	0	73	165	239	312	386	423	460	552	607	644	717	699	699	809	754	791	662	625	662	662	607	588	441	386	331	276	220	
368	239	147	73	0	92	165	239	312	368	404	496	570	607	680	662	680	809	754	809	662	662	699	699	662	644	496	441	386	349	276	
386	312	239	165	92	0	92	147	239	294	349	441	515	552	625	644	662	791	736	809	680	680	736	754	699	699	552	496	460	423	349	
349	386	294	239	165	92	0	55	147	202	257	349	423	460	552	552	588	717	680	754	644	644	717	736	699	717	570	515	478	460	368	
349	441	349	312	239	147	55	0	73	147	202	294	368	423	496	533	570	699	662	754	644	644	717	754	736	754	607	552	515	496	423	
386	533	441	386	312	239	147	73	0	73	147	220	294	368	460	496	533	662	644	736	644	662	736	791	772	791	644	588	570	570	478	
349	552	460	423	368	294	202	147	73	0	73	147	220	294	368	404	460	588	570	680	588	607	699	754	736	754	625	588	570	570	496	
294	570	478	460	404	349	257	202	147	73	0	92	165	220	294	331	386	515	496	607	515	552	644	699	680	717	588	552	552	570	478	
349	662	570	552	496	441	349	294	220	147	92	0	73	147	220	276	349	478	478	588	533	570	662	717	717	772	644	625	625	644	570	
386	717	644	607	570	515	423	368	294	220	165	73	0	92	165	239	294	423	441	552	515	552	644	717	736	791	680	662	662	680	607	
349	717	644	644	607	552	460	423	368	294	220	147	92	0	73	128	202	312	349	460	423	478	570	644	662	736	625	625	644	662	607	
386	772	717	717	680	625	552	496	460	368	294	220	165	73	0	92	165	257	312	423	404	460	570	644	680	754	662	662	680	717	662	
349	754	699	699	662	644	552	533	496	404	331	276	239	128	92	0	73	184	220	331	312	386	478	570	588	662	588	588	625	662	607	
349	754	699	699	680	662	588	570	533	460	386	349	294	202	165	73	0	128	147	257	257	312	423	496	533	625	552	570	607	644	607	
441	846	791	809	809	791	717	699	662	588	515	478	423	312	257	184	128	0	92	184	257	331	404	496	552	644	607	625	680	736	699	
368	754	717	754	754	736	680	662	644	570	496	478	441	349	312	220	147	92	0	110	147	220	312	404	441	533	496	533	588	644	607	
423	791	772	791	809	809	754	754	736	680	607	588	552	460	423	331	257	184	110	0	147	202	239	331	404	496	496	533	588	644	625	
294	644	625	662	662	680	644	644	644	588	515	533	515	423	404	312	257	257	147	147	0	55	147	239	276	368	349	386	441	496	478	
294	607	588	625	662	680	644	644	662	607	552	570	552	478	460	386	312	331	220	202	55	0	92	184	220	312	294	331	386	460	441	
349	607	607	662	699	736	717	717	736	699	644	662	644	570	570	478	423	404	312	239	147	92	0	92	147	239	257	312	386	460	460	
404	588	607	662	699	754	736	754	791	754	699	717	717	644	644	570	496	496	404	331	239	184	92	0	73	165	220	294	349	423	441	
386	533	552	607	662	699	699	736	772	736	680	717	736	662	680	588	533	552	441	404	276	220	147	73	0	92	165	220	294	349	386	
423	478	515	588	644	699	717	754	791	754	717	772	791	736	754	662	625	644	533	496	368	312	239	165	92	0	147	202	257	312	368	
294	349	386	441	496	552	570	607	644	625	588	644	680	625	662	588	552	607	496	496	349	294	257	220	165	147	0	55	128	184	220	
257	294	312	386	441	496	515	552	588	588	552	625	662	625	662	588	570	625	533	533	386	331	312	294	220	202	55	0	55	128	147	
276	220	257	331	386	460	478	515	570	570	552	625	662	644	680	625	607	680	588	588	441	386	386	349	294	257	128	55	0	55	110	
312	165	202	276	349	423	460	496	570	570	570	644	680	662	717	662	644	736	644	644	496	460	460	423	349	312	184	128	55	0	73	
257	147	147	220	276	349	368	423	478	496	478	570	607	607	662	607	607	699	607	625	478	441	460	441	386	368	220	147	110	73	0	
V3
0	299	258	272	272	285	258	258	285	258	217	258	285	258	285	258	258	326	272	312	217	217	258	299	285	312	217	190	204	231	190	
299	0	68	108	176	231	285	326	394	408	421	489	530	530	571	557	557	625	557	584	476	448	448	435	394	353	258	217	163	122	108	
258	68	0	54	108	176	217	258	326	340	353	421	476	476	530	516	516	584	530	571	462	435	448	448	408	380	285	231	190	149	108	
272	108	54	0	54	122	176	231	285	312	340	408	448	476	530	516	516	598	557	584	489	462	489	489	448	435	326	285	244	204	163	
272	176	108	54	0	68	122	176	231	272	299	367	421	448	503	489	503	598	557	598	489	489	516	516	489	476	367	326	285	258	204	
285	231	176	122	68	0	68	108	176	217	258	326	380	408	462	476	489	584	544	598	503	503	544	557	516	516	408	367	340	312	258	
258	285	217	176	122	68	0	40	108	149	190	258	312	340	408	408	435	530	503	557	476	476	530	544	516	530	421	380	353	340	272	
258	326	258	231	176	108	40	0	54	108	149	217	272	312	367	394	421	516	489	557	476	476	530	557	544	557	448	408	380	367	312	
285	394	326	285	231	176	108	54	0	54	108	163	217	272	340	367	394	489	476	544	476	489	544	584	571	584	476	435	421	421	353	
258	408	340	312	272	217	149	108	54	0	54	108	163	217	272	299	340	435	421	503	435	448	516	557	544	557	462	435	421	421	367	
217	421	353	340	299	258	190	149	108	54	0	68	122	163	217	244	285	380	367	448	380	408	476	516	503	530	435	408	408	421	353	
258	489	421	408	367	326	258	217	163	108	68	0	54	108	163	204	258	353	353	435	394	421	489	530	530	571	476	462	462	476	421	
285	530	476	448	421	380	312	272	217	163	122	54	0	68	122	176	217	312	326	408	380	408	476	530	544	584	503	489	489	503	448	
258	530	476	476	448	408	340	312	272	217	163	108	68	0	54	95	149	231	258	340	312	353	421	476	489	544	462	462	476	489	448	
285	571	530	530	503	462	408	367	340	272	217	163	122	54	0	68	122	190	231	312	299	340	421	476	503	557	489	489	503	530	489	
258	557	516	516	489	476	408	394	367	299	244	204	176	95	68	0	54	136	163	244	231	285	353	421	435	489	435	435	462	489	448	
258	557	516	516	503	489	435	421	394	340	285	258	217	149	122	54	0	95	108	190	190	231	312	367	394	462	408	421	448	476	448	
326	625	584	598	598	584	530	516	489	435	380	353	312	231	190	136	95	0	68	136	190	244	299	367	408	476	448	462	503	544	516	
272	557	530	557	557	544	503	489	476	421	367	353	326	258	231	163	108	68	0	81	108	163	231	299	326	394	367	394	435	476	448	
312	584	571	584	598	598	557	557	544	503	448	435	408	340	312	244	190	136	81	0	108	149	176	244	299	367	367	394	435	476	462	
217	476	462	489	489	503	476	476	476	435	380	394	380	312	299	231	190	190	108	108	0	40	108	176	204	272	258	285	326	367	353	
217	448	435	462	489	503	476	476	489	448	408	421	408	353	340	285	231	244	163	149	40	0	68	136	163	231	217	244	285	340	326	
258	448	448	489	516	544	530	530	544	516	476	489	476	421	421	353	312	299	231	176	108	68	0	68	108	176	190	231	285	340	340	
299	435	448	489	516	557	544	557	584	557	516	530	530	476	476	421	367	367	299	244	176	136	68	0	54	122	163	217	258	312	326	
285	394	408	448	489	516	516	544	571	544	503	530	544	489	503	435	394	408	326	299	204	163	108	54	0	68	122	163	217	258	285	
312	353	380	435	476	516	530	557	584	557	530	571	584	544	557	489	462	476	394	367	272	231	176	122	68	0	108	149	190	231	272	
217	258	285	326	367	408	421	448	476	462	435	476	503	462	489	435	408	448	367	367	258	217	190	163	122	108	0	40	95	136	163	
190	217	231	285	326	367	380	408	435	435	408	462	489	462	489	435	421	462	394	394	285	244	231	217	163	149	40	0	40	95	108	
204	163	190	244	285	340	353	380	421	421	408	462	489	476	503	462	448	503	435	435	326	285	285	258	217	190	95	40	0	40	81	
231	122	149	204	258	312	340	367	421	421	421	476	503	489	530	489	476	544	476	476	367	340	340	312	258	231	136	95	40	0	54	
190	108	108	163	204	258	272	312	353	367	353	421	448	448	489	448	448	516	448	462	353	326	340	326	285	272	163	108	81	54	0	
V4
0	347	300	316	316	331	300	300	331	300	252	300	331	300	331	300	300	379	316	363	252	252	300	347	331	363	252	221	237	268	221	
347	0	79	126	205	268	331	379	458	474	489	568	616	616	663	647	647	726	647	679	553	521	521	505	458	410	300	252	189	142	126	
300	79	0	63	126	205	252	300	379	395	410	489	553	553	616	600	600	679	616	663	537	505	521	521	474	442	331	268	221	173	126	
316	126	63	0	63	142	205	268	331	363	395	474	521	553	616	600	600	695	647	679	568	537	568	568	521	505	379	331	284	237	189	
316	205	126	63	0	79	142	205	268	316	347	426	489	521	584	568	584	695	647	695	568	568	600	600	568	553	426	379	331	300	237	
331	268	205	142	79	0	79	126	205	252	300	379	442	474	537	553	568	679	632	695	584	584	632	647	600	600	474	426	395	363	300	
300	331	252	205	142	79	0	47	126	173	221	300	363	395	474	474	505	616	584	647	553	553	616	632	600	616	489	442	410	395	316	
300	379	300	268	205	126	47	0	63	126	173	252	316	363	426	458	489	600	568	647	553	553	616	647	632	647	521	474	442	426	363	
331	458	379	331	268	205	126	63	0	63	126	189	252	316	395	426	458	568	553	632	553	568	632	679	663	679	553	505	489	489	410	
300	474	395	363	316	252	173	126	63	0	63	126	189	252	316	347	395	505	489	584	505	521	600	647	632	647	537	505	489	489	426	
252	489	410	395	347	300	221	173	126	63	0	79	142	189	252	284	331	442	426	521	442	474	553	600	584	616	505	474	474	489	410	
300	568	489	474	426	379	300	252	189	126	79	0	63	126	189	237	300	410	410	505	458	489	568	616	616	663	553	537	537	553	489	
331	616	553	521	489	442	363	316	252	189	142	63	0	79	142	205	252	363	379	474	442	474	553	616	632	679	584	568	568	584	521	
300	616	553	553	521	474	395	363	316	252	189	126	79	0	63	110	173	268	300	395	363	410	489	553	568	632	537	537	553	568	521	
331	663	616	616	584	537	474	426	395	316	252	189	142	63	0	79	142	221	268	363	347	395	489	553	584	647	568	568	584	616	568	
300	647	600	600	568	553	474	458	426	347	284	237	205	110	79	0	63	158	189	284	268	331	410	489	505	568	505	505	537	568	521	
300	647	600	600	584	568	505	489	458	395	331	300	252	173	142	63	0	110	126	221	221	268	363	426	458	537	474	489	521	553	521	
379	726	679	695	695	679	616	600	568	505	442	410	363	268	221	158	110	0	79	158	221	284	347	426	474	553	521	537	584	632	600	
316	647	616	647	647	632	584	568	553	489	426	410	379	300	268	189	126	79	0	94	126	189	268	347	379	458	426	458	505	553	521	
363	679	663	679	695	695	647	647	632	584	521	505	474	395	363	284	221	158	94	0	126	173	205	284	347	426	426	458	505	553	537	
252	553	537	568	568	584	553	553	553	505	442	458	442	363	347	268	221	221	126	126	0	47	126	205	237	316	300	331	379	426	410	
252	521	505	537	568	584	553	553	568	521	474	489	474	410	395	331	268	284	189	173	47	0	79	158	189	268	252	284	331	395	379	
300	521	521	568	600	632	616	616	632	600	553	568	553	489	489	410	363	347	268	205	126	79	0	79	126	205	221	268	331	395	395	
347	505	521	568	600	647	632	647	679	647	600	616	616	553	553	489	426	426	347	284	205	158	79	0	63	142	189	252	300	363	379	
331	458	474	521	568	600	600	632	663	632	584	616	632	568	584	505	458	474	379	347	237	189	126	63	0	79	142	189	252	300	331	
363	410	442	505	553	600	616	647	679	647	616	663	679	632	647	568	537	553	458	426	316	268	205	142	79	0	126	173	221	268	316	
252	300	331	379	426	474	489	521	553	537	505	553	584	537	568	505	474	521	426	426	300	252	221	189	142	126	0	47	110	158	189	
221	252	268	331	379	426	442	474	505	505	474	537	568	537	568	505	489	537	458	458	331	284	268	252	189	173	47	0	47	110	126	
237	189	221	284	331	395	410	442	489	489	474	537	568	553	584	537	521	584	505	505	379	331	331	300	252	221	110	47	0	47	94	
268	142	173	237	300	363	395	426	489	489	489	553	584	568	616	568	553	632	553	553	426	395	395	363	300	268	158	110	47	0	63	
221	126	126	189	237	300	316	363	410	426	410	489	521	521	568	521	521	600	521	537	410	379	395	379	331	316	189	126	94	63	0	
V5
0	435	376	396	396	415	376	376	415	376	316	376	415	376	415	376	376	475	396	455	316	316	376	435	415	455	316	277	297	336	277	
435	0	99	158	257	336	415	475	574	594	613	712	772	772	831	811	811	910	811	851	693	653	653	633	574	514	376	316	237	178	158	
376	99	0	79	158	257	316	376	475	495	514	613	693	693	772	752	752	851	772	831	673	633	653	653	594	554	415	336	277	217	158	
396	158	79	0	79	178	257	336	415	455	495	594	653	693	772	752	752	871	811	851	712	673	712	712	653	633	475	415	356	297	237	
396	257	158	79	0	99	178	257	336	396	435	534	613	653	732	712	732	871	811	871	712	712	752	752	712	693	534	475	415	376	297	
415	336	257	178	99	0	99	158	257	316	376	475	554	594	673	693	712	851	792	871	732	732	792	811	752	752	594	534	495	455	376	
376	415	316	257	178	99	0	59	158	217	277	376	455	495	594	594	633	772	732	811	693	693	772	792	752	772	613	554	514	495	396	
376	475	376	336	257	158	59	0	79	158	217	316	396	455	534	574	613	752	712	811	693	693	772	811	792	811	653	594	554	534	455	
415	574	475	415	336	257	158	79	0	79	158	237	316	396	495	534	574	712	693	792	693	712	792	851	831	851	693	633	613	613	514	
376	594	495	455	396	316	217	158	79	0	79	158	237	316	396	435	495	633	613	732	633	653	752	811	792	811	673	633	613	613	534	
316	613	514	495	435	376	277	217	158	79	0	99	178	237	316	356	415	554	534	653	554	594	693	752	732	772	633	594	594	613	514	
376	712	613	594	534	475	376	316	237	158	99	0	79	158	237	297	376	514	514	633	574	613	712	772	772	831	693	673	673	693	613	
415	772	693	653	613	554	455	396	316	237	178	79	0	99	178	257	316	455	475	594	554	594	693	772	792	851	732	712	712	732	653	
376	772	693	693	653	594	495	455	396	316	237	158	99	0	79	138	217	336	376	495	455	514	613	693	712	792	673	673	693	712	653	
415	831	772	772	732	673	594	534	495	396	316	237	178	79	0	99	178	277	336	455	435	495	613	693	732	811	712	712	732	772	712	
376	811	752	752	712	693	594	574	534	435	356	297	257	138	99	0	79	198	237	356	336	415	514	613	633	712	633	633	673	712	653	
376	811	752	752	732	712	633	613	574	495	415	376	316	217	178	79	0	138	158	277	277	336	455	534	574	673	594	613	653	693	653	
475	910	851	871	871	851	772	752	712	633	554	514	455	336	277	198	138	0	99	198	277	356	435	534	594	693	653	673	732	792	752	
396	811	772	811	811	792	732	712	693	613	534	514	475	376	336	237	158	99	0	118	158	237	336	435	475	574	534	574	633	693	653	
455	851	831	851	871	871	811	811	792	732	653	633	594	495	455	356	277	198	118	0	158	217	257	356	435	534	534	574	633	693	673	
316	693	673	712	712	732	693	693	693	633	554	574	554	455	435	336	277	277	158	158	0	59	158	257	297	396	376	415	475	534	514	
316	653	633	673	712	732	693	693	712	653	594	613	594	514	495	415	336	356	237	217	59	0	99	198	237	336	316	356	415	495	475	
376	653	653	712	752	792	772	772	792	752	693	712	693	613	613	514	455	435	336	257	158	99	0	99	158	257	277	336	415	495	495	
435	633	653	712	752	811	792	811	851	811	752	772	772	693	693	613	534	534	435	356	257	198	99	0	79	178	237	316	376	455	475	
415	574	594	653	712	752	752	792	831	792	732	772	792	712	732	633	574	594	475	435	297	237	158	79	0	99	178	237	316	376	415	
455	514	554	633	693	752	772	811	851	811	772	831	851	792	811	712	673	693	574	534	396	336	257	178	99	0	158	217	277	336	396	
316	376	415	475	534	594	613	653	693	673	633	693	732	673	712	633	594	653	534	534	376	316	277	237	178	158	0	59	138	198	237	
277	316	336	415	475	534	554	594	633	633	594	673	712	673	712	633	613	673	574	574	415	356	336	316	237	217	59	0	59	138	158	
297	237	277	356	415	495	514	554	613	613	594	673	712	693	732	673	653	732	633	633	475	415	415	376	316	277	138	59	0	59	118	
336	178	217	297	376	455	495	534	613	613	613	693	732	712	772	712	693	792	693	693	534	495	495	455	376	336	198	138	59	0	79	
277	158	158	237	297	376	396	455	514	534	514	613	653	653	712	653	653	752	653	673	514	475	495	475	415	396	237	158	118	79	0	
V6
0	391	338	356	356	373	338	338	373	338	284	338	373	338	373	338	338	427	356	409	284	284	338	391	373	409	284	249	267	302	249	
391	0	89	142	231	302	373	427	516	534	551	640	694	694	747	729	729	818	729	765	623	587	587	569	516	462	338	284	213	160	142	
338	89	0	71	142	231	284	338	427	445	462	551	623	623	694	676	676	765	694	747	605	569	587	587	534	498	373	302	249	195	142	
356	142	71	0	71	160	231	302	373	409	445	534	587	623	694	676	676	783	729	765	640	605	640	640	587	569	427	373	320	267	213	
356	231	142	71	0	89	160	231	302	356	391	480	551	587	658	640	658	783	729	783	640	640	676	676	640	623	480	427	373	338	267	
373	302	231	160	89	0	89	142	231	284	338	427	498	534	605	623	640	765	712	783	658	658	712	729	676	676	534	480	445	409	338	
338	373	284	231	160	89	0	53	142	195	249	338	409	445	534	534	569	694	658	729	623	623	694	712	676	694	551	498	462	445	356	
338	427	338	302	231	142	53	0	71	142	195	284	356	409	480	516	551	676	640	729	623	623	694	729	712	729	587	534	498	480	409	
373	516	427	373	302	231	142	71	0	71	142	213	284	356	445	480	516	640	623	712	623	640	712	765	747	765	623	569	551	551	462	
338	534	445	409	356	284	195	142	71	0	71	142	213	284	356	391	445	569	551	658	569	587	676	729	712	729	605	569	551	551	480	
284	551	462	445	391	338	249	195	142	71	0	89	160	213	284	320	373	498	480	587	498	534	623	676	658	694	569	534	534	551	462	
338	640	551	534	480	427	338	284	213	142	89	0	71	142	213	267	338	462	462	569	516	551	640	694	694	747	623	605	605	623	551	
373	694	623	587	551	498	409	356	284	213	160	71	0	89	160	231	284	409	427	534	498	534	623	694	712	765	658	640	640	658	587	
338	694	623	623	587	534	445	409	356	284	213	142	89	0	71	124	195	302	338	445	409	462	551	623	640	712	605	605	623	640	587	
373	747	694	694	658	605	534	480	445	356	284	213	160	71	0	89	160	249	302	409	391	445	551	623	658	729	640	640	658	694	640	
338	729	676	676	640	623	534	516	480	391	320	267	231	124	89	0	71	178	213	320	302	373	462	551	569	640	569	569	605	640	587	
338	729	676	676	658	640	569	551	516	445	373	338	284	195	160	71	0	124	142	249	249	302	409	480	516	605	534	551	587	623	587	
427	818	765	783	783	765	694	676	640	569	498	462	409	302	249	178	124	0	89	178	249	320	391	480	534	623	587	605	658	712	676	
356	729	694	729	729	712	658	640	623	551	480	462	427	338	302	213	142	89	0	106	142	213	302	391	427	516	480	516	569	623	587	
409	765	747	765	783	783	729	729	712	658	587	569	534	445	409	320	249	178	106	0	142	195	231	320	391	480	480	516	569	623	605	
284	623	605	640	640	658	623	623	623	569	498	516	498	409	391	302	249	249	142	142	0	53	142	231	267	356	338	373	427	480	462	
284	587	569	605	640	658	623	623	640	587	534	551	534	462	445	373	302	320	213	195	53	0	89	178	213	302	284	320	373	445	427	
338	587	587	640	676	712	694	694	712	676	623	640	623	551	551	462	409	391	302	231	142	89	0	89	142	231	249	302	373	445	445	
391	569	587	640	676	729	712	729	765	729	676	694	694	623	623	551	480	480	391	320	231	178	89	0	71	160	213	284	338	409	427	
373	516	534	587	640	676	676	712	747	712	658	694	712	640	658	569	516	534	427	391	267	213	142	71	0	89	160	213	284	338	373	
409	462	498	569	623	676	694	729	765	729	694	747	765	712	729	640	605	623	516	480	356	302	231	160	89	0	142	195	249	302	356	
284	338	373	427	480	534	551	587	623	605	569	623	658	605	640	569	534	587	480	480	338	284	249	213	160	142	0	53	124	178	213	
249	284	302	373	427	480	498	534	569	569	534	605	640	605	640	569	551	605	516	516	373	320	302	284	213	195	53	0	53	124	142	
267	213	249	320	373	445	462	498	551	551	534	605	640	623	658	605	587	658	569	569	427	373	373	338	284	249	124	53	0	53	106	
302	160	195	267	338	409	445	480	551	551	551	623	658	640	694	640	623	712	623	623	480	445	445	409	338	302	178	124	53	0	71	
249	142	142	213	267	338	356	409	462	480	462	551	587	587	640	587	587	676	587	605	462	427	445	427	373	356	213	142	106	71	0	
V7
0	413	357	376	376	394	357	357	394	357	300	357	394	357	394	357	357	451	376	432	300	300	357	413	394	432	300	263	282	319	263	
413	0	94	150	244	319	394	451	545	564	582	676	733	733	789	770	770	864	770	808	658	620	620	601	545	488	357	300	225	169	150	
357	94	0	75	150	244	300	357	451	470	488	582	658	658	733	714	714	808	733	789	639	601	620	620	564	526	394	319	263	206	150	
376	150	75	0	75	169	244	319	394	432	470	564	620	658	733	714	714	827	770	808	676	639	676	676	620	601	451	394	338	282	225	
376	244	150	75	0	94	169	244	319	376	413	507	582	620	695	676	695	827	770	827	676	676	714	714	676	658	507	451	394	357	282	
394	319	244	169	94	0	94	150	244	300	357	451	526	564	639	658	676	808	752	827	695	695	752	770	714	714	564	507	470	432	357	
357	394	300	244	169	94	0	56	150	206	263	357	432	470	564	564	601	733	695	770	658	658	733	752	714	733	582	526	488	470	376	
357	451	357	319	244	150	56	0	75	150	206	300	376	432	507	545	582	714	676	770	658	658	733	770	752	770	620	564	526	507	432	
394	545	451	394	319	244	150	75	0	75	150	225	300	376	470	507	545	676	658	752	658	676	752	808	789	808	658	601	582	582	488	
357	564	470	432	376	300	206	150	75	0	75	150	225	300	376	413	470	601	582	695	601	620	714	770	752	770	639	601	582	582	507	
300	582	488	470	413	357	263	206	150	75	0	94	169	225	300	338	394	526	507	620	526	564	658	714	695	733	601	564	564	582	488	
357	676	582	564	507	451	357	300	225	150	94	0	75	150	225	282	357	488	488	601	545	582	676	733	733	789	658	639	639	658	582	
394	733	658	620	582	526	432	376	300	225	169	75	0	94	169	244	300	432	451	564	526	564	658	733	752	808	695	676	676	695	620	
357	733	658	658	620	564	470	432	376	300	225	150	94	0	75	131	206	319	357	470	432	488	582	658	676	752	639	639	658	676	620	
394	789	733	733	695	639	564	507	470	376	300	225	169	75	0	94	169	263	319	432	413	470	582	658	695	770	676	676	695	733	676	
357	770	714	714	676	658	564	545	507	413	338	282	244	131	94	0	75	188	225	338	319	394	488	582	601	676	601	601	639	676	620	
357	770	714	714	695	676	601	582	545	470	394	357	300	206	169	75	0	131	150	263	263	319	432	507	545	639	564	582	620	658	620	
451	864	808	827	827	808	733	714	676	601	526	488	432	319	263	188	131	0	94	188	263	338	413	507	564	658	620	639	695	752	714	
376	770	733	770	770	752	695	676	658	582	507	488	451	357	319	225	150	94	0	112	150	225	319	413	451	545	507	545	601	658	620	
432	808	789	808	827	827	770	770	752	695	620	601	564	470	432	338	263	188	112	0	150	206	244	338	413	507	507	545	601	658	639	
300	658	639	676	676	695	658	658	658	601	526	545	526	432	413	319	263	263	150	150	0	56	150	244	282	376	357	394	451	507	488	
300	620	601	639	676	695	658	658	676	620	564	582	564	488	470	394	319	338	225	206	56	0	94	188	225	319	300	338	394	470	451	
357	620	620	676	714	752	733	733	752	714	658	676	658	582	582	488	432	413	319	244	150	94	0	94	150	244	263	319	394	470	470	
413	601	620	676	714	770	752	770	808	770	714	733	733	658	658	582	507	507	413	338	244	188	94	0	75	169	225	300	357	432	451	
394	545	564	620	676	714	714	752	789	752	695	733	752	676	695	601	545	564	451	413	282	225	150	75	0	94	169	225	300	357	394	
432	488	526	601	658	714	733	770	808	770	733	789	808	752	770	676	639	658	545	507	376	319	244	169	94	0	150	206	263	319	376	
300	357	394	451	507	564	582	620	658	639	601	658	695	639	676	601	564	620	507	507	357	300	263	225	169	150	0	56	131	188	225	
263	300	319	394	451	507	526	564	601	601	564	639	676	639	676	601	582	639	545	545	394	338	319	300	225	206	56	0	56	131	150	
282	225	263	338	394	470	488	526	582	582	564	639	676	658	695	639	620	695	601	601	451	394	394	357	300	263	131	56	0	56	112	
319	169	206	282	357	432	470	507	582	582	582	658	695	676	733	676	658	752	658	658	507	470	470	432	357	319	188	131	56	0	75	
263	150	150	225	282	357	376	432	488	507	488	582	620	620	676	620	620	714	620	639	488	451	470	451	394	376	225	150	112	75	0	
V8
0	303	262	276	276	289	262	262	289	262	220	262	289	262	289	262	262	331	276	317	220	220	262	303	289	317	220	193	207	234	193	
303	0	69	110	179	234	289	331	400	414	427	496	538	538	579	565	565	634	565	593	483	455	455	441	400	358	262	220	165	124	110	
262	69	0	55	110	179	220	262	331	345	358	427	483	483	538	524	524	593	538	579	469	441	455	455	414	386	289	234	193	151	110	
276	110	55	0	55	124	179	234	289	317	345	414	455	483	538	524	524	607	565	593	496	469	496	496	455	441	331	289	248	207	165	
276	179	110	55	0	69	124	179	234	276	303	372	427	455	510	496	510	607	565	607	496	496	524	524	496	483	372	331	289	262	207	
289	234	179	124	69	0	69	110	179	220	262	331	386	414	469	483	496	593	552	607	510	510	552	565	524	524	414	372	345	317	262	
262	289	220	179	124	69	0	41	110	151	193	262	317	345	414	414	441	538	510	565	483	483	538	552	524	538	427	386	358	345	276	
262	331	262	234	179	110	41	0	55	110	151	220	276	317	372	400	427	524	496	565	483	483	538	565	552	565	455	414	386	372	317	
289	400	331	289	234	179	110	55	0	55	110	165	220	276	345	372	400	496	483	552	483	496	552	593	579	593	483	441	427	427	358	
262	414	345	317	276	220	151	110	55	0	55	110	165	220	276	303	345	441	427	510	441	455	524	565	552	565	469	441	427	427	372	
220	427	358	345	303	262	193	151	110	55	0	69	124	165	220	248	289	386	372	455	386	414	483	524	510	538	441	414	414	427	358	
262	496	427	414	372	331	262	220	165	110	69	0	55	110	165	207	262	358	358	441	400	427	496	538	538	579	483	469	469	483	427	
289	538	483	455	427	386	317	276	220	165	124	55	0	69	124	179	220	317	331	414	386	414	483	538	552	593	510	496	496	510	455	
262	538	483	483	455	414	345	317	276	220	165	110	69	0	55	96	151	234	262	345	317	358	427	483	496	552	469	469	483	496	455	
289	579	538	538	510	469	414	372	345	276	220	165	124	55	0	69	124	193	234	317	303	345	427	483	510	565	496	496	510	538	496	
262	565	524	524	496	483	414	400	372	303	248	207	179	96	69	0	55	138	165	248	234	289	358	427	441	496	441	441	469	496	455	
262	565	524	524	510	496	441	427	400	345	289	262	220	151	124	55	0	96	110	193	193	234	317	372	400	469	414	427	455	483	455	
331	634	593	607	607	593	538	524	496	441	386	358	317	234	193	138	96	0	69	138	193	248	303	372	414	483	455	469	510	552	524	
276	565	538	565	565	552	510	496	483	427	372	358	331	262	234	165	110	69	0	82	110	165	234	303	331	400	372	400	441	483	455	
317	593	579	593	607	607	565	565	552	510	455	441	414	345	317	248	193	138	82	0	110	151	179	248	303	372	372	400	441	483	469	
220	483	469	496	496	510	483	483	483	441	386	400	386	317	303	234	193	193	110	110	0	41	110	179	207	276	262	289	331	372	358	
220	455	441	469	496	510	483	483	496	455	414	427	414	358	345	289	234	248	165	151	41	0	69	138	165	234	220	248	289	345	331	
262	455	455	496	524	552	538	538	552	524	483	496	483	427	427	358	317	303	234	179	110	69	0	69	110	179	193	234	289	345	345	
303	441	455	496	524	565	552	565	593	565	524	538	538	483	483	427	372	372	303	248	179	138	69	0	55	124	165	220	262	317	331	
289	400	414	455	496	524	524	552	579	552	510	538	552	496	510	441	400	414	331	303	207	165	110	55	0	69	124	165	220	262	289	
317	358	386	441	483	524	538	565	593	565	538	579	593	552	565	496	469	483	400	372	276	234	179	124	69	0	110	151	193	234	276	
220	262	289	331	372	414	427	455	483	469	441	483	510	469	496	441	414	455	372	372	262	220	193	165	124	110	0	41	96	138	165	
193	220	234	289	331	372	386	414	441	441	414	469	496	469	496	441	427	469	400	400	289	248	234	220	165	151	41	0	41	96	110	
207	165	193	248	289	345	358	386	427	427	414	469	496	483	510	469	455	510	441	441	331	289	289	262	220	193	96	41	0	41	82	
234	124	151	207	262	317	345	372	427	427	427	483	510	496	538	496	483	552	483	483	372	345	345	317	262	234	138	96	41	0	55	
193	110	110	165	207	262	276	317	358	372	358	427	455	455	496	455	455	524	455	469	358	331	345	331	289	276	165	110	82	55	0	
V9
0	272	235	248	248	260	235	235	260	235	198	235	260	235	260	235	235	297	248	285	198	198	235	272	260	285	198	173	186	210	173	
272	0	62	99	161	210	260	297	359	372	384	446	483	483	520	508	508	570	508	533	434	409	409	396	359	322	235	198	148	111	99	
235	62	0	49	99	161	198	235	297	310	322	384	434	434	483	471	471	533	483	520	421	396	409	409	372	347	260	210	173	136	99	
248	99	49	0	49	111	161	210	260	285	310	372	409	434	483	471	471	545	508	533	446	421	446	446	409	396	297	260	223	186	148	
248	161	99	49	0	62	111	161	210	248	272	334	384	409	458	446	458	545	508	545	446	446	471	471	446	434	334	297	260	235	186	
260	210	161	111	62	0	62	99	161	198	235	297	347	372	421	434	446	533	496	545	458	458	496	508	471	471	372	334	310	285	235	
235	260	198	161	111	62	0	37	99	136	173	235	285	310	372	372	396	483	458	508	434	434	483	496	471	483	384	347	322	310	248	
235	297	235	210	161	99	37	0	49	99	136	198	248	285	334	359	384	471	446	508	434	434	483	508	496	508	409	372	347	334	285	
260	359	297	260	210	161	99	49	0	49	99	148	198	248	310	334	359	446	434	496	434	446	496	533	520	533	434	396	384	384	322	
235	372	310	285	248	198	136	99	49	0	49	99	148	198	248	272	310	396	384	458	396	409	471	508	496	508	421	396	384	384	334	
198	384	322	310	272	235	173	136	99	49	0	62	111	148	198	223	260	347	334	409	347	372	434	471	458	483	396	372	372	384	322	
235	446	384	372	334	297	235	198	148	99	62	0	49	99	148	186	235	322	322	396	359	384	446	483	483	520	434	421	421	434	384	
260	483	434	409	384	347	285	248	198	148	111	49	0	62	111	161	198	285	297	372	347	372	434	483	496	533	458	446	446	458	409	
235	483	434	434	409	372	310	285	248	198	148	99	62	0	49	86	136	210	235	310	285	322	384	434	446	496	421	421	434	446	409	
260	520	483	483	458	421	372	334	310	248	198	148	111	49	0	62	111	173	210	285	272	310	384	434	458	508	446	446	458	483	446	
235	508	471	471	446	434	372	359	334	272	223	186	161	86	62	0	49	124	148	223	210	260	322	384	396	446	396	396	421	446	409	
235	508	471	471	458	446	396	384	359	310	260	235	198	136	111	49	0	86	99	173	173	210	285	334	359	421	372	384	409	434	409	
297	570	533	545	545	533	483	471	446	396	347	322	285	210	173	124	86	0	62	124	173	223	272	334	372	434	409	421	458	496	471	
248	508	483	508	508	496	458	446	434	384	334	322	297	235	210	148	99	62	0	74	99	148	210	272	297	359	334	359	396	434	409	
285	533	520	533	545	545	508	508	496	458	409	396	372	310	285	223	173	124	74	0	99	136	161	223	272	334	334	359	396	434	421	
198	434	421	446	446	458	434	434	434	396	347	359	347	285	272	210	173	173	99	99	0	37	99	161	186	248	235	260	297	334	322	
198	409	396	421	446	458	434	434	446	409	372	384	372	322	310	260	210	223	148	136	37	0	62	124	148	210	198	223	260	310	297	
235	409	409	446	471	496	483	483	496	471	434	446	434	384	384	322	285	272	210	161	99	62	0	62	99	161	173	210	260	310	310	
272	396	409	446	471	508	496	508	533	508	471	483	483	434	434	384	334	334	272	223	161	124	62	0	49	111	148	198	235	285	297	
260	359	372	409	446	471	471	496	520	496	458	483	496	446	458	396	359	372	297	272	186	148	99	49	0	62	111	148	198	235	260	
285	322	347	396	434	471	483	508	533	508	483	520	533	496	508	446	421	434	359	334	248	210	161	111	62	0	99	136	173	210	248	
198	235	260	297	334	372	384	409	434	421	396	434	458	421	446	396	372	409	334	334	235	198	173	148	111	99	0	37	86	124	148	
173	198	210	260	297	334	347	372	396	396	372	421	446	421	446	396	384	421	359	359	260	223	210	198	148	136	37	0	37	86	99	
186	148	173	223	260	310	322	347	384	384	372	421	446	434	458	421	409	458	396	396	297	260	260	235	198	173	86	37	0	37	74	
210	111	136	186	235	285	310	334	384	384	384	434	458	446	483	446	434	496	434	434	334	310	310	285	235	210	124	86	37	0	49	
173	99	99	148	186	235	248	285	322	334	322	384	409	409	446	409	409	471	409	421	322	297	310	297	260	248	148	99	74	49	0	
V10
0	374	323	340	340	357	323	323	357	323	272	323	357	323	357	323	323	408	340	391	272	272	323	374	357	391	272	238	255	289	238	
374	0	85	136	221	289	357	408	493	510	527	612	663	663	714	697	697	782	697	731	595	561	561	544	493	442	323	272	204	153	136	
323	85	0	68	136	221	272	323	408	425	442	527	595	595	663	646	646	731	663	714	578	544	561	561	510	476	357	289	238	187	136	
340	136	68	0	68	153	221	289	357	391	425	510	561	595	663	646	646	748	697	731	612	578	612	612	561	544	408	357	306	255	204	
340	221	136	68	0	85	153	221	289	340	374	459	527	561	629	612	629	748	697	748	612	612	646	646	612	595	459	408	357	323	255	
357	289	221	153	85	0	85	136	221	272	323	408	476	510	578	595	612	731	680	748	629	629	680	697	646	646	510	459	425	391	323	
323	357	272	221	153	85	0	51	136	187	238	323	391	425	510	510	544	663	629	697	595	595	663	680	646	663	527	476	442	425	340	
323	408	323	289	221	136	51	0	68	136	187	272	340	391	459	493	527	646	612	697	595	595	663	697	680	697	561	510	476	459	391	
357	493	408	357	289	221	136	68	0	68	136	204	272	340	425	459	493	612	595	680	595	612	680	731	714	731	595	544	527	527	442	
323	510	425	391	340	272	187	136	68	0	68	136	204	272	340	374	425	544	527	629	544	561	646	697	680	697	578	544	527	527	459	
272	527	442	425	374	323	238	187	136	68	0	85	153	204	272	306	357	476	459	561	476	510	595	646	629	663	544	510	510	527	442	
323	612	527	510	459	408	323	272	204	136	85	0	68	136	204	255	323	442	442	544	493	527	612	663	663	714	595	578	578	595	527	
357	663	595	561	527	476	391	340	272	204	153	68	0	85	153	221	272	391	408	510	476	510	595	663	680	731	629	612	612	629	561	
323	663	595	595	561	510	425	391	340	272	204	136	85	0	68	119	187	289	323	425	391	442	527	595	612	680	578	578	595	612	561	
357	714	663	663	629	578	510	459	425	340	272	204	153	68	0	85	153	238	289	391	374	425	527	595	629	697	612	612	629	663	612	
323	697	646	646	612	595	510	493	459	374	306	255	221	119	85	0	68	170	204	306	289	357	442	527	544	612	544	544	578	612	561	
323	697	646	646	629	612	544	527	493	425	357	323	272	187	153	68	0	119	136	238	238	289	391	459	493	578	510	527	561	595	561	
408	782	731	748	748	731	663	646	612	544	476	442	391	289	238	170	119	0	85	170	238	306	374	459	510	595	561	578	629	680	646	
340	697	663	697	697	680	629	612	595	527	459	442	408	323	289	204	136	85	0	102	136	204	289	374	408	493	459	493	544	595	561	
391	731	714	731	748	748	697	697	680	629	561	544	510	425	391	306	238	170	102	0	136	187	221	306	374	459	459	493	544	595	578	
272	595	578	612	612	629	595	595	595	544	476	493	476	391	374	289	238	238	136	136	0	51	136	221	255	340	323	357	408	459	442	
272	561	544	578	612	629	595	595	612	561	510	527	510	442	425	357	289	306	204	187	51	0	85	170	204	289	272	306	357	425	408	
323	561	561	612	646	680	663	663	680	646	595	612	595	527	527	442	391	374	289	221	136	85	0	85	136	221	238	289	357	425	425	
374	544	561	612	646	697	680	697	731	697	646	663	663	595	595	527	459	459	374	306	221	170	85	0	68	153	204	272	323	391	408	
357	493	510	561	612	646	646	680	714	680	629	663	680	612	629	544	493	510	408	374	255	204	136	68	0	85	153	204	272	323	357	
391	442	476	544	595	646	663	697	731	697	663	714	731	680	697	612	578	595	493	459	340	289	221	153	85	0	136	187	238	289	340	
272	323	357	408	459	510	527	561	595	578	544	595	629	578	612	544	510	561	459	459	323	272	238	204	153	136	0	51	119	170	204	
238	272	289	357	408	459	476	510	544	544	510	578	612	578	612	544	527	578	493	493	357	306	289	272	204	187	51	0	51	119	136	
255	204	238	306	357	425	442	476	527	527	510	578	612	595	629	578	561	629	544	544	408	357	357	323	272	238	119	51	0	51	102	
289	153	187	255	323	391	425	459	527	527	527	595	629	612	663	612	595	680	595	595	459	425	425	391	323	289	170	119	51	0	68	
238	136	136	204	255	323	340	391	442	459	442	527	561	561	612	561	561	646	561	578	442	408	425	408	357	340	204	136	102	68	0	
V11
0	220	190	200	200	210	190	190	210	190	160	190	210	190	210	190	190	240	200	230	160	160	190	220	210	230	160	140	150	170	140	
220	0	50	80	130	170	210	240	290	300	310	360	390	390	420	410	410	460	410	430	350	330	330	320	290	260	190	160	120	90	80	
190	50	0	40	80	130	160	190	240	250	260	310	350	350	390	380	380	430	390	420	340	320	330	330	300	280	210	170	140	110	80	
200	80	40	0	40	90	130	170	210	230	250	300	330	350	390	380	380	440	410	430	360	340	360	360	330	320	240	210	180	150	120	
200	130	80	40	0	50	90	130	170	200	220	270	310	330	370	360	370	440	410	440	360	360	380	380	360	350	270	240	210	190	150	
210	170	130	90	50	0	50	80	130	160	190	240	280	300	340	350	360	430	400	440	370	370	400	410	380	380	300	270	250	230	190	
190	210	160	130	90	50	0	30	80	110	140	190	230	250	300	300	320	390	370	410	350	350	390	400	380	390	310	280	260	250	200	
190	240	190	170	130	80	30	0	40	80	110	160	200	230	270	290	310	380	360	410	350	350	390	410	400	410	330	300	280	270	230	
210	290	240	210	170	130	80	40	0	40	80	120	160	200	250	270	290	360	350	400	350	360	400	430	420	430	350	320	310	310	260	
190	300	250	230	200	160	110	80	40	0	40	80	120	160	200	220	250	320	310	370	320	330	380	410	400	410	340	320	310	310	270	
160	310	260	250	220	190	140	110	80	40	0	50	90	120	160	180	210	280	270	330	280	300	350	380	370	390	320	300	300	310	260	
190	360	310	300	270	240	190	160	120	80	50	0	40	80	120	150	190	260	260	320	290	310	360	390	390	420	350	340	340	350	310	
210	390	350	330	310	280	230	200	160	120	90	40	0	50	90	130	160	230	240	300	280	300	350	390	400	430	370	360	360	370	330	
190	390	350	350	330	300	250	230	200	160	120	80	50	0	40	70	110	170	190	250	230	260	310	350	360	400	340	340	350	360	330	
210	420	390	390	370	340	300	270	250	200	160	120	90	40	0	50	90	140	170	230	220	250	310	350	370	410	360	360	370	390	360	
190	410	380	380	360	350	300	290	270	220	180	150	130	70	50	0	40	100	120	180	170	210	260	310	320	360	320	320	340	360	330	
190	410	380	380	370	360	320	310	290	250	210	190	160	110	90	40	0	70	80	140	140	170	230	270	290	340	300	310	330	350	330	
240	460	430	440	440	430	390	380	360	320	280	260	230	170	140	100	70	0	50	100	140	180	220	270	300	350	330	340	370	400	380	
200	410	390	410	410	400	370	360	350	310	270	260	240	190	170	120	80	50	0	60	80	120	170	220	240	290	270	290	320	350	330	
230	430	420	430	440	440	410	410	400	370	330	320	300	250	230	180	140	100	60	0	80	110	130	180	220	270	270	290	320	350	340	
160	350	340	360	360	370	350	350	350	320	280	290	280	230	220	170	140	140	80	80	0	30	80	130	150	200	190	210	240	270	260	
160	330	320	340	360	370	350	350	360	330	300	310	300	260	250	210	170	180	120	110	30	0	50	100	120	170	160	180	210	250	240	
190	330	330	360	380	400	390	390	400	380	350	360	350	310	310	260	230	220	170	130	80	50	0	50	80	130	140	170	210	250	250	
220	320	330	360	380	410	400	410	430	410	380	390	390	350	350	310	270	270	220	180	130	100	50	0	40	90	120	160	190	230	240	
210	290	300	330	360	380	380	400	420	400	370	390	400	360	370	320	290	300	240	220	150	120	80	40	0	50	90	120	160	190	210	
230	260	280	320	350	380	390	410	430	410	390	420	430	400	410	360	340	350	290	270	200	170	130	90	50	0	80	110	140	170	200	
160	190	210	240	270	300	310	330	350	340	320	350	370	340	360	320	300	330	270	270	190	160	140	120	90	80	0	30	70	100	120	
140	160	170	210	240	270	280	300	320	320	300	340	360	340	360	320	310	340	290	290	210	180	170	160	120	110	30	0	30	70	80	
150	120	140	180	210	250	260	280	310	310	300	340	360	350	370	340	330	370	320	320	240	210	210	190	160	140	70	30	0	30	60	
170	90	110	150	190	230	250	270	310	310	310	350	370	360	390	360	350	400	350	350	270	250	250	230	190	170	100	70	30	0	40	
140	80	80	120	150	190	200	230	260	270	260	310	330	330	360	330	330	380	330	340	260	240	250	240	210	200	120	80	60	40	0	
V12
0	286	247	260	260	273	247	247	273	247	208	247	273	247	273	247	247	312	260	299	208	208	247	286	273	299	208	182	195	221	182	
286	0	65	104	169	221	273	312	377	390	403	468	507	507	546	533	533	598	533	559	455	429	429	416	377	338	247	208	156	117	104	
247	65	0	52	104	169	208	247	312	325	338	403	455	455	507	494	494	559	507	546	442	416	429	429	390	364	273	221	182	143	104	
260	104	52	0	52	117	169	221	273	299	325	390	429	455	507	494	494	572	533	559	468	442	468	468	429	416	312	273	234	195	156	
260	169	104	52	0	65	117	169	221	260	286	351	403	429	481	468	481	572	533	572	468	468	494	494	468	455	351	312	273	247	195	
273	221	169	117	65	0	65	104	169	208	247	312	364	390	442	455	468	559	520	572	481	481	520	533	494	494	390	351	325	299	247	
247	273	208	169	117	65	0	39	104	143	182	247	299	325	390	390	416	507	481	533	455	455	507	520	494	507	403	364	338	325	260	
247	312	247	221	169	104	39	0	52	104	143	208	260	299	351	377	403	494	468	533	455	455	507	533	520	533	429	390	364	351	299	
273	377	312	273	221	169	104	52	0	52	104	156	208	260	325	351	377	468	455	520	455	468	520	559	546	559	455	416	403	403	338	
247	390	325	299	260	208	143	104	52	0	52	104	156	208	260	286	325	416	403	481	416	429	494	533	520	533	442	416	403	403	351	
208	403	338	325	286	247	182	143	104	52	0	65	117	156	208	234	273	364	351	429	364	390	455	494	481	507	416	390	390	403	338	
247	468	403	390	351	312	247	208	156	104	65	0	52	104	156	195	247	338	338	416	377	403	468	507	507	546	455	442	442	455	403	
273	507	455	429	403	364	299	260	208	156	117	52	0	65	117	169	208	299	312	390	364	390	455	507	520	559	481	468	468	481	429	
247	507	455	455	429	390	325	299	260	208	156	104	65	0	52	91	143	221	247	325	299	338	403	455	468	520	442	442	455	468	429	
273	546	507	507	481	442	390	351	325	260	208	156	117	52	0	65	117	182	221	299	286	325	403	455	481	533	468	468	481	507	468	
247	533	494	494	468	455	390	377	351	286	234	195	169	91	65	0	52	130	156	234	221	273	338	403	416	468	416	416	442	468	429	
247	533	494	494	481	468	416	403	377	325	273	247	208	143	117	52	0	91	104	182	182	221	299	351	377	442	390	403	429	455	429	
312	598	559	572	572	559	507	494	468	416	364	338	299	221	182	130	91	0	65	130	182	234	286	351	390	455	429	442	481	520	494	
260	533	507	533	533	520	481	468	455	403	351	338	312	247	221	156	104	65	0	78	104	156	221	286	312	377	351	377	416	455	429	
299	559	546	559	572	572	533	533	520	481	429	416	390	325	299	234	182	130	78	0	104	143	169	234	286	351	351	377	416	455	442	
208	455	442	468	468	481	455	455	455	416	364	377	364	299	286	221	182	182	104	104	0	39	104	169	195	260	247	273	312	351	338	
208	429	416	442	468	481	455	455	468	429	390	403	390	338	325	273	221	234	156	143	39	0	65	130	156	221	208	234	273	325	312	
247	429	429	468	494	520	507	507	520	494	455	468	455	403	403	338	299	286	221	169	104	65	0	65	104	169	182	221	273	325	325	
286	416	429	468	494	533	520	533	559	533	494	507	507	455	455	403	351	351	286	234	169	130	65	0	52	117	156	208	247	299	312	
273	377	390	429	468	494	494	520	546	520	481	507	520	468	481	416	377	390	312	286	195	156	104	52	0	65	117	156	208	247	273	
299	338	364	416	455	494	507	533	559	533	507	546	559	520	533	468	442	455	377	351	260	221	169	117	65	0	104	143	182	221	260	
208	247	273	312	351	390	403	429	455	442	416	455	481	442	468	416	390	429	351	351	247	208	182	156	117	104	0	39	91	130	156	
182	208	221	273	312	351	364	390	416	416	390	442	468	442	468	416	403	442	377	377	273	234	221	208	156	143	39	0	39	91	104	
195	156	182	234	273	325	338	364	403	403	390	442	468	455	481	442	429	481	416	416	312	273	273	247	208	182	91	39	0	39	78	
221	117	143	195	247	299	325	351	403	403	403	455	481	468	507	468	455	520	455	455	351	325	325	299	247	221	130	91	39	0	52	
182	104	104	156	195	247	260	299	338	351	338	403	429	429	468	429	429	494	429	442	338	312	325	312	273	260	156	104	78	52	0	
V13
0	215	186	196	196	205	186	186	205	186	156	186	205	186	205	186	186	235	196	225	156	156	186	215	205	225	156	137	147	166	137	
215	0	49	78	127	166	205	235	284	294	303	352	382	382	411	401	401	450	401	421	343	323	323	313	284	254	186	156	117	88	78	
186	49	0	39	78	127	156	186	235	245	254	303	343	343	382	372	372	421	382	411	333	313	323	323	294	274	205	166	137	107	78	
196	78	39	0	39	88	127	166	205	225	245	294	323	343	382	372	372	431	401	421	352	333	352	352	323	313	235	205	176	147	117	
196	127	78	39	0	49	88	127	166	196	215	264	303	323	362	352	362	431	401	431	352	352	372	372	352	343	264	235	205	186	147	
205	166	127	88	49	0	49	78	127	156	186	235	274	294	333	343	352	421	392	431	362	362	392	401	372	372	294	264	245	225	186	
186	205	156	127	88	49	0	29	78	107	137	186	225	245	294	294	313	382	362	401	343	343	382	392	372	382	303	274	254	245	196	
186	235	186	166	127	78	29	0	39	78	107	156	196	225	264	284	303	372	352	401	343	343	382	401	392	401	323	294	274	264	225	
205	284	235	205	166	127	78	39	0	39	78	117	156	196	245	264	284	352	343	392	343	352	392	421	411	421	343	313	303	303	254	
186	294	245	225	196	156	107	78	39	0	39	78	117	156	196	215	245	313	303	362	313	323	372	401	392	401	333	313	303	303	264	
156	303	254	245	215	186	137	107	78	39	0	49	88	117	156	176	205	274	264	323	274	294	343	372	362	382	313	294	294	303	254	
186	352	303	294	264	235	186	156	117	78	49	0	39	78	117	147	186	254	254	313	284	303	352	382	382	411	343	333	333	343	303	
205	382	343	323	303	274	225	196	156	117	88	39	0	49	88	127	156	225	235	294	274	294	343	382	392	421	362	352	352	362	323	
186	382	343	343	323	294	245	225	196	156	117	78	49	0	39	68	107	166	186	245	225	254	303	343	352	392	333	333	343	352	323	
205	411	382	382	362	333	294	264	245	196	156	117	88	39	0	49	88	137	166	225	215	245	303	343	362	401	352	352	362	382	352	
186	401	372	372	352	343	294	284	264	215	176	147	127	68	49	0	39	98	117	176	166	205	254	303	313	352	313	313	333	352	323	
186	401	372	372	362	352	313	303	284	245	205	186	156	107	88	39	0	68	78	137	137	166	225	264	284	333	294	303	323	343	323	
235	450	421	431	431	421	382	372	352	313	274	254	225	166	137	98	68	0	49	98	137	176	215	264	294	343	323	333	362	392	372	
196	401	382	401	401	392	362	352	343	303	264	254	235	186	166	117	78	49	0	58	78	117	166	215	235	284	264	284	313	343	323	
225	421	411	421	431	431	401	401	392	362	323	313	294	245	225	176	137	98	58	0	78	107	127	176	215	264	264	284	313	343	333	
156	343	333	352	352	362	343	343	343	313	274	284	274	225	215	166	137	137	78	78	0	29	78	127	147	196	186	205	235	264	254	
156	323	313	333	352	362	343	343	352	323	294	303	294	254	245	205	166	176	117	107	29	0	49	98	117	166	156	176	205	245	235	
186	323	323	352	372	392	382	382	392	372	343	352	343	303	303	254	225	215	166	127	78	49	0	49	78	127	137	166	205	245	245	
215	313	323	352	372	401	392	401	421	401	372	382	382	343	343	303	264	264	215	176	127	98	49	0	39	88	117	156	186	225	235	
205	284	294	323	352	372	372	392	411	392	362	382	392	352	362	313	284	294	235	215	147	117	78	39	0	49	88	117	156	186	205	
225	254	274	313	343	372	382	401	421	401	382	411	421	392	401	352	333	343	284	264	196	166	127	88	49	0	78	107	137	166	196	
156	186	205	235	264	294	303	323	343	333	313	343	362	333	352	313	294	323	264	264	186	156	137	117	88	78	0	29	68	98	117	
137	156	166	205	235	264	274	294	313	313	294	333	352	333	352	313	303	333	284	284	205	176	166	156	117	107	29	0	29	68	78	
147	117	137	176	205	245	254	274	303	303	294	333	352	343	362	333	323	362	313	313	235	205	205	186	156	137	68	29	0	29	58	
166	88	107	147	186	225	245	264	303	303	303	343	362	352	382	352	343	392	343	343	264	245	245	225	186	166	98	68	29	0	39	
137	78	78	117	147	186	196	225	254	264	254	303	323	323	352	323	323	372	323	333	254	235	245	235	205	196	117	78	58	39	0	
V14
0	242	209	220	220	231	209	209	231	209	176	209	231	209	231	209	209	264	220	253	176	176	209	242	231	253	176	154	165	187	154	
242	0	55	88	143	187	231	264	319	330	341	396	429	429	462	451	451	506	451	473	385	363	363	352	319	286	209	176	132	99	88	
209	55	0	44	88	143	176	209	264	275	286	341	385	385	429	418	418	473	429	462	374	352	363	363	330	308	231	187	154	121	88	
220	88	44	0	44	99	143	187	231	253	275	330	363	385	429	418	418	484	451	473	396	374	396	396	363	352	264	231	198	165	132	
220	143	88	44	0	55	99	143	187	220	242	297	341	363	407	396	407	484	451	484	396	396	418	418	396	385	297	264	231	209	165	
231	187	143	99	55	0	55	88	143	176	209	264	308	330	374	385	396	473	440	484	407	407	440	451	418	418	330	297	275	253	209	
209	231	176	143	99	55	0	33	88	121	154	209	253	275	330	330	352	429	407	451	385	385	429	440	418	429	341	308	286	275	220	
209	264	209	187	143	88	33	0	44	88	121	176	220	253	297	319	341	418	396	451	385	385	429	451	440	451	363	330	308	297	253	
231	319	264	231	187	143	88	44	0	44	88	132	176	220	275	297	319	396	385	440	385	396	440	473	462	473	385	352	341	341	286	
209	330	275	253	220	176	121	88	44	0	44	88	132	176	220	242	275	352	341	407	352	363	418	451	440	451	374	352	341	341	297	
176	341	286	275	242	209	154	121	88	44	0	55	99	132	176	198	231	308	297	363	308	330	385	418	407	429	352	330	330	341	286	
209	396	341	330	297	264	209	176	132	88	55	0	44	88	132	165	209	286	286	352	319	341	396	429	429	462	385	374	374	385	341	
231	429	385	363	341	308	253	220	176	132	99	44	0	55	99	143	176	253	264	330	308	330	385	429	440	473	407	396	396	407	363	
209	429	385	385	363	330	275	253	220	176	132	88	55	0	44	77	121	187	209	275	253	286	341	385	396	440	374	374	385	396	363	
231	462	429	429	407	374	330	297	275	220	176	132	99	44	0	55	99	154	187	253	242	275	341	385	407	451	396	396	407	429	396	
209	451	418	418	396	385	330	319	297	242	198	165	143	77	55	0	44	110	132	198	187	231	286	341	352	396	352	352	374	396	363	
209	451	418	418	407	396	352	341	319	275	231	209	176	121	99	44	0	77	88	154	154	187	253	297	319	374	330	341	363	385	363	
264	506	473	484	484	473	429	418	396	352	308	286	253	187	154	110	77	0	55	110	154	198	242	297	330	385	363	374	407	440	418	
220	451	429	451	451	440	407	396	385	341	297	286	264	209	187	132	88	55	0	66	88	132	187	242	264	319	297	319	352	385	363	
253	473	462	473	484	484	451	451	440	407	363	352	330	275	253	198	154	110	66	0	88	121	143	198	242	297	297	319	352	385	374	
176	385	374	396	396	407	385	385	385	352	308	319	308	253	242	187	154	154	88	88	0	33	88	143	165	220	209	231	264	297	286	
176	363	352	374	396	407	385	385	396	363	330	341	330	286	275	231	187	198	132	121	33	0	55	110	132	187	176	198	231	275	264	
209	363	363	396	418	440	429	429	440	418	385	396	385	341	341	286	253	242	187	143	88	55	0	55	88	143	154	187	231	275	275	
242	352	363	396	418	451	440	451	473	451	418	429	429	385	385	341	297	297	242	198	143	110	55	0	44	99	132	176	209	253	264	
231	319	330	363	396	418	418	440	462	440	407	429	440	396	407	352	319	330	264	242	165	132	88	44	0	55	99	132	176	209	231	
253	286	308	352	385	418	429	451	473	451	429	462	473	440	451	396	374	385	319	297	220	187	143	99	55	0	88	121	154	187	220	
176	209	231	264	297	330	341	363	385	374	352	385	407	374	396	352	330	363	297	297	209	176	154	132	99	88	0	33	77	110	132	
154	176	187	231	264	297	308	330	352	352	330	374	396	374	396	352	341	374	319	319	231	198	187	176	132	121	33	0	33	77	88	
165	132	154	198	231	275	286	308	341	341	330	374	396	385	407	374	363	407	352	352	264	231	231	209	176	154	77	33	0	33	66	
187	99	121	165	209	253	275	297	341	341	341	385	407	396	429	396	385	440	385	385	297	275	275	253	209	187	110	77	33	0	44	
154	88	88	132	165	209	220	253	286	297	286	341	363	363	396	363	363	418	363	374	286	264	275	264	231	220	132	88	66	44	0	
Velocidade_Veiculos
1	1	1	1	1	1	1	1	1	1	1	1	1	1	1	