M: 4
N: 30
Nun_Veiculos: 11
Capacidade_Total: 805
Demanda_Total: 480
Setup_Min: 1
Setup_Max: 99
Raio: 100
Circulos: 1
Tempo_Processamento_Min: 1
Tempo_Processamento_Max: 49
Demanda_Min: 10
Demanda_Max: 30
Priority_Factor: 0.2
Range_Factor_R: 0.8
U_factor: 2
ALpha: 0.2Replicao: 3
Tempos_Processamentos
0	0	1	0	2	0	3	0	
0	3	1	48	2	33	3	4	
0	7	1	19	2	2	3	15	
0	36	1	16	2	39	3	38	
0	2	1	26	2	47	3	25	
0	43	1	32	2	18	3	9	
0	5	1	17	2	13	3	16	
0	30	1	47	2	21	3	7	
0	49	1	6	2	37	3	41	
0	34	1	24	2	12	3	42	
0	5	1	17	2	35	3	16	
0	40	1	26	2	8	3	6	
0	6	1	47	2	46	3	28	
0	41	1	5	2	5	3	49	
0	44	1	17	2	6	3	30	
0	48	1	31	2	8	3	47	
0	38	1	13	2	24	3	39	
0	45	1	4	2	36	3	12	
0	20	1	40	2	10	3	17	
0	25	1	41	2	22	3	5	
0	25	1	44	2	43	3	9	
0	12	1	30	2	21	3	20	
0	40	1	10	2	44	3	20	
0	1	1	13	2	48	3	39	
0	16	1	5	2	30	3	40	
0	18	1	31	2	24	3	26	
0	19	1	19	2	3	3	34	
0	23	1	35	2	30	3	43	
0	18	1	10	2	25	3	35	
0	12	1	35	2	32	3	32	
0	1	1	32	2	42	3	8	

Tempos_setup
M0
0	0	0	0	0	0	0	0	0	0	0	0	0	0	0	0	0	0	0	0	0	0	0	0	0	0	0	0	0	0	0	
0	0	17	16	18	23	21	17	21	18	20	15	14	33	13	10	12	11	17	19	17	16	22	20	5	13	15	7	8	20	13	
0	11	0	10	15	22	15	19	23	18	10	14	16	25	7	19	16	13	18	5	19	18	24	14	16	14	20	12	15	16	19	
0	1	14	0	13	12	17	14	14	8	15	13	15	25	8	11	11	8	16	15	11	17	15	4	6	14	10	2	5	6	9	
0	12	1	11	0	18	16	20	20	17	11	15	17	26	8	8	17	14	15	6	16	19	21	15	17	11	17	13	16	11	17	
0	9	2	8	1	0	13	14	10	12	5	15	14	13	5	9	10	8	13	7	14	16	11	12	14	9	15	9	11	12	5	
0	11	17	26	19	18	0	21	16	13	17	21	20	12	23	4	18	15	11	15	12	18	17	18	16	7	13	18	18	20	13	
0	13	2	12	1	19	17	0	17	4	7	16	18	27	9	9	13	10	15	7	14	20	18	7	18	11	2	12	10	9	12	
0	11	1	10	8	15	15	7	0	6	11	11	16	26	7	16	2	4	11	6	9	18	1	2	16	15	9	11	7	4	7	
0	18	15	18	14	22	19	13	20	0	12	21	20	27	22	22	10	7	15	7	16	22	21	20	23	11	15	20	6	15	19	
0	11	7	14	10	15	12	9	13	10	0	12	11	24	14	16	6	3	8	12	9	13	14	8	16	4	10	16	6	10	13	
0	15	7	17	20	22	18	19	20	17	16	0	23	30	14	8	16	13	15	11	16	17	21	15	19	11	17	19	10	5	10	
0	8	8	7	12	19	19	18	21	13	17	1	0	31	4	9	13	14	11	12	17	2	22	11	13	12	17	9	11	6	11	
0	10	12	19	15	14	15	14	12	9	5	17	16	0	19	4	11	8	8	12	8	18	13	9	15	7	11	14	11	11	13	
0	4	9	3	8	15	20	14	17	11	18	10	9	28	0	14	9	11	19	14	14	11	18	7	9	17	13	5	8	9	12	
0	7	13	22	15	14	11	17	12	9	14	17	16	23	19	0	14	11	7	11	8	14	13	14	12	3	9	14	14	16	9	
0	13	7	17	6	24	17	5	22	9	12	20	23	27	14	14	0	15	20	7	19	25	23	12	18	16	7	17	15	13	9	
0	12	8	11	7	23	20	6	23	10	13	22	24	30	15	15	3	0	21	10	20	26	24	13	17	17	8	13	3	15	12	
0	7	16	16	18	24	9	17	16	19	9	10	9	21	13	13	15	12	0	4	18	11	17	17	12	13	19	14	15	15	13	
0	16	12	19	15	20	17	14	18	15	5	17	16	20	19	21	11	8	13	0	14	18	19	13	21	9	15	21	11	15	18	
0	2	5	14	7	6	19	11	4	1	11	11	10	19	11	12	6	8	10	8	0	12	5	6	7	12	13	9	7	8	11	
0	16	25	25	25	29	18	24	25	11	18	19	18	30	22	15	21	18	9	13	23	0	26	26	21	18	24	23	17	24	22	
0	10	8	9	7	14	14	6	11	5	13	10	15	26	6	15	1	11	10	8	8	17	0	1	15	16	8	10	8	3	6	
0	9	11	18	14	13	13	16	10	4	16	9	17	25	15	17	12	10	12	11	7	17	11	0	14	15	17	9	7	2	5	
0	14	12	16	19	18	21	22	16	13	22	10	9	31	13	10	18	20	17	17	12	11	17	18	0	13	19	18	19	15	19	
0	7	10	19	12	11	8	14	9	6	11	14	13	20	16	12	11	8	4	8	5	11	10	11	12	0	6	14	11	13	16	
0	15	7	17	15	19	17	14	16	10	5	15	16	29	14	21	11	8	13	12	13	18	17	6	20	9	0	15	11	8	11	
0	10	14	9	13	21	23	12	23	16	13	16	15	34	6	20	9	6	14	16	20	17	24	13	10	17	8	0	3	15	18	
0	15	11	14	10	26	23	9	26	13	16	25	27	33	18	18	6	3	24	13	23	27	21	16	20	20	11	16	0	18	15	
0	17	14	19	15	18	16	14	23	15	19	7	19	28	21	15	11	8	10	14	20	15	21	13	19	18	16	21	5	0	8	
0	15	10	20	20	19	8	20	17	7	19	21	20	20	17	12	17	14	19	14	13	22	18	13	11	15	21	22	13	15	0	
M1
0	0	0	0	0	0	0	0	0	0	0	0	0	0	0	0	0	0	0	0	0	0	0	0	0	0	0	0	0	0	0	
0	0	28	17	19	8	22	22	23	17	25	21	21	19	20	19	24	22	20	21	19	12	19	3	24	17	27	16	16	19	32	
0	13	0	20	17	21	21	14	10	16	10	24	19	22	21	22	32	13	23	11	19	18	16	16	17	24	17	24	24	15	20	
0	11	16	0	5	11	12	14	8	3	14	13	7	2	9	16	18	9	14	15	17	6	7	14	7	5	10	4	15	13	28	
0	13	23	9	0	6	18	16	10	11	14	17	2	10	9	20	15	11	9	15	17	1	14	16	15	9	19	12	19	8	23	
0	23	32	16	12	0	25	21	22	10	17	24	14	18	19	27	25	21	19	18	11	11	23	26	23	16	24	20	26	11	24	
0	10	20	19	15	18	0	20	7	13	16	24	17	21	11	22	30	10	21	16	16	16	13	13	23	21	23	23	24	19	35	
0	2	12	12	3	9	16	0	13	10	17	15	5	13	12	13	18	10	12	16	18	4	13	5	3	12	22	15	10	11	26	
0	3	13	12	8	11	11	17	0	6	16	22	10	14	11	20	23	3	14	9	9	9	6	6	19	14	19	16	17	12	28	
0	13	23	11	2	8	20	11	12	0	16	19	4	12	11	22	17	13	11	17	19	3	16	16	14	11	21	14	21	10	25	
0	6	15	10	7	13	15	4	14	13	0	14	9	12	16	12	22	14	13	1	15	8	17	9	7	15	7	14	14	5	27	
0	15	25	17	16	18	13	13	20	20	17	0	18	19	12	10	31	23	25	8	15	17	24	18	16	20	17	21	23	12	39	
0	16	23	7	11	4	16	14	15	9	21	15	0	9	16	18	25	16	20	22	15	12	14	19	14	7	17	11	17	15	28	
0	18	14	16	14	14	10	16	17	12	12	25	16	0	7	24	16	9	16	13	16	8	5	21	5	21	19	2	23	11	29	
0	11	20	15	12	7	20	9	18	17	5	19	14	17	0	17	27	19	18	6	11	13	22	14	12	16	12	19	19	10	31	
0	5	15	7	6	12	3	3	10	10	19	2	8	9	14	0	21	13	15	10	5	7	14	8	6	10	17	11	13	14	29	
0	20	29	13	17	10	22	20	17	15	17	21	6	15	22	24	0	20	5	8	21	18	20	23	20	13	20	17	23	12	19	
0	18	12	14	17	15	8	17	15	15	13	19	19	16	8	17	32	0	26	6	14	18	3	21	20	19	18	18	14	9	32	
0	20	24	9	14	17	21	23	17	12	22	17	16	11	18	25	27	18	0	23	26	15	16	23	16	14	19	13	24	16	14	
0	15	24	9	14	20	21	13	17	12	9	18	16	11	18	21	27	18	22	0	19	15	16	18	16	14	12	13	22	4	36	
0	17	22	6	9	15	14	19	14	9	20	13	11	8	15	16	24	15	18	21	0	10	13	20	13	5	16	10	15	15	25	
0	14	22	17	19	15	18	17	11	17	13	22	20	9	8	20	14	10	8	14	19	0	13	17	14	22	20	11	24	18	22	
0	15	9	11	16	12	5	14	12	14	10	20	18	13	5	22	29	15	23	11	11	17	0	18	17	16	17	15	24	6	29	
0	30	31	21	18	24	23	28	28	24	27	22	20	23	27	25	21	29	26	18	16	19	28	0	22	14	25	25	24	22	40	
0	17	9	18	9	15	21	18	14	7	16	25	11	12	11	23	17	13	11	17	18	3	16	20	0	18	23	14	27	17	24	
0	16	17	13	4	10	9	14	14	11	16	8	6	14	13	11	19	15	13	16	16	5	18	17	8	0	11	16	10	10	27	
0	21	31	17	8	14	26	21	18	19	17	25	10	18	12	28	23	19	17	18	23	9	22	24	23	17	0	20	27	16	31	
0	16	12	14	17	12	8	14	15	17	10	23	19	16	5	22	32	18	23	11	14	18	3	19	17	19	17	0	24	9	32	
0	8	18	10	3	9	6	6	10	1	17	5	5	12	12	3	18	13	12	13	8	4	16	11	9	12	14	14	0	11	26	
0	12	21	5	10	16	17	10	13	8	6	14	12	7	14	18	23	14	19	7	21	11	12	15	12	10	13	9	20	0	33	
0	14	10	7	12	16	12	12	15	10	8	16	14	9	9	20	24	16	18	9	18	10	7	17	7	12	15	4	22	2	0	
M2
0	0	0	0	0	0	0	0	0	0	0	0	0	0	0	0	0	0	0	0	0	0	0	0	0	0	0	0	0	0	0	
0	0	7	13	14	15	14	9	16	22	9	10	7	13	12	11	5	18	17	11	9	7	16	9	9	9	2	10	11	13	12	
0	25	0	21	12	8	16	2	18	15	17	20	21	15	13	4	22	11	10	10	18	22	9	20	19	14	12	15	12	19	14	
0	24	13	0	10	21	14	15	16	22	13	21	11	7	20	17	18	18	17	23	20	20	16	22	13	11	25	10	15	17	20	
0	17	7	14	0	15	13	9	6	22	19	20	17	13	19	11	15	8	17	17	10	14	16	16	19	16	15	16	9	11	10	
0	23	21	25	24	0	20	23	24	15	22	27	20	15	13	25	27	30	10	26	18	22	9	16	22	19	19	18	16	26	14	
0	23	8	5	15	16	0	10	13	13	18	7	16	12	11	12	23	17	8	18	16	20	7	18	6	16	17	15	14	22	12	
0	24	4	19	10	6	14	0	16	16	15	18	21	19	15	2	20	9	14	8	17	21	13	22	17	13	10	14	10	17	18	
0	11	3	20	15	11	15	5	0	18	17	17	15	15	13	7	13	14	13	13	4	8	12	10	17	10	9	11	15	17	4	
0	19	10	10	13	17	5	12	9	0	8	12	6	13	12	13	13	15	11	20	13	15	10	19	8	8	18	9	1	12	13	
0	11	5	17	14	13	12	7	19	20	0	19	7	5	12	9	5	16	15	15	20	7	14	13	9	9	13	8	11	4	12	
0	17	1	3	13	9	15	3	6	16	16	0	14	10	14	5	19	10	11	11	10	14	10	16	3	14	13	13	11	20	10	
0	13	4	13	7	12	8	6	13	15	2	15	0	7	11	8	7	15	10	14	17	9	9	13	2	2	15	3	4	6	14	
0	25	6	12	9	14	7	8	15	15	14	14	12	0	13	10	19	17	10	16	18	21	9	15	13	4	18	3	16	18	14	
0	20	15	17	17	23	18	17	20	18	15	14	22	18	0	19	20	24	25	13	13	16	24	13	17	18	6	19	17	19	24	
0	22	2	17	14	4	12	4	20	14	13	16	20	17	15	0	18	7	12	12	15	19	11	20	18	16	8	17	8	15	16	
0	15	6	14	9	14	9	8	14	17	4	16	2	8	7	10	0	17	12	16	16	2	11	8	4	4	13	5	6	8	7	
0	17	13	10	20	16	5	10	18	18	23	12	21	17	16	12	22	0	13	18	21	20	12	23	11	21	19	19	1	27	17	
0	24	11	20	19	19	15	13	25	26	13	22	20	18	23	15	18	22	0	21	17	20	20	14	21	14	22	15	23	17	8	
0	24	7	24	10	15	21	9	16	18	15	27	13	18	14	11	20	18	13	0	17	21	12	16	9	5	19	6	17	19	17	
0	7	14	16	14	14	11	16	16	24	13	13	11	15	9	14	9	21	19	14	0	4	18	10	13	13	5	14	15	17	16	
0	23	12	12	15	14	7	14	12	20	13	14	11	11	5	10	18	17	15	18	16	0	14	6	13	13	11	14	15	15	16	
0	16	12	16	15	19	11	14	15	6	14	18	12	6	4	16	18	21	1	17	9	13	0	11	14	10	10	9	7	18	5	
0	24	11	10	14	19	5	13	13	18	19	12	17	5	16	15	15	22	13	21	17	17	12	0	11	9	22	8	19	23	17	
0	34	11	32	23	15	27	13	29	26	23	31	26	22	24	15	24	22	21	21	29	26	20	31	0	25	23	25	23	20	25	
0	21	2	19	5	10	16	4	11	13	10	22	8	13	9	6	15	13	8	12	15	17	7	11	10	0	14	1	12	14	12	
0	14	9	11	19	17	18	11	14	24	20	8	18	18	16	13	16	18	19	9	7	11	18	17	11	14	0	15	19	24	18	
0	22	16	22	19	24	17	18	15	12	20	24	18	12	10	20	24	27	7	23	15	19	6	17	20	14	16	0	13	24	11	
0	27	12	9	19	16	4	14	17	17	22	11	20	16	15	12	27	14	12	22	20	23	11	22	10	20	20	19	0	26	16	
0	19	8	14	11	16	9	10	17	17	8	16	6	2	11	12	4	15	12	18	20	6	11	12	8	6	17	5	10	0	11	
0	16	8	16	11	16	11	10	17	19	16	18	14	11	15	12	17	19	14	18	9	13	13	6	16	6	14	7	18	13	0	
M3
0	0	0	0	0	0	0	0	0	0	0	0	0	0	0	0	0	0	0	0	0	0	0	0	0	0	0	0	0	0	0	
0	0	20	14	19	24	25	18	21	7	15	19	9	15	20	19	16	2	19	28	23	20	11	13	19	7	19	19	10	13	19	
0	10	0	14	8	11	14	12	10	13	10	21	14	10	13	16	5	12	14	21	12	4	8	22	14	17	8	3	16	13	2	
0	22	14	0	14	14	18	14	20	15	9	17	2	19	25	12	18	16	13	29	17	16	12	14	13	19	12	15	18	17	16	
0	12	11	17	0	13	16	4	14	9	6	18	15	12	15	18	9	14	10	23	4	6	10	19	10	13	10	5	12	17	5	
0	12	17	17	12	0	16	16	14	8	12	12	15	11	15	13	9	13	16	23	3	6	9	18	16	12	10	5	11	17	4	
0	14	14	11	14	12	0	18	16	8	16	24	13	5	13	5	11	16	13	21	15	10	12	18	20	12	13	9	11	10	16	
0	8	12	13	8	9	12	0	10	15	7	21	15	8	11	14	5	10	11	19	12	2	15	20	11	15	6	1	18	13	8	
0	14	18	4	14	15	18	18	0	9	13	21	6	5	13	11	11	13	17	13	18	8	9	18	17	13	12	7	12	3	6	
0	17	13	23	13	17	23	14	19	0	8	16	10	21	13	17	14	8	12	21	17	15	4	10	12	4	18	14	3	22	13	
0	15	5	19	5	16	19	9	15	14	0	23	9	15	16	19	10	16	4	24	9	9	13	24	4	18	13	8	17	18	7	
0	11	10	7	10	12	7	14	12	4	12	0	9	8	14	1	7	12	9	22	14	5	8	14	16	8	9	4	7	6	12	
0	20	19	16	19	21	16	12	18	13	19	23	0	17	23	10	16	14	18	31	23	14	10	23	23	17	10	13	16	15	19	
0	11	15	12	11	12	15	15	13	9	17	20	13	0	8	6	8	11	14	16	15	5	7	17	21	13	9	4	12	11	16	
0	16	17	15	9	4	11	11	11	8	15	15	13	15	0	16	6	3	16	8	7	10	12	9	19	8	5	9	11	14	8	
0	18	9	6	9	19	22	13	11	3	11	19	8	7	15	0	6	11	8	23	13	12	7	13	15	7	16	11	6	5	11	
0	15	14	9	3	16	19	7	5	12	9	21	11	10	18	12	0	17	13	18	7	9	13	22	13	16	13	8	15	8	8	
0	14	18	24	18	22	24	19	24	5	13	17	15	25	18	18	19	0	17	26	21	19	9	11	17	5	23	18	8	23	17	
0	11	1	15	1	12	15	5	11	10	7	19	15	11	14	17	6	13	0	22	5	5	9	20	11	14	9	4	13	14	3	
0	15	9	20	3	16	19	7	17	12	9	21	18	15	18	21	12	17	8	0	7	9	13	22	13	16	13	8	15	20	8	
0	9	14	14	9	10	13	13	11	5	9	14	12	9	12	15	6	10	13	20	0	3	6	15	13	9	7	2	8	14	1	
0	17	21	11	16	7	10	12	12	15	19	19	13	6	14	12	14	17	20	22	10	0	13	23	23	19	4	10	18	15	11	
0	13	22	20	17	18	20	10	19	9	17	13	6	17	20	14	14	4	21	28	21	11	0	15	21	9	15	10	12	19	9	
0	17	10	13	16	18	13	20	18	10	11	6	15	14	20	7	13	18	15	15	10	11	14	0	15	14	15	10	13	12	11	
0	13	4	18	4	15	18	8	14	13	10	22	5	14	17	15	9	15	3	25	8	8	12	23	0	17	12	7	16	17	6	
0	20	16	19	20	21	19	14	22	16	17	12	21	20	23	13	17	22	21	21	16	14	20	6	21	0	18	13	19	18	12	
0	16	18	12	12	17	6	8	8	14	15	29	14	11	19	11	13	18	19	21	16	10	17	24	19	18	0	9	17	11	14	
0	7	17	12	7	8	11	11	9	14	13	20	14	7	10	13	4	9	16	18	11	1	14	19	17	14	5	0	17	12	12	
0	14	17	20	18	14	20	11	20	10	18	13	7	18	10	14	15	5	21	18	17	12	1	7	22	1	15	11	0	19	10	
0	13	15	1	13	14	17	15	15	11	10	18	3	2	10	8	10	13	14	18	17	7	9	15	14	11	11	6	14	0	17	
0	8	13	13	8	9	12	12	10	15	8	21	15	8	11	14	5	10	12	19	12	2	15	20	12	15	6	1	18	13	0	
Tamanho_Tarefas
0	18	8	19	20	19	8	14	14	12	17	6	20	17	18	32	17	23	11	10	24	12	25	4	6	23	4	26	22	17	14	
Data_Entrega
0	181	185	160	185	180	161	186	203	167	180	186	159	181	193	168	187	201	202	170	160	164	163	198	169	174	174	163	176	161	179	
Penalidade_Atraso
0	5	6	10	9	1	15	12	6	6	13	18	13	3	18	9	6	4	16	1	7	2	10	17	20	13	15	1	11	7	14	
Capacidade_Veiculo
55	89	94	63	62	74	64	64	70	78	92	
Custo_Fixo_Veiculo
550	890	940	630	620	740	640	640	700	780	920	
Coordenadas_Clientes
x	0	y	0
x	113	y	0
x	77	y	16
x	105	y	47
x	93	y	68
x	56	y	62
x	62	y	108
x	24	y	75
x	9	y	89
x	-11	y	112
x	-29	y	92
x	-48	y	83
x	-58	y	65
x	-67	y	48
x	-81	y	36
x	-93	y	19
x	-83	y	0
x	-119	y	-25
x	-80	y	-35
x	-99	y	-72
x	-57	y	-63
x	-61	y	-106
x	-25	y	-78
x	-8	y	-82
x	8	y	-80
x	36	y	-113
x	43	y	-74
x	58	y	-64
x	80	y	-58
x	106	y	-47
x	82	y	-17
Tempo_Viagem
0	113	78	115	115	83	124	78	89	112	96	95	87	82	88	94	83	121	87	122	84	122	81	82	80	118	85	86	98	115	83	
113	0	39	47	70	84	119	116	136	166	169	180	182	186	197	206	196	233	196	223	181	203	158	146	132	136	101	84	66	47	35	
78	39	0	41	54	50	93	79	99	129	130	141	143	147	159	170	160	199	165	196	155	183	138	129	118	135	96	82	74	69	33	
115	47	41	0	24	51	74	85	104	132	140	157	163	172	186	199	193	235	202	236	195	224	179	170	159	173	135	120	107	94	68	
115	70	54	24	0	37	50	69	86	112	124	141	151	160	176	192	188	231	201	237	199	232	187	180	170	189	150	136	126	115	85	
83	84	50	51	37	0	46	34	54	83	89	106	114	123	139	155	152	195	167	204	167	204	161	157	149	175	136	126	122	119	83	
124	119	93	74	50	46	0	50	56	73	92	112	127	142	160	178	180	223	201	241	208	246	205	202	195	221	182	172	166	161	126	
78	116	79	85	69	34	50	0	20	50	55	72	82	94	112	129	130	173	151	191	160	199	159	160	155	188	150	143	144	146	108	
89	136	99	104	86	54	56	20	0	30	38	57	71	86	104	123	128	171	152	193	165	207	170	171	169	203	166	160	163	166	128	
112	166	129	132	112	83	73	50	30	0	26	47	65	84	102	122	132	173	162	203	180	223	190	194	192	229	193	189	192	196	158	
96	169	130	140	124	89	92	55	38	26	0	21	39	58	76	96	106	147	136	177	157	200	170	175	175	214	180	178	185	193	155	
95	180	141	157	141	106	112	72	57	47	21	0	20	39	57	77	89	128	122	162	146	189	162	169	172	213	180	181	190	201	164	
87	182	143	163	151	114	127	82	71	65	39	20	0	19	37	57	69	108	102	142	128	171	146	155	159	201	171	173	184	198	162	
82	186	147	172	160	123	142	94	86	84	58	39	19	0	18	38	50	89	84	123	111	154	132	142	148	191	164	167	180	197	162	
88	197	159	186	176	139	160	112	104	102	76	57	37	18	0	20	36	71	71	109	101	143	127	138	146	189	165	171	186	203	171	
94	206	170	199	192	155	178	129	123	122	96	77	57	38	20	0	21	51	55	91	89	128	118	132	141	184	164	172	189	209	177	
83	196	160	193	188	152	180	130	128	132	106	89	69	50	36	21	0	43	35	73	68	108	97	111	121	164	146	154	173	194	165	
121	233	199	235	231	195	223	173	171	173	147	128	108	89	71	51	43	0	40	51	72	99	107	124	138	177	169	181	201	226	201	
87	196	165	202	201	167	201	151	152	162	136	122	102	84	71	55	35	40	0	41	36	73	69	85	98	138	129	141	161	186	162	
122	223	196	236	237	204	241	191	193	203	177	162	142	123	109	91	73	51	41	0	42	50	74	91	107	141	142	157	179	205	188	
84	181	155	195	199	167	208	160	165	180	157	146	128	111	101	89	68	72	36	42	0	43	35	52	67	105	100	115	137	163	146	
122	203	183	224	232	204	246	199	207	223	200	189	171	154	143	128	108	99	73	50	43	0	45	58	73	97	108	125	147	175	168	
81	158	138	179	187	161	205	159	170	190	170	162	146	132	127	118	97	107	69	74	35	45	0	17	33	70	68	84	106	134	123	
82	146	129	170	180	157	202	160	171	194	175	169	155	142	138	132	111	124	85	91	52	58	17	0	16	53	51	68	90	118	111	
80	132	118	159	170	149	195	155	169	192	175	172	159	148	146	141	121	138	98	107	67	73	33	16	0	43	35	52	74	102	97	
118	136	135	173	189	175	221	188	203	229	214	213	201	191	189	184	164	177	138	141	105	97	70	53	43	0	39	53	70	96	105	
85	101	96	135	150	136	182	150	166	193	180	180	171	164	165	164	146	169	129	142	100	108	68	51	35	39	0	18	40	68	69	
86	84	82	120	136	126	172	143	160	189	178	181	173	167	171	172	154	181	141	157	115	125	84	68	52	53	18	0	22	50	52	
98	66	74	107	126	122	166	144	163	192	185	190	184	180	186	189	173	201	161	179	137	147	106	90	74	70	40	22	0	28	41	
115	47	69	94	115	119	161	146	166	196	193	201	198	197	203	209	194	226	186	205	163	175	134	118	102	96	68	50	28	0	38	
83	35	33	68	85	83	126	108	128	158	155	164	162	162	171	177	165	201	162	188	146	168	123	111	97	105	69	52	41	38	0	
Custo_Viagem
V0
0	1243	858	1265	1265	913	1364	858	979	1232	1056	1045	957	902	968	1034	913	1331	957	1342	924	1342	891	902	880	1298	935	946	1078	1265	913	
1243	0	429	517	770	924	1309	1276	1496	1837	1859	1991	2002	2046	2167	2266	2156	2563	2156	2453	1991	2233	1738	1606	1452	1496	1111	924	726	517	385	
858	429	0	451	594	550	1023	869	1089	1430	1430	1551	1573	1617	1749	1870	1760	2200	1815	2156	1705	2024	1518	1419	1298	1485	1056	902	814	759	363	
1265	517	451	0	264	561	814	935	1144	1452	1551	1727	1793	1892	2046	2189	2123	2585	2222	2596	2145	2475	1980	1881	1749	1914	1485	1320	1177	1034	748	
1265	770	594	264	0	407	550	759	946	1232	1364	1551	1661	1771	1936	2112	2068	2541	2211	2607	2189	2552	2057	1980	1870	2079	1650	1496	1386	1265	935	
913	924	550	561	407	0	506	374	594	913	990	1166	1254	1353	1529	1705	1672	2145	1837	2244	1848	2244	1771	1727	1639	1936	1496	1386	1342	1309	913	
1364	1309	1023	814	550	506	0	550	616	803	1012	1232	1397	1562	1760	1958	1980	2464	2211	2651	2288	2706	2255	2222	2145	2442	2002	1892	1826	1771	1386	
858	1276	869	935	759	374	550	0	220	550	605	792	902	1034	1232	1419	1430	1914	1661	2101	1760	2189	1760	1760	1705	2068	1650	1573	1584	1606	1188	
979	1496	1089	1144	946	594	616	220	0	330	418	627	781	946	1144	1353	1408	1881	1672	2123	1815	2277	1870	1881	1859	2233	1826	1760	1793	1837	1408	
1232	1837	1430	1452	1232	913	803	550	330	0	286	517	726	935	1133	1353	1463	1914	1782	2233	1980	2453	2090	2134	2112	2519	2123	2079	2112	2167	1749	
1056	1859	1430	1551	1364	990	1012	605	418	286	0	231	429	638	836	1067	1166	1617	1496	1958	1727	2200	1870	1925	1925	2365	1980	1958	2035	2123	1705	
1045	1991	1551	1727	1551	1166	1232	792	627	517	231	0	220	429	627	858	990	1419	1342	1793	1606	2079	1782	1859	1892	2343	1991	1991	2090	2211	1804	
957	2002	1573	1793	1661	1254	1397	902	781	726	429	220	0	209	407	627	759	1188	1122	1573	1408	1881	1606	1705	1749	2211	1881	1903	2024	2178	1782	
902	2046	1617	1892	1771	1353	1562	1034	946	935	638	429	209	0	198	418	550	979	924	1364	1221	1694	1452	1562	1628	2101	1804	1837	1991	2167	1782	
968	2167	1749	2046	1936	1529	1760	1232	1144	1133	836	627	407	198	0	220	396	781	781	1199	1111	1573	1397	1518	1606	2079	1815	1881	2046	2244	1881	
1034	2266	1870	2189	2112	1705	1958	1419	1353	1353	1067	858	627	418	220	0	231	561	605	1001	979	1419	1298	1452	1551	2024	1804	1892	2079	2299	1958	
913	2156	1760	2123	2068	1672	1980	1430	1408	1463	1166	990	759	550	396	231	0	473	385	803	748	1188	1067	1221	1331	1804	1606	1694	1903	2134	1815	
1331	2563	2200	2585	2541	2145	2464	1914	1881	1914	1617	1419	1188	979	781	561	473	0	440	561	792	1089	1177	1364	1518	1958	1859	1991	2211	2486	2211	
957	2156	1815	2222	2211	1837	2211	1661	1672	1782	1496	1342	1122	924	781	605	385	440	0	451	396	803	759	935	1078	1529	1419	1551	1771	2046	1782	
1342	2453	2156	2596	2607	2244	2651	2101	2123	2233	1958	1793	1573	1364	1199	1001	803	561	451	0	462	550	814	1001	1177	1551	1562	1727	1969	2266	2079	
924	1991	1705	2145	2189	1848	2288	1760	1815	1980	1727	1606	1408	1221	1111	979	748	792	396	462	0	473	385	572	737	1155	1100	1265	1507	1793	1606	
1342	2233	2024	2475	2552	2244	2706	2189	2277	2453	2200	2079	1881	1694	1573	1419	1188	1089	803	550	473	0	495	638	803	1067	1188	1386	1628	1947	1848	
891	1738	1518	1980	2057	1771	2255	1760	1870	2090	1870	1782	1606	1452	1397	1298	1067	1177	759	814	385	495	0	187	363	770	748	924	1166	1474	1353	
902	1606	1419	1881	1980	1727	2222	1760	1881	2134	1925	1859	1705	1562	1518	1452	1221	1364	935	1001	572	638	187	0	176	583	561	748	1001	1309	1221	
880	1452	1298	1749	1870	1639	2145	1705	1859	2112	1925	1892	1749	1628	1606	1551	1331	1518	1078	1177	737	803	363	176	0	473	385	572	825	1133	1067	
1298	1496	1485	1914	2079	1936	2442	2068	2233	2519	2365	2343	2211	2101	2079	2024	1804	1958	1529	1551	1155	1067	770	583	473	0	429	583	770	1056	1166	
935	1111	1056	1485	1650	1496	2002	1650	1826	2123	1980	1991	1881	1804	1815	1804	1606	1859	1419	1562	1100	1188	748	561	385	429	0	198	440	748	759	
946	924	902	1320	1496	1386	1892	1573	1760	2079	1958	1991	1903	1837	1881	1892	1694	1991	1551	1727	1265	1386	924	748	572	583	198	0	242	550	572	
1078	726	814	1177	1386	1342	1826	1584	1793	2112	2035	2090	2024	1991	2046	2079	1903	2211	1771	1969	1507	1628	1166	1001	825	770	440	242	0	308	451	
1265	517	759	1034	1265	1309	1771	1606	1837	2167	2123	2211	2178	2167	2244	2299	2134	2486	2046	2266	1793	1947	1474	1309	1133	1056	748	550	308	0	418	
913	385	363	748	935	913	1386	1188	1408	1749	1705	1804	1782	1782	1881	1958	1815	2211	1782	2079	1606	1848	1353	1221	1067	1166	759	572	451	418	0	
V1
0	2011	1388	2047	2047	1477	2207	1388	1584	1993	1708	1691	1548	1459	1566	1673	1477	2153	1548	2171	1495	2171	1441	1459	1424	2100	1513	1530	1744	2047	1477	
2011	0	694	836	1246	1495	2118	2064	2420	2972	3008	3221	3239	3310	3506	3666	3488	4147	3488	3969	3221	3613	2812	2598	2349	2420	1797	1495	1174	836	623	
1388	694	0	729	961	890	1655	1406	1762	2314	2314	2509	2545	2616	2830	3026	2848	3560	2937	3488	2759	3275	2456	2296	2100	2403	1708	1459	1317	1228	587	
2047	836	729	0	427	907	1317	1513	1851	2349	2509	2794	2901	3061	3310	3542	3435	4183	3595	4200	3471	4005	3204	3043	2830	3097	2403	2136	1904	1673	1210	
2047	1246	961	427	0	658	890	1228	1530	1993	2207	2509	2687	2865	3132	3417	3346	4111	3577	4218	3542	4129	3328	3204	3026	3364	2670	2420	2242	2047	1513	
1477	1495	890	907	658	0	818	605	961	1477	1602	1886	2029	2189	2474	2759	2705	3471	2972	3631	2990	3631	2865	2794	2652	3132	2420	2242	2171	2118	1477	
2207	2118	1655	1317	890	818	0	890	996	1299	1637	1993	2260	2527	2848	3168	3204	3987	3577	4289	3702	4378	3649	3595	3471	3951	3239	3061	2954	2865	2242	
1388	2064	1406	1513	1228	605	890	0	356	890	979	1281	1459	1673	1993	2296	2314	3097	2687	3399	2848	3542	2848	2848	2759	3346	2670	2545	2563	2598	1922	
1584	2420	1762	1851	1530	961	996	356	0	534	676	1014	1263	1530	1851	2189	2278	3043	2705	3435	2937	3684	3026	3043	3008	3613	2954	2848	2901	2972	2278	
1993	2972	2314	2349	1993	1477	1299	890	534	0	462	836	1174	1513	1833	2189	2367	3097	2883	3613	3204	3969	3382	3453	3417	4076	3435	3364	3417	3506	2830	
1708	3008	2314	2509	2207	1602	1637	979	676	462	0	373	694	1032	1352	1726	1886	2616	2420	3168	2794	3560	3026	3115	3115	3827	3204	3168	3293	3435	2759	
1691	3221	2509	2794	2509	1886	1993	1281	1014	836	373	0	356	694	1014	1388	1602	2296	2171	2901	2598	3364	2883	3008	3061	3791	3221	3221	3382	3577	2919	
1548	3239	2545	2901	2687	2029	2260	1459	1263	1174	694	356	0	338	658	1014	1228	1922	1815	2545	2278	3043	2598	2759	2830	3577	3043	3079	3275	3524	2883	
1459	3310	2616	3061	2865	2189	2527	1673	1530	1513	1032	694	338	0	320	676	890	1584	1495	2207	1975	2741	2349	2527	2634	3399	2919	2972	3221	3506	2883	
1566	3506	2830	3310	3132	2474	2848	1993	1851	1833	1352	1014	658	320	0	356	640	1263	1263	1940	1797	2545	2260	2456	2598	3364	2937	3043	3310	3631	3043	
1673	3666	3026	3542	3417	2759	3168	2296	2189	2189	1726	1388	1014	676	356	0	373	907	979	1619	1584	2296	2100	2349	2509	3275	2919	3061	3364	3720	3168	
1477	3488	2848	3435	3346	2705	3204	2314	2278	2367	1886	1602	1228	890	640	373	0	765	623	1299	1210	1922	1726	1975	2153	2919	2598	2741	3079	3453	2937	
2153	4147	3560	4183	4111	3471	3987	3097	3043	3097	2616	2296	1922	1584	1263	907	765	0	712	907	1281	1762	1904	2207	2456	3168	3008	3221	3577	4022	3577	
1548	3488	2937	3595	3577	2972	3577	2687	2705	2883	2420	2171	1815	1495	1263	979	623	712	0	729	640	1299	1228	1513	1744	2474	2296	2509	2865	3310	2883	
2171	3969	3488	4200	4218	3631	4289	3399	3435	3613	3168	2901	2545	2207	1940	1619	1299	907	729	0	747	890	1317	1619	1904	2509	2527	2794	3186	3666	3364	
1495	3221	2759	3471	3542	2990	3702	2848	2937	3204	2794	2598	2278	1975	1797	1584	1210	1281	640	747	0	765	623	925	1192	1869	1780	2047	2438	2901	2598	
2171	3613	3275	4005	4129	3631	4378	3542	3684	3969	3560	3364	3043	2741	2545	2296	1922	1762	1299	890	765	0	801	1032	1299	1726	1922	2242	2634	3150	2990	
1441	2812	2456	3204	3328	2865	3649	2848	3026	3382	3026	2883	2598	2349	2260	2100	1726	1904	1228	1317	623	801	0	302	587	1246	1210	1495	1886	2385	2189	
1459	2598	2296	3043	3204	2794	3595	2848	3043	3453	3115	3008	2759	2527	2456	2349	1975	2207	1513	1619	925	1032	302	0	284	943	907	1210	1619	2118	1975	
1424	2349	2100	2830	3026	2652	3471	2759	3008	3417	3115	3061	2830	2634	2598	2509	2153	2456	1744	1904	1192	1299	587	284	0	765	623	925	1335	1833	1726	
2100	2420	2403	3097	3364	3132	3951	3346	3613	4076	3827	3791	3577	3399	3364	3275	2919	3168	2474	2509	1869	1726	1246	943	765	0	694	943	1246	1708	1886	
1513	1797	1708	2403	2670	2420	3239	2670	2954	3435	3204	3221	3043	2919	2937	2919	2598	3008	2296	2527	1780	1922	1210	907	623	694	0	320	712	1210	1228	
1530	1495	1459	2136	2420	2242	3061	2545	2848	3364	3168	3221	3079	2972	3043	3061	2741	3221	2509	2794	2047	2242	1495	1210	925	943	320	0	391	890	925	
1744	1174	1317	1904	2242	2171	2954	2563	2901	3417	3293	3382	3275	3221	3310	3364	3079	3577	2865	3186	2438	2634	1886	1619	1335	1246	712	391	0	498	729	
2047	836	1228	1673	2047	2118	2865	2598	2972	3506	3435	3577	3524	3506	3631	3720	3453	4022	3310	3666	2901	3150	2385	2118	1833	1708	1210	890	498	0	676	
1477	623	587	1210	1513	1477	2242	1922	2278	2830	2759	2919	2883	2883	3043	3168	2937	3577	2883	3364	2598	2990	2189	1975	1726	1886	1228	925	729	676	0	
V2
0	2124	1466	2162	2162	1560	2331	1466	1673	2105	1804	1786	1635	1541	1654	1767	1560	2274	1635	2293	1579	2293	1522	1541	1504	2218	1598	1616	1842	2162	1560	
2124	0	733	883	1316	1579	2237	2180	2556	3139	3177	3402	3421	3496	3703	3872	3684	4380	3684	4192	3402	3816	2970	2744	2481	2556	1898	1579	1240	883	658	
1466	733	0	770	1015	940	1748	1485	1861	2444	2444	2650	2688	2763	2989	3196	3008	3760	3102	3684	2914	3459	2594	2425	2218	2538	1804	1541	1391	1297	620	
2162	883	770	0	451	958	1391	1598	1955	2481	2650	2951	3064	3233	3496	3741	3628	4418	3797	4436	3666	4230	3384	3214	2989	3271	2538	2256	2011	1767	1278	
2162	1316	1015	451	0	695	940	1297	1616	2105	2331	2650	2838	3026	3308	3609	3534	4342	3778	4455	3741	4361	3515	3384	3196	3553	2820	2556	2368	2162	1598	
1560	1579	940	958	695	0	864	639	1015	1560	1692	1992	2143	2312	2613	2914	2857	3666	3139	3835	3158	3835	3026	2951	2801	3308	2556	2368	2293	2237	1560	
2331	2237	1748	1391	940	864	0	940	1052	1372	1729	2105	2387	2669	3008	3346	3384	4211	3778	4530	3910	4624	3854	3797	3666	4173	3421	3233	3120	3026	2368	
1466	2180	1485	1598	1297	639	940	0	376	940	1034	1353	1541	1767	2105	2425	2444	3271	2838	3590	3008	3741	3008	3008	2914	3534	2820	2688	2707	2744	2030	
1673	2556	1861	1955	1616	1015	1052	376	0	564	714	1071	1334	1616	1955	2312	2406	3214	2857	3628	3102	3891	3196	3214	3177	3816	3120	3008	3064	3139	2406	
2105	3139	2444	2481	2105	1560	1372	940	564	0	488	883	1240	1598	1936	2312	2500	3271	3045	3816	3384	4192	3572	3647	3609	4305	3628	3553	3609	3703	2989	
1804	3177	2444	2650	2331	1692	1729	1034	714	488	0	394	733	1090	1428	1823	1992	2763	2556	3346	2951	3760	3196	3290	3290	4042	3384	3346	3478	3628	2914	
1786	3402	2650	2951	2650	1992	2105	1353	1071	883	394	0	376	733	1071	1466	1692	2425	2293	3064	2744	3553	3045	3177	3233	4004	3402	3402	3572	3778	3083	
1635	3421	2688	3064	2838	2143	2387	1541	1334	1240	733	376	0	357	695	1071	1297	2030	1917	2688	2406	3214	2744	2914	2989	3778	3214	3252	3459	3722	3045	
1541	3496	2763	3233	3026	2312	2669	1767	1616	1598	1090	733	357	0	338	714	940	1673	1579	2331	2086	2895	2481	2669	2782	3590	3083	3139	3402	3703	3045	
1654	3703	2989	3496	3308	2613	3008	2105	1955	1936	1428	1071	695	338	0	376	676	1334	1334	2049	1898	2688	2387	2594	2744	3553	3102	3214	3496	3835	3214	
1767	3872	3196	3741	3609	2914	3346	2425	2312	2312	1823	1466	1071	714	376	0	394	958	1034	1710	1673	2425	2218	2481	2650	3459	3083	3233	3553	3929	3346	
1560	3684	3008	3628	3534	2857	3384	2444	2406	2500	1992	1692	1297	940	676	394	0	808	658	1372	1278	2030	1823	2086	2274	3083	2744	2895	3252	3647	3102	
2274	4380	3760	4418	4342	3666	4211	3271	3214	3271	2763	2425	2030	1673	1334	958	808	0	752	958	1353	1861	2011	2331	2594	3346	3177	3402	3778	4248	3778	
1635	3684	3102	3797	3778	3139	3778	2838	2857	3045	2556	2293	1917	1579	1334	1034	658	752	0	770	676	1372	1297	1598	1842	2613	2425	2650	3026	3496	3045	
2293	4192	3684	4436	4455	3835	4530	3590	3628	3816	3346	3064	2688	2331	2049	1710	1372	958	770	0	789	940	1391	1710	2011	2650	2669	2951	3365	3872	3553	
1579	3402	2914	3666	3741	3158	3910	3008	3102	3384	2951	2744	2406	2086	1898	1673	1278	1353	676	789	0	808	658	977	1259	1974	1880	2162	2575	3064	2744	
2293	3816	3459	4230	4361	3835	4624	3741	3891	4192	3760	3553	3214	2895	2688	2425	2030	1861	1372	940	808	0	846	1090	1372	1823	2030	2368	2782	3327	3158	
1522	2970	2594	3384	3515	3026	3854	3008	3196	3572	3196	3045	2744	2481	2387	2218	1823	2011	1297	1391	658	846	0	319	620	1316	1278	1579	1992	2519	2312	
1541	2744	2425	3214	3384	2951	3797	3008	3214	3647	3290	3177	2914	2669	2594	2481	2086	2331	1598	1710	977	1090	319	0	300	996	958	1278	1710	2237	2086	
1504	2481	2218	2989	3196	2801	3666	2914	3177	3609	3290	3233	2989	2782	2744	2650	2274	2594	1842	2011	1259	1372	620	300	0	808	658	977	1410	1936	1823	
2218	2556	2538	3271	3553	3308	4173	3534	3816	4305	4042	4004	3778	3590	3553	3459	3083	3346	2613	2650	1974	1823	1316	996	808	0	733	996	1316	1804	1992	
1598	1898	1804	2538	2820	2556	3421	2820	3120	3628	3384	3402	3214	3083	3102	3083	2744	3177	2425	2669	1880	2030	1278	958	658	733	0	338	752	1278	1297	
1616	1579	1541	2256	2556	2368	3233	2688	3008	3553	3346	3402	3252	3139	3214	3233	2895	3402	2650	2951	2162	2368	1579	1278	977	996	338	0	413	940	977	
1842	1240	1391	2011	2368	2293	3120	2707	3064	3609	3478	3572	3459	3402	3496	3553	3252	3778	3026	3365	2575	2782	1992	1710	1410	1316	752	413	0	526	770	
2162	883	1297	1767	2162	2237	3026	2744	3139	3703	3628	3778	3722	3703	3835	3929	3647	4248	3496	3872	3064	3327	2519	2237	1936	1804	1278	940	526	0	714	
1560	658	620	1278	1598	1560	2368	2030	2406	2989	2914	3083	3045	3045	3214	3346	3102	3778	3045	3553	2744	3158	2312	2086	1823	1992	1297	977	770	714	0	
V3
0	1423	982	1449	1449	1045	1562	982	1121	1411	1209	1197	1096	1033	1108	1184	1045	1524	1096	1537	1058	1537	1020	1033	1008	1486	1071	1083	1234	1449	1045	
1423	0	491	592	882	1058	1499	1461	1713	2104	2129	2280	2293	2343	2482	2595	2469	2935	2469	2809	2280	2557	1990	1839	1663	1713	1272	1058	831	592	441	
982	491	0	516	680	630	1171	995	1247	1638	1638	1776	1801	1852	2003	2142	2016	2520	2079	2469	1953	2318	1738	1625	1486	1701	1209	1033	932	869	415	
1449	592	516	0	302	642	932	1071	1310	1663	1776	1978	2053	2167	2343	2507	2431	2961	2545	2973	2457	2835	2268	2154	2003	2192	1701	1512	1348	1184	856	
1449	882	680	302	0	466	630	869	1083	1411	1562	1776	1902	2028	2217	2419	2368	2910	2532	2986	2507	2923	2356	2268	2142	2381	1890	1713	1587	1449	1071	
1045	1058	630	642	466	0	579	428	680	1045	1134	1335	1436	1549	1751	1953	1915	2457	2104	2570	2116	2570	2028	1978	1877	2217	1713	1587	1537	1499	1045	
1562	1499	1171	932	630	579	0	630	705	919	1159	1411	1600	1789	2016	2242	2268	2822	2532	3036	2620	3099	2583	2545	2457	2797	2293	2167	2091	2028	1587	
982	1461	995	1071	869	428	630	0	252	630	693	907	1033	1184	1411	1625	1638	2192	1902	2406	2016	2507	2016	2016	1953	2368	1890	1801	1814	1839	1360	
1121	1713	1247	1310	1083	680	705	252	0	378	478	718	894	1083	1310	1549	1612	2154	1915	2431	2079	2608	2142	2154	2129	2557	2091	2016	2053	2104	1612	
1411	2104	1638	1663	1411	1045	919	630	378	0	327	592	831	1071	1297	1549	1675	2192	2041	2557	2268	2809	2394	2444	2419	2885	2431	2381	2419	2482	2003	
1209	2129	1638	1776	1562	1134	1159	693	478	327	0	264	491	730	957	1222	1335	1852	1713	2242	1978	2520	2142	2205	2205	2709	2268	2242	2331	2431	1953	
1197	2280	1776	1978	1776	1335	1411	907	718	592	264	0	252	491	718	982	1134	1625	1537	2053	1839	2381	2041	2129	2167	2683	2280	2280	2394	2532	2066	
1096	2293	1801	2053	1902	1436	1600	1033	894	831	491	252	0	239	466	718	869	1360	1285	1801	1612	2154	1839	1953	2003	2532	2154	2179	2318	2494	2041	
1033	2343	1852	2167	2028	1549	1789	1184	1083	1071	730	491	239	0	226	478	630	1121	1058	1562	1398	1940	1663	1789	1864	2406	2066	2104	2280	2482	2041	
1108	2482	2003	2343	2217	1751	2016	1411	1310	1297	957	718	466	226	0	252	453	894	894	1373	1272	1801	1600	1738	1839	2381	2079	2154	2343	2570	2154	
1184	2595	2142	2507	2419	1953	2242	1625	1549	1549	1222	982	718	478	252	0	264	642	693	1146	1121	1625	1486	1663	1776	2318	2066	2167	2381	2633	2242	
1045	2469	2016	2431	2368	1915	2268	1638	1612	1675	1335	1134	869	630	453	264	0	541	441	919	856	1360	1222	1398	1524	2066	1839	1940	2179	2444	2079	
1524	2935	2520	2961	2910	2457	2822	2192	2154	2192	1852	1625	1360	1121	894	642	541	0	504	642	907	1247	1348	1562	1738	2242	2129	2280	2532	2847	2532	
1096	2469	2079	2545	2532	2104	2532	1902	1915	2041	1713	1537	1285	1058	894	693	441	504	0	516	453	919	869	1071	1234	1751	1625	1776	2028	2343	2041	
1537	2809	2469	2973	2986	2570	3036	2406	2431	2557	2242	2053	1801	1562	1373	1146	919	642	516	0	529	630	932	1146	1348	1776	1789	1978	2255	2595	2381	
1058	2280	1953	2457	2507	2116	2620	2016	2079	2268	1978	1839	1612	1398	1272	1121	856	907	453	529	0	541	441	655	844	1323	1260	1449	1726	2053	1839	
1537	2557	2318	2835	2923	2570	3099	2507	2608	2809	2520	2381	2154	1940	1801	1625	1360	1247	919	630	541	0	567	730	919	1222	1360	1587	1864	2230	2116	
1020	1990	1738	2268	2356	2028	2583	2016	2142	2394	2142	2041	1839	1663	1600	1486	1222	1348	869	932	441	567	0	214	415	882	856	1058	1335	1688	1549	
1033	1839	1625	2154	2268	1978	2545	2016	2154	2444	2205	2129	1953	1789	1738	1663	1398	1562	1071	1146	655	730	214	0	201	667	642	856	1146	1499	1398	
1008	1663	1486	2003	2142	1877	2457	1953	2129	2419	2205	2167	2003	1864	1839	1776	1524	1738	1234	1348	844	919	415	201	0	541	441	655	945	1297	1222	
1486	1713	1701	2192	2381	2217	2797	2368	2557	2885	2709	2683	2532	2406	2381	2318	2066	2242	1751	1776	1323	1222	882	667	541	0	491	667	882	1209	1335	
1071	1272	1209	1701	1890	1713	2293	1890	2091	2431	2268	2280	2154	2066	2079	2066	1839	2129	1625	1789	1260	1360	856	642	441	491	0	226	504	856	869	
1083	1058	1033	1512	1713	1587	2167	1801	2016	2381	2242	2280	2179	2104	2154	2167	1940	2280	1776	1978	1449	1587	1058	856	655	667	226	0	277	630	655	
1234	831	932	1348	1587	1537	2091	1814	2053	2419	2331	2394	2318	2280	2343	2381	2179	2532	2028	2255	1726	1864	1335	1146	945	882	504	277	0	352	516	
1449	592	869	1184	1449	1499	2028	1839	2104	2482	2431	2532	2494	2482	2570	2633	2444	2847	2343	2595	2053	2230	1688	1499	1297	1209	856	630	352	0	478	
1045	441	415	856	1071	1045	1587	1360	1612	2003	1953	2066	2041	2041	2154	2242	2079	2532	2041	2381	1839	2116	1549	1398	1222	1335	869	655	516	478	0	
V4
0	1401	967	1426	1426	1029	1537	967	1103	1388	1190	1178	1078	1016	1091	1165	1029	1500	1078	1512	1041	1512	1004	1016	992	1463	1054	1066	1215	1426	1029	
1401	0	483	582	868	1041	1475	1438	1686	2070	2095	2244	2256	2306	2442	2554	2430	2889	2430	2765	2244	2517	1959	1810	1636	1686	1252	1041	818	582	434	
967	483	0	508	669	620	1153	979	1227	1612	1612	1748	1773	1822	1971	2108	1984	2480	2046	2430	1922	2281	1711	1599	1463	1674	1190	1016	917	855	409	
1426	582	508	0	297	632	917	1054	1289	1636	1748	1946	2021	2132	2306	2467	2393	2914	2504	2926	2418	2790	2232	2120	1971	2157	1674	1488	1326	1165	843	
1426	868	669	297	0	458	620	855	1066	1388	1537	1748	1872	1996	2182	2380	2331	2864	2492	2938	2467	2876	2318	2232	2108	2343	1860	1686	1562	1426	1054	
1029	1041	620	632	458	0	570	421	669	1029	1116	1314	1413	1525	1723	1922	1884	2418	2070	2529	2083	2529	1996	1946	1847	2182	1686	1562	1512	1475	1029	
1537	1475	1153	917	620	570	0	620	694	905	1140	1388	1574	1760	1984	2207	2232	2777	2492	2988	2579	3050	2542	2504	2418	2752	2256	2132	2058	1996	1562	
967	1438	979	1054	855	421	620	0	248	620	682	892	1016	1165	1388	1599	1612	2157	1872	2368	1984	2467	1984	1984	1922	2331	1860	1773	1785	1810	1339	
1103	1686	1227	1289	1066	669	694	248	0	372	471	706	880	1066	1289	1525	1587	2120	1884	2393	2046	2566	2108	2120	2095	2517	2058	1984	2021	2070	1587	
1388	2070	1612	1636	1388	1029	905	620	372	0	322	582	818	1054	1277	1525	1649	2157	2008	2517	2232	2765	2356	2405	2380	2839	2393	2343	2380	2442	1971	
1190	2095	1612	1748	1537	1116	1140	682	471	322	0	260	483	719	942	1202	1314	1822	1686	2207	1946	2480	2108	2170	2170	2666	2232	2207	2294	2393	1922	
1178	2244	1748	1946	1748	1314	1388	892	706	582	260	0	248	483	706	967	1116	1599	1512	2021	1810	2343	2008	2095	2132	2641	2244	2244	2356	2492	2033	
1078	2256	1773	2021	1872	1413	1574	1016	880	818	483	248	0	235	458	706	855	1339	1264	1773	1587	2120	1810	1922	1971	2492	2120	2145	2281	2455	2008	
1016	2306	1822	2132	1996	1525	1760	1165	1066	1054	719	483	235	0	223	471	620	1103	1041	1537	1376	1909	1636	1760	1835	2368	2033	2070	2244	2442	2008	
1091	2442	1971	2306	2182	1723	1984	1388	1289	1277	942	706	458	223	0	248	446	880	880	1351	1252	1773	1574	1711	1810	2343	2046	2120	2306	2529	2120	
1165	2554	2108	2467	2380	1922	2207	1599	1525	1525	1202	967	706	471	248	0	260	632	682	1128	1103	1599	1463	1636	1748	2281	2033	2132	2343	2591	2207	
1029	2430	1984	2393	2331	1884	2232	1612	1587	1649	1314	1116	855	620	446	260	0	533	434	905	843	1339	1202	1376	1500	2033	1810	1909	2145	2405	2046	
1500	2889	2480	2914	2864	2418	2777	2157	2120	2157	1822	1599	1339	1103	880	632	533	0	496	632	892	1227	1326	1537	1711	2207	2095	2244	2492	2802	2492	
1078	2430	2046	2504	2492	2070	2492	1872	1884	2008	1686	1512	1264	1041	880	682	434	496	0	508	446	905	855	1054	1215	1723	1599	1748	1996	2306	2008	
1512	2765	2430	2926	2938	2529	2988	2368	2393	2517	2207	2021	1773	1537	1351	1128	905	632	508	0	520	620	917	1128	1326	1748	1760	1946	2219	2554	2343	
1041	2244	1922	2418	2467	2083	2579	1984	2046	2232	1946	1810	1587	1376	1252	1103	843	892	446	520	0	533	434	644	830	1302	1240	1426	1698	2021	1810	
1512	2517	2281	2790	2876	2529	3050	2467	2566	2765	2480	2343	2120	1909	1773	1599	1339	1227	905	620	533	0	558	719	905	1202	1339	1562	1835	2194	2083	
1004	1959	1711	2232	2318	1996	2542	1984	2108	2356	2108	2008	1810	1636	1574	1463	1202	1326	855	917	434	558	0	210	409	868	843	1041	1314	1661	1525	
1016	1810	1599	2120	2232	1946	2504	1984	2120	2405	2170	2095	1922	1760	1711	1636	1376	1537	1054	1128	644	719	210	0	198	657	632	843	1128	1475	1376	
992	1636	1463	1971	2108	1847	2418	1922	2095	2380	2170	2132	1971	1835	1810	1748	1500	1711	1215	1326	830	905	409	198	0	533	434	644	930	1277	1202	
1463	1686	1674	2157	2343	2182	2752	2331	2517	2839	2666	2641	2492	2368	2343	2281	2033	2207	1723	1748	1302	1202	868	657	533	0	483	657	868	1190	1314	
1054	1252	1190	1674	1860	1686	2256	1860	2058	2393	2232	2244	2120	2033	2046	2033	1810	2095	1599	1760	1240	1339	843	632	434	483	0	223	496	843	855	
1066	1041	1016	1488	1686	1562	2132	1773	1984	2343	2207	2244	2145	2070	2120	2132	1909	2244	1748	1946	1426	1562	1041	843	644	657	223	0	272	620	644	
1215	818	917	1326	1562	1512	2058	1785	2021	2380	2294	2356	2281	2244	2306	2343	2145	2492	1996	2219	1698	1835	1314	1128	930	868	496	272	0	347	508	
1426	582	855	1165	1426	1475	1996	1810	2070	2442	2393	2492	2455	2442	2529	2591	2405	2802	2306	2554	2021	2194	1661	1475	1277	1190	843	620	347	0	471	
1029	434	409	843	1054	1029	1562	1339	1587	1971	1922	2033	2008	2008	2120	2207	2046	2492	2008	2343	1810	2083	1525	1376	1202	1314	855	644	508	471	0	
V5
0	1672	1154	1702	1702	1228	1835	1154	1317	1657	1420	1406	1287	1213	1302	1391	1228	1790	1287	1805	1243	1805	1198	1213	1184	1746	1258	1272	1450	1702	1228	
1672	0	577	695	1036	1243	1761	1716	2012	2471	2501	2678	2693	2752	2915	3048	2900	3448	2900	3300	2678	3004	2338	2160	1953	2012	1494	1243	976	695	518	
1154	577	0	606	799	740	1376	1169	1465	1924	1924	2086	2116	2175	2353	2516	2368	2960	2442	2900	2294	2723	2042	1909	1746	1998	1420	1213	1095	1021	488	
1702	695	606	0	355	754	1095	1258	1539	1953	2086	2323	2412	2545	2752	2945	2856	3478	2989	3492	2886	3330	2664	2530	2353	2575	1998	1776	1583	1391	1006	
1702	1036	799	355	0	547	740	1021	1272	1657	1835	2086	2234	2382	2604	2841	2782	3418	2974	3507	2945	3433	2767	2664	2516	2797	2220	2012	1864	1702	1258	
1228	1243	740	754	547	0	680	503	799	1228	1332	1568	1687	1820	2057	2294	2249	2886	2471	3019	2486	3019	2382	2323	2205	2604	2012	1864	1805	1761	1228	
1835	1761	1376	1095	740	680	0	740	828	1080	1361	1657	1879	2101	2368	2634	2664	3315	2974	3566	3078	3640	3034	2989	2886	3285	2693	2545	2456	2382	1864	
1154	1716	1169	1258	1021	503	740	0	296	740	814	1065	1213	1391	1657	1909	1924	2575	2234	2826	2368	2945	2368	2368	2294	2782	2220	2116	2131	2160	1598	
1317	2012	1465	1539	1272	799	828	296	0	444	562	843	1050	1272	1539	1820	1894	2530	2249	2856	2442	3063	2516	2530	2501	3004	2456	2368	2412	2471	1894	
1657	2471	1924	1953	1657	1228	1080	740	444	0	384	695	976	1258	1524	1820	1968	2575	2397	3004	2664	3300	2812	2871	2841	3389	2856	2797	2841	2915	2353	
1420	2501	1924	2086	1835	1332	1361	814	562	384	0	310	577	858	1124	1435	1568	2175	2012	2634	2323	2960	2516	2590	2590	3182	2664	2634	2738	2856	2294	
1406	2678	2086	2323	2086	1568	1657	1065	843	695	310	0	296	577	843	1154	1332	1909	1805	2412	2160	2797	2397	2501	2545	3152	2678	2678	2812	2974	2427	
1287	2693	2116	2412	2234	1687	1879	1213	1050	976	577	296	0	281	547	843	1021	1598	1509	2116	1894	2530	2160	2294	2353	2974	2530	2560	2723	2930	2397	
1213	2752	2175	2545	2382	1820	2101	1391	1272	1258	858	577	281	0	266	562	740	1317	1243	1835	1642	2279	1953	2101	2190	2826	2427	2471	2678	2915	2397	
1302	2915	2353	2752	2604	2057	2368	1657	1539	1524	1124	843	547	266	0	296	532	1050	1050	1613	1494	2116	1879	2042	2160	2797	2442	2530	2752	3019	2530	
1391	3048	2516	2945	2841	2294	2634	1909	1820	1820	1435	1154	843	562	296	0	310	754	814	1346	1317	1909	1746	1953	2086	2723	2427	2545	2797	3093	2634	
1228	2900	2368	2856	2782	2249	2664	1924	1894	1968	1568	1332	1021	740	532	310	0	636	518	1080	1006	1598	1435	1642	1790	2427	2160	2279	2560	2871	2442	
1790	3448	2960	3478	3418	2886	3315	2575	2530	2575	2175	1909	1598	1317	1050	754	636	0	592	754	1065	1465	1583	1835	2042	2634	2501	2678	2974	3344	2974	
1287	2900	2442	2989	2974	2471	2974	2234	2249	2397	2012	1805	1509	1243	1050	814	518	592	0	606	532	1080	1021	1258	1450	2057	1909	2086	2382	2752	2397	
1805	3300	2900	3492	3507	3019	3566	2826	2856	3004	2634	2412	2116	1835	1613	1346	1080	754	606	0	621	740	1095	1346	1583	2086	2101	2323	2649	3048	2797	
1243	2678	2294	2886	2945	2486	3078	2368	2442	2664	2323	2160	1894	1642	1494	1317	1006	1065	532	621	0	636	518	769	991	1554	1480	1702	2027	2412	2160	
1805	3004	2723	3330	3433	3019	3640	2945	3063	3300	2960	2797	2530	2279	2116	1909	1598	1465	1080	740	636	0	666	858	1080	1435	1598	1864	2190	2619	2486	
1198	2338	2042	2664	2767	2382	3034	2368	2516	2812	2516	2397	2160	1953	1879	1746	1435	1583	1021	1095	518	666	0	251	488	1036	1006	1243	1568	1983	1820	
1213	2160	1909	2530	2664	2323	2989	2368	2530	2871	2590	2501	2294	2101	2042	1953	1642	1835	1258	1346	769	858	251	0	236	784	754	1006	1346	1761	1642	
1184	1953	1746	2353	2516	2205	2886	2294	2501	2841	2590	2545	2353	2190	2160	2086	1790	2042	1450	1583	991	1080	488	236	0	636	518	769	1110	1524	1435	
1746	2012	1998	2575	2797	2604	3285	2782	3004	3389	3182	3152	2974	2826	2797	2723	2427	2634	2057	2086	1554	1435	1036	784	636	0	577	784	1036	1420	1568	
1258	1494	1420	1998	2220	2012	2693	2220	2456	2856	2664	2678	2530	2427	2442	2427	2160	2501	1909	2101	1480	1598	1006	754	518	577	0	266	592	1006	1021	
1272	1243	1213	1776	2012	1864	2545	2116	2368	2797	2634	2678	2560	2471	2530	2545	2279	2678	2086	2323	1702	1864	1243	1006	769	784	266	0	325	740	769	
1450	976	1095	1583	1864	1805	2456	2131	2412	2841	2738	2812	2723	2678	2752	2797	2560	2974	2382	2649	2027	2190	1568	1346	1110	1036	592	325	0	414	606	
1702	695	1021	1391	1702	1761	2382	2160	2471	2915	2856	2974	2930	2915	3019	3093	2871	3344	2752	3048	2412	2619	1983	1761	1524	1420	1006	740	414	0	562	
1228	518	488	1006	1258	1228	1864	1598	1894	2353	2294	2427	2397	2397	2530	2634	2442	2974	2397	2797	2160	2486	1820	1642	1435	1568	1021	769	606	562	0	
V6
0	1446	998	1472	1472	1062	1587	998	1139	1433	1228	1216	1113	1049	1126	1203	1062	1548	1113	1561	1075	1561	1036	1049	1024	1510	1088	1100	1254	1472	1062	
1446	0	499	601	896	1075	1523	1484	1740	2137	2163	2316	2329	2380	2521	2636	2508	2982	2508	2854	2316	2598	2022	1868	1689	1740	1292	1075	844	601	448	
998	499	0	524	691	640	1190	1011	1267	1664	1664	1804	1830	1881	2035	2176	2048	2560	2112	2508	1984	2355	1766	1651	1510	1728	1228	1049	947	883	422	
1472	601	524	0	307	652	947	1088	1331	1689	1804	2009	2086	2201	2380	2547	2470	3008	2585	3020	2496	2880	2304	2188	2035	2227	1728	1536	1369	1203	870	
1472	896	691	307	0	473	640	883	1100	1433	1587	1804	1932	2060	2252	2457	2406	2956	2572	3033	2547	2969	2393	2304	2176	2419	1920	1740	1612	1472	1088	
1062	1075	640	652	473	0	588	435	691	1062	1152	1356	1459	1574	1779	1984	1945	2496	2137	2611	2150	2611	2060	2009	1907	2252	1740	1612	1561	1523	1062	
1587	1523	1190	947	640	588	0	640	716	934	1177	1433	1625	1817	2048	2278	2304	2867	2572	3084	2662	3148	2624	2585	2496	2841	2329	2201	2124	2060	1612	
998	1484	1011	1088	883	435	640	0	256	640	704	921	1049	1203	1433	1651	1664	2227	1932	2444	2048	2547	2048	2048	1984	2406	1920	1830	1843	1868	1382	
1139	1740	1267	1331	1100	691	716	256	0	384	486	729	908	1100	1331	1574	1638	2188	1945	2470	2112	2649	2176	2188	2163	2598	2124	2048	2086	2137	1638	
1433	2137	1664	1689	1433	1062	934	640	384	0	332	601	844	1088	1318	1574	1702	2227	2073	2598	2304	2854	2432	2483	2457	2931	2470	2419	2457	2521	2035	
1228	2163	1664	1804	1587	1152	1177	704	486	332	0	268	499	742	972	1241	1356	1881	1740	2278	2009	2560	2176	2240	2240	2752	2304	2278	2368	2470	1984	
1216	2316	1804	2009	1804	1356	1433	921	729	601	268	0	256	499	729	998	1152	1651	1561	2086	1868	2419	2073	2163	2201	2726	2316	2316	2432	2572	2099	
1113	2329	1830	2086	1932	1459	1625	1049	908	844	499	256	0	243	473	729	883	1382	1305	1830	1638	2188	1868	1984	2035	2572	2188	2214	2355	2534	2073	
1049	2380	1881	2201	2060	1574	1817	1203	1100	1088	742	499	243	0	230	486	640	1139	1075	1587	1420	1971	1689	1817	1894	2444	2099	2137	2316	2521	2073	
1126	2521	2035	2380	2252	1779	2048	1433	1331	1318	972	729	473	230	0	256	460	908	908	1395	1292	1830	1625	1766	1868	2419	2112	2188	2380	2611	2188	
1203	2636	2176	2547	2457	1984	2278	1651	1574	1574	1241	998	729	486	256	0	268	652	704	1164	1139	1651	1510	1689	1804	2355	2099	2201	2419	2675	2278	
1062	2508	2048	2470	2406	1945	2304	1664	1638	1702	1356	1152	883	640	460	268	0	550	448	934	870	1382	1241	1420	1548	2099	1868	1971	2214	2483	2112	
1548	2982	2560	3008	2956	2496	2867	2227	2188	2227	1881	1651	1382	1139	908	652	550	0	512	652	921	1267	1369	1587	1766	2278	2163	2316	2572	2892	2572	
1113	2508	2112	2585	2572	2137	2572	1932	1945	2073	1740	1561	1305	1075	908	704	448	512	0	524	460	934	883	1088	1254	1779	1651	1804	2060	2380	2073	
1561	2854	2508	3020	3033	2611	3084	2444	2470	2598	2278	2086	1830	1587	1395	1164	934	652	524	0	537	640	947	1164	1369	1804	1817	2009	2291	2636	2419	
1075	2316	1984	2496	2547	2150	2662	2048	2112	2304	2009	1868	1638	1420	1292	1139	870	921	460	537	0	550	448	665	857	1344	1280	1472	1753	2086	1868	
1561	2598	2355	2880	2969	2611	3148	2547	2649	2854	2560	2419	2188	1971	1830	1651	1382	1267	934	640	550	0	576	742	934	1241	1382	1612	1894	2265	2150	
1036	2022	1766	2304	2393	2060	2624	2048	2176	2432	2176	2073	1868	1689	1625	1510	1241	1369	883	947	448	576	0	217	422	896	870	1075	1356	1715	1574	
1049	1868	1651	2188	2304	2009	2585	2048	2188	2483	2240	2163	1984	1817	1766	1689	1420	1587	1088	1164	665	742	217	0	204	678	652	870	1164	1523	1420	
1024	1689	1510	2035	2176	1907	2496	1984	2163	2457	2240	2201	2035	1894	1868	1804	1548	1766	1254	1369	857	934	422	204	0	550	448	665	960	1318	1241	
1510	1740	1728	2227	2419	2252	2841	2406	2598	2931	2752	2726	2572	2444	2419	2355	2099	2278	1779	1804	1344	1241	896	678	550	0	499	678	896	1228	1356	
1088	1292	1228	1728	1920	1740	2329	1920	2124	2470	2304	2316	2188	2099	2112	2099	1868	2163	1651	1817	1280	1382	870	652	448	499	0	230	512	870	883	
1100	1075	1049	1536	1740	1612	2201	1830	2048	2419	2278	2316	2214	2137	2188	2201	1971	2316	1804	2009	1472	1612	1075	870	665	678	230	0	281	640	665	
1254	844	947	1369	1612	1561	2124	1843	2086	2457	2368	2432	2355	2316	2380	2419	2214	2572	2060	2291	1753	1894	1356	1164	960	896	512	281	0	358	524	
1472	601	883	1203	1472	1523	2060	1868	2137	2521	2470	2572	2534	2521	2611	2675	2483	2892	2380	2636	2086	2265	1715	1523	1318	1228	870	640	358	0	486	
1062	448	422	870	1088	1062	1612	1382	1638	2035	1984	2099	2073	2073	2188	2278	2112	2572	2073	2419	1868	2150	1574	1420	1241	1356	883	665	524	486	0	
V7
0	1446	998	1472	1472	1062	1587	998	1139	1433	1228	1216	1113	1049	1126	1203	1062	1548	1113	1561	1075	1561	1036	1049	1024	1510	1088	1100	1254	1472	1062	
1446	0	499	601	896	1075	1523	1484	1740	2137	2163	2316	2329	2380	2521	2636	2508	2982	2508	2854	2316	2598	2022	1868	1689	1740	1292	1075	844	601	448	
998	499	0	524	691	640	1190	1011	1267	1664	1664	1804	1830	1881	2035	2176	2048	2560	2112	2508	1984	2355	1766	1651	1510	1728	1228	1049	947	883	422	
1472	601	524	0	307	652	947	1088	1331	1689	1804	2009	2086	2201	2380	2547	2470	3008	2585	3020	2496	2880	2304	2188	2035	2227	1728	1536	1369	1203	870	
1472	896	691	307	0	473	640	883	1100	1433	1587	1804	1932	2060	2252	2457	2406	2956	2572	3033	2547	2969	2393	2304	2176	2419	1920	1740	1612	1472	1088	
1062	1075	640	652	473	0	588	435	691	1062	1152	1356	1459	1574	1779	1984	1945	2496	2137	2611	2150	2611	2060	2009	1907	2252	1740	1612	1561	1523	1062	
1587	1523	1190	947	640	588	0	640	716	934	1177	1433	1625	1817	2048	2278	2304	2867	2572	3084	2662	3148	2624	2585	2496	2841	2329	2201	2124	2060	1612	
998	1484	1011	1088	883	435	640	0	256	640	704	921	1049	1203	1433	1651	1664	2227	1932	2444	2048	2547	2048	2048	1984	2406	1920	1830	1843	1868	1382	
1139	1740	1267	1331	1100	691	716	256	0	384	486	729	908	1100	1331	1574	1638	2188	1945	2470	2112	2649	2176	2188	2163	2598	2124	2048	2086	2137	1638	
1433	2137	1664	1689	1433	1062	934	640	384	0	332	601	844	1088	1318	1574	1702	2227	2073	2598	2304	2854	2432	2483	2457	2931	2470	2419	2457	2521	2035	
1228	2163	1664	1804	1587	1152	1177	704	486	332	0	268	499	742	972	1241	1356	1881	1740	2278	2009	2560	2176	2240	2240	2752	2304	2278	2368	2470	1984	
1216	2316	1804	2009	1804	1356	1433	921	729	601	268	0	256	499	729	998	1152	1651	1561	2086	1868	2419	2073	2163	2201	2726	2316	2316	2432	2572	2099	
1113	2329	1830	2086	1932	1459	1625	1049	908	844	499	256	0	243	473	729	883	1382	1305	1830	1638	2188	1868	1984	2035	2572	2188	2214	2355	2534	2073	
1049	2380	1881	2201	2060	1574	1817	1203	1100	1088	742	499	243	0	230	486	640	1139	1075	1587	1420	1971	1689	1817	1894	2444	2099	2137	2316	2521	2073	
1126	2521	2035	2380	2252	1779	2048	1433	1331	1318	972	729	473	230	0	256	460	908	908	1395	1292	1830	1625	1766	1868	2419	2112	2188	2380	2611	2188	
1203	2636	2176	2547	2457	1984	2278	1651	1574	1574	1241	998	729	486	256	0	268	652	704	1164	1139	1651	1510	1689	1804	2355	2099	2201	2419	2675	2278	
1062	2508	2048	2470	2406	1945	2304	1664	1638	1702	1356	1152	883	640	460	268	0	550	448	934	870	1382	1241	1420	1548	2099	1868	1971	2214	2483	2112	
1548	2982	2560	3008	2956	2496	2867	2227	2188	2227	1881	1651	1382	1139	908	652	550	0	512	652	921	1267	1369	1587	1766	2278	2163	2316	2572	2892	2572	
1113	2508	2112	2585	2572	2137	2572	1932	1945	2073	1740	1561	1305	1075	908	704	448	512	0	524	460	934	883	1088	1254	1779	1651	1804	2060	2380	2073	
1561	2854	2508	3020	3033	2611	3084	2444	2470	2598	2278	2086	1830	1587	1395	1164	934	652	524	0	537	640	947	1164	1369	1804	1817	2009	2291	2636	2419	
1075	2316	1984	2496	2547	2150	2662	2048	2112	2304	2009	1868	1638	1420	1292	1139	870	921	460	537	0	550	448	665	857	1344	1280	1472	1753	2086	1868	
1561	2598	2355	2880	2969	2611	3148	2547	2649	2854	2560	2419	2188	1971	1830	1651	1382	1267	934	640	550	0	576	742	934	1241	1382	1612	1894	2265	2150	
1036	2022	1766	2304	2393	2060	2624	2048	2176	2432	2176	2073	1868	1689	1625	1510	1241	1369	883	947	448	576	0	217	422	896	870	1075	1356	1715	1574	
1049	1868	1651	2188	2304	2009	2585	2048	2188	2483	2240	2163	1984	1817	1766	1689	1420	1587	1088	1164	665	742	217	0	204	678	652	870	1164	1523	1420	
1024	1689	1510	2035	2176	1907	2496	1984	2163	2457	2240	2201	2035	1894	1868	1804	1548	1766	1254	1369	857	934	422	204	0	550	448	665	960	1318	1241	
1510	1740	1728	2227	2419	2252	2841	2406	2598	2931	2752	2726	2572	2444	2419	2355	2099	2278	1779	1804	1344	1241	896	678	550	0	499	678	896	1228	1356	
1088	1292	1228	1728	1920	1740	2329	1920	2124	2470	2304	2316	2188	2099	2112	2099	1868	2163	1651	1817	1280	1382	870	652	448	499	0	230	512	870	883	
1100	1075	1049	1536	1740	1612	2201	1830	2048	2419	2278	2316	2214	2137	2188	2201	1971	2316	1804	2009	1472	1612	1075	870	665	678	230	0	281	640	665	
1254	844	947	1369	1612	1561	2124	1843	2086	2457	2368	2432	2355	2316	2380	2419	2214	2572	2060	2291	1753	1894	1356	1164	960	896	512	281	0	358	524	
1472	601	883	1203	1472	1523	2060	1868	2137	2521	2470	2572	2534	2521	2611	2675	2483	2892	2380	2636	2086	2265	1715	1523	1318	1228	870	640	358	0	486	
1062	448	422	870	1088	1062	1612	1382	1638	2035	1984	2099	2073	2073	2188	2278	2112	2572	2073	2419	1868	2150	1574	1420	1241	1356	883	665	524	486	0	
V8
0	1582	1092	1610	1610	1162	1736	1092	1246	1568	1344	1330	1218	1148	1232	1316	1162	1694	1218	1708	1176	1708	1134	1148	1120	1652	1190	1204	1372	1610	1162	
1582	0	546	658	980	1176	1666	1624	1904	2338	2366	2534	2548	2604	2758	2884	2744	3262	2744	3122	2534	2842	2212	2044	1848	1904	1414	1176	924	658	490	
1092	546	0	574	756	700	1302	1106	1386	1820	1820	1974	2002	2058	2226	2380	2240	2800	2310	2744	2170	2576	1932	1806	1652	1890	1344	1148	1036	966	462	
1610	658	574	0	336	714	1036	1190	1456	1848	1974	2198	2282	2408	2604	2786	2702	3290	2828	3304	2730	3150	2520	2394	2226	2436	1890	1680	1498	1316	952	
1610	980	756	336	0	518	700	966	1204	1568	1736	1974	2114	2254	2464	2688	2632	3234	2814	3318	2786	3248	2618	2520	2380	2646	2100	1904	1764	1610	1190	
1162	1176	700	714	518	0	644	476	756	1162	1260	1484	1596	1722	1946	2170	2128	2730	2338	2856	2352	2856	2254	2198	2086	2464	1904	1764	1708	1666	1162	
1736	1666	1302	1036	700	644	0	700	784	1022	1288	1568	1778	1988	2240	2492	2520	3136	2814	3374	2912	3444	2870	2828	2730	3108	2548	2408	2324	2254	1764	
1092	1624	1106	1190	966	476	700	0	280	700	770	1008	1148	1316	1568	1806	1820	2436	2114	2674	2240	2786	2240	2240	2170	2632	2100	2002	2016	2044	1512	
1246	1904	1386	1456	1204	756	784	280	0	420	532	798	994	1204	1456	1722	1792	2394	2128	2702	2310	2898	2380	2394	2366	2842	2324	2240	2282	2338	1792	
1568	2338	1820	1848	1568	1162	1022	700	420	0	364	658	924	1190	1442	1722	1862	2436	2268	2842	2520	3122	2660	2716	2688	3206	2702	2646	2688	2758	2226	
1344	2366	1820	1974	1736	1260	1288	770	532	364	0	294	546	812	1064	1358	1484	2058	1904	2492	2198	2800	2380	2450	2450	3010	2520	2492	2590	2702	2170	
1330	2534	1974	2198	1974	1484	1568	1008	798	658	294	0	280	546	798	1092	1260	1806	1708	2282	2044	2646	2268	2366	2408	2982	2534	2534	2660	2814	2296	
1218	2548	2002	2282	2114	1596	1778	1148	994	924	546	280	0	266	518	798	966	1512	1428	2002	1792	2394	2044	2170	2226	2814	2394	2422	2576	2772	2268	
1148	2604	2058	2408	2254	1722	1988	1316	1204	1190	812	546	266	0	252	532	700	1246	1176	1736	1554	2156	1848	1988	2072	2674	2296	2338	2534	2758	2268	
1232	2758	2226	2604	2464	1946	2240	1568	1456	1442	1064	798	518	252	0	280	504	994	994	1526	1414	2002	1778	1932	2044	2646	2310	2394	2604	2856	2394	
1316	2884	2380	2786	2688	2170	2492	1806	1722	1722	1358	1092	798	532	280	0	294	714	770	1274	1246	1806	1652	1848	1974	2576	2296	2408	2646	2926	2492	
1162	2744	2240	2702	2632	2128	2520	1820	1792	1862	1484	1260	966	700	504	294	0	602	490	1022	952	1512	1358	1554	1694	2296	2044	2156	2422	2716	2310	
1694	3262	2800	3290	3234	2730	3136	2436	2394	2436	2058	1806	1512	1246	994	714	602	0	560	714	1008	1386	1498	1736	1932	2492	2366	2534	2814	3164	2814	
1218	2744	2310	2828	2814	2338	2814	2114	2128	2268	1904	1708	1428	1176	994	770	490	560	0	574	504	1022	966	1190	1372	1946	1806	1974	2254	2604	2268	
1708	3122	2744	3304	3318	2856	3374	2674	2702	2842	2492	2282	2002	1736	1526	1274	1022	714	574	0	588	700	1036	1274	1498	1974	1988	2198	2506	2884	2646	
1176	2534	2170	2730	2786	2352	2912	2240	2310	2520	2198	2044	1792	1554	1414	1246	952	1008	504	588	0	602	490	728	938	1470	1400	1610	1918	2282	2044	
1708	2842	2576	3150	3248	2856	3444	2786	2898	3122	2800	2646	2394	2156	2002	1806	1512	1386	1022	700	602	0	630	812	1022	1358	1512	1764	2072	2478	2352	
1134	2212	1932	2520	2618	2254	2870	2240	2380	2660	2380	2268	2044	1848	1778	1652	1358	1498	966	1036	490	630	0	238	462	980	952	1176	1484	1876	1722	
1148	2044	1806	2394	2520	2198	2828	2240	2394	2716	2450	2366	2170	1988	1932	1848	1554	1736	1190	1274	728	812	238	0	224	742	714	952	1274	1666	1554	
1120	1848	1652	2226	2380	2086	2730	2170	2366	2688	2450	2408	2226	2072	2044	1974	1694	1932	1372	1498	938	1022	462	224	0	602	490	728	1050	1442	1358	
1652	1904	1890	2436	2646	2464	3108	2632	2842	3206	3010	2982	2814	2674	2646	2576	2296	2492	1946	1974	1470	1358	980	742	602	0	546	742	980	1344	1484	
1190	1414	1344	1890	2100	1904	2548	2100	2324	2702	2520	2534	2394	2296	2310	2296	2044	2366	1806	1988	1400	1512	952	714	490	546	0	252	560	952	966	
1204	1176	1148	1680	1904	1764	2408	2002	2240	2646	2492	2534	2422	2338	2394	2408	2156	2534	1974	2198	1610	1764	1176	952	728	742	252	0	308	700	728	
1372	924	1036	1498	1764	1708	2324	2016	2282	2688	2590	2660	2576	2534	2604	2646	2422	2814	2254	2506	1918	2072	1484	1274	1050	980	560	308	0	392	574	
1610	658	966	1316	1610	1666	2254	2044	2338	2758	2702	2814	2772	2758	2856	2926	2716	3164	2604	2884	2282	2478	1876	1666	1442	1344	952	700	392	0	532	
1162	490	462	952	1190	1162	1764	1512	1792	2226	2170	2296	2268	2268	2394	2492	2310	2814	2268	2646	2044	2352	1722	1554	1358	1484	966	728	574	532	0	
V9
0	1762	1216	1794	1794	1294	1934	1216	1388	1747	1497	1482	1357	1279	1372	1466	1294	1887	1357	1903	1310	1903	1263	1279	1248	1840	1326	1341	1528	1794	1294	
1762	0	608	733	1092	1310	1856	1809	2121	2605	2636	2823	2839	2901	3073	3213	3057	3634	3057	3478	2823	3166	2464	2277	2059	2121	1575	1310	1029	733	546	
1216	608	0	639	842	780	1450	1232	1544	2028	2028	2199	2230	2293	2480	2652	2496	3120	2574	3057	2418	2870	2152	2012	1840	2106	1497	1279	1154	1076	514	
1794	733	639	0	374	795	1154	1326	1622	2059	2199	2449	2542	2683	2901	3104	3010	3666	3151	3681	3042	3510	2808	2667	2480	2714	2106	1872	1669	1466	1060	
1794	1092	842	374	0	577	780	1076	1341	1747	1934	2199	2355	2511	2745	2995	2932	3603	3135	3697	3104	3619	2917	2808	2652	2948	2340	2121	1965	1794	1326	
1294	1310	780	795	577	0	717	530	842	1294	1404	1653	1778	1918	2168	2418	2371	3042	2605	3182	2620	3182	2511	2449	2324	2745	2121	1965	1903	1856	1294	
1934	1856	1450	1154	780	717	0	780	873	1138	1435	1747	1981	2215	2496	2776	2808	3494	3135	3759	3244	3837	3198	3151	3042	3463	2839	2683	2589	2511	1965	
1216	1809	1232	1326	1076	530	780	0	312	780	858	1123	1279	1466	1747	2012	2028	2714	2355	2979	2496	3104	2496	2496	2418	2932	2340	2230	2246	2277	1684	
1388	2121	1544	1622	1341	842	873	312	0	468	592	889	1107	1341	1622	1918	1996	2667	2371	3010	2574	3229	2652	2667	2636	3166	2589	2496	2542	2605	1996	
1747	2605	2028	2059	1747	1294	1138	780	468	0	405	733	1029	1326	1606	1918	2074	2714	2527	3166	2808	3478	2964	3026	2995	3572	3010	2948	2995	3073	2480	
1497	2636	2028	2199	1934	1404	1435	858	592	405	0	327	608	904	1185	1513	1653	2293	2121	2776	2449	3120	2652	2730	2730	3354	2808	2776	2886	3010	2418	
1482	2823	2199	2449	2199	1653	1747	1123	889	733	327	0	312	608	889	1216	1404	2012	1903	2542	2277	2948	2527	2636	2683	3322	2823	2823	2964	3135	2558	
1357	2839	2230	2542	2355	1778	1981	1279	1107	1029	608	312	0	296	577	889	1076	1684	1591	2230	1996	2667	2277	2418	2480	3135	2667	2698	2870	3088	2527	
1279	2901	2293	2683	2511	1918	2215	1466	1341	1326	904	608	296	0	280	592	780	1388	1310	1934	1731	2402	2059	2215	2308	2979	2558	2605	2823	3073	2527	
1372	3073	2480	2901	2745	2168	2496	1747	1622	1606	1185	889	577	280	0	312	561	1107	1107	1700	1575	2230	1981	2152	2277	2948	2574	2667	2901	3182	2667	
1466	3213	2652	3104	2995	2418	2776	2012	1918	1918	1513	1216	889	592	312	0	327	795	858	1419	1388	2012	1840	2059	2199	2870	2558	2683	2948	3260	2776	
1294	3057	2496	3010	2932	2371	2808	2028	1996	2074	1653	1404	1076	780	561	327	0	670	546	1138	1060	1684	1513	1731	1887	2558	2277	2402	2698	3026	2574	
1887	3634	3120	3666	3603	3042	3494	2714	2667	2714	2293	2012	1684	1388	1107	795	670	0	624	795	1123	1544	1669	1934	2152	2776	2636	2823	3135	3525	3135	
1357	3057	2574	3151	3135	2605	3135	2355	2371	2527	2121	1903	1591	1310	1107	858	546	624	0	639	561	1138	1076	1326	1528	2168	2012	2199	2511	2901	2527	
1903	3478	3057	3681	3697	3182	3759	2979	3010	3166	2776	2542	2230	1934	1700	1419	1138	795	639	0	655	780	1154	1419	1669	2199	2215	2449	2792	3213	2948	
1310	2823	2418	3042	3104	2620	3244	2496	2574	2808	2449	2277	1996	1731	1575	1388	1060	1123	561	655	0	670	546	811	1045	1638	1560	1794	2137	2542	2277	
1903	3166	2870	3510	3619	3182	3837	3104	3229	3478	3120	2948	2667	2402	2230	2012	1684	1544	1138	780	670	0	702	904	1138	1513	1684	1965	2308	2761	2620	
1263	2464	2152	2808	2917	2511	3198	2496	2652	2964	2652	2527	2277	2059	1981	1840	1513	1669	1076	1154	546	702	0	265	514	1092	1060	1310	1653	2090	1918	
1279	2277	2012	2667	2808	2449	3151	2496	2667	3026	2730	2636	2418	2215	2152	2059	1731	1934	1326	1419	811	904	265	0	249	826	795	1060	1419	1856	1731	
1248	2059	1840	2480	2652	2324	3042	2418	2636	2995	2730	2683	2480	2308	2277	2199	1887	2152	1528	1669	1045	1138	514	249	0	670	546	811	1170	1606	1513	
1840	2121	2106	2714	2948	2745	3463	2932	3166	3572	3354	3322	3135	2979	2948	2870	2558	2776	2168	2199	1638	1513	1092	826	670	0	608	826	1092	1497	1653	
1326	1575	1497	2106	2340	2121	2839	2340	2589	3010	2808	2823	2667	2558	2574	2558	2277	2636	2012	2215	1560	1684	1060	795	546	608	0	280	624	1060	1076	
1341	1310	1279	1872	2121	1965	2683	2230	2496	2948	2776	2823	2698	2605	2667	2683	2402	2823	2199	2449	1794	1965	1310	1060	811	826	280	0	343	780	811	
1528	1029	1154	1669	1965	1903	2589	2246	2542	2995	2886	2964	2870	2823	2901	2948	2698	3135	2511	2792	2137	2308	1653	1419	1170	1092	624	343	0	436	639	
1794	733	1076	1466	1794	1856	2511	2277	2605	3073	3010	3135	3088	3073	3182	3260	3026	3525	2901	3213	2542	2761	2090	1856	1606	1497	1060	780	436	0	592	
1294	546	514	1060	1326	1294	1965	1684	1996	2480	2418	2558	2527	2527	2667	2776	2574	3135	2527	2948	2277	2620	1918	1731	1513	1653	1076	811	639	592	0	
V10
0	2079	1435	2116	2116	1527	2281	1435	1637	2060	1766	1748	1600	1508	1619	1729	1527	2226	1600	2244	1545	2244	1490	1508	1472	2171	1564	1582	1803	2116	1527	
2079	0	717	864	1288	1545	2189	2134	2502	3072	3109	3330	3348	3422	3624	3790	3606	4287	3606	4103	3330	3735	2907	2686	2428	2502	1858	1545	1214	864	644	
1435	717	0	754	993	920	1711	1453	1821	2392	2392	2594	2631	2704	2925	3128	2944	3680	3036	3606	2852	3385	2539	2373	2171	2484	1766	1508	1361	1269	607	
2116	864	754	0	441	938	1361	1564	1913	2428	2594	2888	2999	3164	3422	3661	3551	4324	3716	4342	3588	4140	3312	3146	2925	3201	2484	2208	1968	1729	1251	
2116	1288	993	441	0	680	920	1269	1582	2060	2281	2594	2778	2962	3238	3532	3459	4250	3698	4360	3661	4268	3440	3312	3128	3477	2760	2502	2318	2116	1564	
1527	1545	920	938	680	0	846	625	993	1527	1656	1950	2097	2263	2557	2852	2796	3588	3072	3753	3091	3753	2962	2888	2741	3238	2502	2318	2244	2189	1527	
2281	2189	1711	1361	920	846	0	920	1030	1343	1692	2060	2336	2612	2944	3275	3312	4121	3698	4434	3827	4526	3772	3716	3588	4084	3348	3164	3054	2962	2318	
1435	2134	1453	1564	1269	625	920	0	368	920	1012	1324	1508	1729	2060	2373	2392	3201	2778	3514	2944	3661	2944	2944	2852	3459	2760	2631	2649	2686	1987	
1637	2502	1821	1913	1582	993	1030	368	0	552	699	1048	1306	1582	1913	2263	2355	3146	2796	3551	3036	3808	3128	3146	3109	3735	3054	2944	2999	3072	2355	
2060	3072	2392	2428	2060	1527	1343	920	552	0	478	864	1214	1564	1895	2263	2447	3201	2980	3735	3312	4103	3496	3569	3532	4213	3551	3477	3532	3624	2925	
1766	3109	2392	2594	2281	1656	1692	1012	699	478	0	386	717	1067	1398	1784	1950	2704	2502	3275	2888	3680	3128	3220	3220	3956	3312	3275	3404	3551	2852	
1748	3330	2594	2888	2594	1950	2060	1324	1048	864	386	0	368	717	1048	1435	1656	2373	2244	2999	2686	3477	2980	3109	3164	3919	3330	3330	3496	3698	3017	
1600	3348	2631	2999	2778	2097	2336	1508	1306	1214	717	368	0	349	680	1048	1269	1987	1876	2631	2355	3146	2686	2852	2925	3698	3146	3183	3385	3643	2980	
1508	3422	2704	3164	2962	2263	2612	1729	1582	1564	1067	717	349	0	331	699	920	1637	1545	2281	2042	2833	2428	2612	2723	3514	3017	3072	3330	3624	2980	
1619	3624	2925	3422	3238	2557	2944	2060	1913	1895	1398	1048	680	331	0	368	662	1306	1306	2005	1858	2631	2336	2539	2686	3477	3036	3146	3422	3753	3146	
1729	3790	3128	3661	3532	2852	3275	2373	2263	2263	1784	1435	1048	699	368	0	386	938	1012	1674	1637	2373	2171	2428	2594	3385	3017	3164	3477	3845	3275	
1527	3606	2944	3551	3459	2796	3312	2392	2355	2447	1950	1656	1269	920	662	386	0	791	644	1343	1251	1987	1784	2042	2226	3017	2686	2833	3183	3569	3036	
2226	4287	3680	4324	4250	3588	4121	3201	3146	3201	2704	2373	1987	1637	1306	938	791	0	736	938	1324	1821	1968	2281	2539	3275	3109	3330	3698	4158	3698	
1600	3606	3036	3716	3698	3072	3698	2778	2796	2980	2502	2244	1876	1545	1306	1012	644	736	0	754	662	1343	1269	1564	1803	2557	2373	2594	2962	3422	2980	
2244	4103	3606	4342	4360	3753	4434	3514	3551	3735	3275	2999	2631	2281	2005	1674	1343	938	754	0	772	920	1361	1674	1968	2594	2612	2888	3293	3790	3477	
1545	3330	2852	3588	3661	3091	3827	2944	3036	3312	2888	2686	2355	2042	1858	1637	1251	1324	662	772	0	791	644	956	1232	1932	1840	2116	2520	2999	2686	
2244	3735	3385	4140	4268	3753	4526	3661	3808	4103	3680	3477	3146	2833	2631	2373	1987	1821	1343	920	791	0	828	1067	1343	1784	1987	2318	2723	3256	3091	
1490	2907	2539	3312	3440	2962	3772	2944	3128	3496	3128	2980	2686	2428	2336	2171	1784	1968	1269	1361	644	828	0	312	607	1288	1251	1545	1950	2465	2263	
1508	2686	2373	3146	3312	2888	3716	2944	3146	3569	3220	3109	2852	2612	2539	2428	2042	2281	1564	1674	956	1067	312	0	294	975	938	1251	1674	2189	2042	
1472	2428	2171	2925	3128	2741	3588	2852	3109	3532	3220	3164	2925	2723	2686	2594	2226	2539	1803	1968	1232	1343	607	294	0	791	644	956	1380	1895	1784	
2171	2502	2484	3201	3477	3238	4084	3459	3735	4213	3956	3919	3698	3514	3477	3385	3017	3275	2557	2594	1932	1784	1288	975	791	0	717	975	1288	1766	1950	
1564	1858	1766	2484	2760	2502	3348	2760	3054	3551	3312	3330	3146	3017	3036	3017	2686	3109	2373	2612	1840	1987	1251	938	644	717	0	331	736	1251	1269	
1582	1545	1508	2208	2502	2318	3164	2631	2944	3477	3275	3330	3183	3072	3146	3164	2833	3330	2594	2888	2116	2318	1545	1251	956	975	331	0	404	920	956	
1803	1214	1361	1968	2318	2244	3054	2649	2999	3532	3404	3496	3385	3330	3422	3477	3183	3698	2962	3293	2520	2723	1950	1674	1380	1288	736	404	0	515	754	
2116	864	1269	1729	2116	2189	2962	2686	3072	3624	3551	3698	3643	3624	3753	3845	3569	4158	3422	3790	2999	3256	2465	2189	1895	1766	1251	920	515	0	699	
1527	644	607	1251	1564	1527	2318	1987	2355	2925	2852	3017	2980	2980	3146	3275	3036	3698	2980	3477	2686	3091	2263	2042	1784	1950	1269	956	754	699	0	
Velocidade_Veiculos
1	1	1	1	1	1	1	1	1	1	1	