M: 8
N: 30
Nun_Veiculos: 8
Capacidade_Total: 567
Demanda_Total: 433
Setup_Min: 1
Setup_Max: 99
Raio: 20
Circulos: 1
Tempo_Processamento_Min: 1
Tempo_Processamento_Max: 49
Demanda_Min: 10
Demanda_Max: 30
Priority_Factor: 0.2
Range_Factor_R: 0.8
U_factor: 2
ALpha: 0.2Replicao: 0
Tempos_Processamentos
0	0	1	0	2	0	3	0	4	0	5	0	6	0	7	0	
0	26	1	4	2	19	3	2	4	46	5	14	6	42	7	27	
0	9	1	42	2	46	3	21	4	6	5	11	6	26	7	28	
0	16	1	35	2	11	3	32	4	42	5	41	6	44	7	41	
0	4	1	42	2	40	3	44	4	18	5	49	6	41	7	15	
0	7	1	27	2	49	3	25	4	20	5	34	6	10	7	11	
0	10	1	8	2	40	3	34	4	41	5	35	6	39	7	47	
0	7	1	30	2	24	3	15	4	1	5	42	6	29	7	2	
0	21	1	28	2	17	3	38	4	24	5	27	6	13	7	8	
0	32	1	37	2	28	3	31	4	24	5	25	6	29	7	11	
0	25	1	5	2	34	3	48	4	2	5	38	6	9	7	43	
0	6	1	4	2	13	3	26	4	25	5	18	6	14	7	33	
0	20	1	7	2	26	3	22	4	37	5	24	6	5	7	47	
0	45	1	5	2	24	3	19	4	12	5	18	6	42	7	5	
0	49	1	39	2	12	3	47	4	20	5	25	6	32	7	41	
0	10	1	44	2	12	3	33	4	12	5	45	6	11	7	31	
0	35	1	34	2	4	3	47	4	7	5	30	6	39	7	38	
0	9	1	49	2	31	3	48	4	48	5	48	6	7	7	14	
0	35	1	18	2	44	3	43	4	33	5	4	6	3	7	11	
0	23	1	26	2	47	3	2	4	39	5	5	6	11	7	9	
0	19	1	9	2	33	3	4	4	49	5	14	6	17	7	47	
0	17	1	8	2	46	3	46	4	15	5	27	6	15	7	40	
0	17	1	7	2	7	3	26	4	36	5	26	6	40	7	36	
0	44	1	40	2	24	3	34	4	7	5	49	6	49	7	14	
0	48	1	47	2	16	3	24	4	40	5	22	6	33	7	39	
0	10	1	23	2	43	3	37	4	48	5	12	6	46	7	39	
0	44	1	9	2	33	3	2	4	3	5	24	6	43	7	2	
0	12	1	46	2	22	3	27	4	41	5	33	6	20	7	27	
0	17	1	34	2	27	3	38	4	41	5	33	6	13	7	40	
0	40	1	26	2	9	3	13	4	32	5	36	6	17	7	1	
0	2	1	16	2	21	3	40	4	48	5	19	6	29	7	31	

Tempos_setup
M0
0	0	0	0	0	0	0	0	0	0	0	0	0	0	0	0	0	0	0	0	0	0	0	0	0	0	0	0	0	0	0	
0	0	15	21	15	12	12	22	19	16	9	14	10	9	13	15	8	22	10	6	19	17	23	16	11	16	8	12	13	5	3	
0	17	0	24	5	22	14	28	18	18	26	26	24	23	26	17	25	24	12	23	20	31	8	14	21	27	25	29	10	22	15	
0	17	16	0	21	20	14	28	28	18	16	15	19	19	26	15	17	12	12	22	16	29	24	17	9	25	20	28	26	22	20	
0	22	21	33	0	18	19	26	36	23	31	31	27	31	31	22	30	29	17	28	29	27	29	23	26	32	30	34	15	27	25	
0	20	3	20	8	0	17	21	18	17	17	16	9	14	16	20	24	21	15	10	20	9	11	14	16	15	12	16	13	14	17	
0	8	11	14	16	8	0	14	19	4	14	12	14	13	12	3	12	10	14	14	10	17	19	4	15	13	16	20	21	13	11	
0	9	12	18	17	9	6	0	16	10	9	7	7	12	14	7	16	16	4	9	16	18	16	10	1	13	11	8	16	12	12	
0	9	17	11	6	14	16	29	0	20	13	19	19	10	19	10	17	10	14	15	7	23	25	1	17	20	17	17	21	10	9	
0	19	12	18	17	9	16	10	24	0	14	8	15	17	8	4	13	10	14	19	14	18	20	20	11	14	21	18	19	22	22	
0	6	14	17	19	11	3	17	19	7	0	15	13	15	15	6	14	13	1	12	13	20	22	7	11	16	14	18	19	11	9	
0	11	15	20	20	12	20	22	19	18	18	0	10	15	17	21	19	28	18	17	25	21	23	20	15	16	19	23	24	16	14	
0	14	5	11	10	2	11	12	9	8	8	7	0	5	7	12	15	18	9	12	15	11	13	10	13	6	14	18	15	16	13	
0	9	17	14	22	14	6	20	22	10	3	18	16	0	18	9	17	16	4	15	10	23	25	10	14	19	17	21	22	14	12	
0	18	24	19	13	23	15	27	34	17	27	25	25	27	0	18	26	25	13	24	25	32	32	19	22	28	13	30	11	23	19	
0	16	8	15	13	5	13	22	20	12	19	11	11	16	12	0	9	22	11	15	23	14	16	17	21	10	17	21	18	19	19	
0	7	7	13	12	4	4	14	11	8	10	9	2	7	9	7	0	14	2	13	14	13	15	8	15	8	15	19	17	12	10	
0	10	14	8	19	11	7	21	23	11	4	19	17	7	19	10	18	0	5	13	4	20	22	11	15	20	15	19	20	15	13	
0	5	13	16	18	10	2	16	21	6	14	14	12	14	14	5	13	12	0	11	12	19	21	6	16	15	13	17	18	10	8	
0	13	20	24	9	18	10	24	26	14	7	13	20	22	7	13	21	20	8	0	20	15	28	14	15	23	2	6	7	4	7	
0	12	10	4	15	7	9	22	25	13	6	17	16	3	18	6	15	16	7	17	0	16	18	13	13	16	19	23	20	17	15	
0	14	21	15	10	18	11	25	27	15	8	14	21	14	8	13	22	21	9	1	11	0	29	5	16	23	3	7	8	5	8	
0	23	29	26	21	26	20	34	15	24	20	21	25	25	30	21	23	25	18	25	22	35	0	16	15	31	27	31	28	21	7	
0	18	16	10	21	13	15	28	31	19	12	22	22	9	24	12	21	22	13	23	6	22	24	0	16	22	22	29	26	23	8	
0	8	14	19	19	11	5	19	24	9	17	6	15	17	17	6	15	15	3	14	15	20	22	9	0	16	16	20	21	13	11	
0	12	8	5	13	11	13	12	20	2	11	1	11	16	2	6	9	12	11	18	16	20	16	17	13	0	15	12	13	16	15	
0	29	30	31	25	27	26	28	42	18	31	26	33	35	12	22	31	28	24	35	32	36	29	30	26	32	0	36	23	27	18	
0	7	15	18	17	12	4	18	20	8	1	13	14	16	13	7	15	14	2	13	14	21	23	8	12	17	15	0	20	4	7	
0	7	13	18	2	12	4	18	23	8	16	16	14	16	16	7	15	14	2	13	14	21	21	8	11	17	15	19	0	12	10	
0	19	24	24	22	21	16	30	28	20	16	9	19	23	9	17	26	26	14	21	20	30	32	20	11	25	13	27	20	0	3	
0	16	22	24	27	19	13	27	32	17	13	14	23	25	25	14	23	23	11	18	23	28	30	17	8	24	20	24	25	21	0	
M1
0	0	0	0	0	0	0	0	0	0	0	0	0	0	0	0	0	0	0	0	0	0	0	0	0	0	0	0	0	0	0	
0	0	14	8	12	8	7	17	7	6	6	4	9	8	7	8	6	12	9	7	11	6	3	1	13	6	3	2	12	6	11	
0	22	0	21	25	17	12	31	20	28	11	18	10	22	17	18	22	22	15	23	22	20	24	15	16	20	16	24	21	20	21	
0	17	9	0	15	14	6	23	10	23	5	12	12	17	11	15	13	16	16	14	19	12	13	15	16	14	18	12	18	3	16	
0	14	14	22	0	17	3	25	18	20	9	10	13	15	8	11	20	13	19	10	21	16	16	11	19	4	17	16	20	12	13	
0	13	9	17	16	0	2	25	12	19	1	9	14	14	7	11	19	12	20	19	5	14	15	10	18	11	12	15	4	11	12	
0	11	19	19	14	18	0	26	16	17	11	7	18	12	5	14	17	10	18	18	19	16	13	12	20	9	14	13	22	9	10	
0	13	16	10	12	7	9	0	7	19	8	9	9	12	11	14	16	8	19	17	10	5	2	14	13	11	15	1	11	10	12	
0	12	11	13	5	4	4	13	0	18	3	2	2	7	4	8	13	9	13	14	9	2	14	7	6	4	8	13	8	4	11	
0	11	15	19	10	6	8	15	6	0	7	3	8	5	1	7	17	6	14	15	9	4	1	12	12	5	14	11	10	5	10	
0	12	8	20	15	19	1	24	17	18	0	8	18	13	6	15	18	11	19	19	20	17	14	13	21	10	15	14	23	10	11	
0	11	12	19	14	13	5	19	9	17	4	0	11	5	10	7	17	15	11	15	17	11	12	12	13	2	14	11	16	2	10	
0	12	9	11	15	7	2	23	10	18	1	9	0	13	7	8	13	12	16	14	12	12	14	7	6	11	6	14	11	11	11	
0	6	18	14	17	9	11	14	12	12	10	8	14	0	13	2	12	18	15	10	12	10	7	7	8	10	9	6	11	10	5	
0	10	14	18	9	15	7	21	11	16	6	2	13	7	0	9	16	5	13	17	18	13	12	11	15	4	13	12	18	4	9	
0	4	18	12	16	11	11	19	11	10	10	8	13	5	11	0	10	16	13	8	10	9	6	5	13	10	7	6	9	10	3	
0	6	15	14	7	8	8	16	9	12	7	6	11	7	13	2	0	18	3	1	12	7	8	2	15	8	9	8	11	8	5	
0	5	19	13	16	12	12	21	12	11	11	9	14	13	12	12	11	0	13	12	15	10	7	6	18	11	8	7	16	11	4	
0	13	14	21	14	5	7	22	12	19	6	3	14	8	12	9	7	17	0	8	10	14	15	9	16	5	16	14	9	5	12	
0	5	14	13	13	7	7	15	8	11	6	9	10	6	12	1	11	17	14	0	11	6	7	1	14	11	8	7	10	11	4	
0	20	9	28	21	22	21	30	23	26	20	20	19	21	26	16	14	31	17	15	0	21	22	16	25	22	23	22	25	22	19	
0	14	11	15	7	2	4	11	2	20	3	4	4	9	6	10	15	11	15	16	7	0	13	9	8	6	10	12	6	6	13	
0	17	14	18	10	5	7	14	5	23	6	7	7	12	9	13	18	14	18	19	8	3	0	12	11	9	13	15	9	9	16	
0	13	13	20	12	7	6	16	7	19	5	9	9	7	11	9	19	16	20	17	12	5	14	0	13	11	15	13	11	11	12	
0	6	10	14	13	1	3	17	8	12	2	10	10	7	8	2	7	13	10	8	6	6	8	1	0	12	9	8	5	12	5	
0	17	10	20	20	16	6	29	19	23	5	13	9	18	11	17	22	16	24	23	21	21	19	16	15	0	15	19	20	15	16	
0	15	14	5	9	8	8	17	4	21	7	6	6	11	8	11	17	13	14	10	13	6	17	11	10	8	0	17	12	8	14	
0	14	15	9	11	6	8	15	6	20	7	8	8	11	10	13	15	15	18	16	9	4	1	13	12	10	14	0	10	10	16	
0	11	10	18	13	12	12	21	8	17	11	10	10	12	12	7	15	17	18	15	1	10	13	10	14	12	14	13	0	12	10	
0	14	10	18	12	11	3	20	7	20	2	9	9	14	8	15	20	13	20	21	16	9	10	14	13	11	15	9	15	0	13	
0	1	15	9	13	8	8	17	8	7	7	5	10	9	8	9	7	13	10	8	11	6	3	2	14	7	4	3	12	7	0	
M2
0	0	0	0	0	0	0	0	0	0	0	0	0	0	0	0	0	0	0	0	0	0	0	0	0	0	0	0	0	0	0	
0	0	10	9	10	6	10	9	19	5	7	1	16	6	9	7	7	8	16	1	14	6	6	9	17	4	16	7	9	5	3	
0	16	0	1	17	13	18	10	21	12	6	12	19	13	10	6	6	9	18	17	20	7	19	18	16	5	16	14	8	16	14	
0	19	9	0	16	16	22	15	20	17	15	17	18	18	9	5	5	14	24	18	25	6	18	21	15	10	15	13	8	16	17	
0	14	11	12	0	11	6	8	26	10	12	10	17	11	8	15	12	7	23	15	10	5	17	16	24	16	18	12	14	14	12	
0	7	4	3	4	0	10	12	22	12	1	8	15	13	6	8	8	11	21	8	14	7	13	16	18	9	13	1	3	7	5	
0	8	9	8	9	5	0	2	20	4	6	4	15	5	11	9	6	1	21	9	4	9	14	10	18	12	12	6	8	8	6	
0	6	7	6	7	3	13	0	18	2	4	2	13	3	9	7	4	12	19	7	10	7	12	8	16	10	10	4	6	6	4	
0	15	12	11	12	8	18	20	0	14	9	16	22	12	14	16	9	19	16	16	22	15	21	24	7	17	13	9	11	15	13	
0	8	5	4	5	1	11	13	23	0	2	9	11	1	7	9	2	12	17	5	15	8	10	13	14	10	14	2	4	8	6	
0	14	3	4	15	14	21	13	24	13	0	13	14	14	5	9	8	12	20	15	23	10	14	17	19	8	16	14	2	14	12	
0	4	9	8	9	5	14	11	21	4	6	0	15	5	8	6	6	10	20	5	16	5	10	13	16	8	15	6	8	4	2	
0	12	12	11	12	8	17	9	25	7	9	8	0	8	9	14	1	8	6	8	19	6	13	16	21	16	16	9	9	5	10	
0	7	11	3	4	7	10	12	22	12	8	8	10	0	10	8	1	11	16	4	14	7	9	12	13	11	18	1	10	7	5	
0	12	15	11	10	11	16	14	20	12	12	8	9	13	0	14	10	17	15	13	20	13	9	12	24	16	11	9	12	12	10	
0	15	4	5	12	11	18	10	15	12	10	12	21	13	12	0	10	9	19	13	20	11	18	18	10	5	20	9	12	15	13	
0	15	19	11	12	15	18	18	31	15	16	14	24	16	15	16	0	17	30	16	22	12	21	24	26	19	22	9	18	11	13	
0	7	8	7	8	4	14	1	19	3	5	3	14	4	10	8	5	0	20	8	11	8	13	9	17	11	11	5	7	7	5	
0	6	6	5	6	2	11	12	20	1	3	7	12	2	6	8	3	11	0	2	15	7	7	10	15	10	15	3	3	6	4	
0	4	10	9	10	7	9	10	18	9	8	5	17	9	8	6	10	9	20	0	13	5	5	8	16	8	15	7	10	4	2	
0	20	22	16	17	18	23	15	26	17	19	17	23	13	23	21	14	24	29	17	0	20	22	16	26	24	25	14	21	20	18	
0	15	18	14	13	14	19	17	23	15	15	11	12	16	3	17	10	20	18	16	23	0	12	15	27	19	14	12	15	15	13	
0	9	6	5	6	2	12	5	13	7	3	7	14	4	8	10	5	13	20	6	15	9	0	3	17	11	15	3	5	9	7	
0	8	9	8	9	5	15	2	10	4	6	4	15	5	10	9	6	14	21	9	12	9	14	0	17	12	12	6	8	8	6	
0	8	5	4	5	1	11	13	23	10	2	9	15	5	7	9	2	12	9	9	15	8	14	17	0	10	14	2	4	8	6	
0	11	11	11	12	8	18	5	22	7	9	7	18	8	14	7	9	4	24	12	15	12	17	13	17	0	15	9	11	11	9	
0	12	16	8	9	12	15	17	9	11	13	12	13	5	4	13	6	16	10	9	19	12	13	16	16	16	0	6	1	12	10	
0	6	10	2	3	6	9	11	22	11	7	7	18	12	9	7	7	10	22	7	13	6	12	15	17	10	17	0	9	6	4	
0	15	16	14	13	12	19	17	23	11	13	11	12	12	3	17	6	20	18	16	23	16	12	15	25	19	14	12	0	15	13	
0	7	12	11	12	8	17	7	20	7	9	3	13	8	4	9	9	6	19	8	17	1	13	15	19	11	11	9	11	0	5	
0	2	8	7	8	8	12	9	19	7	8	3	15	8	6	4	9	8	18	3	16	3	8	11	14	6	13	5	10	2	0	
M3
0	0	0	0	0	0	0	0	0	0	0	0	0	0	0	0	0	0	0	0	0	0	0	0	0	0	0	0	0	0	0	
0	0	14	12	19	13	16	22	14	18	13	21	22	14	19	16	9	14	15	14	12	19	2	23	11	12	9	13	13	8	8	
0	4	0	7	17	8	11	16	5	22	11	18	13	9	15	5	11	12	4	9	7	8	6	10	9	9	13	2	15	12	12	
0	16	12	0	13	1	4	17	6	16	6	16	15	2	16	14	4	13	15	9	8	14	9	22	10	10	7	14	10	7	6	
0	15	11	12	0	13	16	18	11	15	13	21	22	14	16	16	12	14	15	10	9	16	5	21	11	9	6	13	10	11	5	
0	15	11	5	16	0	3	16	5	15	5	15	14	7	15	15	3	12	14	8	7	13	8	21	9	9	6	13	9	12	5	
0	18	14	2	15	3	0	19	8	18	8	18	17	4	18	16	6	15	17	11	10	16	11	24	12	12	9	16	12	9	8	
0	15	20	11	24	12	9	0	13	23	17	14	24	13	21	15	12	20	14	15	15	21	17	12	17	10	15	20	15	11	14	
0	12	17	5	12	6	9	11	0	21	6	14	12	7	10	10	9	7	9	4	2	14	11	16	4	15	10	9	10	12	11	
0	11	15	9	20	4	7	20	9	0	9	19	18	11	17	9	7	15	8	12	10	17	12	24	12	13	7	6	11	16	9	
0	13	13	13	18	14	13	11	11	17	0	17	9	15	10	11	5	16	10	3	11	8	10	23	13	9	8	8	4	14	7	
0	16	19	9	16	10	13	15	4	9	6	0	15	11	14	14	11	11	13	8	6	14	15	20	8	15	14	13	10	16	13	
0	5	14	11	19	12	9	22	14	18	13	18	0	13	13	19	6	17	18	14	12	19	7	24	14	12	9	16	13	5	8	
0	26	22	13	11	14	11	29	19	26	19	29	25	0	27	27	17	25	26	21	20	27	16	32	22	20	17	24	21	20	16	
0	17	16	11	18	12	13	23	15	20	12	20	21	13	0	15	8	13	14	15	14	20	1	22	10	14	11	12	15	7	10	
0	2	14	14	19	15	18	22	14	18	13	18	22	15	19	0	6	16	17	14	12	19	4	19	13	12	9	15	13	10	8	
0	12	8	9	13	10	13	16	8	12	7	12	16	11	13	13	0	11	12	8	6	13	5	18	8	6	3	10	7	10	2	
0	12	23	11	18	12	15	17	6	18	12	20	18	13	16	12	15	0	11	10	8	20	14	9	10	19	16	15	16	15	17	
0	3	15	3	13	4	7	12	1	19	7	15	13	5	11	1	7	8	0	5	3	15	5	17	5	13	10	10	11	10	9	
0	10	22	10	20	11	14	8	8	26	14	21	20	12	18	8	14	15	7	0	10	20	12	20	12	18	10	5	14	17	16	
0	12	15	3	10	4	7	10	9	19	4	12	13	5	8	10	7	5	9	2	0	12	9	14	2	13	8	7	8	10	9	
0	9	5	7	16	8	11	15	4	23	10	18	11	9	9	10	11	11	9	8	6	0	10	15	8	1	14	7	14	11	13	
0	16	15	10	17	11	14	22	14	19	11	19	20	12	20	14	7	12	13	14	13	19	0	21	9	13	10	11	14	6	9	
0	3	17	5	15	6	9	11	3	21	6	17	12	7	13	3	9	10	2	3	5	14	5	0	7	10	12	8	10	11	11	
0	15	13	1	8	2	5	13	7	17	2	10	11	3	12	13	5	3	12	5	9	10	10	12	0	11	8	10	6	8	7	
0	15	12	6	15	7	10	14	3	22	9	17	15	8	13	13	10	10	12	7	5	17	14	19	7	0	13	12	13	13	12	
0	15	15	6	13	7	10	13	5	22	7	15	16	8	10	13	10	8	12	5	3	10	10	17	5	9	0	10	4	13	12	
0	5	17	5	15	6	9	14	3	21	9	16	15	7	13	3	9	10	2	7	5	17	7	19	7	15	12	0	13	12	11	
0	15	11	11	20	12	15	13	8	26	14	22	17	13	6	16	14	15	15	12	10	6	7	21	12	5	17	13	0	13	16	
0	13	9	10	14	11	10	17	9	13	8	13	16	12	14	14	1	12	13	9	7	14	6	19	9	7	4	11	8	0	3	
0	10	6	7	11	8	11	14	6	10	8	16	17	9	11	11	9	9	10	6	4	11	3	16	6	4	1	8	5	8	0	
M4
0	0	0	0	0	0	0	0	0	0	0	0	0	0	0	0	0	0	0	0	0	0	0	0	0	0	0	0	0	0	0	
0	0	14	16	18	20	18	17	23	11	14	8	17	23	23	16	19	11	27	14	10	13	19	26	18	18	20	28	25	30	20	
0	16	0	25	7	15	17	15	19	19	12	17	15	13	12	4	8	10	26	19	18	14	18	14	23	15	9	23	13	25	19	
0	15	14	0	8	16	18	16	18	4	13	9	10	14	13	5	9	11	25	20	17	15	19	13	13	14	5	25	14	27	4	
0	12	8	23	0	11	10	8	15	19	5	20	11	15	20	12	1	3	22	18	18	16	11	10	16	11	2	17	21	22	12	
0	14	27	25	19	0	13	11	17	18	8	22	13	18	24	16	4	6	24	21	17	19	14	12	19	13	5	20	25	25	15	
0	16	26	24	18	15	0	18	19	19	15	17	15	29	32	24	19	19	23	14	18	14	25	14	24	15	20	31	13	28	26	
0	7	21	23	13	3	13	0	20	18	11	15	16	21	25	17	7	9	27	21	17	20	17	15	14	16	8	23	20	28	16	
0	22	22	24	14	21	24	18	0	25	15	21	10	17	16	22	15	17	31	10	24	14	22	24	19	21	16	12	31	26	21	
0	31	41	42	33	37	40	34	24	0	36	24	28	14	38	30	34	33	43	34	32	35	28	39	34	40	35	36	39	50	29	
0	7	21	18	16	6	16	3	12	18	0	15	19	20	24	16	10	12	17	21	17	20	16	18	17	6	11	24	23	19	15	
0	17	19	18	11	18	16	15	23	9	12	0	15	17	16	8	12	9	19	12	8	11	17	18	10	18	13	20	17	28	12	
0	23	23	29	19	27	22	26	20	20	23	11	0	25	24	16	20	15	30	16	19	22	23	26	21	22	21	31	25	22	21	
0	19	31	35	23	31	27	31	34	30	28	25	14	0	28	20	24	26	42	30	29	30	34	30	35	31	25	40	29	36	19	
0	9	19	14	11	13	8	10	19	14	7	5	18	13	0	8	12	1	15	16	13	14	6	17	15	13	13	23	17	21	7	
0	12	11	21	3	11	13	11	15	15	8	13	11	9	8	0	4	6	22	15	14	10	14	10	19	11	5	20	9	24	15	
0	11	23	22	15	10	9	7	14	18	4	19	10	14	20	12	0	2	21	17	17	15	10	9	15	10	1	16	21	21	11	
0	11	21	27	13	17	7	14	24	16	14	18	17	12	18	10	14	0	30	15	15	13	8	19	25	20	15	30	19	31	9	
0	14	15	1	9	17	19	14	13	5	11	10	11	15	14	6	10	12	0	15	18	10	11	14	14	15	6	8	15	28	5	
0	16	12	14	4	15	14	12	19	17	9	14	3	19	20	13	5	7	23	0	21	20	15	14	10	15	6	21	22	16	12	
0	11	16	18	8	10	8	7	16	1	4	18	7	13	14	6	9	1	21	4	0	3	9	16	14	10	10	25	15	20	10	
0	8	22	19	17	7	14	4	13	19	1	16	16	19	25	17	11	7	18	22	18	0	15	15	18	7	7	25	24	20	16	
0	3	13	19	5	9	12	6	16	14	10	10	12	11	10	2	6	5	23	17	13	12	0	11	20	12	7	22	11	25	1	
0	2	16	13	16	15	14	12	5	9	9	10	1	15	21	13	5	7	12	12	8	11	11	0	20	1	6	17	22	14	12	
0	15	11	14	6	14	11	14	18	7	11	16	14	12	11	3	7	9	13	18	17	13	17	13	0	14	8	21	12	27	2	
0	1	15	12	15	19	19	16	6	12	15	9	16	14	20	12	16	12	11	15	11	14	10	21	19	0	17	18	21	13	11	
0	10	23	21	15	23	22	20	13	17	17	18	9	13	25	17	13	15	20	20	16	17	19	8	14	9	0	25	26	22	16	
0	10	15	20	7	9	16	6	6	15	3	18	10	20	19	11	8	9	19	7	20	2	17	17	8	9	9	0	20	22	10	
0	3	17	14	13	2	13	5	6	6	2	11	2	16	19	11	6	6	13	9	5	1	12	1	19	2	7	18	0	15	13	
0	14	23	25	15	17	15	14	23	8	11	22	14	20	21	13	16	8	27	11	7	10	16	23	14	17	17	32	22	0	16	
0	13	12	22	4	12	14	12	16	16	9	14	12	10	9	1	5	7	23	16	15	11	15	11	20	12	6	21	10	25	0	
M5
0	0	0	0	0	0	0	0	0	0	0	0	0	0	0	0	0	0	0	0	0	0	0	0	0	0	0	0	0	0	0	
0	0	13	15	16	10	17	12	7	14	13	2	1	17	15	11	12	19	13	18	9	8	10	22	17	7	9	11	16	24	17	
0	21	0	14	10	29	11	22	17	12	23	12	11	21	13	20	16	18	16	11	18	18	16	25	19	17	16	17	22	28	10	
0	13	15	0	12	22	12	12	8	8	18	3	2	18	14	11	13	4	2	17	9	9	12	11	15	8	12	3	18	24	14	
0	12	14	16	0	20	1	16	17	19	25	13	13	19	3	10	14	20	14	6	8	20	11	18	16	11	10	19	17	28	19	
0	6	12	6	15	0	10	12	11	4	15	8	7	10	12	1	5	10	8	15	2	14	9	15	10	13	8	9	10	14	7	
0	18	19	24	26	19	0	15	20	22	29	12	14	20	2	16	15	22	16	5	14	21	20	17	15	10	19	21	23	27	20	
0	16	22	16	18	10	19	0	21	14	14	18	17	19	21	11	15	20	10	24	12	24	19	25	20	14	18	19	20	12	17	
0	14	11	16	14	24	15	14	0	22	10	16	15	22	17	13	17	20	17	20	11	22	24	27	17	13	23	19	13	26	17	
0	10	8	2	11	17	6	11	7	0	11	5	4	18	8	13	13	6	4	11	11	11	5	13	7	10	4	5	11	23	7	
0	11	18	17	4	17	5	8	18	15	0	8	12	13	7	9	8	14	9	10	7	19	15	18	7	3	14	17	15	20	13	
0	21	19	21	18	31	16	24	24	29	32	0	22	32	18	24	27	25	23	21	24	29	16	27	31	26	28	9	22	36	26	
0	12	17	20	19	21	17	11	6	18	16	1	0	16	19	10	11	23	12	21	8	7	17	21	16	6	17	10	19	23	16	
0	10	8	12	17	20	17	11	17	20	23	12	11	0	16	19	9	16	14	19	19	18	11	19	14	17	15	15	9	23	13	
0	23	29	23	28	17	26	29	24	21	28	10	24	27	0	18	22	21	23	3	19	31	26	15	27	30	25	19	27	31	24	
0	5	14	11	17	15	12	11	12	9	18	7	6	9	14	0	4	15	7	17	1	13	11	14	9	12	10	14	9	23	9	
0	9	10	11	13	15	8	10	12	13	22	7	6	5	10	15	0	12	7	13	14	13	7	10	5	12	6	14	8	22	5	
0	9	12	14	15	19	8	16	16	14	22	11	10	16	10	7	11	0	11	13	5	17	9	21	16	16	8	17	15	28	10	
0	16	14	8	17	23	12	17	13	6	17	11	10	24	14	19	19	12	0	17	17	17	11	19	13	16	10	11	17	27	13	
0	35	32	37	35	35	36	35	21	39	31	25	36	43	38	34	38	41	37	0	32	43	41	40	38	34	43	26	34	47	38	
0	4	16	13	19	14	14	13	11	11	17	6	5	11	16	2	6	17	6	19	0	12	13	16	11	11	12	15	11	25	11	
0	5	17	14	20	15	15	14	12	12	18	7	6	12	17	3	7	18	7	20	1	0	14	17	12	12	13	16	12	26	12	
0	5	3	5	6	15	7	8	11	13	16	7	6	16	5	8	11	9	7	8	9	13	0	16	16	12	14	8	6	20	10	
0	19	17	19	20	29	21	22	25	27	30	21	20	30	19	22	25	23	21	22	23	24	14	0	30	26	13	22	20	34	24	
0	9	16	10	19	10	14	10	15	8	19	11	10	20	16	11	15	7	2	19	12	17	13	21	0	16	12	13	8	22	12	
0	8	15	14	18	15	13	5	15	12	19	10	9	10	15	6	5	17	6	18	4	16	12	15	10	0	11	17	13	17	10	
0	6	4	6	7	16	8	9	12	14	17	8	7	17	6	9	12	10	8	9	10	14	1	17	17	13	0	9	7	21	11	
0	19	12	21	9	29	10	20	26	24	32	13	20	23	12	17	21	25	21	15	15	27	20	18	25	20	19	0	18	31	22	
0	1	14	3	15	11	12	2	8	11	14	3	2	15	14	12	10	7	5	17	10	9	11	14	15	8	10	6	0	14	4	
0	24	25	24	23	18	23	25	27	22	19	22	21	20	25	19	15	27	22	28	20	28	22	25	20	22	21	27	23	0	20	
0	13	16	14	19	21	14	12	7	12	17	2	1	11	16	11	6	18	13	19	9	8	13	16	11	7	12	11	14	24	0	
M6
0	0	0	0	0	0	0	0	0	0	0	0	0	0	0	0	0	0	0	0	0	0	0	0	0	0	0	0	0	0	0	
0	0	16	17	15	12	11	10	6	12	10	13	15	19	15	13	18	7	16	8	4	14	17	12	22	17	14	13	5	8	11	
0	20	0	12	24	9	20	15	15	15	7	4	4	8	10	17	7	19	8	19	14	9	19	8	11	14	7	18	15	17	22	
0	8	12	0	23	7	8	18	3	20	12	16	16	2	20	21	16	15	11	16	12	19	20	17	23	14	9	16	7	10	19	
0	9	12	14	0	7	12	13	14	2	12	16	5	7	3	13	6	10	1	15	7	5	2	7	7	16	9	5	7	10	10	
0	13	5	7	16	0	15	20	10	18	12	9	9	9	13	22	12	20	13	21	17	12	18	13	16	19	2	9	14	17	14	
0	24	16	18	27	11	0	22	11	18	9	20	16	20	22	24	19	21	23	16	16	21	13	20	18	16	13	20	4	7	24	
0	19	9	11	11	8	9	0	14	13	6	3	13	13	14	24	12	13	7	11	13	13	13	13	18	13	6	16	13	16	7	
0	24	16	18	27	11	5	22	0	18	9	20	18	20	24	29	21	22	24	21	16	23	18	22	23	16	13	20	4	7	24	
0	18	10	12	17	5	15	11	12	0	10	14	14	14	18	27	17	19	18	22	5	17	19	18	21	17	7	14	5	8	13	
0	15	7	9	18	2	17	13	12	20	0	11	9	11	15	22	12	21	15	23	7	14	13	13	16	7	4	11	8	10	15	
0	16	6	8	21	5	16	16	11	17	3	0	10	10	12	22	9	16	4	24	10	14	16	10	16	10	3	14	11	13	18	
0	23	14	18	20	16	19	17	19	11	17	18	0	4	6	13	3	15	12	15	11	5	15	4	7	24	14	20	12	15	19	
0	37	34	36	28	29	18	26	29	30	27	29	32	0	28	41	29	20	29	34	32	27	30	30	35	34	31	33	22	25	33	
0	23	15	15	20	10	13	16	17	5	15	13	19	17	0	19	16	24	17	21	10	2	21	8	13	22	12	19	10	13	18	
0	16	3	15	7	12	13	4	16	9	10	7	7	11	10	0	10	17	8	15	14	12	9	11	14	11	10	12	14	17	11	
0	24	14	16	20	18	18	17	19	13	20	18	3	1	8	13	0	18	15	18	14	7	18	1	10	24	11	23	15	18	16	
0	25	15	17	17	14	15	6	20	13	12	9	19	19	8	23	18	0	13	17	18	7	19	13	21	19	12	22	18	20	13	
0	28	19	21	25	23	18	18	13	18	21	21	8	6	13	18	5	12	0	20	16	12	20	6	12	28	16	25	16	19	21	
0	9	12	14	14	9	12	15	15	4	14	16	15	13	17	16	12	16	15	0	9	16	16	4	14	21	9	5	9	12	10	
0	16	13	13	12	8	10	6	8	14	6	9	11	15	15	24	14	14	13	17	0	14	14	15	18	13	10	12	1	4	8	
0	21	13	13	21	11	14	17	16	6	16	14	17	15	1	18	14	25	18	22	11	0	22	6	14	23	10	20	11	14	19	
0	21	12	21	18	17	15	14	17	14	15	16	3	7	9	11	6	8	10	13	9	8	0	7	5	22	17	18	10	13	17	
0	23	13	15	19	22	23	16	18	20	20	17	11	9	16	12	8	26	15	18	14	15	18	0	10	23	10	23	15	18	22	
0	16	7	17	13	12	14	10	12	10	10	11	11	11	13	6	10	16	5	8	4	15	8	11	0	17	14	13	5	8	12	
0	25	16	20	22	18	21	19	18	13	19	20	2	6	8	15	5	14	14	17	13	7	6	6	9	0	16	22	14	17	21	
0	13	3	5	25	12	13	18	8	18	10	7	7	7	13	20	10	20	11	21	17	12	22	11	14	17	0	16	12	15	21	
0	4	17	19	9	16	7	14	10	11	14	17	14	16	12	17	15	11	10	12	8	11	11	16	16	21	14	0	9	12	5	
0	20	12	14	23	7	12	18	7	14	5	16	14	16	20	25	17	18	20	27	12	19	14	18	19	12	9	16	0	3	20	
0	25	21	23	28	16	26	21	23	11	21	24	14	18	20	22	17	15	18	24	16	19	11	18	16	28	18	25	16	0	24	
0	13	16	18	4	11	2	12	13	6	11	15	9	11	7	17	10	6	5	18	11	6	6	11	11	18	13	9	6	9	0	
M7
0	0	0	0	0	0	0	0	0	0	0	0	0	0	0	0	0	0	0	0	0	0	0	0	0	0	0	0	0	0	0	
0	0	7	7	15	5	3	13	3	2	20	11	10	3	16	6	5	7	15	7	8	11	11	10	1	16	18	10	10	16	4	
0	16	0	9	16	7	7	14	13	14	18	4	9	4	15	7	9	8	9	3	10	10	10	12	13	19	12	3	18	16	5	
0	18	10	0	16	12	9	11	4	5	13	14	19	6	17	15	16	10	8	10	12	15	17	13	4	19	11	13	17	14	14	
0	14	12	20	0	14	11	22	16	15	10	15	17	8	1	13	15	6	21	12	14	15	18	21	14	24	23	15	14	21	14	
0	21	13	18	21	0	12	19	14	8	31	17	22	9	22	20	22	13	22	13	15	23	23	23	16	25	15	16	29	22	18	
0	14	6	15	14	3	0	18	17	11	24	10	13	2	15	9	11	6	15	6	5	14	14	18	15	13	18	9	24	20	11	
0	13	18	15	17	10	16	0	14	13	14	12	13	14	9	9	5	13	23	14	13	4	6	7	12	8	12	21	18	3	12	
0	22	14	4	20	16	13	15	0	9	17	18	20	10	21	16	18	14	12	14	16	17	20	9	8	21	15	17	21	16	14	
0	13	5	10	13	7	4	19	6	0	23	9	14	1	14	12	14	5	14	5	7	15	15	15	14	17	16	8	23	21	10	
0	17	12	14	3	17	14	12	16	15	0	14	16	11	4	15	17	9	21	15	17	5	8	13	14	16	13	15	4	11	17	
0	16	16	13	19	9	15	10	12	11	16	0	5	12	11	6	8	16	19	16	18	6	6	10	10	15	14	19	17	12	4	
0	17	11	11	14	13	10	5	7	6	11	7	0	7	6	11	10	11	19	11	13	1	1	5	5	12	9	14	15	7	10	
0	12	4	13	12	6	3	18	15	14	22	8	13	0	13	11	13	4	13	4	6	14	14	16	13	16	16	7	22	20	9	
0	13	11	19	13	13	10	24	15	14	23	15	19	7	0	15	17	5	20	11	13	20	20	20	13	23	23	14	23	26	13	
0	21	15	7	18	17	14	9	11	10	15	11	4	11	10	0	2	15	15	15	17	5	5	9	9	16	13	18	16	11	3	
0	26	23	28	26	25	22	26	24	18	33	27	32	19	27	30	0	18	31	23	25	23	26	33	27	34	31	26	36	29	28	
0	8	6	15	8	9	6	20	11	10	18	10	15	8	9	13	13	0	15	9	11	16	16	18	9	19	18	9	18	22	11	
0	18	10	10	10	12	9	16	6	5	9	10	11	6	11	7	9	10	0	6	12	12	12	13	4	20	3	13	13	18	6	
0	20	20	15	22	13	19	14	15	15	20	4	9	16	15	10	12	20	12	0	22	10	10	14	14	19	15	23	21	16	8	
0	21	13	18	21	15	12	27	14	8	31	17	22	9	22	20	22	13	22	13	0	23	23	21	22	25	24	16	28	29	18	
0	16	15	11	13	13	14	7	11	10	10	9	14	11	5	10	12	10	19	10	16	0	3	10	9	11	8	18	14	6	13	
0	17	22	19	21	14	20	4	18	17	18	6	11	18	13	12	9	17	25	18	17	8	0	11	16	12	16	17	22	7	10	
0	23	20	14	25	21	19	16	18	17	22	18	11	16	17	7	9	20	17	20	22	12	12	0	16	19	20	23	18	18	5	
0	14	6	6	14	8	5	12	2	1	19	10	15	2	15	13	15	6	14	6	8	16	16	9	0	18	17	9	23	15	11	
0	18	10	8	18	2	9	8	6	5	16	12	5	6	11	1	3	10	16	10	12	6	6	10	4	0	14	13	17	11	4	
0	15	7	7	7	9	6	13	3	2	17	7	12	3	8	13	13	7	15	3	9	13	13	10	1	19	0	10	14	16	11	
0	13	5	14	13	7	4	11	13	12	17	1	6	1	12	7	9	5	14	5	7	7	7	11	11	16	15	0	18	13	5	
0	17	8	12	14	14	15	8	12	11	11	10	12	12	6	11	13	11	17	11	17	1	4	9	10	12	9	11	0	7	13	
0	10	15	12	14	7	13	8	11	10	11	10	10	11	6	6	8	11	20	11	10	1	4	4	9	5	9	18	15	0	9	
0	22	15	9	20	16	16	11	13	12	17	13	6	13	12	2	4	17	17	17	19	7	7	7	11	14	15	18	13	13	0	
Tamanho_Tarefas
0	13	10	23	8	8	17	7	21	21	12	15	8	8	33	11	26	11	21	14	4	15	12	11	18	14	6	18	26	20	2	
Data_Entrega
0	45	42	36	35	35	44	46	40	41	36	35	46	42	43	39	44	37	32	43	32	43	38	45	45	34	36	41	45	37	37	
Penalidade_Atraso
0	15	12	6	17	19	13	14	3	8	5	17	12	13	15	3	15	1	17	17	4	18	16	5	8	6	8	17	10	17	17	
Capacidade_Veiculo
40	80	86	99	71	67	49	75	
Custo_Fixo_Veiculo
400	800	860	990	710	670	490	750	
Coordenadas_Clientes
x	0	y	0
x	21	y	0
x	19	y	4
x	17	y	7
x	16	y	11
x	14	y	16
x	11	y	19
x	4	y	14
x	2	y	21
x	-1	y	16
x	-6	y	20
x	-8	y	15
x	-16	y	18
x	-16	y	11
x	-15	y	7
x	-22	y	4
x	-15	y	0
x	-17	y	-3
x	-16	y	-7
x	-20	y	-14
x	-12	y	-13
x	-8	y	-14
x	-5	y	-16
x	-2	y	-24
x	1	y	-16
x	5	y	-17
x	11	y	-19
x	16	y	-17
x	16	y	-11
x	20	y	-9
x	19	y	-4
Tempo_Viagem
0	21	19	18	19	21	21	14	21	16	20	17	24	19	16	22	15	17	17	24	17	16	16	24	16	17	21	23	19	21	19	
21	0	4	7	11	16	20	21	27	26	32	32	40	38	36	43	36	38	37	43	35	32	30	32	25	23	20	17	11	9	4	
19	4	0	3	7	12	16	17	23	22	28	29	37	35	34	41	34	36	36	42	35	32	31	34	26	25	24	21	15	13	8	
18	7	3	0	4	9	13	14	20	19	25	26	34	33	32	39	32	35	35	42	35	32	31	35	28	26	26	24	18	16	11	
19	11	7	4	0	5	9	12	17	17	23	24	32	32	31	38	32	35	36	43	36	34	34	38	30	30	30	28	22	20	15	
21	16	12	9	5	0	4	10	13	15	20	22	30	30	30	37	33	36	37	45	38	37	37	42	34	34	35	33	27	25	20	
21	20	16	13	9	4	0	8	9	12	17	19	27	27	28	35	31	34	37	44	38	37	37	44	36	36	38	36	30	29	24	
14	21	17	14	12	10	8	0	7	5	11	12	20	20	20	27	23	26	29	36	31	30	30	38	30	31	33	33	27	28	23	
21	27	23	20	17	13	9	7	0	5	8	11	18	19	21	28	26	29	32	40	36	35	37	45	37	38	40	40	34	34	30	
16	26	22	19	17	15	12	5	5	0	6	7	15	15	16	23	21	24	27	35	31	30	32	40	32	33	37	37	31	32	28	
20	32	28	25	23	20	17	11	8	6	0	5	10	13	15	22	21	24	28	35	33	34	36	44	36	37	41	43	37	38	34	
17	32	29	26	24	22	19	12	11	7	5	0	8	8	10	17	16	19	23	30	28	29	31	39	32	34	38	40	35	36	33	
24	40	37	34	32	30	27	20	18	15	10	8	0	7	11	15	18	21	25	32	31	32	35	43	38	40	45	47	43	44	41	
19	38	35	33	32	30	27	20	19	15	13	8	7	0	4	9	11	14	18	25	24	26	29	37	31	35	40	42	38	40	38	
16	36	34	32	31	30	28	20	21	16	15	10	11	4	0	7	7	10	14	21	20	22	25	33	28	31	36	39	35	37	35	
22	43	41	39	38	37	35	27	28	23	22	17	15	9	7	0	8	8	12	18	19	22	25	33	30	34	40	43	40	43	41	
15	36	34	32	32	33	31	23	26	21	21	16	18	11	7	8	0	3	7	14	13	15	18	26	22	26	32	35	32	36	34	
17	38	36	35	35	36	34	26	29	24	24	19	21	14	10	8	3	0	4	11	11	14	17	25	22	26	32	35	33	37	36	
17	37	36	35	36	37	37	29	32	27	28	23	25	18	14	12	7	4	0	8	7	10	13	21	19	23	29	33	32	36	35	
24	43	42	42	43	45	44	36	40	35	35	30	32	25	21	18	14	11	8	0	8	12	15	20	21	25	31	36	36	40	40	
17	35	35	35	36	38	38	31	36	31	33	28	31	24	20	19	13	11	7	8	0	4	7	14	13	17	23	28	28	32	32	
16	32	32	32	34	37	37	30	35	30	34	29	32	26	22	22	15	14	10	12	4	0	3	11	9	13	19	24	24	28	28	
16	30	31	31	34	37	37	30	37	32	36	31	35	29	25	25	18	17	13	15	7	3	0	8	6	10	16	21	21	25	26	
24	32	34	35	38	42	44	38	45	40	44	39	43	37	33	33	26	25	21	20	14	11	8	0	8	9	13	18	21	25	28	
16	25	26	28	30	34	36	30	37	32	36	32	38	31	28	30	22	22	19	21	13	9	6	8	0	4	10	15	15	19	21	
17	23	25	26	30	34	36	31	38	33	37	34	40	35	31	34	26	26	23	25	17	13	10	9	4	0	6	11	12	16	19	
21	20	24	26	30	35	38	33	40	37	41	38	45	40	36	40	32	32	29	31	23	19	16	13	10	6	0	5	9	13	16	
23	17	21	24	28	33	36	33	40	37	43	40	47	42	39	43	35	35	33	36	28	24	21	18	15	11	5	0	6	8	13	
19	11	15	18	22	27	30	27	34	31	37	35	43	38	35	40	32	33	32	36	28	24	21	21	15	12	9	6	0	4	7	
21	9	13	16	20	25	29	28	34	32	38	36	44	40	37	43	36	37	36	40	32	28	25	25	19	16	13	8	4	0	5	
19	4	8	11	15	20	24	23	30	28	34	33	41	38	35	41	34	36	35	40	32	28	26	28	21	19	16	13	7	5	0	
Custo_Viagem
V0
0	168	152	144	152	168	168	112	168	128	160	136	192	152	128	176	120	136	136	192	136	128	128	192	128	136	168	184	152	168	152	
168	0	32	64	96	136	168	176	224	216	264	256	328	304	288	344	288	304	296	344	280	256	240	264	200	184	168	136	96	72	32	
152	32	0	24	56	104	136	144	192	184	232	232	296	280	272	328	272	288	288	336	280	256	248	280	208	200	192	168	120	104	64	
144	64	24	0	32	72	104	112	160	160	208	208	272	264	256	312	256	280	280	336	280	256	248	288	224	208	208	192	144	128	88	
152	96	56	32	0	40	72	96	136	136	184	192	256	256	248	304	256	280	288	344	288	272	272	312	240	240	240	224	176	160	120	
168	136	104	72	40	0	32	80	104	120	160	176	240	240	240	296	264	288	296	360	304	296	296	344	272	272	280	264	216	200	160	
168	168	136	104	72	32	0	64	72	96	136	152	216	224	224	288	256	280	296	360	312	304	304	352	288	288	304	288	240	232	192	
112	176	144	112	96	80	64	0	56	40	88	96	160	160	160	216	184	216	232	288	248	240	248	304	240	248	264	264	216	224	184	
168	224	192	160	136	104	72	56	0	40	64	88	144	160	176	232	216	240	264	328	288	288	296	360	296	304	328	320	272	272	240	
128	216	184	160	136	120	96	40	40	0	48	56	120	120	128	192	168	192	216	280	248	240	256	320	256	264	296	296	248	256	224	
160	264	232	208	184	160	136	88	64	48	0	40	80	104	120	176	168	200	224	288	264	272	288	352	288	304	336	344	304	304	272	
136	256	232	208	192	176	152	96	88	56	40	0	64	64	80	136	128	160	184	248	224	232	248	312	256	272	304	320	280	288	264	
192	328	296	272	256	240	216	160	144	120	80	64	0	56	88	120	144	168	200	256	248	256	280	352	304	320	360	376	344	360	328	
152	304	280	264	256	240	224	160	160	120	104	64	56	0	32	72	88	112	144	200	192	208	232	296	248	280	320	336	304	328	304	
128	288	272	256	248	240	224	160	176	128	120	80	88	32	0	56	56	80	112	168	160	176	200	264	224	248	288	312	280	304	280	
176	344	328	312	304	296	288	216	232	192	176	136	120	72	56	0	64	64	96	144	152	176	208	272	240	272	320	344	320	344	328	
120	288	272	256	256	264	256	184	216	168	168	128	144	88	56	64	0	24	56	112	104	120	144	216	176	208	256	280	256	288	272	
136	304	288	280	280	288	280	216	240	192	200	160	168	112	80	64	24	0	32	88	88	112	136	200	176	208	256	280	264	296	288	
136	296	288	280	288	296	296	232	264	216	224	184	200	144	112	96	56	32	0	64	56	80	112	176	152	184	232	264	256	288	280	
192	344	336	336	344	360	360	288	328	280	288	248	256	200	168	144	112	88	64	0	64	96	120	160	168	200	248	288	288	320	320	
136	280	280	280	288	304	312	248	288	248	264	224	248	192	160	152	104	88	56	64	0	32	56	112	104	136	184	224	224	256	256	
128	256	256	256	272	296	304	240	288	240	272	232	256	208	176	176	120	112	80	96	32	0	24	88	72	104	152	192	192	224	224	
128	240	248	248	272	296	304	248	296	256	288	248	280	232	200	208	144	136	112	120	56	24	0	64	48	80	128	168	168	200	208	
192	264	280	288	312	344	352	304	360	320	352	312	352	296	264	272	216	200	176	160	112	88	64	0	64	72	104	152	176	208	232	
128	200	208	224	240	272	288	240	296	256	288	256	304	248	224	240	176	176	152	168	104	72	48	64	0	32	80	120	120	160	168	
136	184	200	208	240	272	288	248	304	264	304	272	320	280	248	272	208	208	184	200	136	104	80	72	32	0	48	88	96	136	152	
168	168	192	208	240	280	304	264	328	296	336	304	360	320	288	320	256	256	232	248	184	152	128	104	80	48	0	40	72	104	136	
184	136	168	192	224	264	288	264	320	296	344	320	376	336	312	344	280	280	264	288	224	192	168	152	120	88	40	0	48	64	104	
152	96	120	144	176	216	240	216	272	248	304	280	344	304	280	320	256	264	256	288	224	192	168	176	120	96	72	48	0	32	56	
168	72	104	128	160	200	232	224	272	256	304	288	360	328	304	344	288	296	288	320	256	224	200	208	160	136	104	64	32	0	40	
152	32	64	88	120	160	192	184	240	224	272	264	328	304	280	328	272	288	280	320	256	224	208	232	168	152	136	104	56	40	0	
V1
0	336	304	288	304	336	336	224	336	256	320	272	384	304	256	352	240	272	272	384	272	256	256	384	256	272	336	368	304	336	304	
336	0	64	128	192	272	336	352	448	432	528	512	656	608	576	688	576	608	592	688	560	512	480	528	400	368	336	272	192	144	64	
304	64	0	48	112	208	272	288	384	368	464	464	592	560	544	656	544	576	576	672	560	512	496	560	416	400	384	336	240	208	128	
288	128	48	0	64	144	208	224	320	320	416	416	544	528	512	624	512	560	560	672	560	512	496	576	448	416	416	384	288	256	176	
304	192	112	64	0	80	144	192	272	272	368	384	512	512	496	608	512	560	576	688	576	544	544	624	480	480	480	448	352	320	240	
336	272	208	144	80	0	64	160	208	240	320	352	480	480	480	592	528	576	592	720	608	592	592	688	544	544	560	528	432	400	320	
336	336	272	208	144	64	0	128	144	192	272	304	432	448	448	576	512	560	592	720	624	608	608	704	576	576	608	576	480	464	384	
224	352	288	224	192	160	128	0	112	80	176	192	320	320	320	432	368	432	464	576	496	480	496	608	480	496	528	528	432	448	368	
336	448	384	320	272	208	144	112	0	80	128	176	288	320	352	464	432	480	528	656	576	576	592	720	592	608	656	640	544	544	480	
256	432	368	320	272	240	192	80	80	0	96	112	240	240	256	384	336	384	432	560	496	480	512	640	512	528	592	592	496	512	448	
320	528	464	416	368	320	272	176	128	96	0	80	160	208	240	352	336	400	448	576	528	544	576	704	576	608	672	688	608	608	544	
272	512	464	416	384	352	304	192	176	112	80	0	128	128	160	272	256	320	368	496	448	464	496	624	512	544	608	640	560	576	528	
384	656	592	544	512	480	432	320	288	240	160	128	0	112	176	240	288	336	400	512	496	512	560	704	608	640	720	752	688	720	656	
304	608	560	528	512	480	448	320	320	240	208	128	112	0	64	144	176	224	288	400	384	416	464	592	496	560	640	672	608	656	608	
256	576	544	512	496	480	448	320	352	256	240	160	176	64	0	112	112	160	224	336	320	352	400	528	448	496	576	624	560	608	560	
352	688	656	624	608	592	576	432	464	384	352	272	240	144	112	0	128	128	192	288	304	352	416	544	480	544	640	688	640	688	656	
240	576	544	512	512	528	512	368	432	336	336	256	288	176	112	128	0	48	112	224	208	240	288	432	352	416	512	560	512	576	544	
272	608	576	560	560	576	560	432	480	384	400	320	336	224	160	128	48	0	64	176	176	224	272	400	352	416	512	560	528	592	576	
272	592	576	560	576	592	592	464	528	432	448	368	400	288	224	192	112	64	0	128	112	160	224	352	304	368	464	528	512	576	560	
384	688	672	672	688	720	720	576	656	560	576	496	512	400	336	288	224	176	128	0	128	192	240	320	336	400	496	576	576	640	640	
272	560	560	560	576	608	624	496	576	496	528	448	496	384	320	304	208	176	112	128	0	64	112	224	208	272	368	448	448	512	512	
256	512	512	512	544	592	608	480	576	480	544	464	512	416	352	352	240	224	160	192	64	0	48	176	144	208	304	384	384	448	448	
256	480	496	496	544	592	608	496	592	512	576	496	560	464	400	416	288	272	224	240	112	48	0	128	96	160	256	336	336	400	416	
384	528	560	576	624	688	704	608	720	640	704	624	704	592	528	544	432	400	352	320	224	176	128	0	128	144	208	304	352	416	464	
256	400	416	448	480	544	576	480	592	512	576	512	608	496	448	480	352	352	304	336	208	144	96	128	0	64	160	240	240	320	336	
272	368	400	416	480	544	576	496	608	528	608	544	640	560	496	544	416	416	368	400	272	208	160	144	64	0	96	176	192	272	304	
336	336	384	416	480	560	608	528	656	592	672	608	720	640	576	640	512	512	464	496	368	304	256	208	160	96	0	80	144	208	272	
368	272	336	384	448	528	576	528	640	592	688	640	752	672	624	688	560	560	528	576	448	384	336	304	240	176	80	0	96	128	208	
304	192	240	288	352	432	480	432	544	496	608	560	688	608	560	640	512	528	512	576	448	384	336	352	240	192	144	96	0	64	112	
336	144	208	256	320	400	464	448	544	512	608	576	720	656	608	688	576	592	576	640	512	448	400	416	320	272	208	128	64	0	80	
304	64	128	176	240	320	384	368	480	448	544	528	656	608	560	656	544	576	560	640	512	448	416	464	336	304	272	208	112	80	0	
V2
0	361	326	309	326	361	361	240	361	275	344	292	412	326	275	378	258	292	292	412	292	275	275	412	275	292	361	395	326	361	326	
361	0	68	137	206	292	361	378	481	464	567	550	705	653	619	739	619	653	636	739	602	550	516	567	430	395	361	292	206	154	68	
326	68	0	51	120	223	292	309	412	395	498	498	636	602	584	705	584	619	619	722	602	550	533	602	447	430	412	361	258	223	137	
309	137	51	0	68	154	223	240	344	344	447	447	584	567	550	670	550	602	602	722	602	550	533	619	481	447	447	412	309	275	189	
326	206	120	68	0	86	154	206	292	292	395	412	550	550	533	653	550	602	619	739	619	584	584	670	516	516	516	481	378	344	258	
361	292	223	154	86	0	68	172	223	258	344	378	516	516	516	636	567	619	636	774	653	636	636	739	584	584	602	567	464	430	344	
361	361	292	223	154	68	0	137	154	206	292	326	464	481	481	619	550	602	636	774	670	653	653	756	619	619	653	619	516	498	412	
240	378	309	240	206	172	137	0	120	86	189	206	344	344	344	464	395	464	498	619	533	516	533	653	516	533	567	567	464	481	395	
361	481	412	344	292	223	154	120	0	86	137	189	309	344	378	498	464	516	567	705	619	619	636	774	636	653	705	688	584	584	516	
275	464	395	344	292	258	206	86	86	0	103	120	258	258	275	412	361	412	464	602	533	516	550	688	550	567	636	636	533	550	481	
344	567	498	447	395	344	292	189	137	103	0	86	172	223	258	378	361	430	481	619	567	584	619	756	619	653	722	739	653	653	584	
292	550	498	447	412	378	326	206	189	120	86	0	137	137	172	292	275	344	395	533	481	498	533	670	550	584	653	688	602	619	567	
412	705	636	584	550	516	464	344	309	258	172	137	0	120	189	258	309	361	430	550	533	550	602	756	653	688	774	808	739	774	705	
326	653	602	567	550	516	481	344	344	258	223	137	120	0	68	154	189	240	309	430	412	447	498	636	533	602	688	722	653	705	653	
275	619	584	550	533	516	481	344	378	275	258	172	189	68	0	120	120	172	240	361	344	378	430	567	481	533	619	670	602	653	602	
378	739	705	670	653	636	619	464	498	412	378	292	258	154	120	0	137	137	206	309	326	378	447	584	516	584	688	739	688	739	705	
258	619	584	550	550	567	550	395	464	361	361	275	309	189	120	137	0	51	120	240	223	258	309	464	378	447	550	602	550	619	584	
292	653	619	602	602	619	602	464	516	412	430	344	361	240	172	137	51	0	68	189	189	240	292	430	378	447	550	602	567	636	619	
292	636	619	602	619	636	636	498	567	464	481	395	430	309	240	206	120	68	0	137	120	172	240	378	326	395	498	567	550	619	602	
412	739	722	722	739	774	774	619	705	602	619	533	550	430	361	309	240	189	137	0	137	206	258	344	361	430	533	619	619	688	688	
292	602	602	602	619	653	670	533	619	533	567	481	533	412	344	326	223	189	120	137	0	68	120	240	223	292	395	481	481	550	550	
275	550	550	550	584	636	653	516	619	516	584	498	550	447	378	378	258	240	172	206	68	0	51	189	154	223	326	412	412	481	481	
275	516	533	533	584	636	653	533	636	550	619	533	602	498	430	447	309	292	240	258	120	51	0	137	103	172	275	361	361	430	447	
412	567	602	619	670	739	756	653	774	688	756	670	756	636	567	584	464	430	378	344	240	189	137	0	137	154	223	326	378	447	498	
275	430	447	481	516	584	619	516	636	550	619	550	653	533	481	516	378	378	326	361	223	154	103	137	0	68	172	258	258	344	361	
292	395	430	447	516	584	619	533	653	567	653	584	688	602	533	584	447	447	395	430	292	223	172	154	68	0	103	189	206	292	326	
361	361	412	447	516	602	653	567	705	636	722	653	774	688	619	688	550	550	498	533	395	326	275	223	172	103	0	86	154	223	292	
395	292	361	412	481	567	619	567	688	636	739	688	808	722	670	739	602	602	567	619	481	412	361	326	258	189	86	0	103	137	223	
326	206	258	309	378	464	516	464	584	533	653	602	739	653	602	688	550	567	550	619	481	412	361	378	258	206	154	103	0	68	120	
361	154	223	275	344	430	498	481	584	550	653	619	774	705	653	739	619	636	619	688	550	481	430	447	344	292	223	137	68	0	86	
326	68	137	189	258	344	412	395	516	481	584	567	705	653	602	705	584	619	602	688	550	481	447	498	361	326	292	223	120	86	0	
V3
0	415	376	356	376	415	415	277	415	316	396	336	475	376	316	435	297	336	336	475	336	316	316	475	316	336	415	455	376	415	376	
415	0	79	158	237	336	415	435	554	534	653	633	811	752	712	851	712	752	732	851	693	633	594	653	495	455	415	336	237	178	79	
376	79	0	59	138	257	336	356	475	455	574	574	732	693	673	811	673	712	712	831	693	633	613	693	514	495	475	415	297	257	158	
356	158	59	0	79	178	257	277	396	396	514	514	673	653	633	772	633	693	693	831	693	633	613	712	554	514	514	475	356	316	217	
376	237	138	79	0	99	178	237	336	336	455	475	633	633	613	752	633	693	712	851	712	673	673	772	594	594	594	554	435	396	297	
415	336	257	178	99	0	79	198	257	297	396	435	594	594	594	732	653	712	732	891	752	732	732	851	673	673	693	653	534	495	396	
415	415	336	257	178	79	0	158	178	237	336	376	534	554	554	712	633	693	732	891	772	752	752	871	712	712	752	712	594	574	475	
277	435	356	277	237	198	158	0	138	99	217	237	396	396	396	534	455	534	574	712	613	594	613	752	594	613	653	653	534	554	455	
415	554	475	396	336	257	178	138	0	99	158	217	356	396	435	574	534	594	653	811	712	712	732	891	732	752	811	792	673	673	594	
316	534	455	396	336	297	237	99	99	0	118	138	297	297	316	475	415	475	534	693	613	594	633	792	633	653	732	732	613	633	554	
396	653	574	514	455	396	336	217	158	118	0	99	198	257	297	435	415	495	554	712	653	673	712	871	712	752	831	851	752	752	673	
336	633	574	514	475	435	376	237	217	138	99	0	158	158	198	336	316	396	455	613	554	574	613	772	633	673	752	792	693	712	653	
475	811	732	673	633	594	534	396	356	297	198	158	0	138	217	297	356	415	495	633	613	633	693	871	752	792	891	930	851	891	811	
376	752	693	653	633	594	554	396	396	297	257	158	138	0	79	178	217	277	356	495	475	514	574	732	613	693	792	831	752	811	752	
316	712	673	633	613	594	554	396	435	316	297	198	217	79	0	138	138	198	277	415	396	435	495	653	554	613	712	772	693	752	693	
435	851	811	772	752	732	712	534	574	475	435	336	297	178	138	0	158	158	237	356	376	435	514	673	594	673	792	851	792	851	811	
297	712	673	633	633	653	633	455	534	415	415	316	356	217	138	158	0	59	138	277	257	297	356	534	435	514	633	693	633	712	673	
336	752	712	693	693	712	693	534	594	475	495	396	415	277	198	158	59	0	79	217	217	277	336	495	435	514	633	693	653	732	712	
336	732	712	693	712	732	732	574	653	534	554	455	495	356	277	237	138	79	0	158	138	198	277	435	376	455	574	653	633	712	693	
475	851	831	831	851	891	891	712	811	693	712	613	633	495	415	356	277	217	158	0	158	237	297	396	415	495	613	712	712	792	792	
336	693	693	693	712	752	772	613	712	613	653	554	613	475	396	376	257	217	138	158	0	79	138	277	257	336	455	554	554	633	633	
316	633	633	633	673	732	752	594	712	594	673	574	633	514	435	435	297	277	198	237	79	0	59	217	178	257	376	475	475	554	554	
316	594	613	613	673	732	752	613	732	633	712	613	693	574	495	514	356	336	277	297	138	59	0	158	118	198	316	415	415	495	514	
475	653	693	712	772	851	871	752	891	792	871	772	871	732	653	673	534	495	435	396	277	217	158	0	158	178	257	376	435	514	574	
316	495	514	554	594	673	712	594	732	633	712	633	752	613	554	594	435	435	376	415	257	178	118	158	0	79	198	297	297	396	415	
336	455	495	514	594	673	712	613	752	653	752	673	792	693	613	673	514	514	455	495	336	257	198	178	79	0	118	217	237	336	376	
415	415	475	514	594	693	752	653	811	732	831	752	891	792	712	792	633	633	574	613	455	376	316	257	198	118	0	99	178	257	336	
455	336	415	475	554	653	712	653	792	732	851	792	930	831	772	851	693	693	653	712	554	475	415	376	297	217	99	0	118	158	257	
376	237	297	356	435	534	594	534	673	613	752	693	851	752	693	792	633	653	633	712	554	475	415	435	297	237	178	118	0	79	138	
415	178	257	316	396	495	574	554	673	633	752	712	891	811	752	851	712	732	712	792	633	554	495	514	396	336	257	158	79	0	99	
376	79	158	217	297	396	475	455	594	554	673	653	811	752	693	811	673	712	693	792	633	554	514	574	415	376	336	257	138	99	0	
V4
0	298	269	255	269	298	298	198	298	227	284	241	340	269	227	312	213	241	241	340	241	227	227	340	227	241	298	326	269	298	269	
298	0	56	113	170	241	298	312	397	383	468	454	582	539	511	610	511	539	525	610	497	454	426	468	355	326	298	241	170	127	56	
269	56	0	42	99	184	241	255	340	326	411	411	525	497	482	582	482	511	511	596	497	454	440	497	369	355	340	298	213	184	113	
255	113	42	0	56	127	184	198	284	284	369	369	482	468	454	553	454	497	497	596	497	454	440	511	397	369	369	340	255	227	156	
269	170	99	56	0	71	127	170	241	241	326	340	454	454	440	539	454	497	511	610	511	482	482	553	426	426	426	397	312	284	213	
298	241	184	127	71	0	56	142	184	213	284	312	426	426	426	525	468	511	525	639	539	525	525	610	482	482	497	468	383	355	284	
298	298	241	184	127	56	0	113	127	170	241	269	383	397	397	511	454	497	525	639	553	539	539	624	511	511	539	511	426	411	340	
198	312	255	198	170	142	113	0	99	71	156	170	284	284	284	383	326	383	411	511	440	426	440	539	426	440	468	468	383	397	326	
298	397	340	284	241	184	127	99	0	71	113	156	255	284	312	411	383	426	468	582	511	511	525	639	525	539	582	568	482	482	426	
227	383	326	284	241	213	170	71	71	0	85	99	213	213	227	340	298	340	383	497	440	426	454	568	454	468	525	525	440	454	397	
284	468	411	369	326	284	241	156	113	85	0	71	142	184	213	312	298	355	397	511	468	482	511	624	511	539	596	610	539	539	482	
241	454	411	369	340	312	269	170	156	99	71	0	113	113	142	241	227	284	326	440	397	411	440	553	454	482	539	568	497	511	468	
340	582	525	482	454	426	383	284	255	213	142	113	0	99	156	213	255	298	355	454	440	454	497	624	539	568	639	667	610	639	582	
269	539	497	468	454	426	397	284	284	213	184	113	99	0	56	127	156	198	255	355	340	369	411	525	440	497	568	596	539	582	539	
227	511	482	454	440	426	397	284	312	227	213	142	156	56	0	99	99	142	198	298	284	312	355	468	397	440	511	553	497	539	497	
312	610	582	553	539	525	511	383	411	340	312	241	213	127	99	0	113	113	170	255	269	312	369	482	426	482	568	610	568	610	582	
213	511	482	454	454	468	454	326	383	298	298	227	255	156	99	113	0	42	99	198	184	213	255	383	312	369	454	497	454	511	482	
241	539	511	497	497	511	497	383	426	340	355	284	298	198	142	113	42	0	56	156	156	198	241	355	312	369	454	497	468	525	511	
241	525	511	497	511	525	525	411	468	383	397	326	355	255	198	170	99	56	0	113	99	142	198	312	269	326	411	468	454	511	497	
340	610	596	596	610	639	639	511	582	497	511	440	454	355	298	255	198	156	113	0	113	170	213	284	298	355	440	511	511	568	568	
241	497	497	497	511	539	553	440	511	440	468	397	440	340	284	269	184	156	99	113	0	56	99	198	184	241	326	397	397	454	454	
227	454	454	454	482	525	539	426	511	426	482	411	454	369	312	312	213	198	142	170	56	0	42	156	127	184	269	340	340	397	397	
227	426	440	440	482	525	539	440	525	454	511	440	497	411	355	369	255	241	198	213	99	42	0	113	85	142	227	298	298	355	369	
340	468	497	511	553	610	624	539	639	568	624	553	624	525	468	482	383	355	312	284	198	156	113	0	113	127	184	269	312	369	411	
227	355	369	397	426	482	511	426	525	454	511	454	539	440	397	426	312	312	269	298	184	127	85	113	0	56	142	213	213	284	298	
241	326	355	369	426	482	511	440	539	468	539	482	568	497	440	482	369	369	326	355	241	184	142	127	56	0	85	156	170	241	269	
298	298	340	369	426	497	539	468	582	525	596	539	639	568	511	568	454	454	411	440	326	269	227	184	142	85	0	71	127	184	241	
326	241	298	340	397	468	511	468	568	525	610	568	667	596	553	610	497	497	468	511	397	340	298	269	213	156	71	0	85	113	184	
269	170	213	255	312	383	426	383	482	440	539	497	610	539	497	568	454	468	454	511	397	340	298	312	213	170	127	85	0	56	99	
298	127	184	227	284	355	411	397	482	454	539	511	639	582	539	610	511	525	511	568	454	397	355	369	284	241	184	113	56	0	71	
269	56	113	156	213	284	340	326	426	397	482	468	582	539	497	582	482	511	497	568	454	397	369	411	298	269	241	184	99	71	0	
V5
0	281	254	241	254	281	281	187	281	214	268	227	321	254	214	294	201	227	227	321	227	214	214	321	214	227	281	308	254	281	254	
281	0	53	107	160	227	281	294	375	361	442	428	549	509	482	576	482	509	495	576	469	428	402	442	335	308	281	227	160	120	53	
254	53	0	40	93	174	227	241	321	308	388	388	495	469	455	549	455	482	482	562	469	428	415	469	348	335	321	281	201	174	107	
241	107	40	0	53	120	174	187	268	268	348	348	455	442	428	522	428	469	469	562	469	428	415	482	375	348	348	321	241	214	147	
254	160	93	53	0	67	120	160	227	227	308	321	428	428	415	509	428	469	482	576	482	455	455	522	402	402	402	375	294	268	201	
281	227	174	120	67	0	53	134	174	201	268	294	402	402	402	495	442	482	495	603	509	495	495	576	455	455	469	442	361	335	268	
281	281	227	174	120	53	0	107	120	160	227	254	361	375	375	482	428	469	495	603	522	509	509	589	482	482	509	482	402	388	321	
187	294	241	187	160	134	107	0	93	67	147	160	268	268	268	361	308	361	388	482	415	402	415	509	402	415	442	442	361	375	308	
281	375	321	268	227	174	120	93	0	67	107	147	241	268	294	388	361	402	442	549	482	482	495	603	495	509	549	536	455	455	402	
214	361	308	268	227	201	160	67	67	0	80	93	201	201	214	321	281	321	361	469	415	402	428	536	428	442	495	495	415	428	375	
268	442	388	348	308	268	227	147	107	80	0	67	134	174	201	294	281	335	375	482	442	455	482	589	482	509	562	576	509	509	455	
227	428	388	348	321	294	254	160	147	93	67	0	107	107	134	227	214	268	308	415	375	388	415	522	428	455	509	536	469	482	442	
321	549	495	455	428	402	361	268	241	201	134	107	0	93	147	201	241	281	335	428	415	428	469	589	509	536	603	629	576	603	549	
254	509	469	442	428	402	375	268	268	201	174	107	93	0	53	120	147	187	241	335	321	348	388	495	415	469	536	562	509	549	509	
214	482	455	428	415	402	375	268	294	214	201	134	147	53	0	93	93	134	187	281	268	294	335	442	375	415	482	522	469	509	469	
294	576	549	522	509	495	482	361	388	321	294	227	201	120	93	0	107	107	160	241	254	294	348	455	402	455	536	576	536	576	549	
201	482	455	428	428	442	428	308	361	281	281	214	241	147	93	107	0	40	93	187	174	201	241	361	294	348	428	469	428	482	455	
227	509	482	469	469	482	469	361	402	321	335	268	281	187	134	107	40	0	53	147	147	187	227	335	294	348	428	469	442	495	482	
227	495	482	469	482	495	495	388	442	361	375	308	335	241	187	160	93	53	0	107	93	134	187	294	254	308	388	442	428	482	469	
321	576	562	562	576	603	603	482	549	469	482	415	428	335	281	241	187	147	107	0	107	160	201	268	281	335	415	482	482	536	536	
227	469	469	469	482	509	522	415	482	415	442	375	415	321	268	254	174	147	93	107	0	53	93	187	174	227	308	375	375	428	428	
214	428	428	428	455	495	509	402	482	402	455	388	428	348	294	294	201	187	134	160	53	0	40	147	120	174	254	321	321	375	375	
214	402	415	415	455	495	509	415	495	428	482	415	469	388	335	348	241	227	187	201	93	40	0	107	80	134	214	281	281	335	348	
321	442	469	482	522	576	589	509	603	536	589	522	589	495	442	455	361	335	294	268	187	147	107	0	107	120	174	254	294	348	388	
214	335	348	375	402	455	482	402	495	428	482	428	509	415	375	402	294	294	254	281	174	120	80	107	0	53	134	201	201	268	281	
227	308	335	348	402	455	482	415	509	442	509	455	536	469	415	455	348	348	308	335	227	174	134	120	53	0	80	147	160	227	254	
281	281	321	348	402	469	509	442	549	495	562	509	603	536	482	536	428	428	388	415	308	254	214	174	134	80	0	67	120	174	227	
308	227	281	321	375	442	482	442	536	495	576	536	629	562	522	576	469	469	442	482	375	321	281	254	201	147	67	0	80	107	174	
254	160	201	241	294	361	402	361	455	415	509	469	576	509	469	536	428	442	428	482	375	321	281	294	201	160	120	80	0	53	93	
281	120	174	214	268	335	388	375	455	428	509	482	603	549	509	576	482	495	482	536	428	375	335	348	268	227	174	107	53	0	67	
254	53	107	147	201	268	321	308	402	375	455	442	549	509	469	549	455	482	469	536	428	375	348	388	281	254	227	174	93	67	0	
V6
0	205	186	176	186	205	205	137	205	156	196	166	235	186	156	215	147	166	166	235	166	156	156	235	156	166	205	225	186	205	186	
205	0	39	78	117	166	205	215	274	264	323	313	401	372	352	421	352	372	362	421	343	313	294	323	245	225	205	166	117	88	39	
186	39	0	29	68	127	166	176	235	225	284	284	362	343	333	401	333	352	352	411	343	313	303	343	254	245	235	205	147	127	78	
176	78	29	0	39	88	127	137	196	196	254	254	333	323	313	382	313	343	343	411	343	313	303	352	274	254	254	235	176	156	107	
186	117	68	39	0	49	88	117	166	166	225	235	313	313	303	372	313	343	352	421	352	333	333	382	294	294	294	274	215	196	147	
205	166	127	88	49	0	39	98	127	147	196	215	294	294	294	362	323	352	362	441	372	362	362	421	333	333	343	323	264	245	196	
205	205	166	127	88	39	0	78	88	117	166	186	264	274	274	352	313	343	362	441	382	372	372	431	352	352	372	352	294	284	235	
137	215	176	137	117	98	78	0	68	49	107	117	196	196	196	264	225	264	284	352	303	294	303	372	294	303	323	323	264	274	225	
205	274	235	196	166	127	88	68	0	49	78	107	176	196	215	284	264	294	323	401	352	352	362	441	362	372	401	392	333	333	294	
156	264	225	196	166	147	117	49	49	0	58	68	147	147	156	235	205	235	264	343	303	294	313	392	313	323	362	362	303	313	274	
196	323	284	254	225	196	166	107	78	58	0	49	98	127	147	215	205	245	274	352	323	333	352	431	352	372	411	421	372	372	333	
166	313	284	254	235	215	186	117	107	68	49	0	78	78	98	166	156	196	225	303	274	284	303	382	313	333	372	392	343	352	323	
235	401	362	333	313	294	264	196	176	147	98	78	0	68	107	147	176	205	245	313	303	313	343	431	372	392	441	460	421	441	401	
186	372	343	323	313	294	274	196	196	147	127	78	68	0	39	88	107	137	176	245	235	254	284	362	303	343	392	411	372	401	372	
156	352	333	313	303	294	274	196	215	156	147	98	107	39	0	68	68	98	137	205	196	215	245	323	274	303	352	382	343	372	343	
215	421	401	382	372	362	352	264	284	235	215	166	147	88	68	0	78	78	117	176	186	215	254	333	294	333	392	421	392	421	401	
147	352	333	313	313	323	313	225	264	205	205	156	176	107	68	78	0	29	68	137	127	147	176	264	215	254	313	343	313	352	333	
166	372	352	343	343	352	343	264	294	235	245	196	205	137	98	78	29	0	39	107	107	137	166	245	215	254	313	343	323	362	352	
166	362	352	343	352	362	362	284	323	264	274	225	245	176	137	117	68	39	0	78	68	98	137	215	186	225	284	323	313	352	343	
235	421	411	411	421	441	441	352	401	343	352	303	313	245	205	176	137	107	78	0	78	117	147	196	205	245	303	352	352	392	392	
166	343	343	343	352	372	382	303	352	303	323	274	303	235	196	186	127	107	68	78	0	39	68	137	127	166	225	274	274	313	313	
156	313	313	313	333	362	372	294	352	294	333	284	313	254	215	215	147	137	98	117	39	0	29	107	88	127	186	235	235	274	274	
156	294	303	303	333	362	372	303	362	313	352	303	343	284	245	254	176	166	137	147	68	29	0	78	58	98	156	205	205	245	254	
235	323	343	352	382	421	431	372	441	392	431	382	431	362	323	333	264	245	215	196	137	107	78	0	78	88	127	186	215	254	284	
156	245	254	274	294	333	352	294	362	313	352	313	372	303	274	294	215	215	186	205	127	88	58	78	0	39	98	147	147	196	205	
166	225	245	254	294	333	352	303	372	323	372	333	392	343	303	333	254	254	225	245	166	127	98	88	39	0	58	107	117	166	186	
205	205	235	254	294	343	372	323	401	362	411	372	441	392	352	392	313	313	284	303	225	186	156	127	98	58	0	49	88	127	166	
225	166	205	235	274	323	352	323	392	362	421	392	460	411	382	421	343	343	323	352	274	235	205	186	147	107	49	0	58	78	127	
186	117	147	176	215	264	294	264	333	303	372	343	421	372	343	392	313	323	313	352	274	235	205	215	147	117	88	58	0	39	68	
205	88	127	156	196	245	284	274	333	313	372	352	441	401	372	421	352	362	352	392	313	274	245	254	196	166	127	78	39	0	49	
186	39	78	107	147	196	235	225	294	274	333	323	401	372	343	401	333	352	343	392	313	274	254	284	205	186	166	127	68	49	0	
V7
0	315	285	270	285	315	315	210	315	240	300	255	360	285	240	330	225	255	255	360	255	240	240	360	240	255	315	345	285	315	285	
315	0	60	120	180	255	315	330	420	405	495	480	615	570	540	645	540	570	555	645	525	480	450	495	375	345	315	255	180	135	60	
285	60	0	45	105	195	255	270	360	345	435	435	555	525	510	615	510	540	540	630	525	480	465	525	390	375	360	315	225	195	120	
270	120	45	0	60	135	195	210	300	300	390	390	510	495	480	585	480	525	525	630	525	480	465	540	420	390	390	360	270	240	165	
285	180	105	60	0	75	135	180	255	255	345	360	480	480	465	570	480	525	540	645	540	510	510	585	450	450	450	420	330	300	225	
315	255	195	135	75	0	60	150	195	225	300	330	450	450	450	555	495	540	555	675	570	555	555	645	510	510	525	495	405	375	300	
315	315	255	195	135	60	0	120	135	180	255	285	405	420	420	540	480	525	555	675	585	570	570	660	540	540	570	540	450	435	360	
210	330	270	210	180	150	120	0	105	75	165	180	300	300	300	405	345	405	435	540	465	450	465	570	450	465	495	495	405	420	345	
315	420	360	300	255	195	135	105	0	75	120	165	270	300	330	435	405	450	495	615	540	540	555	675	555	570	615	600	510	510	450	
240	405	345	300	255	225	180	75	75	0	90	105	225	225	240	360	315	360	405	525	465	450	480	600	480	495	555	555	465	480	420	
300	495	435	390	345	300	255	165	120	90	0	75	150	195	225	330	315	375	420	540	495	510	540	660	540	570	630	645	570	570	510	
255	480	435	390	360	330	285	180	165	105	75	0	120	120	150	255	240	300	345	465	420	435	465	585	480	510	570	600	525	540	495	
360	615	555	510	480	450	405	300	270	225	150	120	0	105	165	225	270	315	375	480	465	480	525	660	570	600	675	705	645	675	615	
285	570	525	495	480	450	420	300	300	225	195	120	105	0	60	135	165	210	270	375	360	390	435	555	465	525	600	630	570	615	570	
240	540	510	480	465	450	420	300	330	240	225	150	165	60	0	105	105	150	210	315	300	330	375	495	420	465	540	585	525	570	525	
330	645	615	585	570	555	540	405	435	360	330	255	225	135	105	0	120	120	180	270	285	330	390	510	450	510	600	645	600	645	615	
225	540	510	480	480	495	480	345	405	315	315	240	270	165	105	120	0	45	105	210	195	225	270	405	330	390	480	525	480	540	510	
255	570	540	525	525	540	525	405	450	360	375	300	315	210	150	120	45	0	60	165	165	210	255	375	330	390	480	525	495	555	540	
255	555	540	525	540	555	555	435	495	405	420	345	375	270	210	180	105	60	0	120	105	150	210	330	285	345	435	495	480	540	525	
360	645	630	630	645	675	675	540	615	525	540	465	480	375	315	270	210	165	120	0	120	180	225	300	315	375	465	540	540	600	600	
255	525	525	525	540	570	585	465	540	465	495	420	465	360	300	285	195	165	105	120	0	60	105	210	195	255	345	420	420	480	480	
240	480	480	480	510	555	570	450	540	450	510	435	480	390	330	330	225	210	150	180	60	0	45	165	135	195	285	360	360	420	420	
240	450	465	465	510	555	570	465	555	480	540	465	525	435	375	390	270	255	210	225	105	45	0	120	90	150	240	315	315	375	390	
360	495	525	540	585	645	660	570	675	600	660	585	660	555	495	510	405	375	330	300	210	165	120	0	120	135	195	285	330	390	435	
240	375	390	420	450	510	540	450	555	480	540	480	570	465	420	450	330	330	285	315	195	135	90	120	0	60	150	225	225	300	315	
255	345	375	390	450	510	540	465	570	495	570	510	600	525	465	510	390	390	345	375	255	195	150	135	60	0	90	165	180	255	285	
315	315	360	390	450	525	570	495	615	555	630	570	675	600	540	600	480	480	435	465	345	285	240	195	150	90	0	75	135	195	255	
345	255	315	360	420	495	540	495	600	555	645	600	705	630	585	645	525	525	495	540	420	360	315	285	225	165	75	0	90	120	195	
285	180	225	270	330	405	450	405	510	465	570	525	645	570	525	600	480	495	480	540	420	360	315	330	225	180	135	90	0	60	105	
315	135	195	240	300	375	435	420	510	480	570	540	675	615	570	645	540	555	540	600	480	420	375	390	300	255	195	120	60	0	75	
285	60	120	165	225	300	360	345	450	420	510	495	615	570	525	615	510	540	525	600	480	420	390	435	315	285	255	195	105	75	0	
Velocidade_Veiculos
1	1	1	1	1	1	1	1	