M: 8
N: 30
Nun_Veiculos: 15
Capacidade_Total: 897
Demanda_Total: 464
Setup_Min: 1
Setup_Max: 9
Raio: 20
Circulos: 1
Tempo_Processamento_Min: 1
Tempo_Processamento_Max: 49
Demanda_Min: 10
Demanda_Max: 30
Priority_Factor: 0.2
Range_Factor_R: 0.8
U_factor: 2
ALpha: 0.2Replicao: 0
Tempos_Processamentos
0	0	1	0	2	0	3	0	4	0	5	0	6	0	7	0	
0	38	1	33	2	34	3	17	4	37	5	20	6	14	7	11	
0	35	1	19	2	24	3	11	4	40	5	4	6	34	7	16	
0	12	1	8	2	11	3	17	4	7	5	23	6	15	7	37	
0	33	1	45	2	18	3	12	4	36	5	17	6	3	7	6	
0	26	1	9	2	16	3	9	4	10	5	37	6	18	7	11	
0	18	1	37	2	32	3	43	4	13	5	9	6	38	7	19	
0	19	1	29	2	26	3	46	4	14	5	39	6	1	7	6	
0	44	1	22	2	17	3	6	4	16	5	11	6	30	7	35	
0	10	1	33	2	42	3	39	4	19	5	24	6	10	7	24	
0	35	1	42	2	6	3	43	4	48	5	23	6	26	7	28	
0	16	1	5	2	47	3	12	4	18	5	9	6	13	7	30	
0	8	1	9	2	21	3	11	4	5	5	19	6	15	7	4	
0	8	1	8	2	22	3	36	4	41	5	41	6	33	7	32	
0	42	1	5	2	37	3	19	4	26	5	35	6	21	7	10	
0	6	1	38	2	29	3	39	4	36	5	36	6	42	7	29	
0	7	1	45	2	40	3	21	4	1	5	44	6	29	7	40	
0	22	1	17	2	9	3	41	4	37	5	46	6	19	7	4	
0	16	1	41	2	30	3	33	4	38	5	11	6	29	7	29	
0	15	1	25	2	43	3	44	4	16	5	2	6	8	7	19	
0	42	1	47	2	25	3	41	4	32	5	14	6	42	7	21	
0	35	1	4	2	39	3	8	4	48	5	43	6	49	7	32	
0	21	1	20	2	45	3	24	4	2	5	22	6	24	7	23	
0	3	1	16	2	12	3	24	4	8	5	21	6	35	7	25	
0	27	1	29	2	48	3	29	4	32	5	4	6	46	7	31	
0	20	1	2	2	36	3	26	4	30	5	4	6	33	7	32	
0	32	1	17	2	19	3	21	4	27	5	12	6	44	7	10	
0	3	1	22	2	2	3	5	4	37	5	4	6	46	7	31	
0	35	1	45	2	14	3	49	4	4	5	44	6	34	7	5	
0	16	1	17	2	19	3	30	4	40	5	46	6	26	7	12	
0	42	1	47	2	43	3	49	4	30	5	19	6	45	7	16	

Tempos_setup
M0
0	0	0	0	0	0	0	0	0	0	0	0	0	0	0	0	0	0	0	0	0	0	0	0	0	0	0	0	0	0	0	
0	0	3	3	3	3	3	1	3	2	4	2	2	3	4	3	2	3	2	2	2	2	2	2	2	2	3	2	1	3	1	
0	2	0	2	2	2	3	3	3	2	3	3	1	3	3	1	1	3	1	3	3	1	2	2	3	3	2	2	3	1	3	
0	4	3	0	3	1	3	1	2	2	1	3	2	2	3	3	2	3	3	2	3	2	1	2	3	2	3	3	2	3	2	
0	3	4	2	0	2	4	3	4	2	3	3	4	3	4	5	3	3	2	4	3	1	3	2	3	4	1	2	4	3	4	
0	3	2	2	3	0	3	1	3	2	3	3	2	1	2	3	2	3	3	2	3	1	2	2	3	3	3	3	3	3	3	
0	3	1	2	2	3	0	2	2	3	2	3	2	3	4	2	2	3	1	3	2	2	1	3	2	2	3	2	2	2	1	
0	3	4	2	3	3	3	0	3	1	3	2	1	2	3	2	1	2	3	1	3	3	1	1	2	2	2	2	2	2	3	
0	3	3	3	3	4	2	1	0	2	4	3	1	3	4	2	2	3	3	1	1	3	2	2	3	3	2	2	2	2	3	
0	3	4	3	2	4	3	3	3	0	4	2	3	3	4	4	3	1	4	4	4	3	3	1	2	4	1	2	4	3	3	
0	3	4	2	3	2	3	2	1	1	0	2	2	3	4	3	3	2	2	2	2	1	1	2	3	2	2	2	1	2	2	
0	4	4	4	4	5	4	3	2	4	4	0	2	5	4	3	3	3	4	2	3	4	4	2	3	4	4	3	3	1	4	
0	2	3	3	4	4	2	2	2	3	4	4	0	4	3	4	3	4	3	3	3	3	2	3	3	3	2	1	3	4	3	
0	3	2	3	2	2	3	3	2	3	2	2	3	0	1	3	3	4	3	3	2	3	2	1	2	3	3	2	3	3	4	
0	3	1	2	3	1	3	2	2	2	1	3	2	2	0	2	2	3	2	3	1	2	1	3	3	2	2	2	2	2	3	
0	1	3	2	4	3	3	2	3	3	3	3	3	3	4	0	3	4	3	3	2	3	3	3	3	2	3	2	2	3	2	
0	3	5	3	3	4	4	3	4	1	4	3	2	4	4	2	0	2	4	3	4	4	3	2	3	4	1	2	4	1	4	
0	4	3	2	1	3	2	3	4	3	3	4	3	2	3	4	3	0	3	4	3	2	3	3	3	3	2	3	3	4	2	
0	2	4	2	1	2	3	3	3	2	3	3	2	3	4	3	1	3	0	2	3	2	1	3	2	2	2	1	2	1	3	
0	2	4	3	3	3	3	3	3	3	4	2	1	3	3	1	3	2	2	0	3	2	3	3	3	2	2	2	1	3	2	
0	2	2	3	2	4	4	3	4	3	3	4	2	4	5	3	2	4	3	4	0	3	2	4	3	3	1	1	3	1	3	
0	2	3	1	3	1	3	2	3	1	2	2	3	2	3	4	3	2	4	3	4	0	2	1	2	3	2	3	3	3	3	
0	3	3	1	3	2	2	2	3	3	2	2	3	2	3	3	3	3	2	2	2	2	0	2	3	1	3	2	1	2	2	
0	4	3	2	4	3	2	3	2	3	3	1	2	4	4	3	2	3	3	3	3	4	3	0	1	4	3	3	4	2	3	
0	3	4	1	3	2	3	2	1	3	2	4	2	3	3	2	3	2	4	2	2	3	2	3	0	3	3	3	3	1	3	
0	4	2	1	3	2	1	2	3	3	2	2	2	1	2	3	3	4	2	2	3	3	2	1	2	0	4	3	3	1	2	
0	2	5	2	4	3	4	2	4	2	3	4	3	4	5	4	3	3	3	3	4	3	2	3	3	3	0	1	3	4	3	
0	1	4	2	4	3	3	2	4	3	3	3	3	3	4	4	2	4	3	3	3	2	1	3	3	2	1	0	2	3	2	
0	2	3	2	2	2	2	2	3	2	3	1	3	2	3	2	2	2	1	3	2	1	2	2	2	1	2	1	0	2	1	
0	3	4	4	5	5	3	2	3	3	3	4	1	4	4	2	3	4	4	3	4	4	3	3	3	4	3	2	4	0	4	
0	3	3	2	2	2	2	1	2	2	3	2	2	2	3	3	1	2	2	2	1	2	2	2	1	1	2	2	1	2	0	
M1
0	0	0	0	0	0	0	0	0	0	0	0	0	0	0	0	0	0	0	0	0	0	0	0	0	0	0	0	0	0	0	
0	0	3	2	2	1	2	2	3	2	3	4	3	2	3	3	3	3	2	3	1	3	2	2	2	2	2	3	4	3	3	
0	2	0	3	3	2	2	3	2	4	2	1	4	1	2	2	3	2	1	3	3	3	3	3	3	3	3	3	2	4	3	
0	1	1	0	3	2	1	3	1	1	3	2	4	2	2	2	3	3	2	2	2	1	3	3	3	3	3	2	3	2	3	
0	2	3	2	0	2	1	1	2	3	2	3	2	2	3	2	2	2	3	1	3	2	3	3	2	1	1	2	2	3	3	
0	3	4	3	2	0	3	2	2	3	2	3	2	1	2	4	3	2	3	3	3	2	2	3	1	3	1	3	3	2	3	
0	2	2	1	3	1	0	3	2	2	2	2	3	2	2	2	3	3	3	1	3	1	2	3	2	4	2	1	2	2	3	
0	3	3	2	2	3	2	0	3	3	3	3	1	1	3	4	1	2	4	3	3	3	3	2	2	3	3	2	4	2	4	
0	4	5	4	4	2	4	4	0	4	4	4	3	3	3	4	2	4	4	3	5	4	4	4	3	5	3	3	4	3	4	
0	2	2	4	3	2	3	2	1	0	3	2	3	1	2	1	2	3	3	1	3	3	2	3	3	4	3	1	2	1	2	
0	1	4	3	3	2	3	3	3	3	0	2	3	3	3	3	3	2	3	2	2	3	2	3	2	3	3	1	1	2	3	
0	2	3	3	2	3	2	2	3	4	1	0	3	3	1	3	2	3	3	2	2	2	2	2	2	3	3	2	1	3	3	
0	3	3	2	3	2	1	3	3	3	3	3	0	3	3	3	4	4	3	2	2	2	3	1	3	3	3	2	3	3	4	
0	3	3	4	2	4	3	3	4	4	2	4	4	0	5	4	4	4	3	3	2	4	4	3	4	3	3	3	3	4	5	
0	2	2	3	1	3	2	1	2	4	1	3	2	2	0	3	2	3	3	2	3	3	1	1	3	2	2	2	2	3	2	
0	2	1	3	2	1	3	1	3	4	2	2	2	2	1	0	2	3	2	1	3	3	2	2	2	3	2	2	2	3	3	
0	2	3	2	4	2	2	2	2	3	3	2	1	3	3	3	0	3	4	2	3	3	2	2	3	4	3	1	3	1	3	
0	3	3	2	3	3	3	1	3	3	3	2	2	2	2	3	2	0	2	3	4	1	3	3	3	3	4	3	3	3	4	
0	1	4	3	3	1	3	3	3	3	3	2	3	2	3	4	4	3	0	3	2	3	3	3	2	2	2	4	3	3	4	
0	1	2	3	3	2	3	2	4	3	3	3	3	3	2	1	3	2	3	0	2	2	3	3	2	3	3	3	1	3	2	
0	2	3	2	1	2	2	1	2	2	3	3	2	2	3	3	2	2	1	2	0	3	3	1	2	1	2	3	3	3	4	
0	3	3	2	2	2	2	2	3	3	2	1	3	2	1	2	3	4	3	2	3	0	2	2	3	3	3	3	2	4	3	
0	3	3	2	4	2	1	3	3	3	3	3	1	3	3	2	1	4	2	2	3	2	0	2	3	4	3	2	3	2	1	
0	4	5	5	5	3	4	5	4	3	5	5	4	4	4	4	4	4	5	4	5	5	3	0	4	6	4	2	4	3	4	
0	2	3	3	2	3	2	2	2	2	2	3	2	1	1	3	2	1	3	3	3	2	1	2	0	3	1	2	3	1	2	
0	2	2	1	3	3	2	2	1	2	3	3	2	2	2	2	3	1	3	1	3	2	2	3	1	0	2	3	2	2	3	
0	2	3	2	1	2	2	1	2	2	1	2	2	2	2	3	2	3	2	2	3	1	3	3	3	2	0	2	2	3	4	
0	2	4	3	3	3	2	3	2	4	3	4	2	4	4	3	2	2	3	3	3	3	1	3	3	4	2	0	4	1	2	
0	2	3	3	2	3	3	2	3	3	3	3	3	2	2	2	3	2	2	1	1	2	2	2	1	2	2	3	0	2	3	
0	1	4	3	3	2	3	3	1	3	3	3	3	3	3	4	2	4	3	4	2	4	3	3	3	3	3	3	3	0	3	
0	3	2	2	3	2	3	2	3	3	3	3	3	3	2	1	3	3	3	2	2	3	3	3	2	3	3	3	3	3	0	
M2
0	0	0	0	0	0	0	0	0	0	0	0	0	0	0	0	0	0	0	0	0	0	0	0	0	0	0	0	0	0	0	
0	0	3	2	2	3	3	3	2	3	3	3	1	3	2	3	2	2	4	2	3	1	1	2	3	3	3	3	2	1	2	
0	4	0	3	3	2	2	3	4	2	3	3	3	3	2	4	2	3	4	2	3	2	2	2	2	3	3	1	3	1	2	
0	3	1	0	4	3	3	1	3	3	3	3	3	3	2	2	3	3	4	3	2	3	3	2	3	3	3	2	2	2	3	
0	3	2	3	0	3	1	2	3	2	2	3	3	3	2	1	2	2	3	4	2	3	3	3	1	2	3	2	2	3	3	
0	4	3	3	1	0	2	1	3	3	2	4	2	3	1	2	3	3	4	3	3	3	4	2	2	3	2	3	3	4	2	
0	3	2	2	3	3	0	3	2	2	1	2	2	2	3	3	3	2	3	3	1	4	2	3	3	3	2	2	4	3	2	
0	5	2	3	3	2	4	0	3	3	4	3	4	2	3	1	3	2	3	4	4	2	3	1	4	2	2	3	2	3	2	
0	4	2	1	3	3	2	2	0	1	3	3	1	2	1	1	1	2	3	2	2	2	3	3	3	2	3	2	2	3	2	
0	4	2	3	3	3	1	3	3	0	2	2	3	2	3	3	3	3	4	4	1	4	2	3	3	3	2	2	4	3	3	
0	4	2	1	3	2	3	2	1	2	0	2	1	1	2	2	2	1	2	2	1	3	2	2	3	2	2	2	3	3	1	
0	2	4	3	4	4	4	2	3	4	4	0	2	3	1	3	3	3	4	3	4	3	3	3	2	4	3	3	3	3	3	
0	4	2	2	3	2	3	3	1	2	2	2	0	3	2	2	2	1	4	1	3	3	2	3	4	3	3	3	3	2	3	
0	3	2	3	2	1	3	2	4	4	3	2	3	0	2	1	4	2	3	4	4	4	2	1	3	1	2	3	2	3	2	
0	5	3	3	4	3	4	1	2	3	3	3	1	3	0	2	3	2	4	2	4	2	3	2	4	3	2	3	3	3	2	
0	4	1	2	2	3	3	3	4	3	3	2	3	3	3	0	3	1	5	3	4	3	2	3	3	1	4	2	3	2	3	
0	4	2	2	3	2	2	3	4	2	3	2	3	2	3	3	0	3	4	2	1	1	2	2	2	1	2	1	1	2	3	
0	5	1	2	4	3	3	3	5	3	4	4	4	4	3	4	2	0	4	3	3	2	3	3	3	3	4	2	3	2	3	
0	4	1	2	1	3	1	3	1	2	2	3	2	2	2	2	1	3	0	3	2	2	3	1	2	2	2	2	2	2	2	
0	3	3	2	3	3	2	3	2	1	1	1	1	2	2	3	3	2	3	0	2	2	3	2	3	3	3	3	2	1	2	
0	3	3	4	2	2	2	2	3	2	3	1	2	1	2	2	2	2	4	3	0	3	1	2	2	2	1	1	3	4	3	
0	4	2	1	3	3	3	2	4	3	4	3	3	3	2	3	1	3	4	3	2	0	2	3	3	2	2	2	2	3	4	
0	3	2	3	1	3	2	2	2	3	3	2	1	2	3	2	3	2	3	2	3	4	0	1	2	3	2	2	2	3	2	
0	4	3	4	3	2	3	3	3	3	3	2	3	1	3	2	3	2	2	3	3	3	3	0	3	2	1	2	1	2	1	
0	2	2	3	3	2	2	1	3	2	3	2	2	3	1	2	1	1	2	3	2	2	2	2	0	2	3	1	1	2	3	
0	3	2	4	2	3	3	2	3	4	4	1	2	3	2	2	4	3	4	3	4	4	1	2	3	0	3	3	3	3	3	
0	5	2	3	4	3	4	4	4	4	4	3	4	2	3	3	3	1	3	4	3	3	3	3	4	3	0	3	2	3	4	
0	3	3	3	2	1	1	2	3	1	2	3	2	2	2	3	2	2	3	3	2	3	1	1	1	3	2	0	2	3	2	
0	3	4	3	2	1	3	2	3	3	3	1	3	3	2	3	3	3	5	2	2	2	3	3	3	4	3	3	0	1	2	
0	4	3	2	4	3	3	2	3	3	4	4	2	3	1	3	2	2	4	3	3	1	3	3	2	3	3	2	3	0	1	
0	4	2	3	3	2	2	3	4	2	3	3	3	3	3	4	3	1	4	4	2	3	2	2	2	3	3	1	3	3	0	
M3
0	0	0	0	0	0	0	0	0	0	0	0	0	0	0	0	0	0	0	0	0	0	0	0	0	0	0	0	0	0	0	
0	0	3	2	3	2	2	1	3	3	3	3	1	2	3	1	2	2	3	2	2	2	4	3	3	3	5	3	3	3	3	
0	3	0	1	3	2	3	3	3	3	1	3	2	2	3	1	2	2	2	3	3	2	3	2	1	2	5	3	2	3	2	
0	2	4	0	3	1	3	3	3	3	4	3	1	3	3	3	3	2	3	2	2	4	2	1	3	1	4	4	2	2	4	
0	2	2	3	0	2	3	3	2	2	3	3	3	3	3	3	2	4	1	2	3	1	2	3	2	4	5	1	2	3	3	
0	2	4	1	3	0	4	3	4	4	4	3	2	3	4	3	3	3	2	2	3	4	3	2	2	2	5	4	3	3	3	
0	3	3	3	3	2	0	2	2	1	3	2	4	2	3	3	1	3	3	2	3	3	2	2	3	3	5	4	4	2	3	
0	1	3	1	2	2	1	0	2	2	4	3	2	3	4	2	2	3	3	2	1	1	3	2	2	2	5	3	3	3	3	
0	2	1	2	2	2	2	3	0	3	2	1	3	2	3	2	2	2	3	2	1	1	2	3	1	2	5	3	3	2	2	
0	3	3	2	2	3	2	2	2	0	2	2	3	1	2	2	1	3	3	3	3	3	1	2	3	3	4	3	4	2	2	
0	3	3	3	3	4	2	3	2	3	0	3	4	3	3	4	3	4	4	4	2	3	2	2	3	3	6	2	4	4	4	
0	2	2	3	3	3	2	2	2	2	1	0	3	2	2	3	2	1	3	2	2	3	1	3	2	3	5	3	2	1	3	
0	1	3	2	2	3	2	2	3	2	4	3	0	3	2	2	3	3	2	1	1	3	3	3	4	2	6	3	3	4	4	
0	4	2	3	5	3	4	3	3	3	3	3	3	0	4	1	2	2	4	4	4	3	4	3	3	3	3	3	3	3	1	
0	2	1	2	3	3	2	3	3	3	2	4	3	3	0	2	2	3	3	3	2	2	2	1	2	3	5	1	3	3	3	
0	3	2	2	4	3	3	2	2	2	3	2	3	1	3	0	1	1	3	3	3	2	3	2	2	3	4	2	2	2	2	
0	2	2	2	3	3	2	1	1	2	3	2	3	2	2	3	0	3	4	2	2	2	3	1	2	2	5	3	3	1	3	
0	2	3	2	3	2	2	1	2	2	4	3	3	2	2	2	2	0	2	2	2	2	2	3	1	2	5	3	1	1	2	
0	3	3	3	1	3	3	4	2	3	3	3	4	3	3	4	3	4	0	3	2	2	2	4	3	3	4	2	1	2	3	
0	3	3	1	4	2	2	4	2	3	4	3	2	4	4	4	3	3	3	0	3	3	3	2	3	2	5	5	3	3	4	
0	2	3	4	1	3	1	3	3	2	4	3	3	3	3	3	2	4	2	3	0	2	2	3	3	1	6	2	3	3	4	
0	1	2	2	3	2	3	2	1	4	3	2	2	2	3	2	2	3	3	1	2	0	3	3	1	3	5	4	4	3	2	
0	3	2	3	3	3	1	3	1	1	3	2	4	1	1	2	2	3	4	3	2	2	0	2	2	2	4	2	4	3	2	
0	1	4	3	2	3	2	2	4	3	4	4	2	3	4	2	3	3	3	3	1	3	3	0	4	2	4	3	4	4	3	
0	3	2	1	3	1	2	2	2	3	3	3	2	1	3	2	1	3	2	3	3	3	3	2	0	2	4	4	3	2	1	
0	1	3	3	3	3	2	2	2	2	3	2	2	2	2	2	3	3	3	3	2	3	1	3	3	0	5	3	4	3	3	
0	3	3	3	3	2	3	3	3	3	2	1	4	3	3	4	3	2	3	3	2	2	2	4	3	3	0	2	2	2	4	
0	2	1	2	2	3	2	2	2	2	2	3	3	2	2	2	1	3	3	2	2	1	1	2	2	3	5	0	2	2	2	
0	3	3	2	2	3	2	4	2	2	3	2	3	2	2	3	3	3	3	3	1	3	1	3	3	2	5	3	0	3	3	
0	1	2	2	2	2	2	2	1	1	3	2	2	2	3	2	1	2	3	1	1	2	2	2	1	2	4	3	2	0	2	
0	4	1	2	4	3	4	3	3	4	2	4	3	3	4	2	2	2	3	3	4	3	3	3	2	3	6	4	3	3	0	
M4
0	0	0	0	0	0	0	0	0	0	0	0	0	0	0	0	0	0	0	0	0	0	0	0	0	0	0	0	0	0	0	
0	0	2	3	3	3	3	3	4	2	3	2	3	3	3	1	2	3	2	5	3	3	3	4	3	3	2	2	4	4	3	
0	2	0	2	4	3	4	2	4	4	4	4	1	3	3	2	3	3	4	4	3	2	3	3	4	3	3	3	2	2	4	
0	1	3	0	3	3	2	4	4	3	4	3	2	3	3	2	3	2	3	3	1	2	4	3	3	3	3	2	4	3	4	
0	3	3	3	0	1	2	3	2	3	3	2	3	2	3	4	2	3	4	5	3	2	3	3	2	2	3	1	1	2	3	
0	2	4	3	3	0	1	3	1	2	2	1	2	2	2	3	3	3	3	4	2	3	2	2	4	4	3	3	3	1	3	
0	1	3	3	2	3	0	2	3	3	4	3	4	2	3	2	3	3	3	3	3	2	3	1	4	3	3	3	2	3	2	
0	3	1	3	3	1	2	0	2	3	2	2	2	2	3	3	1	2	2	2	3	3	1	2	3	2	3	2	2	2	2	
0	2	4	3	3	1	2	4	0	2	3	2	2	2	1	3	4	3	3	4	2	3	3	3	4	4	3	3	3	2	3	
0	1	2	2	2	2	3	2	3	0	3	2	3	4	4	2	2	2	1	4	3	4	3	3	4	3	3	3	2	3	2	
0	2	3	3	1	2	3	2	3	4	0	2	1	2	3	2	2	1	3	4	3	2	2	1	2	3	3	1	2	2	3	
0	1	3	2	2	1	1	3	2	3	1	0	2	2	3	2	2	2	2	3	1	3	1	2	3	3	3	2	2	2	3	
0	1	3	3	4	3	3	4	3	3	3	3	0	3	2	1	2	2	3	4	2	1	3	3	4	3	2	3	2	1	3	
0	2	3	2	3	3	2	3	2	3	2	2	3	0	2	2	3	2	2	4	3	2	1	3	3	2	1	2	2	2	1	
0	1	3	2	2	2	2	3	1	1	3	3	1	1	0	2	3	2	2	3	1	2	2	3	3	3	2	2	2	2	2	
0	2	2	2	3	2	3	3	3	3	2	3	3	2	2	0	1	2	2	4	2	2	2	3	3	3	1	2	3	3	2	
0	3	2	2	2	2	2	3	2	4	1	2	2	3	3	2	0	1	3	4	3	3	2	2	3	2	2	2	3	2	1	
0	4	3	3	3	3	3	3	2	4	2	3	3	4	3	3	1	0	4	3	4	4	3	3	4	3	3	3	3	3	2	
0	2	1	3	1	1	2	1	2	3	2	2	2	3	3	3	1	1	0	3	3	3	2	2	3	3	3	2	2	2	2	
0	2	3	2	2	3	1	2	2	4	3	4	3	2	3	2	3	2	2	0	2	2	3	1	3	2	3	3	2	4	1	
0	2	3	1	2	2	1	3	3	2	3	2	1	2	3	2	2	1	3	2	0	2	3	2	2	4	3	1	3	2	3	
0	2	3	2	3	3	2	4	2	2	2	3	2	2	1	3	1	1	3	3	1	0	3	3	3	3	2	2	2	3	2	
0	2	2	3	2	2	2	2	3	3	2	1	2	1	3	2	2	2	1	4	2	3	0	3	2	2	2	1	1	1	2	
0	2	2	3	1	2	3	1	3	3	3	3	3	1	2	3	2	2	3	3	2	1	2	0	3	2	2	2	1	3	2	
0	2	1	1	3	3	3	3	4	4	3	2	2	3	3	3	3	3	4	4	2	3	3	2	0	4	4	3	3	3	4	
0	2	2	3	2	2	3	1	3	2	1	3	2	3	3	2	1	2	2	3	2	2	2	2	3	0	1	2	3	3	2	
0	1	2	3	2	2	3	2	3	3	3	2	3	2	2	2	2	2	1	3	2	1	1	3	2	3	0	1	2	2	3	
0	2	2	2	1	2	2	2	3	4	2	1	2	1	3	3	2	3	3	4	2	3	2	3	1	3	2	0	2	3	2	
0	2	3	3	2	3	3	2	3	3	2	2	2	2	4	3	1	2	3	4	2	3	2	3	2	1	2	1	0	3	2	
0	2	4	4	3	4	4	4	4	4	2	4	1	4	3	2	2	3	4	5	3	2	4	3	4	4	3	3	3	0	3	
0	2	3	1	3	2	1	2	1	3	2	3	3	2	2	1	2	1	3	4	2	3	3	2	4	1	2	3	2	3	0	
M5
0	0	0	0	0	0	0	0	0	0	0	0	0	0	0	0	0	0	0	0	0	0	0	0	0	0	0	0	0	0	0	
0	0	2	3	3	1	3	2	2	3	3	4	2	2	1	4	3	2	3	4	4	3	3	1	3	2	4	3	1	1	2	
0	3	0	3	3	2	2	1	4	2	3	2	2	3	1	3	2	4	2	5	4	4	4	3	2	3	2	2	2	3	3	
0	2	3	0	2	3	3	2	2	3	3	2	3	4	3	4	1	2	2	5	4	4	3	2	1	3	3	2	2	3	3	
0	2	1	2	0	3	2	2	2	2	3	1	2	3	2	3	2	4	3	3	2	3	1	2	1	2	2	2	1	3	3	
0	3	2	2	3	0	2	3	3	3	2	3	1	1	3	3	3	3	3	4	3	3	2	2	2	1	3	3	3	1	3	
0	1	2	2	1	2	0	3	2	2	2	2	3	1	2	1	3	2	3	3	2	2	2	2	2	3	2	1	2	2	1	
0	2	3	2	2	1	1	0	3	2	3	3	2	2	3	2	3	3	1	4	3	3	3	2	1	2	2	1	1	2	2	
0	3	3	4	2	3	3	3	0	2	3	3	2	3	4	3	1	3	4	3	3	2	2	3	3	3	3	4	3	3	1	
0	3	3	2	2	3	2	2	3	0	2	3	2	3	3	3	1	3	3	4	3	3	2	2	3	1	2	3	1	3	3	
0	3	3	3	2	2	3	3	2	2	0	3	2	3	1	2	3	1	1	4	3	3	3	2	2	3	2	1	2	3	3	
0	2	3	2	2	3	1	2	3	1	2	0	2	2	3	2	2	3	3	4	3	3	2	2	1	1	1	2	1	2	2	
0	2	2	2	3	3	3	2	3	2	1	3	0	4	2	3	3	2	2	4	3	3	2	1	1	3	2	2	2	1	2	
0	2	3	2	3	2	3	2	3	3	1	2	2	0	2	3	2	2	2	5	4	4	3	3	1	3	3	2	2	2	4	
0	3	3	3	3	4	3	3	4	3	2	4	1	4	0	4	2	3	2	4	4	4	3	2	2	4	3	3	3	2	3	
0	2	3	2	2	3	3	2	1	3	2	3	3	4	3	0	2	1	3	4	3	3	3	2	1	3	3	2	2	3	2	
0	2	2	3	1	2	3	2	3	3	4	2	3	3	3	3	0	4	3	4	3	4	2	3	2	3	2	3	2	2	4	
0	2	2	2	1	3	3	3	1	3	1	2	2	4	2	3	2	0	2	3	2	2	2	1	2	3	3	2	2	2	2	
0	2	4	2	4	3	3	2	3	3	3	4	3	4	3	4	3	4	0	3	4	4	3	3	1	2	3	2	2	3	4	
0	3	2	3	2	2	2	1	3	2	2	2	3	1	2	2	1	3	1	0	2	3	1	2	2	2	2	2	2	3	3	
0	3	3	1	3	3	2	2	3	2	3	1	3	2	3	3	2	3	2	1	0	4	2	3	2	2	2	2	2	3	3	
0	3	3	3	2	3	3	2	2	3	2	3	3	2	3	3	2	1	2	1	3	0	2	2	3	3	3	3	2	3	3	
0	2	3	2	2	3	2	2	3	1	2	1	3	3	3	2	1	3	3	2	1	2	0	1	1	1	2	2	2	3	2	
0	1	3	4	4	2	3	3	3	2	4	3	3	3	2	3	3	3	2	3	3	2	2	0	3	3	3	4	2	2	1	
0	1	3	1	3	2	2	1	2	2	3	3	2	3	2	3	2	3	2	4	3	3	2	2	0	2	2	1	1	2	3	
0	2	3	1	2	3	1	3	3	2	1	2	3	2	2	2	2	2	2	3	2	2	1	2	2	0	3	2	3	3	2	
0	3	2	1	2	3	2	3	2	2	3	1	3	3	3	3	1	3	3	4	4	3	3	3	2	2	0	3	2	1	2	
0	3	3	2	3	1	2	2	2	1	3	2	2	2	4	3	2	3	3	3	4	2	3	2	3	2	1	0	1	2	3	
0	2	2	2	3	2	2	1	2	3	2	3	1	3	3	3	3	3	2	4	3	3	2	1	2	1	3	2	0	2	2	
0	4	1	4	4	3	3	2	4	3	4	3	3	4	2	4	3	3	3	3	4	2	3	4	3	4	3	3	3	0	3	
0	3	4	3	3	4	2	3	3	1	3	2	3	3	4	2	2	2	3	2	2	1	1	2	2	2	2	3	2	3	0	
M6
0	0	0	0	0	0	0	0	0	0	0	0	0	0	0	0	0	0	0	0	0	0	0	0	0	0	0	0	0	0	0	
0	0	3	3	3	3	3	2	3	1	4	3	4	2	2	3	3	3	2	2	3	3	3	3	3	2	2	2	3	3	4	
0	3	0	1	2	2	2	4	3	3	3	3	4	3	4	2	2	4	3	4	3	2	3	1	3	4	2	1	3	2	3	
0	4	1	0	1	3	3	3	3	3	3	2	3	3	4	2	2	4	2	3	2	3	2	1	3	4	3	2	2	1	3	
0	3	3	3	0	4	4	3	3	3	3	2	2	4	4	3	2	4	2	3	2	2	1	3	2	4	3	3	2	1	3	
0	3	3	3	3	0	3	3	2	3	2	3	3	2	3	3	3	4	2	4	4	2	3	4	3	4	1	3	4	3	2	
0	2	3	4	2	3	0	2	3	1	2	3	2	2	2	3	3	4	2	3	2	2	1	3	3	2	2	3	1	2	3	
0	3	2	3	4	2	2	0	3	2	3	3	4	3	3	3	2	4	2	3	1	2	3	2	3	3	2	1	3	2	2	
0	2	2	1	1	3	2	2	0	1	1	3	2	2	2	3	2	4	3	3	3	2	2	2	3	2	3	3	3	2	2	
0	1	3	3	2	2	3	2	3	0	3	2	3	1	1	2	2	3	3	2	2	2	2	3	2	1	2	3	3	2	3	
0	2	3	2	2	3	3	1	1	2	0	3	1	3	3	3	3	3	3	2	2	1	1	2	2	3	2	2	2	3	2	
0	3	3	3	3	4	3	3	3	3	3	0	2	2	3	2	1	3	3	3	2	2	1	3	1	2	2	3	4	3	2	
0	4	2	2	3	2	3	3	2	3	2	4	0	3	4	2	3	2	3	1	2	3	1	1	3	3	2	2	4	3	3	
0	4	3	3	1	4	2	3	3	3	3	2	3	0	3	3	1	3	2	3	3	3	2	2	2	4	2	4	2	1	2	
0	3	3	3	3	3	3	1	2	3	3	1	3	3	0	2	2	3	2	3	1	2	2	2	1	3	1	2	3	3	2	
0	2	3	2	2	3	3	3	1	2	2	2	3	1	3	0	1	3	3	3	4	1	3	2	2	3	2	2	3	2	2	
0	3	2	2	3	3	3	3	2	3	3	2	3	2	2	2	0	2	3	2	3	2	3	3	3	3	1	3	4	3	1	
0	3	1	2	2	2	3	2	1	2	2	2	1	2	3	3	1	0	4	2	3	3	2	2	3	1	2	2	4	3	2	
0	3	3	4	3	3	3	1	3	2	4	3	5	2	2	4	3	4	0	4	2	3	4	3	3	3	2	2	4	3	3	
0	3	1	1	2	1	2	3	2	3	3	3	2	3	4	2	2	1	3	0	2	3	3	1	4	2	2	1	3	2	3	
0	2	2	2	3	3	4	2	3	3	4	2	4	2	3	2	3	3	1	2	0	3	3	1	3	3	3	3	4	3	1	
0	1	2	2	2	2	2	3	1	2	2	2	3	2	2	2	3	3	3	3	3	0	2	3	1	3	1	1	3	2	1	
0	3	2	3	4	3	4	2	3	2	3	3	1	3	3	3	4	3	2	2	1	4	0	2	4	3	3	3	4	3	2	
0	3	2	1	2	4	4	4	2	2	3	3	4	2	3	1	2	4	3	4	3	2	3	0	3	3	3	3	3	2	3	
0	3	2	3	3	3	3	3	2	3	2	3	3	2	2	1	2	2	4	3	3	2	3	2	0	3	2	2	4	3	2	
0	3	3	4	2	3	3	1	3	3	2	1	2	1	4	3	2	4	3	3	2	3	1	3	2	0	3	2	3	2	3	
0	2	3	2	2	3	2	3	1	2	2	3	3	3	3	3	3	4	4	4	4	1	3	3	2	3	0	2	3	3	2	
0	2	4	3	3	1	1	3	2	2	2	2	3	3	3	2	2	4	2	4	3	2	2	4	3	3	1	0	2	1	3	
0	3	3	3	1	3	3	2	2	3	1	3	2	2	3	4	3	3	1	3	2	2	1	3	3	4	1	2	0	2	3	
0	3	3	2	2	4	4	2	3	3	2	1	3	3	3	3	1	3	1	3	2	3	2	3	2	3	2	3	1	0	2	
0	3	1	1	2	3	3	3	4	2	4	1	3	1	3	3	2	4	3	4	3	3	2	2	2	3	3	2	3	2	0	
M7
0	0	0	0	0	0	0	0	0	0	0	0	0	0	0	0	0	0	0	0	0	0	0	0	0	0	0	0	0	0	0	
0	0	2	3	4	3	1	4	3	3	2	3	2	3	2	4	3	3	3	2	3	3	3	4	3	3	1	3	2	2	2	
0	2	0	2	2	2	3	3	3	4	2	2	1	3	3	3	3	2	2	3	2	2	3	3	2	1	2	3	2	3	3	
0	1	3	0	3	3	2	1	3	2	2	2	3	1	2	3	2	2	3	2	3	2	3	3	3	3	1	2	2	1	2	
0	3	3	3	0	2	3	3	3	3	3	2	4	3	3	1	4	4	2	3	3	2	2	4	2	2	2	1	2	3	2	
0	4	2	4	4	0	4	3	4	4	4	3	3	3	3	2	4	4	1	2	4	3	3	5	2	3	3	2	3	4	3	
0	3	1	2	3	3	0	3	3	3	2	2	1	3	2	3	3	2	2	2	2	2	3	3	3	2	2	2	1	1	3	
0	3	3	2	3	3	2	0	3	3	2	2	3	1	2	3	2	2	2	3	3	3	2	3	3	3	2	2	1	3	2	
0	3	2	2	1	2	2	3	0	1	2	2	3	3	2	2	2	4	3	4	3	3	3	4	3	3	1	2	2	3	2	
0	2	2	2	2	2	1	3	3	0	2	1	2	3	2	2	1	3	2	3	2	3	2	3	3	2	3	3	1	2	4	
0	2	2	3	2	1	1	3	1	2	0	2	2	2	2	2	1	3	2	3	3	2	2	4	3	3	2	1	2	2	2	
0	2	4	2	1	3	3	2	4	2	3	0	4	3	3	2	3	3	3	3	1	3	2	5	2	1	3	2	3	2	3	
0	2	2	1	2	2	2	2	2	3	1	3	0	2	2	2	2	1	1	2	1	1	2	4	2	3	1	2	3	2	2	
0	2	2	3	2	4	1	3	4	2	3	1	2	0	1	2	1	1	2	3	2	2	2	4	3	2	2	1	2	2	1	
0	3	2	2	3	3	3	3	4	3	3	3	3	2	0	4	3	3	1	2	1	3	2	4	2	3	3	3	2	3	3	
0	2	3	2	2	3	2	3	2	3	2	2	3	2	3	0	3	3	2	3	3	4	3	3	3	1	3	3	1	3	2	
0	1	1	3	3	3	2	3	4	4	3	2	2	3	1	4	0	3	1	2	2	3	3	4	2	2	2	3	2	3	3	
0	3	4	3	1	3	3	2	3	2	2	2	4	3	2	2	3	0	3	4	3	3	1	3	3	3	1	2	3	3	2	
0	3	1	3	3	3	3	2	4	3	3	2	2	2	2	3	3	3	0	1	3	3	2	4	1	2	3	2	3	4	3	
0	2	3	3	2	2	3	4	4	4	3	2	3	3	1	3	2	3	2	0	2	4	3	4	3	1	3	3	2	4	3	
0	2	3	1	2	3	2	2	3	2	2	2	3	2	3	3	3	3	4	3	0	3	1	4	3	3	2	3	3	2	3	
0	3	3	3	3	4	3	4	3	2	3	2	4	2	2	1	3	2	3	2	2	0	1	4	3	2	2	1	2	1	2	
0	2	3	3	2	3	2	3	4	1	3	1	3	2	3	2	2	3	3	3	2	4	0	3	2	2	3	3	2	3	3	
0	3	3	2	3	3	2	3	3	1	2	2	1	1	2	3	2	2	2	3	2	2	3	0	3	2	2	2	2	3	2	
0	3	3	3	3	2	3	1	4	3	3	3	3	2	2	2	3	3	3	1	3	2	2	4	0	2	2	1	2	3	2	
0	1	3	3	1	3	2	3	3	3	2	1	3	2	3	2	3	3	3	3	2	3	3	5	2	0	2	2	3	3	3	
0	3	3	3	3	2	2	3	2	2	1	2	3	2	1	3	2	3	2	3	2	3	2	5	2	3	0	2	3	3	1	
0	2	2	3	3	3	2	3	3	2	2	2	3	3	2	1	3	3	2	2	2	1	1	4	3	2	1	0	2	2	1	
0	2	2	1	3	2	2	2	2	2	1	3	3	2	3	3	2	3	1	2	4	3	2	2	2	2	2	2	0	2	3	
0	3	3	3	2	3	3	3	3	3	3	3	4	3	1	2	3	1	2	1	2	1	2	4	3	2	2	1	2	0	2	
0	3	2	2	3	3	2	3	4	1	3	2	3	3	3	3	2	2	1	2	1	3	1	4	2	3	3	3	2	2	0	
Tamanho_Tarefas
0	24	16	15	13	14	13	21	6	18	29	12	9	15	16	21	1	13	17	13	14	21	11	3	26	10	21	18	21	17	16	
Data_Entrega
0	31	36	36	38	37	32	32	39	36	33	36	38	34	40	31	34	31	37	34	31	32	39	34	32	37	35	40	37	30	30	
Penalidade_Atraso
0	9	12	12	14	20	19	6	6	19	11	7	18	19	13	6	5	17	10	1	16	6	3	5	16	20	15	20	15	4	10	
Capacidade_Veiculo
45	44	65	52	51	67	78	32	84	66	70	73	59	63	48	
Custo_Fixo_Veiculo
450	440	650	520	510	670	780	320	840	660	700	730	590	630	480	
Coordenadas_Clientes
x	0	y	0
x	17	y	0
x	21	y	4
x	15	y	7
x	14	y	10
x	15	y	17
x	8	y	15
x	6	y	20
x	1	y	15
x	-1	y	16
x	-6	y	20
x	-8	y	14
x	-10	y	12
x	-19	y	14
x	-22	y	9
x	-22	y	4
x	-22	y	0
x	-16	y	-3
x	-15	y	-6
x	-17	y	-12
x	-11	y	-12
x	-10	y	-18
x	-6	y	-20
x	-2	y	-20
x	2	y	-19
x	6	y	-19
x	12	y	-20
x	14	y	-16
x	19	y	-14
x	17	y	-7
x	15	y	-3
Tempo_Viagem
0	17	21	16	17	22	17	20	15	16	20	16	15	23	23	22	22	16	16	20	16	20	20	20	19	19	23	21	23	18	15	
17	0	5	7	10	17	17	22	21	23	29	28	29	38	40	39	39	33	32	36	30	32	30	27	23	21	20	16	14	7	3	
21	5	0	6	9	14	16	21	22	24	30	30	31	40	43	43	43	37	37	41	35	37	35	32	28	26	24	20	18	11	8	
16	7	6	0	3	10	10	15	16	18	24	24	25	34	37	37	37	32	32	36	32	35	34	31	29	27	27	23	21	14	10	
17	10	9	3	0	7	7	12	13	15	21	22	24	33	36	36	37	32	33	37	33	36	36	34	31	30	30	26	24	17	13	
22	17	14	10	7	0	7	9	14	16	21	23	25	34	37	38	40	36	37	42	38	42	42	40	38	37	37	33	31	24	20	
17	17	16	10	7	7	0	5	7	9	14	16	18	27	30	31	33	30	31	36	33	37	37	36	34	34	35	31	30	23	19	
20	22	21	15	12	9	5	0	7	8	12	15	17	25	29	31	33	31	33	39	36	40	40	40	39	39	40	36	35	28	24	
15	21	22	16	13	14	7	7	0	2	8	9	11	20	23	25	27	24	26	32	29	34	35	35	34	34	36	33	33	26	22	
16	23	24	18	15	16	9	8	2	0	6	7	9	18	21	23	25	24	26	32	29	35	36	36	35	35	38	35	35	28	24	
20	29	30	24	21	21	14	12	8	6	0	6	8	14	19	22	24	24	26	32	32	38	40	40	39	39	43	41	41	34	30	
16	28	30	24	22	23	16	15	9	7	6	0	2	11	14	16	18	18	20	26	26	32	34	34	34	35	39	37	38	32	28	
15	29	31	25	24	25	18	17	11	9	8	2	0	9	12	14	16	16	18	24	24	30	32	32	33	34	38	36	38	33	29	
23	38	40	34	33	34	27	25	20	18	14	11	9	0	5	10	14	17	20	26	27	33	36	38	39	41	46	44	46	41	38	
23	40	43	37	36	37	30	29	23	21	19	14	12	5	0	5	9	13	16	21	23	29	32	35	36	39	44	43	46	41	38	
22	39	43	37	36	38	31	31	25	23	22	16	14	10	5	0	4	9	12	16	19	25	28	31	33	36	41	41	44	40	37	
22	39	43	37	37	40	33	33	27	25	24	18	16	14	9	4	0	6	9	13	16	21	25	28	30	33	38	38	42	39	37	
16	33	37	32	32	36	30	31	24	24	24	18	16	17	13	9	6	0	3	9	10	16	19	22	24	27	32	32	36	33	31	
16	32	37	32	33	37	31	33	26	26	26	20	18	20	16	12	9	3	0	6	7	13	16	19	21	24	30	30	34	32	30	
20	36	41	36	37	42	36	39	32	32	32	26	24	26	21	16	13	9	6	0	6	9	13	17	20	24	30	31	36	34	33	
16	30	35	32	33	38	33	36	29	29	32	26	24	27	23	19	16	10	7	6	0	6	9	12	14	18	24	25	30	28	27	
20	32	37	35	36	42	37	40	34	35	38	32	30	33	29	25	21	16	13	9	6	0	4	8	12	16	22	24	29	29	29	
20	30	35	34	36	42	37	40	35	36	40	34	32	36	32	28	25	19	16	13	9	4	0	4	8	12	18	20	25	26	27	
20	27	32	31	34	40	36	40	35	36	40	34	32	38	35	31	28	22	19	17	12	8	4	0	4	8	14	16	21	23	24	
19	23	28	29	31	38	34	39	34	35	39	34	33	39	36	33	30	24	21	20	14	12	8	4	0	4	10	12	17	19	20	
19	21	26	27	30	37	34	39	34	35	39	35	34	41	39	36	33	27	24	24	18	16	12	8	4	0	6	8	13	16	18	
23	20	24	27	30	37	35	40	36	38	43	39	38	46	44	41	38	32	30	30	24	22	18	14	10	6	0	4	9	13	17	
21	16	20	23	26	33	31	36	33	35	41	37	36	44	43	41	38	32	30	31	25	24	20	16	12	8	4	0	5	9	13	
23	14	18	21	24	31	30	35	33	35	41	38	38	46	46	44	42	36	34	36	30	29	25	21	17	13	9	5	0	7	11	
18	7	11	14	17	24	23	28	26	28	34	32	33	41	41	40	39	33	32	34	28	29	26	23	19	16	13	9	7	0	4	
15	3	8	10	13	20	19	24	22	24	30	28	29	38	38	37	37	31	30	33	27	29	27	24	20	18	17	13	11	4	0	
Custo_Viagem
V0
0	153	189	144	153	198	153	180	135	144	180	144	135	207	207	198	198	144	144	180	144	180	180	180	171	171	207	189	207	162	135	
153	0	45	63	90	153	153	198	189	216	270	252	261	342	360	351	351	297	288	324	270	288	270	243	216	189	180	144	126	63	27	
189	45	0	54	81	126	153	189	198	225	279	270	288	369	387	387	387	333	333	369	315	342	324	297	261	243	225	189	162	99	81	
144	63	54	0	27	90	90	135	144	162	216	216	225	306	333	333	333	288	288	333	288	315	306	279	261	243	243	207	189	126	90	
153	90	81	27	0	63	63	108	117	144	198	198	216	297	324	324	333	288	297	342	297	324	324	306	279	270	270	234	216	153	117	
198	153	126	90	63	0	63	81	126	144	189	207	225	306	333	351	360	324	333	387	342	387	378	360	342	333	333	297	279	216	180	
153	153	153	90	63	63	0	45	63	81	126	144	162	243	270	279	297	270	279	324	297	333	333	324	306	306	315	279	279	207	171	
180	198	189	135	108	81	45	0	63	72	108	135	153	225	270	288	306	279	297	351	324	369	369	360	351	351	360	324	324	261	216	
135	189	198	144	117	126	63	63	0	18	72	81	99	180	207	225	243	216	234	288	261	306	315	315	306	306	324	297	306	243	198	
144	216	225	162	144	144	81	72	18	0	54	63	81	162	198	216	234	216	234	288	261	315	324	324	315	315	342	315	324	261	216	
180	270	279	216	198	189	126	108	72	54	0	54	72	126	171	198	225	225	243	297	288	342	360	360	351	360	387	369	378	315	279	
144	252	270	216	198	207	144	135	81	63	54	0	18	99	126	153	171	162	189	243	234	288	306	306	306	315	351	333	342	288	252	
135	261	288	225	216	225	162	153	99	81	72	18	0	81	108	126	144	144	162	225	216	270	288	288	297	306	342	324	342	297	261	
207	342	369	306	297	306	243	225	180	162	126	99	81	0	45	90	126	153	180	234	243	297	324	342	351	369	414	396	423	369	342	
207	360	387	333	324	333	270	270	207	198	171	126	108	45	0	45	81	117	144	189	207	261	297	315	324	351	396	387	423	378	342	
198	351	387	333	324	351	279	288	225	216	198	153	126	90	45	0	36	81	108	144	171	225	252	279	297	324	369	369	396	360	333	
198	351	387	333	333	360	297	306	243	234	225	171	144	126	81	36	0	54	81	117	144	189	225	252	270	297	351	351	387	351	333	
144	297	333	288	288	324	270	279	216	216	225	162	144	153	117	81	54	0	27	81	90	144	171	198	216	243	288	288	324	297	279	
144	288	333	288	297	333	279	297	234	234	243	189	162	180	144	108	81	27	0	54	63	117	144	171	189	216	270	270	306	288	270	
180	324	369	333	342	387	324	351	288	288	297	243	225	234	189	144	117	81	54	0	54	81	117	153	180	216	270	279	324	306	297	
144	270	315	288	297	342	297	324	261	261	288	234	216	243	207	171	144	90	63	54	0	54	81	108	126	162	216	225	270	252	243	
180	288	342	315	324	387	333	369	306	315	342	288	270	297	261	225	189	144	117	81	54	0	36	72	108	144	198	216	261	261	261	
180	270	324	306	324	378	333	369	315	324	360	306	288	324	297	252	225	171	144	117	81	36	0	36	72	108	162	180	225	234	243	
180	243	297	279	306	360	324	360	315	324	360	306	288	342	315	279	252	198	171	153	108	72	36	0	36	72	126	144	189	207	216	
171	216	261	261	279	342	306	351	306	315	351	306	297	351	324	297	270	216	189	180	126	108	72	36	0	36	90	108	153	171	180	
171	189	243	243	270	333	306	351	306	315	360	315	306	369	351	324	297	243	216	216	162	144	108	72	36	0	54	72	117	144	162	
207	180	225	243	270	333	315	360	324	342	387	351	342	414	396	369	351	288	270	270	216	198	162	126	90	54	0	36	81	117	153	
189	144	189	207	234	297	279	324	297	315	369	333	324	396	387	369	351	288	270	279	225	216	180	144	108	72	36	0	45	81	117	
207	126	162	189	216	279	279	324	306	324	378	342	342	423	423	396	387	324	306	324	270	261	225	189	153	117	81	45	0	63	99	
162	63	99	126	153	216	207	261	243	261	315	288	297	369	378	360	351	297	288	306	252	261	234	207	171	144	117	81	63	0	36	
135	27	81	90	117	180	171	216	198	216	279	252	261	342	342	333	333	279	270	297	243	261	243	216	180	162	153	117	99	36	0	
V1
0	149	184	140	149	193	149	176	132	140	176	140	132	202	202	193	193	140	140	176	140	176	176	176	167	167	202	184	202	158	132	
149	0	44	61	88	149	149	193	184	211	264	246	255	334	352	343	343	290	281	316	264	281	264	237	211	184	176	140	123	61	26	
184	44	0	52	79	123	149	184	193	220	272	264	281	360	378	378	378	325	325	360	308	334	316	290	255	237	220	184	158	96	79	
140	61	52	0	26	88	88	132	140	158	211	211	220	299	325	325	325	281	281	325	281	308	299	272	255	237	237	202	184	123	88	
149	88	79	26	0	61	61	105	114	140	193	193	211	290	316	316	325	281	290	334	290	316	316	299	272	264	264	228	211	149	114	
193	149	123	88	61	0	61	79	123	140	184	202	220	299	325	343	352	316	325	378	334	378	369	352	334	325	325	290	272	211	176	
149	149	149	88	61	61	0	44	61	79	123	140	158	237	264	272	290	264	272	316	290	325	325	316	299	299	308	272	272	202	167	
176	193	184	132	105	79	44	0	61	70	105	132	149	220	264	281	299	272	290	343	316	360	360	352	343	343	352	316	316	255	211	
132	184	193	140	114	123	61	61	0	17	70	79	96	176	202	220	237	211	228	281	255	299	308	308	299	299	316	290	299	237	193	
140	211	220	158	140	140	79	70	17	0	52	61	79	158	193	211	228	211	228	281	255	308	316	316	308	308	334	308	316	255	211	
176	264	272	211	193	184	123	105	70	52	0	52	70	123	167	193	220	220	237	290	281	334	352	352	343	352	378	360	369	308	272	
140	246	264	211	193	202	140	132	79	61	52	0	17	96	123	149	167	158	184	237	228	281	299	299	299	308	343	325	334	281	246	
132	255	281	220	211	220	158	149	96	79	70	17	0	79	105	123	140	140	158	220	211	264	281	281	290	299	334	316	334	290	255	
202	334	360	299	290	299	237	220	176	158	123	96	79	0	44	88	123	149	176	228	237	290	316	334	343	360	404	387	413	360	334	
202	352	378	325	316	325	264	264	202	193	167	123	105	44	0	44	79	114	140	184	202	255	290	308	316	343	387	378	413	369	334	
193	343	378	325	316	343	272	281	220	211	193	149	123	88	44	0	35	79	105	140	167	220	246	272	290	316	360	360	387	352	325	
193	343	378	325	325	352	290	299	237	228	220	167	140	123	79	35	0	52	79	114	140	184	220	246	264	290	343	343	378	343	325	
140	290	325	281	281	316	264	272	211	211	220	158	140	149	114	79	52	0	26	79	88	140	167	193	211	237	281	281	316	290	272	
140	281	325	281	290	325	272	290	228	228	237	184	158	176	140	105	79	26	0	52	61	114	140	167	184	211	264	264	299	281	264	
176	316	360	325	334	378	316	343	281	281	290	237	220	228	184	140	114	79	52	0	52	79	114	149	176	211	264	272	316	299	290	
140	264	308	281	290	334	290	316	255	255	281	228	211	237	202	167	140	88	61	52	0	52	79	105	123	158	211	220	264	246	237	
176	281	334	308	316	378	325	360	299	308	334	281	264	290	255	220	184	140	114	79	52	0	35	70	105	140	193	211	255	255	255	
176	264	316	299	316	369	325	360	308	316	352	299	281	316	290	246	220	167	140	114	79	35	0	35	70	105	158	176	220	228	237	
176	237	290	272	299	352	316	352	308	316	352	299	281	334	308	272	246	193	167	149	105	70	35	0	35	70	123	140	184	202	211	
167	211	255	255	272	334	299	343	299	308	343	299	290	343	316	290	264	211	184	176	123	105	70	35	0	35	88	105	149	167	176	
167	184	237	237	264	325	299	343	299	308	352	308	299	360	343	316	290	237	211	211	158	140	105	70	35	0	52	70	114	140	158	
202	176	220	237	264	325	308	352	316	334	378	343	334	404	387	360	343	281	264	264	211	193	158	123	88	52	0	35	79	114	149	
184	140	184	202	228	290	272	316	290	308	360	325	316	387	378	360	343	281	264	272	220	211	176	140	105	70	35	0	44	79	114	
202	123	158	184	211	272	272	316	299	316	369	334	334	413	413	387	378	316	299	316	264	255	220	184	149	114	79	44	0	61	96	
158	61	96	123	149	211	202	255	237	255	308	281	290	360	369	352	343	290	281	299	246	255	228	202	167	140	114	79	61	0	35	
132	26	79	88	114	176	167	211	193	211	272	246	255	334	334	325	325	272	264	290	237	255	237	211	176	158	149	114	96	35	0	
V2
0	221	273	208	221	286	221	260	195	208	260	208	195	299	299	286	286	208	208	260	208	260	260	260	247	247	299	273	299	234	195	
221	0	65	91	130	221	221	286	273	312	390	364	377	494	520	507	507	429	416	468	390	416	390	351	312	273	260	208	182	91	39	
273	65	0	78	117	182	221	273	286	325	403	390	416	533	559	559	559	481	481	533	455	494	468	429	377	351	325	273	234	143	117	
208	91	78	0	39	130	130	195	208	234	312	312	325	442	481	481	481	416	416	481	416	455	442	403	377	351	351	299	273	182	130	
221	130	117	39	0	91	91	156	169	208	286	286	312	429	468	468	481	416	429	494	429	468	468	442	403	390	390	338	312	221	169	
286	221	182	130	91	0	91	117	182	208	273	299	325	442	481	507	520	468	481	559	494	559	546	520	494	481	481	429	403	312	260	
221	221	221	130	91	91	0	65	91	117	182	208	234	351	390	403	429	390	403	468	429	481	481	468	442	442	455	403	403	299	247	
260	286	273	195	156	117	65	0	91	104	156	195	221	325	390	416	442	403	429	507	468	533	533	520	507	507	520	468	468	377	312	
195	273	286	208	169	182	91	91	0	26	104	117	143	260	299	325	351	312	338	416	377	442	455	455	442	442	468	429	442	351	286	
208	312	325	234	208	208	117	104	26	0	78	91	117	234	286	312	338	312	338	416	377	455	468	468	455	455	494	455	468	377	312	
260	390	403	312	286	273	182	156	104	78	0	78	104	182	247	286	325	325	351	429	416	494	520	520	507	520	559	533	546	455	403	
208	364	390	312	286	299	208	195	117	91	78	0	26	143	182	221	247	234	273	351	338	416	442	442	442	455	507	481	494	416	364	
195	377	416	325	312	325	234	221	143	117	104	26	0	117	156	182	208	208	234	325	312	390	416	416	429	442	494	468	494	429	377	
299	494	533	442	429	442	351	325	260	234	182	143	117	0	65	130	182	221	260	338	351	429	468	494	507	533	598	572	611	533	494	
299	520	559	481	468	481	390	390	299	286	247	182	156	65	0	65	117	169	208	273	299	377	429	455	468	507	572	559	611	546	494	
286	507	559	481	468	507	403	416	325	312	286	221	182	130	65	0	52	117	156	208	247	325	364	403	429	468	533	533	572	520	481	
286	507	559	481	481	520	429	442	351	338	325	247	208	182	117	52	0	78	117	169	208	273	325	364	390	429	507	507	559	507	481	
208	429	481	416	416	468	390	403	312	312	325	234	208	221	169	117	78	0	39	117	130	208	247	286	312	351	416	416	468	429	403	
208	416	481	416	429	481	403	429	338	338	351	273	234	260	208	156	117	39	0	78	91	169	208	247	273	312	390	390	442	416	390	
260	468	533	481	494	559	468	507	416	416	429	351	325	338	273	208	169	117	78	0	78	117	169	221	260	312	390	403	468	442	429	
208	390	455	416	429	494	429	468	377	377	416	338	312	351	299	247	208	130	91	78	0	78	117	156	182	234	312	325	390	364	351	
260	416	494	455	468	559	481	533	442	455	494	416	390	429	377	325	273	208	169	117	78	0	52	104	156	208	286	312	377	377	377	
260	390	468	442	468	546	481	533	455	468	520	442	416	468	429	364	325	247	208	169	117	52	0	52	104	156	234	260	325	338	351	
260	351	429	403	442	520	468	520	455	468	520	442	416	494	455	403	364	286	247	221	156	104	52	0	52	104	182	208	273	299	312	
247	312	377	377	403	494	442	507	442	455	507	442	429	507	468	429	390	312	273	260	182	156	104	52	0	52	130	156	221	247	260	
247	273	351	351	390	481	442	507	442	455	520	455	442	533	507	468	429	351	312	312	234	208	156	104	52	0	78	104	169	208	234	
299	260	325	351	390	481	455	520	468	494	559	507	494	598	572	533	507	416	390	390	312	286	234	182	130	78	0	52	117	169	221	
273	208	273	299	338	429	403	468	429	455	533	481	468	572	559	533	507	416	390	403	325	312	260	208	156	104	52	0	65	117	169	
299	182	234	273	312	403	403	468	442	468	546	494	494	611	611	572	559	468	442	468	390	377	325	273	221	169	117	65	0	91	143	
234	91	143	182	221	312	299	377	351	377	455	416	429	533	546	520	507	429	416	442	364	377	338	299	247	208	169	117	91	0	52	
195	39	117	130	169	260	247	312	286	312	403	364	377	494	494	481	481	403	390	429	351	377	351	312	260	234	221	169	143	52	0	
V3
0	176	218	166	176	228	176	208	156	166	208	166	156	239	239	228	228	166	166	208	166	208	208	208	197	197	239	218	239	187	156	
176	0	52	72	104	176	176	228	218	249	312	291	301	395	416	405	405	343	332	374	312	332	312	280	249	218	208	166	145	72	31	
218	52	0	62	93	145	176	218	228	260	322	312	332	426	447	447	447	384	384	426	364	395	374	343	301	280	260	218	187	114	93	
166	72	62	0	31	104	104	156	166	187	249	249	260	353	384	384	384	332	332	384	332	364	353	322	301	280	280	239	218	145	104	
176	104	93	31	0	72	72	124	135	166	228	228	249	343	374	374	384	332	343	395	343	374	374	353	322	312	312	270	249	176	135	
228	176	145	104	72	0	72	93	145	166	218	239	260	353	384	405	416	374	384	447	395	447	436	416	395	384	384	343	322	249	208	
176	176	176	104	72	72	0	52	72	93	145	166	187	280	312	322	343	312	322	374	343	384	384	374	353	353	364	322	322	239	197	
208	228	218	156	124	93	52	0	72	83	124	156	176	260	312	332	353	322	343	405	374	426	426	416	405	405	416	374	374	301	249	
156	218	228	166	135	145	72	72	0	20	83	93	114	208	239	260	280	249	270	332	301	353	364	364	353	353	374	343	353	280	228	
166	249	260	187	166	166	93	83	20	0	62	72	93	187	228	249	270	249	270	332	301	364	374	374	364	364	395	364	374	301	249	
208	312	322	249	228	218	145	124	83	62	0	62	83	145	197	228	260	260	280	343	332	395	416	416	405	416	447	426	436	364	322	
166	291	312	249	228	239	166	156	93	72	62	0	20	114	145	176	197	187	218	280	270	332	353	353	353	364	405	384	395	332	291	
156	301	332	260	249	260	187	176	114	93	83	20	0	93	124	145	166	166	187	260	249	312	332	332	343	353	395	374	395	343	301	
239	395	426	353	343	353	280	260	208	187	145	114	93	0	52	104	145	176	208	270	280	343	374	395	405	426	478	457	488	426	395	
239	416	447	384	374	384	312	312	239	228	197	145	124	52	0	52	93	135	166	218	239	301	343	364	374	405	457	447	488	436	395	
228	405	447	384	374	405	322	332	260	249	228	176	145	104	52	0	41	93	124	166	197	260	291	322	343	374	426	426	457	416	384	
228	405	447	384	384	416	343	353	280	270	260	197	166	145	93	41	0	62	93	135	166	218	260	291	312	343	405	405	447	405	384	
166	343	384	332	332	374	312	322	249	249	260	187	166	176	135	93	62	0	31	93	104	166	197	228	249	280	332	332	374	343	322	
166	332	384	332	343	384	322	343	270	270	280	218	187	208	166	124	93	31	0	62	72	135	166	197	218	249	312	312	353	332	312	
208	374	426	384	395	447	374	405	332	332	343	280	260	270	218	166	135	93	62	0	62	93	135	176	208	249	312	322	374	353	343	
166	312	364	332	343	395	343	374	301	301	332	270	249	280	239	197	166	104	72	62	0	62	93	124	145	187	249	260	312	291	280	
208	332	395	364	374	447	384	426	353	364	395	332	312	343	301	260	218	166	135	93	62	0	41	83	124	166	228	249	301	301	301	
208	312	374	353	374	436	384	426	364	374	416	353	332	374	343	291	260	197	166	135	93	41	0	41	83	124	187	208	260	270	280	
208	280	343	322	353	416	374	416	364	374	416	353	332	395	364	322	291	228	197	176	124	83	41	0	41	83	145	166	218	239	249	
197	249	301	301	322	395	353	405	353	364	405	353	343	405	374	343	312	249	218	208	145	124	83	41	0	41	104	124	176	197	208	
197	218	280	280	312	384	353	405	353	364	416	364	353	426	405	374	343	280	249	249	187	166	124	83	41	0	62	83	135	166	187	
239	208	260	280	312	384	364	416	374	395	447	405	395	478	457	426	405	332	312	312	249	228	187	145	104	62	0	41	93	135	176	
218	166	218	239	270	343	322	374	343	364	426	384	374	457	447	426	405	332	312	322	260	249	208	166	124	83	41	0	52	93	135	
239	145	187	218	249	322	322	374	353	374	436	395	395	488	488	457	447	374	353	374	312	301	260	218	176	135	93	52	0	72	114	
187	72	114	145	176	249	239	301	280	301	364	332	343	426	436	416	405	343	332	353	291	301	270	239	197	166	135	93	72	0	41	
156	31	93	104	135	208	197	249	228	249	322	291	301	395	395	384	384	322	312	343	280	301	280	249	208	187	176	135	114	41	0	
V4
0	173	214	163	173	224	173	204	153	163	204	163	153	234	234	224	224	163	163	204	163	204	204	204	193	193	234	214	234	183	153	
173	0	51	71	102	173	173	224	214	244	306	285	295	387	408	397	397	336	326	367	306	326	306	275	244	214	204	163	142	71	30	
214	51	0	61	91	142	173	214	224	255	316	306	326	418	438	438	438	377	377	418	357	387	367	336	295	275	255	214	183	112	91	
163	71	61	0	30	102	102	153	163	183	244	244	255	346	377	377	377	326	326	377	326	357	346	316	295	275	275	234	214	142	102	
173	102	91	30	0	71	71	122	132	163	224	224	244	336	367	367	377	326	336	387	336	367	367	346	316	306	306	265	244	173	132	
224	173	142	102	71	0	71	91	142	163	214	234	255	346	377	397	408	367	377	438	387	438	428	408	387	377	377	336	316	244	204	
173	173	173	102	71	71	0	51	71	91	142	163	183	275	306	316	336	306	316	367	336	377	377	367	346	346	357	316	316	234	193	
204	224	214	153	122	91	51	0	71	81	122	153	173	255	306	326	346	316	336	397	367	418	418	408	397	397	408	367	367	295	244	
153	214	224	163	132	142	71	71	0	20	81	91	112	204	234	255	275	244	265	326	295	346	357	357	346	346	367	336	346	275	224	
163	244	255	183	163	163	91	81	20	0	61	71	91	183	224	244	265	244	265	326	295	357	367	367	357	357	387	357	367	295	244	
204	306	316	244	224	214	142	122	81	61	0	61	81	142	193	224	255	255	275	336	326	387	408	408	397	408	438	418	428	357	316	
163	285	306	244	224	234	163	153	91	71	61	0	20	112	142	173	193	183	214	275	265	326	346	346	346	357	397	377	387	326	285	
153	295	326	255	244	255	183	173	112	91	81	20	0	91	122	142	163	163	183	255	244	306	326	326	336	346	387	367	387	336	295	
234	387	418	346	336	346	275	255	204	183	142	112	91	0	51	102	142	173	204	265	275	336	367	387	397	418	469	448	479	418	387	
234	408	438	377	367	377	306	306	234	224	193	142	122	51	0	51	91	132	163	214	234	295	336	357	367	397	448	438	479	428	387	
224	397	438	377	367	397	316	326	255	244	224	173	142	102	51	0	40	91	122	163	193	255	285	316	336	367	418	418	448	408	377	
224	397	438	377	377	408	336	346	275	265	255	193	163	142	91	40	0	61	91	132	163	214	255	285	306	336	397	397	438	397	377	
163	336	377	326	326	367	306	316	244	244	255	183	163	173	132	91	61	0	30	91	102	163	193	224	244	275	326	326	367	336	316	
163	326	377	326	336	377	316	336	265	265	275	214	183	204	163	122	91	30	0	61	71	132	163	193	214	244	306	306	346	326	306	
204	367	418	377	387	438	367	397	326	326	336	275	255	265	214	163	132	91	61	0	61	91	132	173	204	244	306	316	367	346	336	
163	306	357	326	336	387	336	367	295	295	326	265	244	275	234	193	163	102	71	61	0	61	91	122	142	183	244	255	306	285	275	
204	326	387	357	367	438	377	418	346	357	387	326	306	336	295	255	214	163	132	91	61	0	40	81	122	163	224	244	295	295	295	
204	306	367	346	367	428	377	418	357	367	408	346	326	367	336	285	255	193	163	132	91	40	0	40	81	122	183	204	255	265	275	
204	275	336	316	346	408	367	408	357	367	408	346	326	387	357	316	285	224	193	173	122	81	40	0	40	81	142	163	214	234	244	
193	244	295	295	316	387	346	397	346	357	397	346	336	397	367	336	306	244	214	204	142	122	81	40	0	40	102	122	173	193	204	
193	214	275	275	306	377	346	397	346	357	408	357	346	418	397	367	336	275	244	244	183	163	122	81	40	0	61	81	132	163	183	
234	204	255	275	306	377	357	408	367	387	438	397	387	469	448	418	397	326	306	306	244	224	183	142	102	61	0	40	91	132	173	
214	163	214	234	265	336	316	367	336	357	418	377	367	448	438	418	397	326	306	316	255	244	204	163	122	81	40	0	51	91	132	
234	142	183	214	244	316	316	367	346	367	428	387	387	479	479	448	438	367	346	367	306	295	255	214	173	132	91	51	0	71	112	
183	71	112	142	173	244	234	295	275	295	357	326	336	418	428	408	397	336	326	346	285	295	265	234	193	163	132	91	71	0	40	
153	30	91	102	132	204	193	244	224	244	316	285	295	387	387	377	377	316	306	336	275	295	275	244	204	183	173	132	112	40	0	
V5
0	227	281	214	227	294	227	268	201	214	268	214	201	308	308	294	294	214	214	268	214	268	268	268	254	254	308	281	308	241	201	
227	0	67	93	134	227	227	294	281	321	402	375	388	509	536	522	522	442	428	482	402	428	402	361	321	281	268	214	187	93	40	
281	67	0	80	120	187	227	281	294	335	415	402	428	549	576	576	576	495	495	549	469	509	482	442	388	361	335	281	241	147	120	
214	93	80	0	40	134	134	201	214	241	321	321	335	455	495	495	495	428	428	495	428	469	455	415	388	361	361	308	281	187	134	
227	134	120	40	0	93	93	160	174	214	294	294	321	442	482	482	495	428	442	509	442	482	482	455	415	402	402	348	321	227	174	
294	227	187	134	93	0	93	120	187	214	281	308	335	455	495	522	536	482	495	576	509	576	562	536	509	495	495	442	415	321	268	
227	227	227	134	93	93	0	67	93	120	187	214	241	361	402	415	442	402	415	482	442	495	495	482	455	455	469	415	415	308	254	
268	294	281	201	160	120	67	0	93	107	160	201	227	335	402	428	455	415	442	522	482	549	549	536	522	522	536	482	482	388	321	
201	281	294	214	174	187	93	93	0	26	107	120	147	268	308	335	361	321	348	428	388	455	469	469	455	455	482	442	455	361	294	
214	321	335	241	214	214	120	107	26	0	80	93	120	241	294	321	348	321	348	428	388	469	482	482	469	469	509	469	482	388	321	
268	402	415	321	294	281	187	160	107	80	0	80	107	187	254	294	335	335	361	442	428	509	536	536	522	536	576	549	562	469	415	
214	375	402	321	294	308	214	201	120	93	80	0	26	147	187	227	254	241	281	361	348	428	455	455	455	469	522	495	509	428	375	
201	388	428	335	321	335	241	227	147	120	107	26	0	120	160	187	214	214	241	335	321	402	428	428	442	455	509	482	509	442	388	
308	509	549	455	442	455	361	335	268	241	187	147	120	0	67	134	187	227	268	348	361	442	482	509	522	549	616	589	629	549	509	
308	536	576	495	482	495	402	402	308	294	254	187	160	67	0	67	120	174	214	281	308	388	442	469	482	522	589	576	629	562	509	
294	522	576	495	482	522	415	428	335	321	294	227	187	134	67	0	53	120	160	214	254	335	375	415	442	482	549	549	589	536	495	
294	522	576	495	495	536	442	455	361	348	335	254	214	187	120	53	0	80	120	174	214	281	335	375	402	442	522	522	576	522	495	
214	442	495	428	428	482	402	415	321	321	335	241	214	227	174	120	80	0	40	120	134	214	254	294	321	361	428	428	482	442	415	
214	428	495	428	442	495	415	442	348	348	361	281	241	268	214	160	120	40	0	80	93	174	214	254	281	321	402	402	455	428	402	
268	482	549	495	509	576	482	522	428	428	442	361	335	348	281	214	174	120	80	0	80	120	174	227	268	321	402	415	482	455	442	
214	402	469	428	442	509	442	482	388	388	428	348	321	361	308	254	214	134	93	80	0	80	120	160	187	241	321	335	402	375	361	
268	428	509	469	482	576	495	549	455	469	509	428	402	442	388	335	281	214	174	120	80	0	53	107	160	214	294	321	388	388	388	
268	402	482	455	482	562	495	549	469	482	536	455	428	482	442	375	335	254	214	174	120	53	0	53	107	160	241	268	335	348	361	
268	361	442	415	455	536	482	536	469	482	536	455	428	509	469	415	375	294	254	227	160	107	53	0	53	107	187	214	281	308	321	
254	321	388	388	415	509	455	522	455	469	522	455	442	522	482	442	402	321	281	268	187	160	107	53	0	53	134	160	227	254	268	
254	281	361	361	402	495	455	522	455	469	536	469	455	549	522	482	442	361	321	321	241	214	160	107	53	0	80	107	174	214	241	
308	268	335	361	402	495	469	536	482	509	576	522	509	616	589	549	522	428	402	402	321	294	241	187	134	80	0	53	120	174	227	
281	214	281	308	348	442	415	482	442	469	549	495	482	589	576	549	522	428	402	415	335	321	268	214	160	107	53	0	67	120	174	
308	187	241	281	321	415	415	482	455	482	562	509	509	629	629	589	576	482	455	482	402	388	335	281	227	174	120	67	0	93	147	
241	93	147	187	227	321	308	388	361	388	469	428	442	549	562	536	522	442	428	455	375	388	348	308	254	214	174	120	93	0	53	
201	40	120	134	174	268	254	321	294	321	415	375	388	509	509	495	495	415	402	442	361	388	361	321	268	241	227	174	147	53	0	
V6
0	265	327	249	265	343	265	312	234	249	312	249	234	358	358	343	343	249	249	312	249	312	312	312	296	296	358	327	358	280	234	
265	0	78	109	156	265	265	343	327	374	468	436	452	592	624	608	608	514	499	561	468	499	468	421	374	327	312	249	218	109	46	
327	78	0	93	140	218	265	327	343	390	483	468	499	639	670	670	670	577	577	639	546	592	561	514	452	421	390	327	280	171	140	
249	109	93	0	46	156	156	234	249	280	374	374	390	530	577	577	577	499	499	577	499	546	530	483	452	421	421	358	327	218	156	
265	156	140	46	0	109	109	187	202	249	343	343	374	514	561	561	577	499	514	592	514	561	561	530	483	468	468	405	374	265	202	
343	265	218	156	109	0	109	140	218	249	327	358	390	530	577	608	624	561	577	670	592	670	655	624	592	577	577	514	483	374	312	
265	265	265	156	109	109	0	78	109	140	218	249	280	421	468	483	514	468	483	561	514	577	577	561	530	530	546	483	483	358	296	
312	343	327	234	187	140	78	0	109	124	187	234	265	390	468	499	530	483	514	608	561	639	639	624	608	608	624	561	561	452	374	
234	327	343	249	202	218	109	109	0	31	124	140	171	312	358	390	421	374	405	499	452	530	546	546	530	530	561	514	530	421	343	
249	374	390	280	249	249	140	124	31	0	93	109	140	280	343	374	405	374	405	499	452	546	561	561	546	546	592	546	561	452	374	
312	468	483	374	343	327	218	187	124	93	0	93	124	218	296	343	390	390	421	514	499	592	624	624	608	624	670	639	655	546	483	
249	436	468	374	343	358	249	234	140	109	93	0	31	171	218	265	296	280	327	421	405	499	530	530	530	546	608	577	592	499	436	
234	452	499	390	374	390	280	265	171	140	124	31	0	140	187	218	249	249	280	390	374	468	499	499	514	530	592	561	592	514	452	
358	592	639	530	514	530	421	390	312	280	218	171	140	0	78	156	218	265	312	405	421	514	561	592	608	639	717	686	733	639	592	
358	624	670	577	561	577	468	468	358	343	296	218	187	78	0	78	140	202	249	327	358	452	514	546	561	608	686	670	733	655	592	
343	608	670	577	561	608	483	499	390	374	343	265	218	156	78	0	62	140	187	249	296	390	436	483	514	561	639	639	686	624	577	
343	608	670	577	577	624	514	530	421	405	390	296	249	218	140	62	0	93	140	202	249	327	390	436	468	514	608	608	670	608	577	
249	514	577	499	499	561	468	483	374	374	390	280	249	265	202	140	93	0	46	140	156	249	296	343	374	421	499	499	561	514	483	
249	499	577	499	514	577	483	514	405	405	421	327	280	312	249	187	140	46	0	93	109	202	249	296	327	374	468	468	530	499	468	
312	561	639	577	592	670	561	608	499	499	514	421	390	405	327	249	202	140	93	0	93	140	202	265	312	374	468	483	561	530	514	
249	468	546	499	514	592	514	561	452	452	499	405	374	421	358	296	249	156	109	93	0	93	140	187	218	280	374	390	468	436	421	
312	499	592	546	561	670	577	639	530	546	592	499	468	514	452	390	327	249	202	140	93	0	62	124	187	249	343	374	452	452	452	
312	468	561	530	561	655	577	639	546	561	624	530	499	561	514	436	390	296	249	202	140	62	0	62	124	187	280	312	390	405	421	
312	421	514	483	530	624	561	624	546	561	624	530	499	592	546	483	436	343	296	265	187	124	62	0	62	124	218	249	327	358	374	
296	374	452	452	483	592	530	608	530	546	608	530	514	608	561	514	468	374	327	312	218	187	124	62	0	62	156	187	265	296	312	
296	327	421	421	468	577	530	608	530	546	624	546	530	639	608	561	514	421	374	374	280	249	187	124	62	0	93	124	202	249	280	
358	312	390	421	468	577	546	624	561	592	670	608	592	717	686	639	608	499	468	468	374	343	280	218	156	93	0	62	140	202	265	
327	249	327	358	405	514	483	561	514	546	639	577	561	686	670	639	608	499	468	483	390	374	312	249	187	124	62	0	78	140	202	
358	218	280	327	374	483	483	561	530	561	655	592	592	733	733	686	670	561	530	561	468	452	390	327	265	202	140	78	0	109	171	
280	109	171	218	265	374	358	452	421	452	546	499	514	639	655	624	608	514	499	530	436	452	405	358	296	249	202	140	109	0	62	
234	46	140	156	202	312	296	374	343	374	483	436	452	592	592	577	577	483	468	514	421	452	421	374	312	280	265	202	171	62	0	
V7
0	108	134	102	108	140	108	128	96	102	128	102	96	147	147	140	140	102	102	128	102	128	128	128	121	121	147	134	147	115	96	
108	0	32	44	64	108	108	140	134	153	192	179	185	243	256	249	249	211	204	230	192	204	192	172	153	134	128	102	89	44	19	
134	32	0	38	57	89	108	134	140	160	198	192	204	262	275	275	275	236	236	262	224	243	230	211	185	172	160	134	115	70	57	
102	44	38	0	19	64	64	96	102	115	153	153	160	217	236	236	236	204	204	236	204	224	217	198	185	172	172	147	134	89	64	
108	64	57	19	0	44	44	76	83	102	140	140	153	211	230	230	236	204	211	243	211	230	230	217	198	192	192	166	153	108	83	
140	108	89	64	44	0	44	57	89	102	134	147	160	217	236	249	256	230	236	275	243	275	268	256	243	236	236	211	198	153	128	
108	108	108	64	44	44	0	32	44	57	89	102	115	172	192	198	211	192	198	230	211	236	236	230	217	217	224	198	198	147	121	
128	140	134	96	76	57	32	0	44	51	76	96	108	160	192	204	217	198	211	249	230	262	262	256	249	249	256	230	230	185	153	
96	134	140	102	83	89	44	44	0	12	51	57	70	128	147	160	172	153	166	204	185	217	224	224	217	217	230	211	217	172	140	
102	153	160	115	102	102	57	51	12	0	38	44	57	115	140	153	166	153	166	204	185	224	230	230	224	224	243	224	230	185	153	
128	192	198	153	140	134	89	76	51	38	0	38	51	89	121	140	160	160	172	211	204	243	256	256	249	256	275	262	268	224	198	
102	179	192	153	140	147	102	96	57	44	38	0	12	70	89	108	121	115	134	172	166	204	217	217	217	224	249	236	243	204	179	
96	185	204	160	153	160	115	108	70	57	51	12	0	57	76	89	102	102	115	160	153	192	204	204	211	217	243	230	243	211	185	
147	243	262	217	211	217	172	160	128	115	89	70	57	0	32	64	89	108	128	166	172	211	230	243	249	262	294	281	300	262	243	
147	256	275	236	230	236	192	192	147	140	121	89	76	32	0	32	57	83	102	134	147	185	211	224	230	249	281	275	300	268	243	
140	249	275	236	230	249	198	204	160	153	140	108	89	64	32	0	25	57	76	102	121	160	179	198	211	230	262	262	281	256	236	
140	249	275	236	236	256	211	217	172	166	160	121	102	89	57	25	0	38	57	83	102	134	160	179	192	211	249	249	275	249	236	
102	211	236	204	204	230	192	198	153	153	160	115	102	108	83	57	38	0	19	57	64	102	121	140	153	172	204	204	230	211	198	
102	204	236	204	211	236	198	211	166	166	172	134	115	128	102	76	57	19	0	38	44	83	102	121	134	153	192	192	217	204	192	
128	230	262	236	243	275	230	249	204	204	211	172	160	166	134	102	83	57	38	0	38	57	83	108	128	153	192	198	230	217	211	
102	192	224	204	211	243	211	230	185	185	204	166	153	172	147	121	102	64	44	38	0	38	57	76	89	115	153	160	192	179	172	
128	204	243	224	230	275	236	262	217	224	243	204	192	211	185	160	134	102	83	57	38	0	25	51	76	102	140	153	185	185	185	
128	192	230	217	230	268	236	262	224	230	256	217	204	230	211	179	160	121	102	83	57	25	0	25	51	76	115	128	160	166	172	
128	172	211	198	217	256	230	256	224	230	256	217	204	243	224	198	179	140	121	108	76	51	25	0	25	51	89	102	134	147	153	
121	153	185	185	198	243	217	249	217	224	249	217	211	249	230	211	192	153	134	128	89	76	51	25	0	25	64	76	108	121	128	
121	134	172	172	192	236	217	249	217	224	256	224	217	262	249	230	211	172	153	153	115	102	76	51	25	0	38	51	83	102	115	
147	128	160	172	192	236	224	256	230	243	275	249	243	294	281	262	249	204	192	192	153	140	115	89	64	38	0	25	57	83	108	
134	102	134	147	166	211	198	230	211	224	262	236	230	281	275	262	249	204	192	198	160	153	128	102	76	51	25	0	32	57	83	
147	89	115	134	153	198	198	230	217	230	268	243	243	300	300	281	275	230	217	230	192	185	160	134	108	83	57	32	0	44	70	
115	44	70	89	108	153	147	185	172	185	224	204	211	262	268	256	249	211	204	217	179	185	166	147	121	102	83	57	44	0	25	
96	19	57	64	83	128	121	153	140	153	198	179	185	243	243	236	236	198	192	211	172	185	172	153	128	115	108	83	70	25	0	
V8
0	285	352	268	285	369	285	336	252	268	336	268	252	386	386	369	369	268	268	336	268	336	336	336	319	319	386	352	386	302	252	
285	0	84	117	168	285	285	369	352	403	504	470	487	638	672	655	655	554	537	604	504	537	504	453	403	352	336	268	235	117	50	
352	84	0	100	151	235	285	352	369	420	520	504	537	688	722	722	722	621	621	688	588	638	604	554	487	453	420	352	302	184	151	
268	117	100	0	50	168	168	252	268	302	403	403	420	571	621	621	621	537	537	621	537	588	571	520	487	453	453	386	352	235	168	
285	168	151	50	0	117	117	201	218	268	369	369	403	554	604	604	621	537	554	638	554	604	604	571	520	504	504	436	403	285	218	
369	285	235	168	117	0	117	151	235	268	352	386	420	571	621	655	672	604	621	722	638	722	705	672	638	621	621	554	520	403	336	
285	285	285	168	117	117	0	84	117	151	235	268	302	453	504	520	554	504	520	604	554	621	621	604	571	571	588	520	520	386	319	
336	369	352	252	201	151	84	0	117	134	201	252	285	420	504	537	571	520	554	655	604	688	688	672	655	655	672	604	604	487	403	
252	352	369	268	218	235	117	117	0	33	134	151	184	336	386	420	453	403	436	537	487	571	588	588	571	571	604	554	571	453	369	
268	403	420	302	268	268	151	134	33	0	100	117	151	302	369	403	436	403	436	537	487	588	604	604	588	588	638	588	604	487	403	
336	504	520	403	369	352	235	201	134	100	0	100	134	235	319	369	420	420	453	554	537	638	672	672	655	672	722	688	705	588	520	
268	470	504	403	369	386	268	252	151	117	100	0	33	184	235	285	319	302	352	453	436	537	571	571	571	588	655	621	638	537	470	
252	487	537	420	403	420	302	285	184	151	134	33	0	151	201	235	268	268	302	420	403	504	537	537	554	571	638	604	638	554	487	
386	638	688	571	554	571	453	420	336	302	235	184	151	0	84	168	235	285	336	436	453	554	604	638	655	688	772	739	789	688	638	
386	672	722	621	604	621	504	504	386	369	319	235	201	84	0	84	151	218	268	352	386	487	554	588	604	655	739	722	789	705	638	
369	655	722	621	604	655	520	537	420	403	369	285	235	168	84	0	67	151	201	268	319	420	470	520	554	604	688	688	739	672	621	
369	655	722	621	621	672	554	571	453	436	420	319	268	235	151	67	0	100	151	218	268	352	420	470	504	554	655	655	722	655	621	
268	554	621	537	537	604	504	520	403	403	420	302	268	285	218	151	100	0	50	151	168	268	319	369	403	453	537	537	604	554	520	
268	537	621	537	554	621	520	554	436	436	453	352	302	336	268	201	151	50	0	100	117	218	268	319	352	403	504	504	571	537	504	
336	604	688	621	638	722	604	655	537	537	554	453	420	436	352	268	218	151	100	0	100	151	218	285	336	403	504	520	604	571	554	
268	504	588	537	554	638	554	604	487	487	537	436	403	453	386	319	268	168	117	100	0	100	151	201	235	302	403	420	504	470	453	
336	537	638	588	604	722	621	688	571	588	638	537	504	554	487	420	352	268	218	151	100	0	67	134	201	268	369	403	487	487	487	
336	504	604	571	604	705	621	688	588	604	672	571	537	604	554	470	420	319	268	218	151	67	0	67	134	201	302	336	420	436	453	
336	453	554	520	571	672	604	672	588	604	672	571	537	638	588	520	470	369	319	285	201	134	67	0	67	134	235	268	352	386	403	
319	403	487	487	520	638	571	655	571	588	655	571	554	655	604	554	504	403	352	336	235	201	134	67	0	67	168	201	285	319	336	
319	352	453	453	504	621	571	655	571	588	672	588	571	688	655	604	554	453	403	403	302	268	201	134	67	0	100	134	218	268	302	
386	336	420	453	504	621	588	672	604	638	722	655	638	772	739	688	655	537	504	504	403	369	302	235	168	100	0	67	151	218	285	
352	268	352	386	436	554	520	604	554	588	688	621	604	739	722	688	655	537	504	520	420	403	336	268	201	134	67	0	84	151	218	
386	235	302	352	403	520	520	604	571	604	705	638	638	789	789	739	722	604	571	604	504	487	420	352	285	218	151	84	0	117	184	
302	117	184	235	285	403	386	487	453	487	588	537	554	688	705	672	655	554	537	571	470	487	436	386	319	268	218	151	117	0	67	
252	50	151	168	218	336	319	403	369	403	520	470	487	638	638	621	621	520	504	554	453	487	453	403	336	302	285	218	184	67	0	
V9
0	224	277	211	224	290	224	264	198	211	264	211	198	303	303	290	290	211	211	264	211	264	264	264	250	250	303	277	303	237	198	
224	0	66	92	132	224	224	290	277	316	396	369	382	501	528	514	514	435	422	475	396	422	396	356	316	277	264	211	184	92	39	
277	66	0	79	118	184	224	277	290	330	409	396	422	541	567	567	567	488	488	541	462	501	475	435	382	356	330	277	237	145	118	
211	92	79	0	39	132	132	198	211	237	316	316	330	448	488	488	488	422	422	488	422	462	448	409	382	356	356	303	277	184	132	
224	132	118	39	0	92	92	158	171	211	290	290	316	435	475	475	488	422	435	501	435	475	475	448	409	396	396	343	316	224	171	
290	224	184	132	92	0	92	118	184	211	277	303	330	448	488	514	528	475	488	567	501	567	554	528	501	488	488	435	409	316	264	
224	224	224	132	92	92	0	66	92	118	184	211	237	356	396	409	435	396	409	475	435	488	488	475	448	448	462	409	409	303	250	
264	290	277	198	158	118	66	0	92	105	158	198	224	330	396	422	448	409	435	514	475	541	541	528	514	514	528	475	475	382	316	
198	277	290	211	171	184	92	92	0	26	105	118	145	264	303	330	356	316	343	422	382	448	462	462	448	448	475	435	448	356	290	
211	316	330	237	211	211	118	105	26	0	79	92	118	237	290	316	343	316	343	422	382	462	475	475	462	462	501	462	475	382	316	
264	396	409	316	290	277	184	158	105	79	0	79	105	184	250	290	330	330	356	435	422	501	528	528	514	528	567	541	554	462	409	
211	369	396	316	290	303	211	198	118	92	79	0	26	145	184	224	250	237	277	356	343	422	448	448	448	462	514	488	501	422	369	
198	382	422	330	316	330	237	224	145	118	105	26	0	118	158	184	211	211	237	330	316	396	422	422	435	448	501	475	501	435	382	
303	501	541	448	435	448	356	330	264	237	184	145	118	0	66	132	184	224	264	343	356	435	475	501	514	541	607	580	620	541	501	
303	528	567	488	475	488	396	396	303	290	250	184	158	66	0	66	118	171	211	277	303	382	435	462	475	514	580	567	620	554	501	
290	514	567	488	475	514	409	422	330	316	290	224	184	132	66	0	52	118	158	211	250	330	369	409	435	475	541	541	580	528	488	
290	514	567	488	488	528	435	448	356	343	330	250	211	184	118	52	0	79	118	171	211	277	330	369	396	435	514	514	567	514	488	
211	435	488	422	422	475	396	409	316	316	330	237	211	224	171	118	79	0	39	118	132	211	250	290	316	356	422	422	475	435	409	
211	422	488	422	435	488	409	435	343	343	356	277	237	264	211	158	118	39	0	79	92	171	211	250	277	316	396	396	448	422	396	
264	475	541	488	501	567	475	514	422	422	435	356	330	343	277	211	171	118	79	0	79	118	171	224	264	316	396	409	475	448	435	
211	396	462	422	435	501	435	475	382	382	422	343	316	356	303	250	211	132	92	79	0	79	118	158	184	237	316	330	396	369	356	
264	422	501	462	475	567	488	541	448	462	501	422	396	435	382	330	277	211	171	118	79	0	52	105	158	211	290	316	382	382	382	
264	396	475	448	475	554	488	541	462	475	528	448	422	475	435	369	330	250	211	171	118	52	0	52	105	158	237	264	330	343	356	
264	356	435	409	448	528	475	528	462	475	528	448	422	501	462	409	369	290	250	224	158	105	52	0	52	105	184	211	277	303	316	
250	316	382	382	409	501	448	514	448	462	514	448	435	514	475	435	396	316	277	264	184	158	105	52	0	52	132	158	224	250	264	
250	277	356	356	396	488	448	514	448	462	528	462	448	541	514	475	435	356	316	316	237	211	158	105	52	0	79	105	171	211	237	
303	264	330	356	396	488	462	528	475	501	567	514	501	607	580	541	514	422	396	396	316	290	237	184	132	79	0	52	118	171	224	
277	211	277	303	343	435	409	475	435	462	541	488	475	580	567	541	514	422	396	409	330	316	264	211	158	105	52	0	66	118	171	
303	184	237	277	316	409	409	475	448	475	554	501	501	620	620	580	567	475	448	475	396	382	330	277	224	171	118	66	0	92	145	
237	92	145	184	224	316	303	382	356	382	462	422	435	541	554	528	514	435	422	448	369	382	343	303	250	211	171	118	92	0	52	
198	39	118	132	171	264	250	316	290	316	409	369	382	501	501	488	488	409	396	435	356	382	356	316	264	237	224	171	145	52	0	
V10
0	238	294	224	238	308	238	280	210	224	280	224	210	322	322	308	308	224	224	280	224	280	280	280	266	266	322	294	322	252	210	
238	0	70	98	140	238	238	308	294	336	420	392	406	532	560	546	546	462	448	504	420	448	420	378	336	294	280	224	196	98	42	
294	70	0	84	126	196	238	294	308	350	434	420	448	574	602	602	602	518	518	574	490	532	504	462	406	378	350	294	252	154	126	
224	98	84	0	42	140	140	210	224	252	336	336	350	476	518	518	518	448	448	518	448	490	476	434	406	378	378	322	294	196	140	
238	140	126	42	0	98	98	168	182	224	308	308	336	462	504	504	518	448	462	532	462	504	504	476	434	420	420	364	336	238	182	
308	238	196	140	98	0	98	126	196	224	294	322	350	476	518	546	560	504	518	602	532	602	588	560	532	518	518	462	434	336	280	
238	238	238	140	98	98	0	70	98	126	196	224	252	378	420	434	462	420	434	504	462	518	518	504	476	476	490	434	434	322	266	
280	308	294	210	168	126	70	0	98	112	168	210	238	350	420	448	476	434	462	546	504	574	574	560	546	546	560	504	504	406	336	
210	294	308	224	182	196	98	98	0	28	112	126	154	280	322	350	378	336	364	448	406	476	490	490	476	476	504	462	476	378	308	
224	336	350	252	224	224	126	112	28	0	84	98	126	252	308	336	364	336	364	448	406	490	504	504	490	490	532	490	504	406	336	
280	420	434	336	308	294	196	168	112	84	0	84	112	196	266	308	350	350	378	462	448	532	560	560	546	560	602	574	588	490	434	
224	392	420	336	308	322	224	210	126	98	84	0	28	154	196	238	266	252	294	378	364	448	476	476	476	490	546	518	532	448	392	
210	406	448	350	336	350	252	238	154	126	112	28	0	126	168	196	224	224	252	350	336	420	448	448	462	476	532	504	532	462	406	
322	532	574	476	462	476	378	350	280	252	196	154	126	0	70	140	196	238	280	364	378	462	504	532	546	574	644	616	658	574	532	
322	560	602	518	504	518	420	420	322	308	266	196	168	70	0	70	126	182	224	294	322	406	462	490	504	546	616	602	658	588	532	
308	546	602	518	504	546	434	448	350	336	308	238	196	140	70	0	56	126	168	224	266	350	392	434	462	504	574	574	616	560	518	
308	546	602	518	518	560	462	476	378	364	350	266	224	196	126	56	0	84	126	182	224	294	350	392	420	462	546	546	602	546	518	
224	462	518	448	448	504	420	434	336	336	350	252	224	238	182	126	84	0	42	126	140	224	266	308	336	378	448	448	504	462	434	
224	448	518	448	462	518	434	462	364	364	378	294	252	280	224	168	126	42	0	84	98	182	224	266	294	336	420	420	476	448	420	
280	504	574	518	532	602	504	546	448	448	462	378	350	364	294	224	182	126	84	0	84	126	182	238	280	336	420	434	504	476	462	
224	420	490	448	462	532	462	504	406	406	448	364	336	378	322	266	224	140	98	84	0	84	126	168	196	252	336	350	420	392	378	
280	448	532	490	504	602	518	574	476	490	532	448	420	462	406	350	294	224	182	126	84	0	56	112	168	224	308	336	406	406	406	
280	420	504	476	504	588	518	574	490	504	560	476	448	504	462	392	350	266	224	182	126	56	0	56	112	168	252	280	350	364	378	
280	378	462	434	476	560	504	560	490	504	560	476	448	532	490	434	392	308	266	238	168	112	56	0	56	112	196	224	294	322	336	
266	336	406	406	434	532	476	546	476	490	546	476	462	546	504	462	420	336	294	280	196	168	112	56	0	56	140	168	238	266	280	
266	294	378	378	420	518	476	546	476	490	560	490	476	574	546	504	462	378	336	336	252	224	168	112	56	0	84	112	182	224	252	
322	280	350	378	420	518	490	560	504	532	602	546	532	644	616	574	546	448	420	420	336	308	252	196	140	84	0	56	126	182	238	
294	224	294	322	364	462	434	504	462	490	574	518	504	616	602	574	546	448	420	434	350	336	280	224	168	112	56	0	70	126	182	
322	196	252	294	336	434	434	504	476	504	588	532	532	658	658	616	602	504	476	504	420	406	350	294	238	182	126	70	0	98	154	
252	98	154	196	238	336	322	406	378	406	490	448	462	574	588	560	546	462	448	476	392	406	364	322	266	224	182	126	98	0	56	
210	42	126	140	182	280	266	336	308	336	434	392	406	532	532	518	518	434	420	462	378	406	378	336	280	252	238	182	154	56	0	
V11
0	248	306	233	248	321	248	292	219	233	292	233	219	335	335	321	321	233	233	292	233	292	292	292	277	277	335	306	335	262	219	
248	0	73	102	146	248	248	321	306	350	438	408	423	554	584	569	569	481	467	525	438	467	438	394	350	306	292	233	204	102	43	
306	73	0	87	131	204	248	306	321	365	452	438	467	598	627	627	627	540	540	598	511	554	525	481	423	394	365	306	262	160	131	
233	102	87	0	43	146	146	219	233	262	350	350	365	496	540	540	540	467	467	540	467	511	496	452	423	394	394	335	306	204	146	
248	146	131	43	0	102	102	175	189	233	321	321	350	481	525	525	540	467	481	554	481	525	525	496	452	438	438	379	350	248	189	
321	248	204	146	102	0	102	131	204	233	306	335	365	496	540	569	584	525	540	627	554	627	613	584	554	540	540	481	452	350	292	
248	248	248	146	102	102	0	73	102	131	204	233	262	394	438	452	481	438	452	525	481	540	540	525	496	496	511	452	452	335	277	
292	321	306	219	175	131	73	0	102	116	175	219	248	365	438	467	496	452	481	569	525	598	598	584	569	569	584	525	525	423	350	
219	306	321	233	189	204	102	102	0	29	116	131	160	292	335	365	394	350	379	467	423	496	511	511	496	496	525	481	496	394	321	
233	350	365	262	233	233	131	116	29	0	87	102	131	262	321	350	379	350	379	467	423	511	525	525	511	511	554	511	525	423	350	
292	438	452	350	321	306	204	175	116	87	0	87	116	204	277	321	365	365	394	481	467	554	584	584	569	584	627	598	613	511	452	
233	408	438	350	321	335	233	219	131	102	87	0	29	160	204	248	277	262	306	394	379	467	496	496	496	511	569	540	554	467	408	
219	423	467	365	350	365	262	248	160	131	116	29	0	131	175	204	233	233	262	365	350	438	467	467	481	496	554	525	554	481	423	
335	554	598	496	481	496	394	365	292	262	204	160	131	0	73	146	204	248	292	379	394	481	525	554	569	598	671	642	686	598	554	
335	584	627	540	525	540	438	438	335	321	277	204	175	73	0	73	131	189	233	306	335	423	481	511	525	569	642	627	686	613	554	
321	569	627	540	525	569	452	467	365	350	321	248	204	146	73	0	58	131	175	233	277	365	408	452	481	525	598	598	642	584	540	
321	569	627	540	540	584	481	496	394	379	365	277	233	204	131	58	0	87	131	189	233	306	365	408	438	481	569	569	627	569	540	
233	481	540	467	467	525	438	452	350	350	365	262	233	248	189	131	87	0	43	131	146	233	277	321	350	394	467	467	525	481	452	
233	467	540	467	481	540	452	481	379	379	394	306	262	292	233	175	131	43	0	87	102	189	233	277	306	350	438	438	496	467	438	
292	525	598	540	554	627	525	569	467	467	481	394	365	379	306	233	189	131	87	0	87	131	189	248	292	350	438	452	525	496	481	
233	438	511	467	481	554	481	525	423	423	467	379	350	394	335	277	233	146	102	87	0	87	131	175	204	262	350	365	438	408	394	
292	467	554	511	525	627	540	598	496	511	554	467	438	481	423	365	306	233	189	131	87	0	58	116	175	233	321	350	423	423	423	
292	438	525	496	525	613	540	598	511	525	584	496	467	525	481	408	365	277	233	189	131	58	0	58	116	175	262	292	365	379	394	
292	394	481	452	496	584	525	584	511	525	584	496	467	554	511	452	408	321	277	248	175	116	58	0	58	116	204	233	306	335	350	
277	350	423	423	452	554	496	569	496	511	569	496	481	569	525	481	438	350	306	292	204	175	116	58	0	58	146	175	248	277	292	
277	306	394	394	438	540	496	569	496	511	584	511	496	598	569	525	481	394	350	350	262	233	175	116	58	0	87	116	189	233	262	
335	292	365	394	438	540	511	584	525	554	627	569	554	671	642	598	569	467	438	438	350	321	262	204	146	87	0	58	131	189	248	
306	233	306	335	379	481	452	525	481	511	598	540	525	642	627	598	569	467	438	452	365	350	292	233	175	116	58	0	73	131	189	
335	204	262	306	350	452	452	525	496	525	613	554	554	686	686	642	627	525	496	525	438	423	365	306	248	189	131	73	0	102	160	
262	102	160	204	248	350	335	423	394	423	511	467	481	598	613	584	569	481	467	496	408	423	379	335	277	233	189	131	102	0	58	
219	43	131	146	189	292	277	350	321	350	452	408	423	554	554	540	540	452	438	481	394	423	394	350	292	262	248	189	160	58	0	
V12
0	200	247	188	200	259	200	236	177	188	236	188	177	271	271	259	259	188	188	236	188	236	236	236	224	224	271	247	271	212	177	
200	0	59	82	118	200	200	259	247	283	354	330	342	448	472	460	460	389	377	424	354	377	354	318	283	247	236	188	165	82	35	
247	59	0	70	106	165	200	247	259	295	365	354	377	483	507	507	507	436	436	483	413	448	424	389	342	318	295	247	212	129	106	
188	82	70	0	35	118	118	177	188	212	283	283	295	401	436	436	436	377	377	436	377	413	401	365	342	318	318	271	247	165	118	
200	118	106	35	0	82	82	141	153	188	259	259	283	389	424	424	436	377	389	448	389	424	424	401	365	354	354	306	283	200	153	
259	200	165	118	82	0	82	106	165	188	247	271	295	401	436	460	472	424	436	507	448	507	495	472	448	436	436	389	365	283	236	
200	200	200	118	82	82	0	59	82	106	165	188	212	318	354	365	389	354	365	424	389	436	436	424	401	401	413	365	365	271	224	
236	259	247	177	141	106	59	0	82	94	141	177	200	295	354	377	401	365	389	460	424	483	483	472	460	460	472	424	424	342	283	
177	247	259	188	153	165	82	82	0	23	94	106	129	236	271	295	318	283	306	377	342	401	413	413	401	401	424	389	401	318	259	
188	283	295	212	188	188	106	94	23	0	70	82	106	212	259	283	306	283	306	377	342	413	424	424	413	413	448	413	424	342	283	
236	354	365	283	259	247	165	141	94	70	0	70	94	165	224	259	295	295	318	389	377	448	472	472	460	472	507	483	495	413	365	
188	330	354	283	259	271	188	177	106	82	70	0	23	129	165	200	224	212	247	318	306	377	401	401	401	413	460	436	448	377	330	
177	342	377	295	283	295	212	200	129	106	94	23	0	106	141	165	188	188	212	295	283	354	377	377	389	401	448	424	448	389	342	
271	448	483	401	389	401	318	295	236	212	165	129	106	0	59	118	165	200	236	306	318	389	424	448	460	483	542	519	554	483	448	
271	472	507	436	424	436	354	354	271	259	224	165	141	59	0	59	106	153	188	247	271	342	389	413	424	460	519	507	554	495	448	
259	460	507	436	424	460	365	377	295	283	259	200	165	118	59	0	47	106	141	188	224	295	330	365	389	424	483	483	519	472	436	
259	460	507	436	436	472	389	401	318	306	295	224	188	165	106	47	0	70	106	153	188	247	295	330	354	389	460	460	507	460	436	
188	389	436	377	377	424	354	365	283	283	295	212	188	200	153	106	70	0	35	106	118	188	224	259	283	318	377	377	424	389	365	
188	377	436	377	389	436	365	389	306	306	318	247	212	236	188	141	106	35	0	70	82	153	188	224	247	283	354	354	401	377	354	
236	424	483	436	448	507	424	460	377	377	389	318	295	306	247	188	153	106	70	0	70	106	153	200	236	283	354	365	424	401	389	
188	354	413	377	389	448	389	424	342	342	377	306	283	318	271	224	188	118	82	70	0	70	106	141	165	212	283	295	354	330	318	
236	377	448	413	424	507	436	483	401	413	448	377	354	389	342	295	247	188	153	106	70	0	47	94	141	188	259	283	342	342	342	
236	354	424	401	424	495	436	483	413	424	472	401	377	424	389	330	295	224	188	153	106	47	0	47	94	141	212	236	295	306	318	
236	318	389	365	401	472	424	472	413	424	472	401	377	448	413	365	330	259	224	200	141	94	47	0	47	94	165	188	247	271	283	
224	283	342	342	365	448	401	460	401	413	460	401	389	460	424	389	354	283	247	236	165	141	94	47	0	47	118	141	200	224	236	
224	247	318	318	354	436	401	460	401	413	472	413	401	483	460	424	389	318	283	283	212	188	141	94	47	0	70	94	153	188	212	
271	236	295	318	354	436	413	472	424	448	507	460	448	542	519	483	460	377	354	354	283	259	212	165	118	70	0	47	106	153	200	
247	188	247	271	306	389	365	424	389	413	483	436	424	519	507	483	460	377	354	365	295	283	236	188	141	94	47	0	59	106	153	
271	165	212	247	283	365	365	424	401	424	495	448	448	554	554	519	507	424	401	424	354	342	295	247	200	153	106	59	0	82	129	
212	82	129	165	200	283	271	342	318	342	413	377	389	483	495	472	460	389	377	401	330	342	306	271	224	188	153	106	82	0	47	
177	35	106	118	153	236	224	283	259	283	365	330	342	448	448	436	436	365	354	389	318	342	318	283	236	212	200	153	129	47	0	
V13
0	214	264	201	214	277	214	252	189	201	252	201	189	289	289	277	277	201	201	252	201	252	252	252	239	239	289	264	289	226	189	
214	0	63	88	126	214	214	277	264	302	378	352	365	478	504	491	491	415	403	453	378	403	378	340	302	264	252	201	176	88	37	
264	63	0	75	113	176	214	264	277	315	390	378	403	516	541	541	541	466	466	516	441	478	453	415	365	340	315	264	226	138	113	
201	88	75	0	37	126	126	189	201	226	302	302	315	428	466	466	466	403	403	466	403	441	428	390	365	340	340	289	264	176	126	
214	126	113	37	0	88	88	151	163	201	277	277	302	415	453	453	466	403	415	478	415	453	453	428	390	378	378	327	302	214	163	
277	214	176	126	88	0	88	113	176	201	264	289	315	428	466	491	504	453	466	541	478	541	529	504	478	466	466	415	390	302	252	
214	214	214	126	88	88	0	63	88	113	176	201	226	340	378	390	415	378	390	453	415	466	466	453	428	428	441	390	390	289	239	
252	277	264	189	151	113	63	0	88	100	151	189	214	315	378	403	428	390	415	491	453	516	516	504	491	491	504	453	453	365	302	
189	264	277	201	163	176	88	88	0	25	100	113	138	252	289	315	340	302	327	403	365	428	441	441	428	428	453	415	428	340	277	
201	302	315	226	201	201	113	100	25	0	75	88	113	226	277	302	327	302	327	403	365	441	453	453	441	441	478	441	453	365	302	
252	378	390	302	277	264	176	151	100	75	0	75	100	176	239	277	315	315	340	415	403	478	504	504	491	504	541	516	529	441	390	
201	352	378	302	277	289	201	189	113	88	75	0	25	138	176	214	239	226	264	340	327	403	428	428	428	441	491	466	478	403	352	
189	365	403	315	302	315	226	214	138	113	100	25	0	113	151	176	201	201	226	315	302	378	403	403	415	428	478	453	478	415	365	
289	478	516	428	415	428	340	315	252	226	176	138	113	0	63	126	176	214	252	327	340	415	453	478	491	516	579	554	592	516	478	
289	504	541	466	453	466	378	378	289	277	239	176	151	63	0	63	113	163	201	264	289	365	415	441	453	491	554	541	592	529	478	
277	491	541	466	453	491	390	403	315	302	277	214	176	126	63	0	50	113	151	201	239	315	352	390	415	453	516	516	554	504	466	
277	491	541	466	466	504	415	428	340	327	315	239	201	176	113	50	0	75	113	163	201	264	315	352	378	415	491	491	541	491	466	
201	415	466	403	403	453	378	390	302	302	315	226	201	214	163	113	75	0	37	113	126	201	239	277	302	340	403	403	453	415	390	
201	403	466	403	415	466	390	415	327	327	340	264	226	252	201	151	113	37	0	75	88	163	201	239	264	302	378	378	428	403	378	
252	453	516	466	478	541	453	491	403	403	415	340	315	327	264	201	163	113	75	0	75	113	163	214	252	302	378	390	453	428	415	
201	378	441	403	415	478	415	453	365	365	403	327	302	340	289	239	201	126	88	75	0	75	113	151	176	226	302	315	378	352	340	
252	403	478	441	453	541	466	516	428	441	478	403	378	415	365	315	264	201	163	113	75	0	50	100	151	201	277	302	365	365	365	
252	378	453	428	453	529	466	516	441	453	504	428	403	453	415	352	315	239	201	163	113	50	0	50	100	151	226	252	315	327	340	
252	340	415	390	428	504	453	504	441	453	504	428	403	478	441	390	352	277	239	214	151	100	50	0	50	100	176	201	264	289	302	
239	302	365	365	390	478	428	491	428	441	491	428	415	491	453	415	378	302	264	252	176	151	100	50	0	50	126	151	214	239	252	
239	264	340	340	378	466	428	491	428	441	504	441	428	516	491	453	415	340	302	302	226	201	151	100	50	0	75	100	163	201	226	
289	252	315	340	378	466	441	504	453	478	541	491	478	579	554	516	491	403	378	378	302	277	226	176	126	75	0	50	113	163	214	
264	201	264	289	327	415	390	453	415	441	516	466	453	554	541	516	491	403	378	390	315	302	252	201	151	100	50	0	63	113	163	
289	176	226	264	302	390	390	453	428	453	529	478	478	592	592	554	541	453	428	453	378	365	315	264	214	163	113	63	0	88	138	
226	88	138	176	214	302	289	365	340	365	441	403	415	516	529	504	491	415	403	428	352	365	327	289	239	201	163	113	88	0	50	
189	37	113	126	163	252	239	302	277	302	390	352	365	478	478	466	466	390	378	415	340	365	340	302	252	226	214	163	138	50	0	
V14
0	163	201	153	163	211	163	192	144	153	192	153	144	220	220	211	211	153	153	192	153	192	192	192	182	182	220	201	220	172	144	
163	0	48	67	96	163	163	211	201	230	288	268	278	364	384	374	374	316	307	345	288	307	288	259	230	201	192	153	134	67	28	
201	48	0	57	86	134	163	201	211	240	297	288	307	393	412	412	412	355	355	393	336	364	345	316	278	259	240	201	172	105	86	
153	67	57	0	28	96	96	144	153	172	230	230	240	326	355	355	355	307	307	355	307	336	326	297	278	259	259	220	201	134	96	
163	96	86	28	0	67	67	115	124	153	211	211	230	316	345	345	355	307	316	364	316	345	345	326	297	288	288	249	230	163	124	
211	163	134	96	67	0	67	86	134	153	201	220	240	326	355	374	384	345	355	412	364	412	403	384	364	355	355	316	297	230	192	
163	163	163	96	67	67	0	48	67	86	134	153	172	259	288	297	316	288	297	345	316	355	355	345	326	326	336	297	297	220	182	
192	211	201	144	115	86	48	0	67	76	115	144	163	240	288	307	326	297	316	374	345	393	393	384	374	374	384	345	345	278	230	
144	201	211	153	124	134	67	67	0	19	76	86	105	192	220	240	259	230	249	307	278	326	336	336	326	326	345	316	326	259	211	
153	230	240	172	153	153	86	76	19	0	57	67	86	172	211	230	249	230	249	307	278	336	345	345	336	336	364	336	345	278	230	
192	288	297	230	211	201	134	115	76	57	0	57	76	134	182	211	240	240	259	316	307	364	384	384	374	384	412	393	403	336	297	
153	268	288	230	211	220	153	144	86	67	57	0	19	105	134	163	182	172	201	259	249	307	326	326	326	336	374	355	364	307	268	
144	278	307	240	230	240	172	163	105	86	76	19	0	86	115	134	153	153	172	240	230	288	307	307	316	326	364	345	364	316	278	
220	364	393	326	316	326	259	240	192	172	134	105	86	0	48	96	134	163	192	249	259	316	345	364	374	393	441	422	451	393	364	
220	384	412	355	345	355	288	288	220	211	182	134	115	48	0	48	86	124	153	201	220	278	316	336	345	374	422	412	451	403	364	
211	374	412	355	345	374	297	307	240	230	211	163	134	96	48	0	38	86	115	153	182	240	268	297	316	345	393	393	422	384	355	
211	374	412	355	355	384	316	326	259	249	240	182	153	134	86	38	0	57	86	124	153	201	240	268	288	316	374	374	412	374	355	
153	316	355	307	307	345	288	297	230	230	240	172	153	163	124	86	57	0	28	86	96	153	182	211	230	259	307	307	345	316	297	
153	307	355	307	316	355	297	316	249	249	259	201	172	192	153	115	86	28	0	57	67	124	153	182	201	230	288	288	326	307	288	
192	345	393	355	364	412	345	374	307	307	316	259	240	249	201	153	124	86	57	0	57	86	124	163	192	230	288	297	345	326	316	
153	288	336	307	316	364	316	345	278	278	307	249	230	259	220	182	153	96	67	57	0	57	86	115	134	172	230	240	288	268	259	
192	307	364	336	345	412	355	393	326	336	364	307	288	316	278	240	201	153	124	86	57	0	38	76	115	153	211	230	278	278	278	
192	288	345	326	345	403	355	393	336	345	384	326	307	345	316	268	240	182	153	124	86	38	0	38	76	115	172	192	240	249	259	
192	259	316	297	326	384	345	384	336	345	384	326	307	364	336	297	268	211	182	163	115	76	38	0	38	76	134	153	201	220	230	
182	230	278	278	297	364	326	374	326	336	374	326	316	374	345	316	288	230	201	192	134	115	76	38	0	38	96	115	163	182	192	
182	201	259	259	288	355	326	374	326	336	384	336	326	393	374	345	316	259	230	230	172	153	115	76	38	0	57	76	124	153	172	
220	192	240	259	288	355	336	384	345	364	412	374	364	441	422	393	374	307	288	288	230	211	172	134	96	57	0	38	86	124	163	
201	153	201	220	249	316	297	345	316	336	393	355	345	422	412	393	374	307	288	297	240	230	192	153	115	76	38	0	48	86	124	
220	134	172	201	230	297	297	345	326	345	403	364	364	451	451	422	412	345	326	345	288	278	240	201	163	124	86	48	0	67	105	
172	67	105	134	163	230	220	278	259	278	336	307	316	393	403	384	374	316	307	326	268	278	249	220	182	153	124	86	67	0	38	
144	28	86	96	124	192	182	230	211	230	297	268	278	364	364	355	355	297	288	316	259	278	259	230	192	172	163	124	105	38	0	
Velocidade_Veiculos
1	1	1	1	1	1	1	1	1	1	1	1	1	1	1	