M: 8
N: 30
Nun_Veiculos: 14
Capacidade_Total: 932
Demanda_Total: 481
Setup_Min: 1
Setup_Max: 99
Raio: 100
Circulos: 1
Tempo_Processamento_Min: 1
Tempo_Processamento_Max: 49
Demanda_Min: 10
Demanda_Max: 30
Priority_Factor: 0.2
Range_Factor_R: 0.8
U_factor: 2
ALpha: 0.2Replicao: 1
Tempos_Processamentos
0	0	1	0	2	0	3	0	4	0	5	0	6	0	7	0	
0	32	1	38	2	45	3	10	4	38	5	6	6	48	7	31	
0	15	1	25	2	34	3	12	4	26	5	14	6	44	7	31	
0	10	1	12	2	30	3	27	4	40	5	15	6	13	7	41	
0	35	1	36	2	38	3	20	4	10	5	3	6	9	7	15	
0	1	1	41	2	25	3	48	4	27	5	35	6	13	7	31	
0	49	1	42	2	13	3	12	4	17	5	28	6	42	7	12	
0	10	1	29	2	37	3	12	4	5	5	28	6	45	7	37	
0	14	1	7	2	20	3	17	4	32	5	9	6	45	7	46	
0	27	1	16	2	38	3	14	4	8	5	8	6	1	7	3	
0	10	1	26	2	24	3	23	4	41	5	35	6	18	7	15	
0	12	1	18	2	17	3	42	4	20	5	40	6	48	7	27	
0	14	1	18	2	49	3	32	4	18	5	45	6	42	7	6	
0	23	1	6	2	38	3	8	4	42	5	41	6	32	7	29	
0	43	1	9	2	6	3	35	4	1	5	6	6	12	7	21	
0	16	1	44	2	25	3	5	4	14	5	27	6	17	7	11	
0	29	1	18	2	48	3	42	4	37	5	47	6	38	7	42	
0	28	1	13	2	7	3	24	4	35	5	12	6	45	7	28	
0	9	1	36	2	5	3	35	4	5	5	26	6	33	7	35	
0	40	1	46	2	47	3	15	4	33	5	5	6	46	7	24	
0	21	1	41	2	13	3	42	4	12	5	25	6	25	7	29	
0	13	1	30	2	24	3	3	4	31	5	46	6	19	7	47	
0	48	1	36	2	34	3	35	4	45	5	28	6	22	7	29	
0	44	1	31	2	3	3	2	4	32	5	22	6	37	7	3	
0	2	1	33	2	29	3	26	4	16	5	17	6	35	7	18	
0	7	1	48	2	20	3	40	4	32	5	48	6	14	7	44	
0	38	1	31	2	39	3	49	4	26	5	26	6	35	7	16	
0	37	1	10	2	30	3	19	4	6	5	21	6	22	7	7	
0	28	1	33	2	24	3	9	4	11	5	34	6	11	7	8	
0	10	1	28	2	1	3	27	4	28	5	34	6	5	7	33	
0	2	1	3	2	32	3	49	4	12	5	47	6	14	7	24	

Tempos_setup
M0
0	0	0	0	0	0	0	0	0	0	0	0	0	0	0	0	0	0	0	0	0	0	0	0	0	0	0	0	0	0	0	
0	0	5	19	9	23	18	13	23	4	17	21	16	14	22	17	17	16	13	12	21	15	14	12	17	7	11	1	14	3	20	
0	10	0	15	17	21	17	14	22	14	20	17	11	19	28	12	15	22	8	13	16	16	9	20	12	2	21	11	9	13	15	
0	7	6	0	2	21	19	7	7	8	10	12	17	15	21	18	18	17	3	8	18	8	15	16	13	8	15	5	15	4	12	
0	5	4	10	0	21	17	5	17	6	8	12	15	13	19	16	16	15	4	8	19	6	13	14	16	6	13	3	13	2	15	
0	11	8	4	6	0	15	11	11	12	14	14	12	16	25	20	9	13	7	12	22	11	17	3	17	10	19	9	17	8	16	
0	7	7	13	3	18	0	8	12	9	11	15	18	16	22	18	19	18	7	11	22	9	15	17	18	8	16	6	16	5	17	
0	15	20	20	21	16	18	0	14	19	17	15	20	25	14	17	17	16	13	3	14	21	14	19	15	7	26	16	29	18	18	
0	11	16	22	18	18	15	15	0	15	10	5	15	25	15	21	16	27	22	14	11	11	23	20	6	16	22	12	21	14	5	
0	23	13	28	25	33	22	26	34	0	30	25	23	32	40	24	20	35	21	26	28	28	22	8	25	15	31	21	22	26	28	
0	18	19	26	18	22	28	22	31	6	0	12	21	31	28	23	18	29	22	21	24	18	26	14	25	19	29	19	24	20	7	
0	6	11	24	15	20	18	10	20	10	5	0	10	20	16	23	23	22	19	9	17	6	20	18	17	13	17	7	16	9	12	
0	21	15	14	16	10	21	12	21	22	16	23	0	26	26	27	19	22	17	11	22	9	24	10	22	17	29	19	19	18	23	
0	9	8	14	4	20	16	9	21	10	12	16	19	0	23	20	20	19	8	12	21	8	17	15	20	10	17	7	17	6	19	
0	9	10	14	7	22	4	8	16	13	8	3	13	19	0	11	10	22	7	9	2	9	8	5	3	1	20	10	19	9	6	
0	11	14	13	11	18	8	2	16	15	9	5	14	24	16	0	13	12	15	5	4	4	16	21	5	9	22	12	14	13	8	
0	3	8	14	12	13	16	13	21	4	10	5	3	17	21	11	0	19	7	12	15	11	8	12	16	1	11	1	17	6	14	
0	3	8	13	5	9	2	10	14	5	1	6	4	14	22	12	1	0	8	13	16	11	9	12	17	2	12	2	17	6	8	
0	21	26	22	23	18	20	6	16	23	19	21	22	26	20	23	19	18	0	5	20	27	20	21	21	13	28	20	35	24	21	
0	16	21	17	18	13	15	1	11	18	14	16	17	26	15	18	14	13	14	0	15	22	15	16	16	8	23	15	30	19	16	
0	7	11	17	7	21	4	6	16	11	6	1	11	20	17	20	15	22	11	9	0	7	19	19	1	12	18	8	17	9	4	
0	19	10	22	15	30	12	19	24	21	19	14	21	20	30	22	25	30	17	22	13	0	19	29	13	12	28	18	10	17	17	
0	14	7	16	13	21	11	5	19	18	12	8	17	11	19	3	16	15	15	8	7	7	0	24	8	9	25	15	16	5	11	
0	15	5	20	22	25	22	19	27	16	22	17	15	24	33	17	12	27	13	18	21	21	14	0	17	7	23	13	14	18	20	
0	22	20	29	20	25	27	9	23	26	21	16	26	26	23	26	26	25	22	12	23	21	23	28	0	16	33	23	16	22	27	
0	8	13	13	15	24	15	12	20	12	19	15	16	18	26	10	13	22	6	11	14	14	7	18	15	0	19	9	22	11	13	
0	17	11	18	17	14	15	2	12	19	15	12	18	15	15	7	15	14	15	1	11	11	4	17	8	9	0	16	20	9	15	
0	2	7	21	11	24	20	12	22	3	19	22	18	16	24	17	19	18	15	11	21	17	14	11	18	9	10	0	16	5	22	
0	19	16	24	14	28	23	12	26	20	22	19	25	10	26	28	22	21	18	15	26	18	25	25	3	18	27	17	0	16	29	
0	12	2	17	15	20	15	16	24	16	14	19	13	11	30	14	14	13	10	15	18	18	11	22	14	4	23	13	11	0	17	
0	14	19	25	23	24	24	18	24	15	21	16	14	28	32	16	11	22	18	21	20	20	19	23	21	12	22	12	28	17	0	
M1
0	0	0	0	0	0	0	0	0	0	0	0	0	0	0	0	0	0	0	0	0	0	0	0	0	0	0	0	0	0	0	
0	0	22	15	27	26	14	13	17	18	12	13	19	14	16	19	25	28	15	21	18	14	25	20	24	23	19	27	16	16	8	
0	10	0	15	24	27	15	14	18	12	13	14	6	15	17	14	17	6	16	10	6	2	26	17	10	15	13	23	10	22	9	
0	11	22	0	28	31	17	14	16	18	13	18	12	19	17	11	11	28	16	14	21	17	24	23	23	18	19	21	16	22	19	
0	15	8	4	0	25	19	14	13	20	16	20	14	9	20	15	15	14	11	16	14	10	18	9	18	14	5	20	18	13	17	
0	8	13	12	18	0	9	4	8	9	3	8	13	9	7	1	16	19	6	4	12	8	23	14	19	14	10	19	7	20	16	
0	11	11	10	26	28	0	14	16	7	13	15	7	12	17	14	17	17	14	11	6	2	21	12	18	15	8	23	5	18	19	
0	15	22	18	14	27	18	0	4	19	19	20	13	11	23	22	12	28	22	16	14	10	25	23	24	10	19	27	17	16	20	
0	11	19	18	30	28	14	16	0	15	15	16	9	17	19	18	8	25	18	12	20	16	21	20	20	6	16	23	13	19	19	
0	12	4	17	19	21	17	10	9	0	12	16	10	5	11	18	12	10	7	12	10	6	14	5	14	10	1	16	12	11	13	
0	5	10	9	15	24	12	1	5	6	0	18	11	10	4	18	13	16	3	15	10	6	20	11	16	11	7	22	4	17	13	
0	12	12	11	25	17	1	12	5	8	11	0	8	1	15	15	13	18	13	8	7	3	22	13	19	11	9	23	6	19	10	
0	4	10	9	22	25	9	8	12	6	7	8	0	9	11	17	12	16	10	4	12	8	20	11	11	10	7	19	4	17	12	
0	15	17	19	24	16	12	11	4	13	10	11	13	0	14	15	12	23	12	7	12	8	25	18	24	10	14	22	14	22	9	
0	1	7	6	22	20	15	13	10	3	13	14	11	6	0	17	10	13	10	13	13	9	17	8	17	13	4	19	1	14	9	
0	7	12	11	17	22	8	3	7	8	2	7	12	8	6	0	15	18	5	3	11	7	22	13	18	13	9	18	6	19	15	
0	5	11	10	23	20	6	9	5	7	8	9	1	10	12	18	0	17	11	5	12	8	13	12	12	11	8	15	5	11	13	
0	12	17	16	22	21	9	8	12	13	7	8	16	9	11	14	20	0	10	16	15	11	20	15	19	18	14	22	11	16	3	
0	12	18	16	12	28	16	15	19	14	14	15	8	16	18	15	18	13	0	12	7	3	27	10	13	16	15	25	12	23	10	
0	8	10	12	18	21	5	4	8	6	3	4	9	5	7	16	16	16	6	0	8	4	20	11	19	14	7	15	7	17	14	
0	15	13	19	25	30	16	11	15	16	10	15	19	16	14	8	23	19	13	11	0	15	28	21	23	21	17	24	14	27	22	
0	9	15	14	25	30	14	13	17	11	12	13	5	14	16	12	15	19	15	9	4	0	25	15	16	13	12	24	9	22	17	
0	9	8	16	14	16	12	8	11	4	7	15	7	9	11	17	6	14	2	11	9	5	0	9	15	4	5	2	11	15	12	
0	12	17	16	21	29	17	8	12	13	7	16	17	17	11	22	20	22	9	21	16	12	27	0	22	18	14	29	11	17	11	
0	20	25	24	33	35	21	24	20	21	23	20	16	21	27	33	15	31	21	20	27	23	19	26	0	23	22	21	19	26	28	
0	5	13	12	25	22	8	11	7	9	10	11	3	12	14	20	2	19	13	7	14	10	15	14	14	0	10	17	7	13	13	
0	13	3	18	18	20	16	9	8	15	11	15	9	4	15	17	11	9	6	11	9	5	13	4	13	9	0	15	13	21	12	
0	22	27	26	32	14	23	18	22	23	17	22	27	23	21	15	30	33	20	18	26	22	24	28	33	28	24	0	21	34	28	
0	14	6	5	21	23	19	12	11	2	14	18	12	7	13	16	14	12	9	14	12	8	16	7	16	12	3	18	0	13	15	
0	17	17	16	32	32	6	20	20	13	19	18	13	16	23	20	23	23	20	17	12	8	27	18	24	21	14	29	11	0	25	
0	9	14	13	19	18	6	5	9	10	4	5	13	6	8	11	17	20	7	13	12	8	17	12	16	15	11	19	8	13	0	
M2
0	0	0	0	0	0	0	0	0	0	0	0	0	0	0	0	0	0	0	0	0	0	0	0	0	0	0	0	0	0	0	
0	0	6	12	8	5	23	17	18	8	14	6	6	18	15	18	16	3	21	7	5	6	7	16	10	17	15	13	16	5	11	
0	28	0	24	20	17	30	14	18	18	12	16	18	12	20	21	17	13	18	19	15	16	17	10	15	15	27	25	25	15	23	
0	8	13	0	15	13	19	21	9	9	19	9	14	9	3	21	4	10	17	15	12	5	8	17	12	17	6	2	16	12	18	
0	11	8	4	0	14	22	22	12	7	20	12	15	12	7	19	8	14	20	14	15	8	11	18	2	20	9	5	19	12	3	
0	12	10	7	3	0	25	12	14	10	9	6	1	13	10	13	11	11	16	2	12	7	12	19	5	22	10	8	21	9	6	
0	10	14	11	7	4	0	7	11	11	5	10	5	11	13	14	10	13	11	6	15	7	10	3	8	8	8	4	18	13	2	
0	18	14	16	12	9	29	0	8	15	18	14	10	9	15	7	16	11	4	11	12	10	14	24	1	16	16	12	15	13	12	
0	18	13	13	9	6	22	18	0	7	15	12	7	19	16	19	17	14	22	8	4	13	6	23	11	8	16	14	7	12	12	
0	18	6	14	10	7	26	19	13	0	16	10	8	18	15	12	16	7	23	9	8	6	10	16	12	21	17	15	20	5	13	
0	23	20	24	20	21	18	25	27	14	0	21	22	15	8	26	9	18	29	23	20	18	14	21	18	25	21	22	24	19	20	
0	16	16	12	8	17	30	17	20	15	14	0	18	18	15	22	16	17	15	7	18	16	17	26	10	28	15	13	27	15	11	
0	21	9	17	13	10	29	22	13	14	19	10	0	21	18	12	11	10	25	12	11	6	13	18	15	21	20	17	20	8	16	
0	18	6	14	10	7	23	19	18	8	16	6	8	0	15	20	16	3	20	9	5	6	7	16	3	17	17	15	16	5	13	
0	15	13	16	12	14	23	18	21	8	16	13	15	7	0	20	1	10	22	16	12	13	7	14	10	17	13	17	16	12	15	
0	11	12	9	5	2	22	14	1	8	11	7	3	12	12	0	13	13	16	4	5	3	7	21	7	9	9	5	8	11	8	
0	18	19	15	11	18	33	17	21	18	15	18	19	19	18	24	0	19	21	20	21	19	18	13	13	16	16	16	15	21	14	
0	15	3	11	7	4	20	16	15	5	13	3	5	15	12	17	13	0	18	6	2	3	4	13	9	14	14	12	13	2	10	
0	16	10	16	12	9	27	21	8	12	18	10	10	17	19	7	20	7	0	11	9	10	11	20	14	16	14	10	15	9	8	
0	10	9	5	1	15	23	10	13	8	7	13	16	11	8	17	9	13	14	0	15	9	10	19	3	21	8	6	20	13	4	
0	20	9	13	9	10	18	22	13	3	19	13	11	21	16	15	17	10	25	12	0	9	2	19	8	16	18	14	15	8	12	
0	20	12	16	12	13	27	21	24	12	18	4	14	22	19	24	20	12	19	11	14	0	11	22	14	18	19	17	17	11	15	
0	19	7	15	11	8	16	20	14	1	17	11	9	19	16	13	17	8	24	10	9	7	0	17	13	14	18	16	13	6	14	
0	22	16	17	16	13	20	4	8	10	2	16	14	13	10	11	7	13	8	15	12	14	9	0	5	5	20	16	15	15	16	
0	22	21	16	13	27	35	22	25	20	19	25	28	21	14	29	15	24	26	12	26	21	21	28	0	31	20	18	30	25	16	
0	20	11	12	15	12	20	24	18	5	21	11	13	21	15	17	16	8	25	14	10	11	4	21	17	0	18	14	16	10	18	
0	2	8	13	9	7	18	19	16	3	16	8	8	3	16	15	17	5	11	9	7	8	2	18	6	16	0	14	15	7	12	
0	6	12	14	13	11	17	23	7	7	20	7	12	7	17	19	18	9	15	13	11	3	6	20	10	15	4	0	14	11	16	
0	18	12	13	9	13	21	18	19	6	15	12	14	19	16	18	17	9	22	8	11	12	5	22	11	1	16	13	0	11	11	
0	13	1	9	5	2	21	14	16	6	11	5	3	13	10	15	11	2	18	4	3	1	5	11	7	16	12	10	15	0	8	
0	8	13	16	15	12	19	24	9	9	21	9	13	9	19	21	20	11	17	14	13	5	8	22	12	17	6	2	16	12	0	
M3
0	0	0	0	0	0	0	0	0	0	0	0	0	0	0	0	0	0	0	0	0	0	0	0	0	0	0	0	0	0	0	
0	0	23	31	18	14	18	13	15	24	13	20	16	12	28	15	12	18	17	24	15	11	10	11	20	29	15	18	14	10	14	
0	5	0	21	11	7	20	18	19	17	15	24	20	16	29	5	2	15	18	25	8	16	15	15	18	31	16	22	18	14	15	
0	5	15	0	2	8	11	1	10	8	6	15	11	7	18	8	7	16	6	14	9	14	15	6	16	10	4	3	6	5	7	
0	3	14	24	0	10	9	8	8	6	4	13	9	5	18	6	5	18	7	14	11	12	13	4	14	20	12	11	7	3	5	
0	6	18	19	4	0	13	12	12	10	8	17	13	9	22	10	7	8	11	18	1	16	16	8	18	24	9	15	11	7	9	
0	10	5	24	13	10	0	8	8	19	11	13	6	5	21	8	5	18	7	17	11	12	17	4	5	22	9	8	7	3	7	
0	8	19	23	5	7	14	0	13	11	9	18	14	10	23	11	10	15	5	19	8	17	18	9	19	25	16	16	5	8	10	
0	16	12	29	16	12	18	15	0	22	13	17	14	10	13	5	10	15	17	9	13	8	18	9	17	27	16	16	12	8	4	
0	12	22	31	13	15	22	8	13	0	17	25	8	15	25	15	17	23	13	21	16	21	22	16	27	33	11	10	13	15	14	
0	13	10	28	10	12	5	5	13	11	0	9	11	10	22	13	10	20	4	22	13	17	22	9	10	16	13	13	10	8	12	
0	15	15	24	14	10	23	18	16	20	18	0	17	13	18	8	5	18	17	14	11	20	23	12	22	30	4	19	15	11	7	
0	4	14	23	14	14	14	9	9	20	9	18	0	12	17	7	12	22	8	13	15	15	14	11	19	25	3	2	11	10	6	
0	6	20	22	10	10	15	5	17	16	10	12	8	0	18	3	12	17	10	18	11	11	16	3	20	21	11	10	6	13	2	
0	7	2	23	13	9	19	16	13	19	14	16	12	11	0	7	4	17	18	17	10	15	17	7	20	25	15	14	10	9	13	
0	17	28	26	14	21	23	22	22	20	18	27	23	19	32	0	16	24	21	28	22	23	22	18	28	34	20	25	13	17	19	
0	11	22	19	9	5	18	17	17	15	13	22	18	14	27	3	0	13	16	23	6	21	21	13	23	29	14	20	16	12	13	
0	12	12	29	16	12	21	15	13	22	16	18	14	10	15	5	10	0	14	11	13	17	20	9	19	27	1	16	10	8	4	
0	9	17	24	6	8	12	1	14	12	10	13	15	11	24	12	11	16	0	20	9	18	19	10	17	26	17	17	6	9	11	
0	11	6	23	17	13	22	12	17	23	18	19	12	15	4	11	8	17	17	0	14	10	9	11	8	29	14	14	14	13	17	
0	5	24	24	23	19	23	18	20	29	18	25	21	17	33	20	17	23	22	29	0	16	15	16	25	31	20	23	19	15	19	
0	11	19	33	21	19	26	22	20	27	21	9	21	17	18	7	14	7	21	18	20	0	21	16	26	26	8	23	7	15	11	
0	10	16	23	8	4	17	3	16	14	12	10	17	13	19	5	11	8	8	15	5	1	0	12	22	27	5	19	8	11	8	
0	9	17	20	17	17	12	12	14	18	7	9	5	17	22	12	14	14	11	18	18	8	13	0	17	18	8	7	3	15	11	
0	8	18	27	18	18	17	13	13	23	12	16	4	14	21	11	14	14	12	17	19	7	18	13	0	28	7	6	14	12	10	
0	16	11	30	17	18	26	12	17	4	21	25	12	19	9	16	13	26	17	25	19	20	26	16	22	0	15	14	17	18	18	
0	11	11	28	15	11	20	14	12	21	15	17	13	9	14	4	9	19	13	10	12	16	19	8	18	26	0	15	11	7	3	
0	2	12	29	16	12	12	12	13	18	7	16	14	10	15	5	10	20	11	11	13	13	12	9	17	23	1	0	9	8	4	
0	23	23	40	21	23	19	19	24	25	14	23	25	21	26	16	21	11	18	22	24	28	31	20	24	30	12	27	0	19	15	
0	8	17	21	11	7	13	7	5	17	8	10	6	2	18	5	2	15	12	14	8	9	14	1	18	19	9	8	4	0	4	
0	14	22	26	12	8	21	20	20	18	16	25	11	17	20	1	15	16	19	24	9	24	23	16	26	32	14	13	14	15	0	
M4
0	0	0	0	0	0	0	0	0	0	0	0	0	0	0	0	0	0	0	0	0	0	0	0	0	0	0	0	0	0	0	
0	0	23	7	21	15	6	4	20	8	19	16	23	7	13	17	15	15	11	14	19	14	19	17	28	7	13	11	12	12	13	
0	9	0	7	14	8	6	7	16	8	15	8	20	16	12	1	11	9	15	13	3	6	10	9	21	10	16	3	8	11	5	
0	10	18	0	18	12	10	8	17	1	16	9	21	11	17	16	12	10	16	7	18	7	12	10	25	11	17	4	9	12	6	
0	20	18	10	0	16	10	18	24	11	11	9	25	6	23	19	19	17	12	8	21	8	8	11	7	17	15	14	10	13	16	
0	4	22	9	6	0	10	8	13	10	17	15	17	11	17	21	8	16	15	14	23	13	14	16	13	11	15	13	15	16	12	
0	11	19	1	19	13	0	9	18	2	17	10	22	12	18	17	13	11	17	8	19	8	13	11	26	12	18	5	10	13	7	
0	11	19	3	18	12	2	0	16	4	15	12	19	14	9	13	11	11	8	10	15	10	15	13	25	3	9	7	8	9	9	
0	16	22	15	22	16	14	12	0	16	13	13	4	23	18	22	22	14	18	17	18	11	14	14	13	15	20	15	13	15	10	
0	9	17	10	17	11	9	7	16	0	15	8	20	10	16	15	11	9	15	13	17	6	16	9	24	10	16	3	8	11	5	
0	18	24	16	19	16	15	16	19	16	0	17	21	25	19	10	14	18	24	15	12	15	20	18	26	15	20	12	17	2	14	
0	12	20	2	20	14	1	10	19	3	18	0	23	13	19	18	14	12	18	5	16	9	10	12	27	13	19	6	11	14	8	
0	24	32	14	26	20	13	22	25	15	9	12	0	25	14	18	23	18	21	13	20	17	17	16	16	24	16	18	16	11	20	
0	17	29	22	19	13	21	19	18	23	22	20	19	0	28	30	21	11	27	15	32	18	20	21	26	22	9	22	15	24	17	
0	12	18	10	20	14	9	10	19	11	18	11	23	19	0	4	14	12	18	16	6	9	19	12	27	13	19	6	11	14	8	
0	8	14	6	16	10	5	6	15	7	14	7	19	15	15	0	10	8	14	12	2	5	15	8	23	9	15	2	7	10	4	
0	13	16	3	16	10	8	6	5	4	14	7	9	14	15	17	0	8	14	10	19	5	15	8	18	9	15	7	7	15	4	
0	6	18	11	8	2	10	8	15	12	11	9	19	13	17	19	10	0	16	4	21	7	9	10	15	11	16	11	4	13	6	
0	8	23	13	10	4	13	12	15	14	17	14	16	15	21	9	12	8	0	12	11	13	17	16	17	15	6	11	12	1	12	
0	18	25	8	20	14	7	16	17	9	23	6	21	19	25	24	12	12	24	0	22	15	5	18	27	19	25	12	16	20	14	
0	14	22	4	22	16	3	12	21	5	20	13	25	15	21	20	16	14	20	11	0	11	16	14	29	15	21	8	13	16	10	
0	18	20	13	20	14	12	10	16	14	9	11	20	24	15	19	11	12	18	16	21	0	10	3	27	13	14	12	2	11	8	
0	13	20	3	21	15	2	11	20	4	19	1	24	14	20	19	15	13	19	6	17	10	0	13	22	14	20	7	12	15	9	
0	15	17	10	17	11	9	7	13	11	15	8	17	21	16	18	8	9	15	13	20	6	7	0	24	10	16	10	8	16	5	
0	13	21	3	15	9	3	11	17	4	10	2	21	14	16	14	12	13	5	7	16	1	1	4	0	14	11	7	3	6	9	
0	12	20	2	20	14	1	10	19	3	18	11	23	13	14	18	14	12	18	9	20	9	14	12	27	0	19	6	11	14	8	
0	8	20	13	10	4	12	10	9	14	13	11	10	15	19	21	12	2	18	6	23	9	11	12	17	13	0	13	6	15	8	
0	6	14	7	14	8	6	4	13	8	12	5	17	13	13	12	8	6	12	10	14	3	13	6	21	7	13	0	5	8	2	
0	20	31	16	22	16	22	22	21	17	7	21	22	27	13	17	21	14	30	15	19	21	20	24	26	22	12	19	0	9	20	
0	16	22	14	17	14	13	14	17	14	16	15	21	23	23	8	12	16	22	13	10	13	18	16	24	17	18	10	15	0	12	
0	10	12	5	12	6	4	2	17	6	10	3	21	16	11	13	12	4	10	8	15	1	11	4	19	5	11	5	3	11	0	
M5
0	0	0	0	0	0	0	0	0	0	0	0	0	0	0	0	0	0	0	0	0	0	0	0	0	0	0	0	0	0	0	
0	0	20	3	19	13	8	28	10	10	12	17	10	7	4	13	15	10	4	16	1	23	18	2	15	2	1	9	7	16	9	
0	13	0	13	19	13	9	34	17	23	6	19	12	20	10	14	11	13	16	21	14	21	16	13	9	14	14	6	7	20	7	
0	25	17	0	30	20	21	33	19	34	23	25	22	32	18	23	13	7	16	22	26	34	15	20	26	14	25	23	24	22	6	
0	8	28	11	0	21	16	36	16	18	20	23	16	15	12	20	17	18	10	7	9	27	19	10	23	10	9	17	15	24	10	
0	24	28	14	16	0	11	35	15	19	7	18	13	19	15	9	15	13	9	21	17	26	17	15	10	15	17	22	18	7	8	
0	20	23	11	12	21	0	30	18	19	24	25	18	23	9	5	21	18	12	19	13	31	23	4	22	10	9	21	15	27	14	
0	23	21	9	18	2	13	0	8	21	5	13	6	21	14	11	13	1	11	19	19	19	12	14	8	12	15	22	11	9	6	
0	15	13	18	11	23	16	26	0	24	19	19	12	22	12	4	17	23	6	15	12	25	8	16	22	4	16	19	17	12	19	
0	9	25	12	18	14	6	32	19	0	21	18	11	4	5	11	20	14	13	17	2	24	22	6	18	11	10	10	8	17	13	
0	20	24	7	19	15	13	28	14	20	0	13	6	20	13	12	8	13	10	17	20	19	10	11	3	8	10	23	11	17	1	
0	24	30	18	24	18	14	44	18	22	25	0	18	26	15	19	23	18	12	14	18	31	26	18	28	22	23	19	12	10	24	
0	17	30	18	17	11	7	36	19	26	16	7	0	24	8	12	21	11	15	21	18	13	22	11	16	17	16	26	5	17	14	
0	12	31	14	27	21	15	36	22	22	24	17	10	0	16	20	16	21	16	20	13	23	18	14	26	14	13	21	15	25	9	
0	15	27	15	16	12	4	34	22	23	19	23	16	22	0	9	25	12	16	23	16	29	23	8	13	14	13	24	6	19	18	
0	15	31	18	7	20	15	38	23	25	27	30	23	22	11	0	24	20	17	14	8	34	26	12	24	17	16	16	14	23	17	
0	12	19	15	17	17	9	29	6	22	24	16	15	19	5	10	0	11	9	18	13	28	11	13	18	10	13	21	11	18	8	
0	26	31	16	30	28	22	26	20	28	31	28	21	32	18	23	14	0	15	18	22	30	11	13	28	13	18	21	22	19	22	
0	20	19	16	17	17	10	32	6	27	22	13	6	27	6	10	11	17	0	12	16	19	14	14	19	10	19	13	11	15	19	
0	11	21	4	16	16	11	34	9	20	19	16	9	18	7	13	14	11	3	0	4	20	17	8	20	11	10	12	10	18	10	
0	7	23	10	18	12	7	30	17	17	19	24	17	14	3	12	22	12	11	15	0	30	23	4	16	9	8	8	6	15	16	
0	20	19	7	17	15	13	23	6	29	22	13	6	27	13	10	8	13	12	11	15	0	10	17	3	10	21	23	11	17	1	
0	18	20	11	21	20	12	18	10	20	23	17	10	24	10	14	15	18	4	7	11	19	0	15	17	2	17	17	15	8	11	
0	19	19	7	21	17	9	26	14	15	20	21	14	19	5	14	19	14	8	20	17	27	22	0	18	6	5	21	11	23	13	
0	20	21	4	20	14	10	37	22	29	19	10	3	27	11	14	17	11	18	24	21	16	19	14	0	18	19	27	8	20	10	
0	22	21	18	19	19	12	30	8	29	24	15	8	22	8	12	13	19	2	14	18	21	16	16	21	0	21	15	13	17	21	
0	19	19	2	20	18	10	27	9	10	15	16	9	14	6	13	14	9	3	15	12	22	17	1	18	1	0	16	12	18	8	
0	7	26	10	13	7	3	33	17	17	14	21	14	14	4	8	20	7	11	15	8	27	18	7	17	9	8	0	1	14	13	
0	12	25	13	12	6	2	32	16	21	13	20	13	19	3	7	19	6	10	19	13	26	17	6	16	12	11	21	0	13	12	
0	21	21	12	16	19	4	34	8	12	24	11	8	16	8	9	13	19	2	14	14	21	16	8	21	12	13	15	13	0	18	
0	19	26	20	24	14	15	27	13	28	21	19	19	26	12	17	7	12	13	16	20	28	9	19	24	11	20	26	18	16	0	
M6
0	0	0	0	0	0	0	0	0	0	0	0	0	0	0	0	0	0	0	0	0	0	0	0	0	0	0	0	0	0	0	
0	0	21	37	24	22	26	26	30	32	34	20	30	24	26	26	25	19	24	25	37	32	19	18	30	21	35	27	37	29	25	
0	15	0	22	12	15	13	20	18	16	19	20	9	15	14	10	16	14	3	12	30	16	12	13	11	12	14	14	24	24	9	
0	8	15	0	13	11	14	20	14	20	15	20	21	12	15	14	13	13	18	14	28	20	13	12	22	9	26	15	26	14	5	
0	11	17	22	0	15	18	15	6	20	19	8	20	16	2	14	15	13	19	13	21	13	3	14	24	13	25	19	18	19	9	
0	11	7	19	11	0	12	12	15	17	16	12	10	10	13	11	11	5	10	3	19	10	2	4	16	7	15	13	15	15	8	
0	6	9	26	5	16	0	15	11	17	23	11	10	13	7	11	14	8	11	6	26	13	8	7	8	10	15	1	18	18	14	
0	10	15	25	5	18	6	0	5	19	22	13	13	17	7	13	15	14	7	12	26	17	8	13	14	16	18	7	17	4	12	
0	18	19	29	7	22	24	22	0	27	26	15	27	23	9	21	22	20	22	20	28	20	10	21	30	20	32	15	12	22	16	
0	1	16	29	9	22	10	4	9	0	26	17	17	19	11	17	19	14	11	15	30	21	12	13	18	16	21	11	21	8	16	
0	11	14	3	16	7	17	19	17	23	0	19	17	15	16	17	16	12	17	10	23	17	9	11	23	12	22	18	22	16	8	
0	9	10	18	4	16	15	15	10	21	15	0	19	8	6	15	7	8	13	17	21	17	7	7	19	10	22	16	22	18	13	
0	6	7	18	11	7	12	11	16	7	20	12	0	10	13	1	11	5	1	3	26	7	9	4	9	7	5	13	15	15	12	
0	1	14	13	5	17	19	18	11	14	10	13	16	0	7	8	1	12	17	10	16	14	8	11	23	14	14	19	22	22	14	
0	9	15	31	11	21	20	20	4	25	28	19	18	18	0	19	19	13	17	11	32	18	14	12	24	15	23	19	16	23	20	
0	7	6	17	10	12	11	10	15	6	19	11	9	9	12	0	10	4	9	2	25	6	13	3	15	6	14	12	14	14	11	
0	17	23	12	25	16	26	20	25	16	9	28	26	24	25	24	0	21	26	19	15	23	18	20	32	21	31	18	29	24	17	
0	13	15	25	11	8	20	20	17	20	22	7	18	15	13	19	14	0	18	11	27	18	10	12	11	15	23	21	23	23	16	
0	12	13	24	17	13	18	17	18	13	26	18	6	16	19	7	17	11	0	9	32	13	15	10	8	13	11	19	21	21	18	
0	8	4	20	8	10	9	9	14	14	17	9	7	7	10	8	8	2	7	0	23	7	11	1	13	4	12	10	12	12	12	
0	2	11	25	10	14	11	5	10	1	25	13	18	20	12	11	20	15	12	13	0	10	13	14	19	17	22	3	14	9	15	
0	8	7	15	11	10	12	11	14	7	15	12	10	10	13	1	11	5	10	3	26	0	12	4	16	7	15	13	15	15	5	
0	13	16	19	14	12	15	21	15	19	16	17	22	13	16	15	14	10	19	15	18	21	0	13	21	10	27	16	27	24	6	
0	7	3	19	7	9	8	8	13	14	16	8	12	6	9	8	7	1	6	10	22	14	10	0	12	3	17	9	22	11	12	
0	5	15	25	18	18	19	13	18	9	22	20	21	13	20	20	14	13	15	21	29	26	20	12	0	15	26	20	27	17	12	
0	4	6	16	4	12	5	11	10	11	13	11	14	3	6	5	4	4	9	7	19	11	7	3	13	0	17	6	19	14	12	
0	1	5	20	9	9	10	10	12	9	18	10	2	8	8	3	9	3	3	1	24	8	11	2	11	5	0	11	13	13	13	
0	5	8	28	14	22	10	24	20	24	25	10	17	18	16	18	17	18	11	16	31	23	17	17	18	20	22	0	28	24	16	
0	8	7	29	17	16	13	27	23	23	26	13	16	21	19	17	20	8	10	19	34	23	18	20	18	19	21	3	0	24	16	
0	8	11	21	1	14	2	16	7	19	18	9	12	13	3	13	14	10	13	8	22	13	4	9	10	12	17	3	19	0	8	
0	7	10	13	8	6	9	15	9	15	10	15	16	7	10	9	8	8	13	9	23	15	8	7	17	4	21	10	21	18	0	
M7
0	0	0	0	0	0	0	0	0	0	0	0	0	0	0	0	0	0	0	0	0	0	0	0	0	0	0	0	0	0	0	
0	0	15	17	11	12	9	18	16	16	17	15	9	11	16	14	11	10	11	13	17	14	14	6	12	17	13	4	13	17	14	
0	7	0	3	2	9	3	4	5	2	7	1	1	8	10	3	8	4	5	9	10	7	8	7	13	9	6	11	7	11	11	
0	11	12	0	14	14	10	1	5	14	12	13	13	7	16	15	13	11	12	15	10	6	15	7	13	21	6	12	14	16	12	
0	13	12	15	0	10	15	14	17	14	14	13	12	16	10	9	9	5	17	11	16	17	9	12	16	9	12	14	8	12	12	
0	18	17	20	8	0	20	17	15	19	17	16	18	20	18	15	12	13	21	14	15	20	17	20	6	17	16	19	16	17	2	
0	9	6	9	8	6	0	10	11	8	8	7	7	5	7	5	5	1	2	6	12	5	5	8	12	15	8	10	4	8	8	
0	10	11	14	13	13	9	0	4	13	11	12	12	6	15	14	12	10	11	14	9	14	14	6	12	20	5	14	13	17	11	
0	8	7	10	9	9	10	7	0	9	7	8	8	5	11	10	8	9	12	10	5	12	13	13	14	16	1	11	12	14	7	
0	6	5	1	7	7	1	2	3	0	9	6	6	6	8	2	6	2	3	7	8	5	6	8	13	8	4	10	5	9	9	
0	1	10	13	11	10	4	2	6	12	0	11	9	8	11	8	9	5	6	10	11	9	9	7	13	17	7	4	8	12	12	
0	6	5	7	1	11	7	8	9	6	6	0	6	12	11	2	10	6	9	12	14	11	10	12	17	10	10	10	9	13	13	
0	10	13	16	7	15	9	15	18	15	13	13	0	11	9	10	14	10	7	15	17	10	14	6	12	8	13	14	13	17	17	
0	8	11	14	13	17	11	9	13	13	7	12	6	0	15	14	16	12	13	17	18	16	16	12	18	14	14	11	15	19	19	
0	5	4	7	6	10	7	8	9	6	11	5	5	12	0	1	12	8	9	13	14	11	12	9	15	13	10	9	11	15	12	
0	4	3	6	5	9	6	7	8	5	10	4	4	11	13	0	11	7	8	12	13	10	11	10	15	12	9	8	10	14	11	
0	9	9	11	5	1	11	10	13	10	8	4	10	14	15	6	0	10	13	2	16	8	14	9	7	14	14	8	13	6	3	
0	8	7	10	9	5	10	9	12	9	9	8	8	11	17	4	4	0	12	6	11	12	4	7	11	16	7	9	3	7	7	
0	7	9	12	11	15	10	8	12	11	6	10	10	14	5	6	15	11	0	16	15	3	8	11	17	18	11	9	7	18	17	
0	8	7	9	3	8	9	10	11	8	8	2	8	14	13	4	7	8	11	0	16	6	12	14	14	12	12	12	11	13	10	
0	3	2	5	4	11	5	2	2	4	2	3	3	7	6	5	10	6	7	11	0	9	10	8	11	11	3	6	9	13	9	
0	14	17	16	13	13	16	7	11	15	18	16	11	13	19	17	12	17	14	14	16	0	21	13	19	19	12	6	20	18	15	
0	10	14	17	14	12	14	5	9	16	16	15	15	11	20	11	11	7	16	13	14	19	0	11	17	23	10	14	10	14	14	
0	4	9	11	11	9	3	12	13	10	11	10	10	5	10	8	8	4	5	9	11	8	8	0	6	14	7	8	7	11	11	
0	12	11	14	13	20	14	11	11	13	11	12	12	16	15	14	19	15	15	20	9	18	19	17	0	20	12	15	18	22	13	
0	6	5	8	4	11	8	9	10	7	11	6	6	8	1	2	13	9	10	14	15	12	13	10	16	0	11	10	12	9	10	
0	7	6	9	8	8	9	6	6	8	6	7	7	4	10	9	7	8	11	9	4	13	12	12	13	15	0	10	11	13	10	
0	15	11	14	7	8	14	15	16	13	15	11	5	16	14	13	7	12	12	9	21	15	16	11	14	13	17	0	15	13	10	
0	5	4	7	6	10	7	6	9	6	10	5	5	8	14	1	11	8	9	13	8	11	1	4	10	13	4	9	0	15	12	
0	3	12	15	9	10	6	4	8	14	2	13	7	10	13	10	9	7	8	11	13	11	11	9	15	15	9	2	10	0	12	
0	18	18	21	6	11	21	19	23	20	17	14	18	22	16	15	10	11	21	12	22	18	15	18	17	15	18	17	14	15	0	
Tamanho_Tarefas
0	31	14	21	19	8	25	15	23	1	13	20	7	18	7	9	25	15	9	28	22	9	26	21	11	20	23	15	16	5	5	
Data_Entrega
0	150	155	153	159	157	150	160	154	158	158	159	156	152	157	158	148	160	159	157	158	152	154	157	153	151	161	156	153	156	155	
Penalidade_Atraso
0	16	18	18	17	14	9	14	10	10	6	1	15	19	20	9	19	18	8	7	18	8	5	4	2	20	4	11	2	16	12	
Capacidade_Veiculo
36	81	89	77	89	56	85	50	71	65	48	74	39	72	
Custo_Fixo_Veiculo
360	810	890	770	890	560	850	500	710	650	480	740	390	720	
Coordenadas_Clientes
x	0	y	0
x	84	y	0
x	122	y	25
x	105	y	46
x	84	y	61
x	54	y	60
x	56	y	98
x	23	y	73
x	12	y	123
x	-10	y	95
x	-38	y	116
x	-60	y	104
x	-70	y	78
x	-88	y	64
x	-77	y	34
x	-88	y	18
x	-97	y	0
x	-92	y	-19
x	-82	y	-36
x	-69	y	-50
x	-71	y	-79
x	-59	y	-103
x	-37	y	-114
x	-11	y	-107
x	13	y	-124
x	25	y	-78
x	62	y	-108
x	62	y	-69
x	80	y	-58
x	78	y	-34
x	86	y	-18
Tempo_Viagem
0	84	124	114	103	80	112	76	123	95	122	120	104	108	84	89	97	93	89	85	106	118	119	107	124	81	124	92	98	85	87	
84	0	45	50	61	67	101	95	142	133	168	177	172	183	164	172	181	177	169	160	173	176	166	143	142	97	109	72	58	34	18	
124	45	0	27	52	76	98	109	147	148	183	197	199	213	199	210	220	217	212	205	218	221	211	187	184	141	145	111	93	73	56	
114	50	27	0	25	52	71	85	120	124	158	173	177	193	182	195	207	207	203	198	215	221	213	192	192	147	158	121	106	83	66	
103	61	52	25	0	30	46	62	95	99	133	149	154	172	163	177	191	193	192	188	208	217	212	193	198	151	170	131	119	95	79	
80	67	76	52	30	0	38	33	75	72	107	121	125	142	133	148	162	166	166	165	186	198	196	179	188	141	168	129	120	97	84	
112	101	98	71	46	38	0	41	50	66	95	116	127	147	147	164	181	188	192	193	217	230	231	215	225	178	206	167	157	133	119	
76	95	109	85	62	33	41	0	51	39	74	88	93	111	107	123	140	147	151	153	178	194	195	183	197	151	185	147	142	120	110	
123	142	147	120	95	75	50	51	0	35	50	74	93	115	125	144	163	175	184	191	218	236	242	230	247	201	236	198	193	170	159	
95	133	148	124	99	72	66	39	35	0	35	50	62	83	90	109	128	140	149	156	184	203	210	202	219	176	215	179	177	156	148	
122	168	183	158	133	107	95	74	50	35	0	25	49	71	90	109	129	145	158	168	197	220	230	224	245	203	245	210	210	189	182	
120	177	197	173	149	121	116	88	74	50	25	0	27	48	71	89	109	126	141	154	183	207	219	216	239	200	244	211	214	195	190	
104	172	199	177	154	125	127	93	93	62	49	27	0	22	44	62	82	99	114	128	157	181	194	194	218	182	228	196	202	185	183	
108	183	213	193	172	142	147	111	115	83	71	48	22	0	31	46	64	83	100	115	144	168	184	186	212	181	228	200	206	192	192	
84	164	199	182	163	133	147	107	125	90	90	71	44	31	0	19	39	55	70	84	113	137	153	155	181	151	198	173	181	169	171	
89	172	210	195	177	148	164	123	144	109	109	89	62	46	19	0	20	37	54	70	98	123	141	146	174	148	195	173	184	173	176	
97	181	220	207	191	162	181	140	163	128	129	109	82	64	39	20	0	19	38	57	82	108	128	137	165	144	191	173	186	178	183	
93	177	217	207	193	166	188	147	175	140	145	126	99	83	55	37	19	0	19	38	63	89	109	119	148	131	177	161	176	170	178	
89	169	212	203	192	166	192	151	184	149	158	141	114	100	70	54	38	19	0	19	44	70	90	100	129	114	160	147	163	160	168	
85	160	205	198	188	165	193	153	191	156	168	154	128	115	84	70	57	38	19	0	29	53	71	81	110	98	143	132	149	147	158	
106	173	218	215	208	186	217	178	218	184	197	183	157	144	113	98	82	63	44	29	0	26	48	66	95	96	136	133	152	155	168	
118	176	221	221	217	198	230	194	236	203	220	207	181	168	137	123	108	89	70	53	26	0	24	48	74	87	121	125	145	153	168	
119	166	211	213	212	196	231	195	242	210	230	219	194	184	153	141	128	109	90	71	48	24	0	26	50	71	99	108	129	139	156	
107	143	187	192	193	179	215	183	230	202	224	216	194	186	155	146	137	119	100	81	66	48	26	0	29	46	73	82	103	114	131	
124	142	184	192	198	188	225	197	247	219	245	239	218	212	181	174	165	148	129	110	95	74	50	29	0	47	51	73	94	111	128	
81	97	141	147	151	141	178	151	201	176	203	200	182	181	151	148	144	131	114	98	96	87	71	46	47	0	47	38	58	68	85	
124	109	145	158	170	168	206	185	236	215	245	244	228	228	198	195	191	177	160	143	136	121	99	73	51	47	0	39	53	75	92	
92	72	111	121	131	129	167	147	198	179	210	211	196	200	173	173	173	161	147	132	133	125	108	82	73	38	39	0	21	38	55	
98	58	93	106	119	120	157	142	193	177	210	214	202	206	181	184	186	176	163	149	152	145	129	103	94	58	53	21	0	24	40	
85	34	73	83	95	97	133	120	170	156	189	195	185	192	169	173	178	170	160	147	155	153	139	114	111	68	75	38	24	0	17	
87	18	56	66	79	84	119	110	159	148	182	190	183	192	171	176	183	178	168	158	168	168	156	131	128	85	92	55	40	17	0	
Custo_Viagem
V0
0	604	892	820	741	576	806	547	885	684	878	864	748	777	604	640	698	669	640	612	763	849	856	770	892	583	892	662	705	612	626	
604	0	324	360	439	482	727	684	1022	957	1209	1274	1238	1317	1180	1238	1303	1274	1216	1152	1245	1267	1195	1029	1022	698	792	518	417	244	129	
892	324	0	194	374	547	705	792	1058	1072	1324	1425	1432	1533	1432	1512	1584	1569	1526	1476	1576	1591	1519	1346	1324	1015	1044	799	669	525	403	
820	360	194	0	180	374	511	619	864	900	1144	1252	1274	1389	1310	1404	1490	1490	1468	1425	1548	1591	1533	1382	1389	1058	1144	878	763	604	475	
741	439	374	180	0	216	331	446	684	712	957	1080	1108	1238	1173	1274	1375	1389	1382	1360	1497	1562	1526	1389	1425	1087	1224	943	856	684	568	
576	482	547	374	216	0	273	237	540	518	770	878	900	1022	957	1065	1166	1195	1195	1188	1339	1425	1411	1288	1353	1015	1209	928	864	698	604	
806	727	705	511	331	273	0	295	360	475	684	835	914	1058	1058	1180	1303	1353	1382	1389	1562	1663	1663	1548	1627	1281	1483	1202	1130	957	856	
547	684	792	619	446	237	295	0	367	280	532	633	669	799	770	885	1008	1058	1087	1101	1281	1396	1411	1317	1418	1087	1332	1058	1022	864	792	
885	1022	1058	864	684	540	360	367	0	252	360	532	669	835	900	1044	1180	1267	1324	1375	1569	1699	1742	1663	1778	1447	1699	1425	1389	1224	1144	
684	957	1072	900	712	518	475	280	252	0	252	360	446	597	648	784	921	1008	1072	1123	1324	1461	1512	1454	1584	1267	1548	1288	1274	1123	1065	
878	1209	1324	1144	957	770	684	532	360	252	0	180	352	518	648	792	936	1044	1137	1209	1418	1584	1656	1612	1764	1461	1764	1512	1512	1360	1310	
864	1274	1425	1252	1080	878	835	633	532	360	180	0	194	345	518	648	792	914	1015	1108	1317	1490	1576	1555	1720	1440	1756	1519	1540	1404	1368	
748	1238	1432	1274	1108	900	914	669	669	446	352	194	0	158	316	446	590	712	820	921	1130	1303	1396	1396	1569	1310	1641	1418	1454	1332	1317	
777	1317	1533	1389	1238	1022	1058	799	835	597	518	345	158	0	223	331	460	597	720	828	1036	1216	1332	1346	1533	1303	1641	1440	1490	1382	1382	
604	1180	1432	1310	1173	957	1058	770	900	648	648	518	316	223	0	136	280	396	504	604	813	993	1101	1116	1303	1087	1425	1245	1303	1216	1231	
640	1238	1512	1404	1274	1065	1180	885	1044	784	792	648	446	331	136	0	144	266	388	504	705	892	1015	1051	1252	1065	1404	1245	1324	1245	1274	
698	1303	1584	1490	1375	1166	1303	1008	1180	921	936	792	590	460	280	144	0	136	280	410	597	784	921	986	1188	1036	1382	1245	1339	1281	1317	
669	1274	1569	1490	1389	1195	1353	1058	1267	1008	1044	914	712	597	396	266	136	0	136	273	453	648	784	856	1065	943	1274	1159	1267	1224	1281	
640	1216	1526	1468	1382	1195	1382	1087	1324	1072	1137	1015	820	720	504	388	280	136	0	136	316	504	648	720	928	820	1152	1058	1173	1152	1209	
612	1152	1476	1425	1360	1188	1389	1101	1375	1123	1209	1108	921	828	604	504	410	273	136	0	208	381	511	583	792	705	1029	950	1072	1058	1137	
763	1245	1576	1548	1497	1339	1562	1281	1569	1324	1418	1317	1130	1036	813	705	597	453	316	208	0	187	345	475	684	691	979	957	1094	1116	1209	
849	1267	1591	1591	1562	1425	1663	1396	1699	1461	1584	1490	1303	1216	993	892	784	648	504	381	187	0	172	345	540	626	871	900	1051	1101	1209	
856	1195	1519	1533	1526	1411	1663	1411	1742	1512	1656	1576	1396	1332	1101	1015	921	784	648	511	345	172	0	187	360	511	712	777	928	1008	1123	
770	1029	1346	1382	1389	1288	1548	1317	1663	1454	1612	1555	1396	1346	1116	1051	986	856	720	583	475	345	187	0	208	331	525	590	741	828	943	
892	1022	1324	1389	1425	1353	1627	1418	1778	1584	1764	1720	1569	1533	1303	1252	1188	1065	928	792	684	540	360	208	0	338	367	525	676	799	921	
583	698	1015	1058	1087	1015	1281	1087	1447	1267	1461	1440	1310	1303	1087	1065	1036	943	820	705	691	626	511	331	338	0	338	273	417	489	612	
892	792	1044	1144	1224	1209	1483	1332	1699	1548	1764	1756	1641	1641	1425	1404	1382	1274	1152	1029	979	871	712	525	367	338	0	280	381	540	669	
662	518	799	878	943	928	1202	1058	1425	1288	1512	1519	1418	1440	1245	1245	1245	1159	1058	950	957	900	777	590	525	273	280	0	151	273	403	
705	417	669	763	856	864	1130	1022	1389	1274	1512	1540	1454	1490	1303	1324	1339	1267	1173	1072	1094	1051	928	741	676	417	381	151	0	172	288	
612	244	525	604	684	698	957	864	1224	1123	1360	1404	1332	1382	1216	1245	1281	1224	1152	1058	1116	1101	1008	828	799	489	540	273	172	0	122	
626	129	403	475	568	604	856	792	1144	1065	1310	1368	1317	1382	1231	1274	1317	1281	1209	1137	1209	1209	1123	943	921	612	669	403	288	122	0	
V1
0	1360	2008	1846	1668	1296	1814	1231	1992	1539	1976	1944	1684	1749	1360	1441	1571	1506	1441	1377	1717	1911	1927	1733	2008	1312	2008	1490	1587	1377	1409	
1360	0	729	810	988	1085	1636	1539	2300	2154	2721	2867	2786	2964	2656	2786	2932	2867	2737	2592	2802	2851	2689	2316	2300	1571	1782	1166	939	550	291	
2008	729	0	437	842	1231	1587	1782	2381	2413	2980	3207	3223	3450	3223	3402	3564	3531	3434	3321	3547	3580	3418	3029	2980	2284	2349	1798	1506	1182	907	
1846	810	437	0	405	842	1150	1393	1944	2025	2575	2818	2867	3126	2948	3159	3353	3353	3304	3207	3483	3580	3450	3110	3126	2381	2575	1976	1717	1360	1069	
1668	988	842	405	0	486	745	1004	1539	1603	2154	2430	2494	2786	2640	2867	3094	3126	3110	3061	3369	3515	3434	3126	3207	2446	2754	2122	1927	1539	1279	
1296	1085	1231	842	486	0	615	534	1215	1166	1733	1976	2025	2300	2154	2397	2624	2689	2689	2673	3013	3207	3175	2899	3045	2284	2721	2089	1944	1571	1360	
1814	1636	1587	1150	745	615	0	664	810	1069	1539	1879	2057	2381	2381	2656	2932	3045	3110	3126	3515	3742	3742	3483	3661	2883	3337	2705	2543	2154	1927	
1231	1539	1782	1393	1004	534	664	0	826	631	1198	1425	1506	1798	1733	1992	2268	2381	2446	2478	2883	3142	3175	2964	3191	2446	2997	2381	2300	1944	1782	
1992	2300	2381	1944	1539	1215	810	826	0	567	810	1198	1506	1879	2025	2349	2656	2851	2980	3094	3531	3823	3920	3742	4001	3256	3823	3207	3126	2754	2575	
1539	2154	2413	2025	1603	1166	1069	631	567	0	567	810	1004	1344	1458	1765	2073	2268	2413	2527	2980	3288	3402	3272	3564	2851	3483	2899	2867	2527	2397	
1976	2721	2980	2575	2154	1733	1539	1198	810	567	0	405	793	1166	1458	1782	2106	2349	2559	2721	3191	3564	3726	3628	3969	3288	3969	3402	3402	3061	2948	
1944	2867	3207	2818	2430	1976	1879	1425	1198	810	405	0	437	777	1166	1458	1782	2057	2284	2494	2964	3353	3547	3499	3871	3240	3952	3418	3466	3159	3078	
1684	2786	3223	2867	2494	2025	2057	1506	1506	1004	793	437	0	356	712	1004	1328	1603	1846	2073	2543	2932	3142	3142	3531	2948	3693	3191	3272	2997	2964	
1749	2964	3450	3126	2786	2300	2381	1798	1879	1344	1166	777	356	0	502	745	1036	1344	1620	1863	2332	2737	2997	3029	3450	2932	3693	3240	3353	3110	3110	
1360	2656	3223	2948	2640	2154	2381	1733	2025	1458	1458	1166	712	502	0	307	631	891	1134	1360	1830	2235	2478	2511	2932	2446	3207	2802	2932	2737	2770	
1441	2786	3402	3159	2867	2397	2656	1992	2349	1765	1782	1458	1004	745	307	0	324	599	874	1134	1587	2008	2284	2365	2818	2397	3159	2802	2980	2802	2867	
1571	2932	3564	3353	3094	2624	2932	2268	2656	2073	2106	1782	1328	1036	631	324	0	307	631	923	1344	1765	2073	2219	2673	2332	3110	2802	3013	2883	2964	
1506	2867	3531	3353	3126	2689	3045	2381	2851	2268	2349	2057	1603	1344	891	599	307	0	307	615	1020	1458	1765	1927	2397	2122	2867	2608	2851	2754	2883	
1441	2737	3434	3304	3110	2689	3110	2446	2980	2413	2559	2284	1846	1620	1134	874	631	307	0	307	712	1134	1458	1620	2089	1846	2592	2381	2640	2592	2721	
1377	2592	3321	3207	3061	2673	3126	2478	3094	2527	2721	2494	2073	1863	1360	1134	923	615	307	0	469	858	1150	1312	1782	1587	2316	2138	2413	2381	2559	
1717	2802	3547	3483	3369	3013	3515	2883	3531	2980	3191	2964	2543	2332	1830	1587	1344	1020	712	469	0	421	777	1069	1539	1555	2203	2154	2462	2511	2721	
1911	2851	3580	3580	3515	3207	3742	3142	3823	3288	3564	3353	2932	2737	2235	2008	1765	1458	1134	858	421	0	388	777	1215	1409	1960	2025	2365	2478	2721	
1927	2689	3418	3450	3434	3175	3742	3175	3920	3402	3726	3547	3142	2997	2478	2284	2073	1765	1458	1150	777	388	0	421	810	1150	1603	1749	2089	2268	2527	
1733	2316	3029	3110	3126	2899	3483	2964	3742	3272	3628	3499	3142	3029	2511	2365	2219	1927	1620	1312	1069	777	421	0	469	745	1182	1328	1668	1863	2122	
2008	2300	2980	3126	3207	3045	3661	3191	4001	3564	3969	3871	3531	3450	2932	2818	2673	2397	2089	1782	1539	1215	810	469	0	761	826	1182	1522	1798	2073	
1312	1571	2284	2381	2446	2284	2883	2446	3256	2851	3288	3240	2948	2932	2446	2397	2332	2122	1846	1587	1555	1409	1150	745	761	0	761	615	939	1101	1377	
2008	1782	2349	2575	2754	2721	3337	2997	3823	3483	3969	3952	3693	3693	3207	3159	3110	2867	2592	2316	2203	1960	1603	1182	826	761	0	631	858	1215	1506	
1490	1166	1798	1976	2122	2089	2705	2381	3207	2899	3402	3418	3191	3240	2802	2802	2802	2608	2381	2138	2154	2025	1749	1328	1182	615	631	0	340	615	907	
1587	939	1506	1717	1927	1944	2543	2300	3126	2867	3402	3466	3272	3353	2932	2980	3013	2851	2640	2413	2462	2365	2089	1668	1522	939	858	340	0	388	648	
1377	550	1182	1360	1539	1571	2154	1944	2754	2527	3061	3159	2997	3110	2737	2802	2883	2754	2592	2381	2511	2478	2268	1863	1798	1101	1215	615	388	0	275	
1409	291	907	1069	1279	1360	1927	1782	2575	2397	2948	3078	2964	3110	2770	2867	2964	2883	2721	2559	2721	2721	2527	2122	2073	1377	1506	907	648	275	0	
V2
0	1495	2207	2029	1833	1424	1993	1352	2189	1691	2171	2136	1851	1922	1495	1584	1726	1655	1584	1513	1886	2100	2118	1904	2207	1441	2207	1637	1744	1513	1548	
1495	0	801	890	1085	1192	1797	1691	2527	2367	2990	3150	3061	3257	2919	3061	3221	3150	3008	2848	3079	3132	2954	2545	2527	1726	1958	1281	1032	605	320	
2207	801	0	480	925	1352	1744	1958	2616	2652	3275	3524	3542	3791	3542	3738	3916	3880	3773	3649	3898	3933	3755	3328	3275	2509	2581	1975	1655	1299	996	
2029	890	480	0	445	925	1263	1530	2136	2225	2830	3097	3150	3435	3239	3471	3684	3684	3631	3524	3827	3933	3791	3417	3435	2616	2830	2171	1886	1495	1174	
1833	1085	925	445	0	534	818	1103	1691	1762	2367	2670	2741	3061	2901	3150	3399	3435	3417	3364	3702	3862	3773	3435	3524	2687	3026	2331	2118	1691	1406	
1424	1192	1352	925	534	0	676	587	1335	1281	1904	2171	2225	2527	2367	2634	2883	2954	2954	2937	3310	3524	3488	3186	3346	2509	2990	2296	2136	1726	1495	
1993	1797	1744	1263	818	676	0	729	890	1174	1691	2064	2260	2616	2616	2919	3221	3346	3417	3435	3862	4111	4111	3827	4022	3168	3666	2972	2794	2367	2118	
1352	1691	1958	1530	1103	587	729	0	907	694	1317	1566	1655	1975	1904	2189	2492	2616	2687	2723	3168	3453	3488	3257	3506	2687	3293	2616	2527	2136	1958	
2189	2527	2616	2136	1691	1335	890	907	0	623	890	1317	1655	2064	2225	2581	2919	3132	3275	3399	3880	4200	4307	4111	4396	3577	4200	3524	3435	3026	2830	
1691	2367	2652	2225	1762	1281	1174	694	623	0	623	890	1103	1477	1602	1940	2278	2492	2652	2776	3275	3613	3738	3595	3916	3132	3827	3186	3150	2776	2634	
2171	2990	3275	2830	2367	1904	1691	1317	890	623	0	445	872	1281	1602	1958	2314	2581	2812	2990	3506	3916	4094	3987	4361	3613	4361	3738	3738	3364	3239	
2136	3150	3524	3097	2670	2171	2064	1566	1317	890	445	0	480	854	1281	1602	1958	2260	2509	2741	3257	3684	3898	3844	4254	3560	4343	3755	3809	3471	3382	
1851	3061	3542	3150	2741	2225	2260	1655	1655	1103	872	480	0	391	783	1103	1459	1762	2029	2278	2794	3221	3453	3453	3880	3239	4058	3506	3595	3293	3257	
1922	3257	3791	3435	3061	2527	2616	1975	2064	1477	1281	854	391	0	551	818	1139	1477	1780	2047	2563	3008	3293	3328	3791	3221	4058	3560	3684	3417	3417	
1495	2919	3542	3239	2901	2367	2616	1904	2225	1602	1602	1281	783	551	0	338	694	979	1246	1495	2011	2456	2723	2759	3221	2687	3524	3079	3221	3008	3043	
1584	3061	3738	3471	3150	2634	2919	2189	2581	1940	1958	1602	1103	818	338	0	356	658	961	1246	1744	2207	2509	2598	3097	2634	3471	3079	3275	3079	3150	
1726	3221	3916	3684	3399	2883	3221	2492	2919	2278	2314	1958	1459	1139	694	356	0	338	694	1014	1477	1940	2278	2438	2937	2563	3417	3079	3310	3168	3257	
1655	3150	3880	3684	3435	2954	3346	2616	3132	2492	2581	2260	1762	1477	979	658	338	0	338	676	1121	1602	1940	2118	2634	2331	3150	2865	3132	3026	3168	
1584	3008	3773	3631	3417	2954	3417	2687	3275	2652	2812	2509	2029	1780	1246	961	694	338	0	338	783	1246	1602	1780	2296	2029	2848	2616	2901	2848	2990	
1513	2848	3649	3524	3364	2937	3435	2723	3399	2776	2990	2741	2278	2047	1495	1246	1014	676	338	0	516	943	1263	1441	1958	1744	2545	2349	2652	2616	2812	
1886	3079	3898	3827	3702	3310	3862	3168	3880	3275	3506	3257	2794	2563	2011	1744	1477	1121	783	516	0	462	854	1174	1691	1708	2420	2367	2705	2759	2990	
2100	3132	3933	3933	3862	3524	4111	3453	4200	3613	3916	3684	3221	3008	2456	2207	1940	1602	1246	943	462	0	427	854	1335	1548	2153	2225	2598	2723	2990	
2118	2954	3755	3791	3773	3488	4111	3488	4307	3738	4094	3898	3453	3293	2723	2509	2278	1940	1602	1263	854	427	0	462	890	1263	1762	1922	2296	2492	2776	
1904	2545	3328	3417	3435	3186	3827	3257	4111	3595	3987	3844	3453	3328	2759	2598	2438	2118	1780	1441	1174	854	462	0	516	818	1299	1459	1833	2047	2331	
2207	2527	3275	3435	3524	3346	4022	3506	4396	3916	4361	4254	3880	3791	3221	3097	2937	2634	2296	1958	1691	1335	890	516	0	836	907	1299	1673	1975	2278	
1441	1726	2509	2616	2687	2509	3168	2687	3577	3132	3613	3560	3239	3221	2687	2634	2563	2331	2029	1744	1708	1548	1263	818	836	0	836	676	1032	1210	1513	
2207	1958	2581	2830	3026	2990	3666	3293	4200	3827	4361	4343	4058	4058	3524	3471	3417	3150	2848	2545	2420	2153	1762	1299	907	836	0	694	943	1335	1655	
1637	1281	1975	2171	2331	2296	2972	2616	3524	3186	3738	3755	3506	3560	3079	3079	3079	2865	2616	2349	2367	2225	1922	1459	1299	676	694	0	373	676	996	
1744	1032	1655	1886	2118	2136	2794	2527	3435	3150	3738	3809	3595	3684	3221	3275	3310	3132	2901	2652	2705	2598	2296	1833	1673	1032	943	373	0	427	712	
1513	605	1299	1495	1691	1726	2367	2136	3026	2776	3364	3471	3293	3417	3008	3079	3168	3026	2848	2616	2759	2723	2492	2047	1975	1210	1335	676	427	0	302	
1548	320	996	1174	1406	1495	2118	1958	2830	2634	3239	3382	3257	3417	3043	3150	3257	3168	2990	2812	2990	2990	2776	2331	2278	1513	1655	996	712	302	0	
V3
0	1293	1909	1755	1586	1232	1724	1170	1894	1463	1878	1848	1601	1663	1293	1370	1493	1432	1370	1309	1632	1817	1832	1647	1909	1247	1909	1416	1509	1309	1339	
1293	0	693	770	939	1031	1555	1463	2186	2048	2587	2725	2648	2818	2525	2648	2787	2725	2602	2464	2664	2710	2556	2202	2186	1493	1694	1108	893	523	277	
1909	693	0	415	800	1170	1509	1694	2263	2294	2833	3049	3064	3280	3064	3234	3388	3357	3264	3157	3372	3403	3249	2879	2833	2171	2233	1709	1432	1124	862	
1755	770	415	0	385	800	1093	1324	1848	1925	2448	2679	2725	2972	2802	3003	3187	3187	3141	3049	3311	3403	3280	2956	2972	2263	2448	1878	1632	1293	1016	
1586	939	800	385	0	462	708	954	1463	1524	2048	2310	2371	2648	2510	2725	2941	2972	2956	2910	3203	3341	3264	2972	3049	2325	2618	2017	1832	1463	1216	
1232	1031	1170	800	462	0	585	508	1155	1108	1647	1878	1925	2186	2048	2279	2494	2556	2556	2541	2864	3049	3018	2756	2895	2171	2587	1986	1848	1493	1293	
1724	1555	1509	1093	708	585	0	631	770	1016	1463	1786	1955	2263	2263	2525	2787	2895	2956	2972	3341	3557	3557	3311	3480	2741	3172	2571	2417	2048	1832	
1170	1463	1694	1324	954	508	631	0	785	600	1139	1355	1432	1709	1647	1894	2156	2263	2325	2356	2741	2987	3018	2818	3033	2325	2849	2263	2186	1848	1694	
1894	2186	2263	1848	1463	1155	770	785	0	539	770	1139	1432	1786	1925	2233	2525	2710	2833	2941	3357	3634	3726	3557	3803	3095	3634	3049	2972	2618	2448	
1463	2048	2294	1925	1524	1108	1016	600	539	0	539	770	954	1278	1386	1678	1971	2156	2294	2402	2833	3126	3234	3110	3388	2710	3311	2756	2725	2402	2279	
1878	2587	2833	2448	2048	1647	1463	1139	770	539	0	385	754	1108	1386	1694	2002	2233	2433	2587	3033	3388	3542	3449	3773	3126	3773	3234	3234	2910	2802	
1848	2725	3049	2679	2310	1878	1786	1355	1139	770	385	0	415	739	1108	1386	1694	1955	2171	2371	2818	3187	3372	3326	3680	3080	3757	3249	3295	3003	2926	
1601	2648	3064	2725	2371	1925	1955	1432	1432	954	754	415	0	338	677	954	1262	1524	1755	1971	2417	2787	2987	2987	3357	2802	3511	3033	3110	2849	2818	
1663	2818	3280	2972	2648	2186	2263	1709	1786	1278	1108	739	338	0	477	708	985	1278	1540	1771	2217	2602	2849	2879	3280	2787	3511	3080	3187	2956	2956	
1293	2525	3064	2802	2510	2048	2263	1647	1925	1386	1386	1108	677	477	0	292	600	847	1078	1293	1740	2125	2356	2387	2787	2325	3049	2664	2787	2602	2633	
1370	2648	3234	3003	2725	2279	2525	1894	2233	1678	1694	1386	954	708	292	0	308	569	831	1078	1509	1909	2171	2248	2679	2279	3003	2664	2833	2664	2725	
1493	2787	3388	3187	2941	2494	2787	2156	2525	1971	2002	1694	1262	985	600	308	0	292	600	877	1278	1678	1971	2109	2541	2217	2956	2664	2864	2741	2818	
1432	2725	3357	3187	2972	2556	2895	2263	2710	2156	2233	1955	1524	1278	847	569	292	0	292	585	970	1386	1678	1832	2279	2017	2725	2479	2710	2618	2741	
1370	2602	3264	3141	2956	2556	2956	2325	2833	2294	2433	2171	1755	1540	1078	831	600	292	0	292	677	1078	1386	1540	1986	1755	2464	2263	2510	2464	2587	
1309	2464	3157	3049	2910	2541	2972	2356	2941	2402	2587	2371	1971	1771	1293	1078	877	585	292	0	446	816	1093	1247	1694	1509	2202	2032	2294	2263	2433	
1632	2664	3372	3311	3203	2864	3341	2741	3357	2833	3033	2818	2417	2217	1740	1509	1278	970	677	446	0	400	739	1016	1463	1478	2094	2048	2340	2387	2587	
1817	2710	3403	3403	3341	3049	3557	2987	3634	3126	3388	3187	2787	2602	2125	1909	1678	1386	1078	816	400	0	369	739	1155	1339	1863	1925	2248	2356	2587	
1832	2556	3249	3280	3264	3018	3557	3018	3726	3234	3542	3372	2987	2849	2356	2171	1971	1678	1386	1093	739	369	0	400	770	1093	1524	1663	1986	2156	2402	
1647	2202	2879	2956	2972	2756	3311	2818	3557	3110	3449	3326	2987	2879	2387	2248	2109	1832	1540	1247	1016	739	400	0	446	708	1124	1262	1586	1771	2017	
1909	2186	2833	2972	3049	2895	3480	3033	3803	3388	3773	3680	3357	3280	2787	2679	2541	2279	1986	1694	1463	1155	770	446	0	723	785	1124	1447	1709	1971	
1247	1493	2171	2263	2325	2171	2741	2325	3095	2710	3126	3080	2802	2787	2325	2279	2217	2017	1755	1509	1478	1339	1093	708	723	0	723	585	893	1047	1309	
1909	1694	2233	2448	2618	2587	3172	2849	3634	3311	3773	3757	3511	3511	3049	3003	2956	2725	2464	2202	2094	1863	1524	1124	785	723	0	600	816	1155	1432	
1416	1108	1709	1878	2017	1986	2571	2263	3049	2756	3234	3249	3033	3080	2664	2664	2664	2479	2263	2032	2048	1925	1663	1262	1124	585	600	0	323	585	862	
1509	893	1432	1632	1832	1848	2417	2186	2972	2725	3234	3295	3110	3187	2787	2833	2864	2710	2510	2294	2340	2248	1986	1586	1447	893	816	323	0	369	616	
1309	523	1124	1293	1463	1493	2048	1848	2618	2402	2910	3003	2849	2956	2602	2664	2741	2618	2464	2263	2387	2356	2156	1771	1709	1047	1155	585	369	0	261	
1339	277	862	1016	1216	1293	1832	1694	2448	2279	2802	2926	2818	2956	2633	2725	2818	2741	2587	2433	2587	2587	2402	2017	1971	1309	1432	862	616	261	0	
V4
0	1495	2207	2029	1833	1424	1993	1352	2189	1691	2171	2136	1851	1922	1495	1584	1726	1655	1584	1513	1886	2100	2118	1904	2207	1441	2207	1637	1744	1513	1548	
1495	0	801	890	1085	1192	1797	1691	2527	2367	2990	3150	3061	3257	2919	3061	3221	3150	3008	2848	3079	3132	2954	2545	2527	1726	1958	1281	1032	605	320	
2207	801	0	480	925	1352	1744	1958	2616	2652	3275	3524	3542	3791	3542	3738	3916	3880	3773	3649	3898	3933	3755	3328	3275	2509	2581	1975	1655	1299	996	
2029	890	480	0	445	925	1263	1530	2136	2225	2830	3097	3150	3435	3239	3471	3684	3684	3631	3524	3827	3933	3791	3417	3435	2616	2830	2171	1886	1495	1174	
1833	1085	925	445	0	534	818	1103	1691	1762	2367	2670	2741	3061	2901	3150	3399	3435	3417	3364	3702	3862	3773	3435	3524	2687	3026	2331	2118	1691	1406	
1424	1192	1352	925	534	0	676	587	1335	1281	1904	2171	2225	2527	2367	2634	2883	2954	2954	2937	3310	3524	3488	3186	3346	2509	2990	2296	2136	1726	1495	
1993	1797	1744	1263	818	676	0	729	890	1174	1691	2064	2260	2616	2616	2919	3221	3346	3417	3435	3862	4111	4111	3827	4022	3168	3666	2972	2794	2367	2118	
1352	1691	1958	1530	1103	587	729	0	907	694	1317	1566	1655	1975	1904	2189	2492	2616	2687	2723	3168	3453	3488	3257	3506	2687	3293	2616	2527	2136	1958	
2189	2527	2616	2136	1691	1335	890	907	0	623	890	1317	1655	2064	2225	2581	2919	3132	3275	3399	3880	4200	4307	4111	4396	3577	4200	3524	3435	3026	2830	
1691	2367	2652	2225	1762	1281	1174	694	623	0	623	890	1103	1477	1602	1940	2278	2492	2652	2776	3275	3613	3738	3595	3916	3132	3827	3186	3150	2776	2634	
2171	2990	3275	2830	2367	1904	1691	1317	890	623	0	445	872	1281	1602	1958	2314	2581	2812	2990	3506	3916	4094	3987	4361	3613	4361	3738	3738	3364	3239	
2136	3150	3524	3097	2670	2171	2064	1566	1317	890	445	0	480	854	1281	1602	1958	2260	2509	2741	3257	3684	3898	3844	4254	3560	4343	3755	3809	3471	3382	
1851	3061	3542	3150	2741	2225	2260	1655	1655	1103	872	480	0	391	783	1103	1459	1762	2029	2278	2794	3221	3453	3453	3880	3239	4058	3506	3595	3293	3257	
1922	3257	3791	3435	3061	2527	2616	1975	2064	1477	1281	854	391	0	551	818	1139	1477	1780	2047	2563	3008	3293	3328	3791	3221	4058	3560	3684	3417	3417	
1495	2919	3542	3239	2901	2367	2616	1904	2225	1602	1602	1281	783	551	0	338	694	979	1246	1495	2011	2456	2723	2759	3221	2687	3524	3079	3221	3008	3043	
1584	3061	3738	3471	3150	2634	2919	2189	2581	1940	1958	1602	1103	818	338	0	356	658	961	1246	1744	2207	2509	2598	3097	2634	3471	3079	3275	3079	3150	
1726	3221	3916	3684	3399	2883	3221	2492	2919	2278	2314	1958	1459	1139	694	356	0	338	694	1014	1477	1940	2278	2438	2937	2563	3417	3079	3310	3168	3257	
1655	3150	3880	3684	3435	2954	3346	2616	3132	2492	2581	2260	1762	1477	979	658	338	0	338	676	1121	1602	1940	2118	2634	2331	3150	2865	3132	3026	3168	
1584	3008	3773	3631	3417	2954	3417	2687	3275	2652	2812	2509	2029	1780	1246	961	694	338	0	338	783	1246	1602	1780	2296	2029	2848	2616	2901	2848	2990	
1513	2848	3649	3524	3364	2937	3435	2723	3399	2776	2990	2741	2278	2047	1495	1246	1014	676	338	0	516	943	1263	1441	1958	1744	2545	2349	2652	2616	2812	
1886	3079	3898	3827	3702	3310	3862	3168	3880	3275	3506	3257	2794	2563	2011	1744	1477	1121	783	516	0	462	854	1174	1691	1708	2420	2367	2705	2759	2990	
2100	3132	3933	3933	3862	3524	4111	3453	4200	3613	3916	3684	3221	3008	2456	2207	1940	1602	1246	943	462	0	427	854	1335	1548	2153	2225	2598	2723	2990	
2118	2954	3755	3791	3773	3488	4111	3488	4307	3738	4094	3898	3453	3293	2723	2509	2278	1940	1602	1263	854	427	0	462	890	1263	1762	1922	2296	2492	2776	
1904	2545	3328	3417	3435	3186	3827	3257	4111	3595	3987	3844	3453	3328	2759	2598	2438	2118	1780	1441	1174	854	462	0	516	818	1299	1459	1833	2047	2331	
2207	2527	3275	3435	3524	3346	4022	3506	4396	3916	4361	4254	3880	3791	3221	3097	2937	2634	2296	1958	1691	1335	890	516	0	836	907	1299	1673	1975	2278	
1441	1726	2509	2616	2687	2509	3168	2687	3577	3132	3613	3560	3239	3221	2687	2634	2563	2331	2029	1744	1708	1548	1263	818	836	0	836	676	1032	1210	1513	
2207	1958	2581	2830	3026	2990	3666	3293	4200	3827	4361	4343	4058	4058	3524	3471	3417	3150	2848	2545	2420	2153	1762	1299	907	836	0	694	943	1335	1655	
1637	1281	1975	2171	2331	2296	2972	2616	3524	3186	3738	3755	3506	3560	3079	3079	3079	2865	2616	2349	2367	2225	1922	1459	1299	676	694	0	373	676	996	
1744	1032	1655	1886	2118	2136	2794	2527	3435	3150	3738	3809	3595	3684	3221	3275	3310	3132	2901	2652	2705	2598	2296	1833	1673	1032	943	373	0	427	712	
1513	605	1299	1495	1691	1726	2367	2136	3026	2776	3364	3471	3293	3417	3008	3079	3168	3026	2848	2616	2759	2723	2492	2047	1975	1210	1335	676	427	0	302	
1548	320	996	1174	1406	1495	2118	1958	2830	2634	3239	3382	3257	3417	3043	3150	3257	3168	2990	2812	2990	2990	2776	2331	2278	1513	1655	996	712	302	0	
V5
0	940	1388	1276	1153	896	1254	851	1377	1064	1366	1344	1164	1209	940	996	1086	1041	996	952	1187	1321	1332	1198	1388	907	1388	1030	1097	952	974	
940	0	504	560	683	750	1131	1064	1590	1489	1881	1982	1926	2049	1836	1926	2027	1982	1892	1792	1937	1971	1859	1601	1590	1086	1232	806	649	380	201	
1388	504	0	302	582	851	1097	1232	1646	1668	2060	2217	2228	2385	2228	2352	2464	2441	2374	2296	2452	2475	2363	2094	2060	1579	1624	1243	1041	817	627	
1276	560	302	0	280	582	795	963	1344	1400	1780	1948	1982	2161	2038	2184	2318	2318	2284	2217	2408	2475	2385	2150	2161	1646	1780	1366	1187	940	739	
1153	683	582	280	0	336	515	694	1064	1108	1489	1680	1724	1926	1825	1982	2139	2161	2150	2116	2329	2430	2374	2161	2217	1691	1904	1467	1332	1064	884	
896	750	851	582	336	0	425	369	840	806	1198	1366	1400	1590	1489	1657	1814	1859	1859	1848	2083	2217	2195	2004	2105	1579	1881	1444	1344	1086	940	
1254	1131	1097	795	515	425	0	459	560	739	1064	1299	1422	1646	1646	1836	2027	2105	2150	2161	2430	2587	2587	2408	2531	1993	2307	1870	1758	1489	1332	
851	1064	1232	963	694	369	459	0	571	436	828	985	1041	1243	1198	1377	1568	1646	1691	1713	1993	2172	2195	2049	2206	1691	2072	1646	1590	1344	1232	
1377	1590	1646	1344	1064	840	560	571	0	392	560	828	1041	1299	1400	1624	1836	1971	2060	2139	2441	2643	2710	2587	2766	2251	2643	2217	2161	1904	1780	
1064	1489	1668	1400	1108	806	739	436	392	0	392	560	694	929	1008	1220	1433	1568	1668	1747	2060	2273	2352	2262	2464	1971	2408	2004	1982	1747	1657	
1366	1881	2060	1780	1489	1198	1064	828	560	392	0	280	548	806	1008	1232	1456	1624	1769	1881	2206	2464	2576	2508	2744	2273	2744	2352	2352	2116	2038	
1344	1982	2217	1948	1680	1366	1299	985	828	560	280	0	302	537	806	1008	1232	1422	1579	1724	2049	2318	2452	2419	2676	2240	2732	2363	2396	2184	2128	
1164	1926	2228	1982	1724	1400	1422	1041	1041	694	548	302	0	246	492	694	918	1108	1276	1433	1758	2027	2172	2172	2441	2038	2553	2206	2262	2072	2049	
1209	2049	2385	2161	1926	1590	1646	1243	1299	929	806	537	246	0	347	515	716	929	1120	1288	1612	1892	2072	2094	2385	2027	2553	2240	2318	2150	2150	
940	1836	2228	2038	1825	1489	1646	1198	1400	1008	1008	806	492	347	0	212	436	616	784	940	1265	1545	1713	1736	2027	1691	2217	1937	2027	1892	1915	
996	1926	2352	2184	1982	1657	1836	1377	1624	1220	1232	1008	694	515	212	0	224	414	604	784	1097	1388	1579	1635	1948	1657	2184	1937	2060	1937	1982	
1086	2027	2464	2318	2139	1814	2027	1568	1836	1433	1456	1232	918	716	436	224	0	212	436	638	929	1220	1433	1534	1848	1612	2150	1937	2083	1993	2049	
1041	1982	2441	2318	2161	1859	2105	1646	1971	1568	1624	1422	1108	929	616	414	212	0	212	425	705	1008	1220	1332	1657	1467	1982	1803	1971	1904	1993	
996	1892	2374	2284	2150	1859	2150	1691	2060	1668	1769	1579	1276	1120	784	604	436	212	0	212	492	784	1008	1120	1444	1276	1792	1646	1825	1792	1881	
952	1792	2296	2217	2116	1848	2161	1713	2139	1747	1881	1724	1433	1288	940	784	638	425	212	0	324	593	795	907	1232	1097	1601	1478	1668	1646	1769	
1187	1937	2452	2408	2329	2083	2430	1993	2441	2060	2206	2049	1758	1612	1265	1097	929	705	492	324	0	291	537	739	1064	1075	1523	1489	1702	1736	1881	
1321	1971	2475	2475	2430	2217	2587	2172	2643	2273	2464	2318	2027	1892	1545	1388	1220	1008	784	593	291	0	268	537	840	974	1355	1400	1635	1713	1881	
1332	1859	2363	2385	2374	2195	2587	2195	2710	2352	2576	2452	2172	2072	1713	1579	1433	1220	1008	795	537	268	0	291	560	795	1108	1209	1444	1568	1747	
1198	1601	2094	2150	2161	2004	2408	2049	2587	2262	2508	2419	2172	2094	1736	1635	1534	1332	1120	907	739	537	291	0	324	515	817	918	1153	1288	1467	
1388	1590	2060	2161	2217	2105	2531	2206	2766	2464	2744	2676	2441	2385	2027	1948	1848	1657	1444	1232	1064	840	560	324	0	526	571	817	1052	1243	1433	
907	1086	1579	1646	1691	1579	1993	1691	2251	1971	2273	2240	2038	2027	1691	1657	1612	1467	1276	1097	1075	974	795	515	526	0	526	425	649	761	952	
1388	1232	1624	1780	1904	1881	2307	2072	2643	2408	2744	2732	2553	2553	2217	2184	2150	1982	1792	1601	1523	1355	1108	817	571	526	0	436	593	840	1041	
1030	806	1243	1366	1467	1444	1870	1646	2217	2004	2352	2363	2206	2240	1937	1937	1937	1803	1646	1478	1489	1400	1209	918	817	425	436	0	235	425	627	
1097	649	1041	1187	1332	1344	1758	1590	2161	1982	2352	2396	2262	2318	2027	2060	2083	1971	1825	1668	1702	1635	1444	1153	1052	649	593	235	0	268	448	
952	380	817	940	1064	1086	1489	1344	1904	1747	2116	2184	2072	2150	1892	1937	1993	1904	1792	1646	1736	1713	1568	1288	1243	761	840	425	268	0	190	
974	201	627	739	884	940	1332	1232	1780	1657	2038	2128	2049	2150	1915	1982	2049	1993	1881	1769	1881	1881	1747	1467	1433	952	1041	627	448	190	0	
V6
0	1428	2108	1938	1751	1360	1904	1292	2091	1615	2074	2040	1768	1836	1428	1513	1649	1581	1513	1445	1802	2006	2023	1819	2108	1377	2108	1564	1666	1445	1479	
1428	0	765	850	1037	1139	1717	1615	2414	2261	2856	3009	2924	3111	2788	2924	3077	3009	2873	2720	2941	2992	2822	2431	2414	1649	1870	1224	986	578	306	
2108	765	0	459	884	1292	1666	1870	2499	2533	3128	3366	3383	3621	3383	3570	3740	3706	3604	3485	3723	3757	3587	3179	3128	2397	2465	1887	1581	1241	952	
1938	850	459	0	425	884	1207	1462	2040	2125	2703	2958	3009	3281	3094	3315	3519	3519	3468	3366	3655	3757	3621	3264	3281	2499	2703	2074	1802	1428	1122	
1751	1037	884	425	0	510	782	1054	1615	1683	2261	2550	2618	2924	2771	3009	3247	3281	3264	3213	3536	3689	3604	3281	3366	2567	2890	2227	2023	1615	1343	
1360	1139	1292	884	510	0	646	561	1275	1224	1819	2074	2125	2414	2261	2516	2754	2822	2822	2805	3162	3366	3332	3043	3196	2397	2856	2193	2040	1649	1428	
1904	1717	1666	1207	782	646	0	697	850	1122	1615	1972	2159	2499	2499	2788	3077	3196	3264	3281	3689	3927	3927	3655	3842	3026	3502	2839	2669	2261	2023	
1292	1615	1870	1462	1054	561	697	0	867	663	1258	1496	1581	1887	1819	2091	2380	2499	2567	2601	3026	3298	3332	3111	3349	2567	3145	2499	2414	2040	1870	
2091	2414	2499	2040	1615	1275	850	867	0	595	850	1258	1581	1972	2125	2465	2788	2992	3128	3247	3706	4012	4114	3927	4199	3417	4012	3366	3281	2890	2703	
1615	2261	2533	2125	1683	1224	1122	663	595	0	595	850	1054	1411	1530	1853	2176	2380	2533	2652	3128	3451	3570	3434	3740	2992	3655	3043	3009	2652	2516	
2074	2856	3128	2703	2261	1819	1615	1258	850	595	0	425	833	1224	1530	1870	2210	2465	2686	2856	3349	3740	3910	3808	4165	3451	4165	3570	3570	3213	3094	
2040	3009	3366	2958	2550	2074	1972	1496	1258	850	425	0	459	816	1224	1530	1870	2159	2397	2618	3111	3519	3723	3672	4063	3400	4148	3587	3638	3315	3230	
1768	2924	3383	3009	2618	2125	2159	1581	1581	1054	833	459	0	374	748	1054	1394	1683	1938	2176	2669	3077	3298	3298	3706	3094	3876	3349	3434	3145	3111	
1836	3111	3621	3281	2924	2414	2499	1887	1972	1411	1224	816	374	0	527	782	1088	1411	1700	1955	2448	2873	3145	3179	3621	3077	3876	3400	3519	3264	3264	
1428	2788	3383	3094	2771	2261	2499	1819	2125	1530	1530	1224	748	527	0	323	663	935	1190	1428	1921	2346	2601	2635	3077	2567	3366	2941	3077	2873	2907	
1513	2924	3570	3315	3009	2516	2788	2091	2465	1853	1870	1530	1054	782	323	0	340	629	918	1190	1666	2108	2397	2482	2958	2516	3315	2941	3128	2941	3009	
1649	3077	3740	3519	3247	2754	3077	2380	2788	2176	2210	1870	1394	1088	663	340	0	323	663	969	1411	1853	2176	2329	2805	2448	3264	2941	3162	3026	3111	
1581	3009	3706	3519	3281	2822	3196	2499	2992	2380	2465	2159	1683	1411	935	629	323	0	323	646	1071	1530	1853	2023	2516	2227	3009	2737	2992	2890	3026	
1513	2873	3604	3468	3264	2822	3264	2567	3128	2533	2686	2397	1938	1700	1190	918	663	323	0	323	748	1190	1530	1700	2193	1938	2720	2499	2771	2720	2856	
1445	2720	3485	3366	3213	2805	3281	2601	3247	2652	2856	2618	2176	1955	1428	1190	969	646	323	0	493	901	1207	1377	1870	1666	2431	2244	2533	2499	2686	
1802	2941	3723	3655	3536	3162	3689	3026	3706	3128	3349	3111	2669	2448	1921	1666	1411	1071	748	493	0	442	816	1122	1615	1632	2312	2261	2584	2635	2856	
2006	2992	3757	3757	3689	3366	3927	3298	4012	3451	3740	3519	3077	2873	2346	2108	1853	1530	1190	901	442	0	408	816	1275	1479	2057	2125	2482	2601	2856	
2023	2822	3587	3621	3604	3332	3927	3332	4114	3570	3910	3723	3298	3145	2601	2397	2176	1853	1530	1207	816	408	0	442	850	1207	1683	1836	2193	2380	2652	
1819	2431	3179	3264	3281	3043	3655	3111	3927	3434	3808	3672	3298	3179	2635	2482	2329	2023	1700	1377	1122	816	442	0	493	782	1241	1394	1751	1955	2227	
2108	2414	3128	3281	3366	3196	3842	3349	4199	3740	4165	4063	3706	3621	3077	2958	2805	2516	2193	1870	1615	1275	850	493	0	799	867	1241	1598	1887	2176	
1377	1649	2397	2499	2567	2397	3026	2567	3417	2992	3451	3400	3094	3077	2567	2516	2448	2227	1938	1666	1632	1479	1207	782	799	0	799	646	986	1156	1445	
2108	1870	2465	2703	2890	2856	3502	3145	4012	3655	4165	4148	3876	3876	3366	3315	3264	3009	2720	2431	2312	2057	1683	1241	867	799	0	663	901	1275	1581	
1564	1224	1887	2074	2227	2193	2839	2499	3366	3043	3570	3587	3349	3400	2941	2941	2941	2737	2499	2244	2261	2125	1836	1394	1241	646	663	0	357	646	952	
1666	986	1581	1802	2023	2040	2669	2414	3281	3009	3570	3638	3434	3519	3077	3128	3162	2992	2771	2533	2584	2482	2193	1751	1598	986	901	357	0	408	680	
1445	578	1241	1428	1615	1649	2261	2040	2890	2652	3213	3315	3145	3264	2873	2941	3026	2890	2720	2499	2635	2601	2380	1955	1887	1156	1275	646	408	0	289	
1479	306	952	1122	1343	1428	2023	1870	2703	2516	3094	3230	3111	3264	2907	3009	3111	3026	2856	2686	2856	2856	2652	2227	2176	1445	1581	952	680	289	0	
V7
0	840	1240	1140	1030	800	1120	760	1230	950	1220	1200	1040	1080	840	890	970	930	890	850	1060	1180	1190	1070	1240	810	1240	920	980	850	870	
840	0	450	500	610	670	1010	950	1420	1330	1680	1770	1720	1830	1640	1720	1810	1770	1690	1600	1730	1760	1660	1430	1420	970	1100	720	580	340	180	
1240	450	0	270	520	760	980	1100	1470	1490	1840	1980	1990	2130	1990	2100	2200	2180	2120	2050	2190	2210	2110	1870	1840	1410	1450	1110	930	730	560	
1140	500	270	0	250	520	710	860	1200	1250	1590	1740	1770	1930	1820	1950	2070	2070	2040	1980	2150	2210	2130	1920	1930	1470	1590	1220	1060	840	660	
1030	610	520	250	0	300	460	620	950	990	1330	1500	1540	1720	1630	1770	1910	1930	1920	1890	2080	2170	2120	1930	1980	1510	1700	1310	1190	950	790	
800	670	760	520	300	0	380	330	750	720	1070	1220	1250	1420	1330	1480	1620	1660	1660	1650	1860	1980	1960	1790	1880	1410	1680	1290	1200	970	840	
1120	1010	980	710	460	380	0	410	500	660	950	1160	1270	1470	1470	1640	1810	1880	1920	1930	2170	2310	2310	2150	2260	1780	2060	1670	1570	1330	1190	
760	950	1100	860	620	330	410	0	510	390	740	880	930	1110	1070	1230	1400	1470	1510	1530	1780	1940	1960	1830	1970	1510	1850	1470	1420	1200	1100	
1230	1420	1470	1200	950	750	500	510	0	350	500	740	930	1160	1250	1450	1640	1760	1840	1910	2180	2360	2420	2310	2470	2010	2360	1980	1930	1700	1590	
950	1330	1490	1250	990	720	660	390	350	0	350	500	620	830	900	1090	1280	1400	1490	1560	1840	2030	2100	2020	2200	1760	2150	1790	1770	1560	1480	
1220	1680	1840	1590	1330	1070	950	740	500	350	0	250	490	720	900	1100	1300	1450	1580	1680	1970	2200	2300	2240	2450	2030	2450	2100	2100	1890	1820	
1200	1770	1980	1740	1500	1220	1160	880	740	500	250	0	270	480	720	900	1100	1270	1410	1540	1830	2070	2190	2160	2390	2000	2440	2110	2140	1950	1900	
1040	1720	1990	1770	1540	1250	1270	930	930	620	490	270	0	220	440	620	820	990	1140	1280	1570	1810	1940	1940	2180	1820	2280	1970	2020	1850	1830	
1080	1830	2130	1930	1720	1420	1470	1110	1160	830	720	480	220	0	310	460	640	830	1000	1150	1440	1690	1850	1870	2130	1810	2280	2000	2070	1920	1920	
840	1640	1990	1820	1630	1330	1470	1070	1250	900	900	720	440	310	0	190	390	550	700	840	1130	1380	1530	1550	1810	1510	1980	1730	1810	1690	1710	
890	1720	2100	1950	1770	1480	1640	1230	1450	1090	1100	900	620	460	190	0	200	370	540	700	980	1240	1410	1460	1740	1480	1950	1730	1840	1730	1770	
970	1810	2200	2070	1910	1620	1810	1400	1640	1280	1300	1100	820	640	390	200	0	190	390	570	830	1090	1280	1370	1650	1440	1920	1730	1860	1780	1830	
930	1770	2180	2070	1930	1660	1880	1470	1760	1400	1450	1270	990	830	550	370	190	0	190	380	630	900	1090	1190	1480	1310	1770	1610	1760	1700	1780	
890	1690	2120	2040	1920	1660	1920	1510	1840	1490	1580	1410	1140	1000	700	540	390	190	0	190	440	700	900	1000	1290	1140	1600	1470	1630	1600	1680	
850	1600	2050	1980	1890	1650	1930	1530	1910	1560	1680	1540	1280	1150	840	700	570	380	190	0	290	530	710	810	1100	980	1430	1320	1490	1470	1580	
1060	1730	2190	2150	2080	1860	2170	1780	2180	1840	1970	1830	1570	1440	1130	980	830	630	440	290	0	260	480	660	950	960	1360	1330	1520	1550	1680	
1180	1760	2210	2210	2170	1980	2310	1940	2360	2030	2200	2070	1810	1690	1380	1240	1090	900	700	530	260	0	240	480	750	870	1210	1250	1460	1530	1680	
1190	1660	2110	2130	2120	1960	2310	1960	2420	2100	2300	2190	1940	1850	1530	1410	1280	1090	900	710	480	240	0	260	500	710	990	1080	1290	1400	1560	
1070	1430	1870	1920	1930	1790	2150	1830	2310	2020	2240	2160	1940	1870	1550	1460	1370	1190	1000	810	660	480	260	0	290	460	730	820	1030	1150	1310	
1240	1420	1840	1930	1980	1880	2260	1970	2470	2200	2450	2390	2180	2130	1810	1740	1650	1480	1290	1100	950	750	500	290	0	470	510	730	940	1110	1280	
810	970	1410	1470	1510	1410	1780	1510	2010	1760	2030	2000	1820	1810	1510	1480	1440	1310	1140	980	960	870	710	460	470	0	470	380	580	680	850	
1240	1100	1450	1590	1700	1680	2060	1850	2360	2150	2450	2440	2280	2280	1980	1950	1920	1770	1600	1430	1360	1210	990	730	510	470	0	390	530	750	930	
920	720	1110	1220	1310	1290	1670	1470	1980	1790	2100	2110	1970	2000	1730	1730	1730	1610	1470	1320	1330	1250	1080	820	730	380	390	0	210	380	560	
980	580	930	1060	1190	1200	1570	1420	1930	1770	2100	2140	2020	2070	1810	1840	1860	1760	1630	1490	1520	1460	1290	1030	940	580	530	210	0	240	400	
850	340	730	840	950	970	1330	1200	1700	1560	1890	1950	1850	1920	1690	1730	1780	1700	1600	1470	1550	1530	1400	1150	1110	680	750	380	240	0	170	
870	180	560	660	790	840	1190	1100	1590	1480	1820	1900	1830	1920	1710	1770	1830	1780	1680	1580	1680	1680	1560	1310	1280	850	930	560	400	170	0	
V8
0	1192	1760	1618	1462	1136	1590	1079	1746	1349	1732	1704	1476	1533	1192	1263	1377	1320	1263	1207	1505	1675	1689	1519	1760	1150	1760	1306	1391	1207	1235	
1192	0	639	710	866	951	1434	1349	2016	1888	2385	2513	2442	2598	2328	2442	2570	2513	2399	2272	2456	2499	2357	2030	2016	1377	1562	1022	823	482	255	
1760	639	0	383	738	1079	1391	1562	2087	2115	2612	2811	2825	3024	2825	2982	3124	3095	3010	2911	3109	3138	2996	2655	2612	2002	2059	1576	1320	1036	795	
1618	710	383	0	355	738	1008	1221	1704	1775	2257	2470	2513	2740	2584	2769	2939	2939	2896	2811	3053	3138	3024	2726	2740	2087	2257	1732	1505	1192	937	
1462	866	738	355	0	426	653	880	1349	1405	1888	2130	2186	2442	2314	2513	2712	2740	2726	2683	2953	3081	3010	2740	2811	2144	2414	1860	1689	1349	1121	
1136	951	1079	738	426	0	539	468	1065	1022	1519	1732	1775	2016	1888	2101	2300	2357	2357	2343	2641	2811	2783	2541	2669	2002	2385	1831	1704	1377	1192	
1590	1434	1391	1008	653	539	0	582	710	937	1349	1647	1803	2087	2087	2328	2570	2669	2726	2740	3081	3280	3280	3053	3209	2527	2925	2371	2229	1888	1689	
1079	1349	1562	1221	880	468	582	0	724	553	1050	1249	1320	1576	1519	1746	1988	2087	2144	2172	2527	2754	2783	2598	2797	2144	2627	2087	2016	1704	1562	
1746	2016	2087	1704	1349	1065	710	724	0	497	710	1050	1320	1647	1775	2059	2328	2499	2612	2712	3095	3351	3436	3280	3507	2854	3351	2811	2740	2414	2257	
1349	1888	2115	1775	1405	1022	937	553	497	0	497	710	880	1178	1278	1547	1817	1988	2115	2215	2612	2882	2982	2868	3124	2499	3053	2541	2513	2215	2101	
1732	2385	2612	2257	1888	1519	1349	1050	710	497	0	355	695	1022	1278	1562	1846	2059	2243	2385	2797	3124	3266	3180	3479	2882	3479	2982	2982	2683	2584	
1704	2513	2811	2470	2130	1732	1647	1249	1050	710	355	0	383	681	1022	1278	1562	1803	2002	2186	2598	2939	3109	3067	3393	2840	3464	2996	3038	2769	2698	
1476	2442	2825	2513	2186	1775	1803	1320	1320	880	695	383	0	312	624	880	1164	1405	1618	1817	2229	2570	2754	2754	3095	2584	3237	2797	2868	2627	2598	
1533	2598	3024	2740	2442	2016	2087	1576	1647	1178	1022	681	312	0	440	653	908	1178	1420	1633	2044	2399	2627	2655	3024	2570	3237	2840	2939	2726	2726	
1192	2328	2825	2584	2314	1888	2087	1519	1775	1278	1278	1022	624	440	0	269	553	781	994	1192	1604	1959	2172	2201	2570	2144	2811	2456	2570	2399	2428	
1263	2442	2982	2769	2513	2101	2328	1746	2059	1547	1562	1278	880	653	269	0	284	525	766	994	1391	1760	2002	2073	2470	2101	2769	2456	2612	2456	2513	
1377	2570	3124	2939	2712	2300	2570	1988	2328	1817	1846	1562	1164	908	553	284	0	269	553	809	1178	1547	1817	1945	2343	2044	2726	2456	2641	2527	2598	
1320	2513	3095	2939	2740	2357	2669	2087	2499	1988	2059	1803	1405	1178	781	525	269	0	269	539	894	1278	1547	1689	2101	1860	2513	2286	2499	2414	2527	
1263	2399	3010	2896	2726	2357	2726	2144	2612	2115	2243	2002	1618	1420	994	766	553	269	0	269	624	994	1278	1420	1831	1618	2272	2087	2314	2272	2385	
1207	2272	2911	2811	2683	2343	2740	2172	2712	2215	2385	2186	1817	1633	1192	994	809	539	269	0	411	752	1008	1150	1562	1391	2030	1874	2115	2087	2243	
1505	2456	3109	3053	2953	2641	3081	2527	3095	2612	2797	2598	2229	2044	1604	1391	1178	894	624	411	0	369	681	937	1349	1363	1931	1888	2158	2201	2385	
1675	2499	3138	3138	3081	2811	3280	2754	3351	2882	3124	2939	2570	2399	1959	1760	1547	1278	994	752	369	0	340	681	1065	1235	1718	1775	2073	2172	2385	
1689	2357	2996	3024	3010	2783	3280	2783	3436	2982	3266	3109	2754	2627	2172	2002	1817	1547	1278	1008	681	340	0	369	710	1008	1405	1533	1831	1988	2215	
1519	2030	2655	2726	2740	2541	3053	2598	3280	2868	3180	3067	2754	2655	2201	2073	1945	1689	1420	1150	937	681	369	0	411	653	1036	1164	1462	1633	1860	
1760	2016	2612	2740	2811	2669	3209	2797	3507	3124	3479	3393	3095	3024	2570	2470	2343	2101	1831	1562	1349	1065	710	411	0	667	724	1036	1334	1576	1817	
1150	1377	2002	2087	2144	2002	2527	2144	2854	2499	2882	2840	2584	2570	2144	2101	2044	1860	1618	1391	1363	1235	1008	653	667	0	667	539	823	965	1207	
1760	1562	2059	2257	2414	2385	2925	2627	3351	3053	3479	3464	3237	3237	2811	2769	2726	2513	2272	2030	1931	1718	1405	1036	724	667	0	553	752	1065	1320	
1306	1022	1576	1732	1860	1831	2371	2087	2811	2541	2982	2996	2797	2840	2456	2456	2456	2286	2087	1874	1888	1775	1533	1164	1036	539	553	0	298	539	795	
1391	823	1320	1505	1689	1704	2229	2016	2740	2513	2982	3038	2868	2939	2570	2612	2641	2499	2314	2115	2158	2073	1831	1462	1334	823	752	298	0	340	568	
1207	482	1036	1192	1349	1377	1888	1704	2414	2215	2683	2769	2627	2726	2399	2456	2527	2414	2272	2087	2201	2172	1988	1633	1576	965	1065	539	340	0	241	
1235	255	795	937	1121	1192	1689	1562	2257	2101	2584	2698	2598	2726	2428	2513	2598	2527	2385	2243	2385	2385	2215	1860	1817	1207	1320	795	568	241	0	
V9
0	1092	1612	1482	1339	1040	1456	988	1599	1235	1586	1560	1352	1404	1092	1157	1261	1209	1157	1105	1378	1534	1547	1391	1612	1053	1612	1196	1274	1105	1131	
1092	0	585	650	793	871	1313	1235	1846	1729	2184	2301	2236	2379	2132	2236	2353	2301	2197	2080	2249	2288	2158	1859	1846	1261	1430	936	754	442	234	
1612	585	0	351	676	988	1274	1430	1911	1937	2392	2574	2587	2769	2587	2730	2860	2834	2756	2665	2847	2873	2743	2431	2392	1833	1885	1443	1209	949	728	
1482	650	351	0	325	676	923	1118	1560	1625	2067	2262	2301	2509	2366	2535	2691	2691	2652	2574	2795	2873	2769	2496	2509	1911	2067	1586	1378	1092	858	
1339	793	676	325	0	390	598	806	1235	1287	1729	1950	2002	2236	2119	2301	2483	2509	2496	2457	2704	2821	2756	2509	2574	1963	2210	1703	1547	1235	1027	
1040	871	988	676	390	0	494	429	975	936	1391	1586	1625	1846	1729	1924	2106	2158	2158	2145	2418	2574	2548	2327	2444	1833	2184	1677	1560	1261	1092	
1456	1313	1274	923	598	494	0	533	650	858	1235	1508	1651	1911	1911	2132	2353	2444	2496	2509	2821	3003	3003	2795	2938	2314	2678	2171	2041	1729	1547	
988	1235	1430	1118	806	429	533	0	663	507	962	1144	1209	1443	1391	1599	1820	1911	1963	1989	2314	2522	2548	2379	2561	1963	2405	1911	1846	1560	1430	
1599	1846	1911	1560	1235	975	650	663	0	455	650	962	1209	1508	1625	1885	2132	2288	2392	2483	2834	3068	3146	3003	3211	2613	3068	2574	2509	2210	2067	
1235	1729	1937	1625	1287	936	858	507	455	0	455	650	806	1079	1170	1417	1664	1820	1937	2028	2392	2639	2730	2626	2860	2288	2795	2327	2301	2028	1924	
1586	2184	2392	2067	1729	1391	1235	962	650	455	0	325	637	936	1170	1430	1690	1885	2054	2184	2561	2860	2990	2912	3185	2639	3185	2730	2730	2457	2366	
1560	2301	2574	2262	1950	1586	1508	1144	962	650	325	0	351	624	936	1170	1430	1651	1833	2002	2379	2691	2847	2808	3107	2600	3172	2743	2782	2535	2470	
1352	2236	2587	2301	2002	1625	1651	1209	1209	806	637	351	0	286	572	806	1066	1287	1482	1664	2041	2353	2522	2522	2834	2366	2964	2561	2626	2405	2379	
1404	2379	2769	2509	2236	1846	1911	1443	1508	1079	936	624	286	0	403	598	832	1079	1300	1495	1872	2197	2405	2431	2769	2353	2964	2600	2691	2496	2496	
1092	2132	2587	2366	2119	1729	1911	1391	1625	1170	1170	936	572	403	0	247	507	715	910	1092	1469	1794	1989	2015	2353	1963	2574	2249	2353	2197	2223	
1157	2236	2730	2535	2301	1924	2132	1599	1885	1417	1430	1170	806	598	247	0	260	481	702	910	1274	1612	1833	1898	2262	1924	2535	2249	2392	2249	2301	
1261	2353	2860	2691	2483	2106	2353	1820	2132	1664	1690	1430	1066	832	507	260	0	247	507	741	1079	1417	1664	1781	2145	1872	2496	2249	2418	2314	2379	
1209	2301	2834	2691	2509	2158	2444	1911	2288	1820	1885	1651	1287	1079	715	481	247	0	247	494	819	1170	1417	1547	1924	1703	2301	2093	2288	2210	2314	
1157	2197	2756	2652	2496	2158	2496	1963	2392	1937	2054	1833	1482	1300	910	702	507	247	0	247	572	910	1170	1300	1677	1482	2080	1911	2119	2080	2184	
1105	2080	2665	2574	2457	2145	2509	1989	2483	2028	2184	2002	1664	1495	1092	910	741	494	247	0	377	689	923	1053	1430	1274	1859	1716	1937	1911	2054	
1378	2249	2847	2795	2704	2418	2821	2314	2834	2392	2561	2379	2041	1872	1469	1274	1079	819	572	377	0	338	624	858	1235	1248	1768	1729	1976	2015	2184	
1534	2288	2873	2873	2821	2574	3003	2522	3068	2639	2860	2691	2353	2197	1794	1612	1417	1170	910	689	338	0	312	624	975	1131	1573	1625	1898	1989	2184	
1547	2158	2743	2769	2756	2548	3003	2548	3146	2730	2990	2847	2522	2405	1989	1833	1664	1417	1170	923	624	312	0	338	650	923	1287	1404	1677	1820	2028	
1391	1859	2431	2496	2509	2327	2795	2379	3003	2626	2912	2808	2522	2431	2015	1898	1781	1547	1300	1053	858	624	338	0	377	598	949	1066	1339	1495	1703	
1612	1846	2392	2509	2574	2444	2938	2561	3211	2860	3185	3107	2834	2769	2353	2262	2145	1924	1677	1430	1235	975	650	377	0	611	663	949	1222	1443	1664	
1053	1261	1833	1911	1963	1833	2314	1963	2613	2288	2639	2600	2366	2353	1963	1924	1872	1703	1482	1274	1248	1131	923	598	611	0	611	494	754	884	1105	
1612	1430	1885	2067	2210	2184	2678	2405	3068	2795	3185	3172	2964	2964	2574	2535	2496	2301	2080	1859	1768	1573	1287	949	663	611	0	507	689	975	1209	
1196	936	1443	1586	1703	1677	2171	1911	2574	2327	2730	2743	2561	2600	2249	2249	2249	2093	1911	1716	1729	1625	1404	1066	949	494	507	0	273	494	728	
1274	754	1209	1378	1547	1560	2041	1846	2509	2301	2730	2782	2626	2691	2353	2392	2418	2288	2119	1937	1976	1898	1677	1339	1222	754	689	273	0	312	520	
1105	442	949	1092	1235	1261	1729	1560	2210	2028	2457	2535	2405	2496	2197	2249	2314	2210	2080	1911	2015	1989	1820	1495	1443	884	975	494	312	0	221	
1131	234	728	858	1027	1092	1547	1430	2067	1924	2366	2470	2379	2496	2223	2301	2379	2314	2184	2054	2184	2184	2028	1703	1664	1105	1209	728	520	221	0	
V10
0	806	1190	1094	988	768	1075	729	1180	912	1171	1152	998	1036	806	854	931	892	854	816	1017	1132	1142	1027	1190	777	1190	883	940	816	835	
806	0	432	480	585	643	969	912	1363	1276	1612	1699	1651	1756	1574	1651	1737	1699	1622	1536	1660	1689	1593	1372	1363	931	1056	691	556	326	172	
1190	432	0	259	499	729	940	1056	1411	1430	1766	1900	1910	2044	1910	2016	2112	2092	2035	1968	2102	2121	2025	1795	1766	1353	1392	1065	892	700	537	
1094	480	259	0	240	499	681	825	1152	1200	1526	1670	1699	1852	1747	1872	1987	1987	1958	1900	2064	2121	2044	1843	1852	1411	1526	1171	1017	806	633	
988	585	499	240	0	288	441	595	912	950	1276	1440	1478	1651	1564	1699	1833	1852	1843	1814	1996	2083	2035	1852	1900	1449	1632	1257	1142	912	758	
768	643	729	499	288	0	364	316	720	691	1027	1171	1200	1363	1276	1420	1555	1593	1593	1584	1785	1900	1881	1718	1804	1353	1612	1238	1152	931	806	
1075	969	940	681	441	364	0	393	480	633	912	1113	1219	1411	1411	1574	1737	1804	1843	1852	2083	2217	2217	2064	2169	1708	1977	1603	1507	1276	1142	
729	912	1056	825	595	316	393	0	489	374	710	844	892	1065	1027	1180	1344	1411	1449	1468	1708	1862	1881	1756	1891	1449	1776	1411	1363	1152	1056	
1180	1363	1411	1152	912	720	480	489	0	336	480	710	892	1113	1200	1392	1574	1689	1766	1833	2092	2265	2323	2217	2371	1929	2265	1900	1852	1632	1526	
912	1276	1430	1200	950	691	633	374	336	0	336	480	595	796	864	1046	1228	1344	1430	1497	1766	1948	2016	1939	2112	1689	2064	1718	1699	1497	1420	
1171	1612	1766	1526	1276	1027	912	710	480	336	0	240	470	691	864	1056	1248	1392	1516	1612	1891	2112	2208	2150	2352	1948	2352	2016	2016	1814	1747	
1152	1699	1900	1670	1440	1171	1113	844	710	480	240	0	259	460	691	864	1056	1219	1353	1478	1756	1987	2102	2073	2294	1920	2342	2025	2054	1872	1824	
998	1651	1910	1699	1478	1200	1219	892	892	595	470	259	0	211	422	595	787	950	1094	1228	1507	1737	1862	1862	2092	1747	2188	1891	1939	1776	1756	
1036	1756	2044	1852	1651	1363	1411	1065	1113	796	691	460	211	0	297	441	614	796	960	1104	1382	1622	1776	1795	2044	1737	2188	1920	1987	1843	1843	
806	1574	1910	1747	1564	1276	1411	1027	1200	864	864	691	422	297	0	182	374	528	672	806	1084	1324	1468	1488	1737	1449	1900	1660	1737	1622	1641	
854	1651	2016	1872	1699	1420	1574	1180	1392	1046	1056	864	595	441	182	0	192	355	518	672	940	1190	1353	1401	1670	1420	1872	1660	1766	1660	1699	
931	1737	2112	1987	1833	1555	1737	1344	1574	1228	1248	1056	787	614	374	192	0	182	374	547	796	1046	1228	1315	1584	1382	1843	1660	1785	1708	1756	
892	1699	2092	1987	1852	1593	1804	1411	1689	1344	1392	1219	950	796	528	355	182	0	182	364	604	864	1046	1142	1420	1257	1699	1545	1689	1632	1708	
854	1622	2035	1958	1843	1593	1843	1449	1766	1430	1516	1353	1094	960	672	518	374	182	0	182	422	672	864	960	1238	1094	1536	1411	1564	1536	1612	
816	1536	1968	1900	1814	1584	1852	1468	1833	1497	1612	1478	1228	1104	806	672	547	364	182	0	278	508	681	777	1056	940	1372	1267	1430	1411	1516	
1017	1660	2102	2064	1996	1785	2083	1708	2092	1766	1891	1756	1507	1382	1084	940	796	604	422	278	0	249	460	633	912	921	1305	1276	1459	1488	1612	
1132	1689	2121	2121	2083	1900	2217	1862	2265	1948	2112	1987	1737	1622	1324	1190	1046	864	672	508	249	0	230	460	720	835	1161	1200	1401	1468	1612	
1142	1593	2025	2044	2035	1881	2217	1881	2323	2016	2208	2102	1862	1776	1468	1353	1228	1046	864	681	460	230	0	249	480	681	950	1036	1238	1344	1497	
1027	1372	1795	1843	1852	1718	2064	1756	2217	1939	2150	2073	1862	1795	1488	1401	1315	1142	960	777	633	460	249	0	278	441	700	787	988	1104	1257	
1190	1363	1766	1852	1900	1804	2169	1891	2371	2112	2352	2294	2092	2044	1737	1670	1584	1420	1238	1056	912	720	480	278	0	451	489	700	902	1065	1228	
777	931	1353	1411	1449	1353	1708	1449	1929	1689	1948	1920	1747	1737	1449	1420	1382	1257	1094	940	921	835	681	441	451	0	451	364	556	652	816	
1190	1056	1392	1526	1632	1612	1977	1776	2265	2064	2352	2342	2188	2188	1900	1872	1843	1699	1536	1372	1305	1161	950	700	489	451	0	374	508	720	892	
883	691	1065	1171	1257	1238	1603	1411	1900	1718	2016	2025	1891	1920	1660	1660	1660	1545	1411	1267	1276	1200	1036	787	700	364	374	0	201	364	537	
940	556	892	1017	1142	1152	1507	1363	1852	1699	2016	2054	1939	1987	1737	1766	1785	1689	1564	1430	1459	1401	1238	988	902	556	508	201	0	230	384	
816	326	700	806	912	931	1276	1152	1632	1497	1814	1872	1776	1843	1622	1660	1708	1632	1536	1411	1488	1468	1344	1104	1065	652	720	364	230	0	163	
835	172	537	633	758	806	1142	1056	1526	1420	1747	1824	1756	1843	1641	1699	1756	1708	1612	1516	1612	1612	1497	1257	1228	816	892	537	384	163	0	
V11
0	1243	1835	1687	1524	1184	1657	1124	1820	1406	1805	1776	1539	1598	1243	1317	1435	1376	1317	1258	1568	1746	1761	1583	1835	1198	1835	1361	1450	1258	1287	
1243	0	666	740	902	991	1494	1406	2101	1968	2486	2619	2545	2708	2427	2545	2678	2619	2501	2368	2560	2604	2456	2116	2101	1435	1628	1065	858	503	266	
1835	666	0	399	769	1124	1450	1628	2175	2205	2723	2930	2945	3152	2945	3108	3256	3226	3137	3034	3241	3270	3122	2767	2723	2086	2146	1642	1376	1080	828	
1687	740	399	0	370	769	1050	1272	1776	1850	2353	2575	2619	2856	2693	2886	3063	3063	3019	2930	3182	3270	3152	2841	2856	2175	2353	1805	1568	1243	976	
1524	902	769	370	0	444	680	917	1406	1465	1968	2220	2279	2545	2412	2619	2826	2856	2841	2797	3078	3211	3137	2856	2930	2234	2516	1938	1761	1406	1169	
1184	991	1124	769	444	0	562	488	1110	1065	1583	1805	1850	2101	1968	2190	2397	2456	2456	2442	2752	2930	2900	2649	2782	2086	2486	1909	1776	1435	1243	
1657	1494	1450	1050	680	562	0	606	740	976	1406	1716	1879	2175	2175	2427	2678	2782	2841	2856	3211	3418	3418	3182	3344	2634	3048	2471	2323	1968	1761	
1124	1406	1628	1272	917	488	606	0	754	577	1095	1302	1376	1642	1583	1820	2072	2175	2234	2264	2634	2871	2900	2708	2915	2234	2738	2175	2101	1776	1628	
1820	2101	2175	1776	1406	1110	740	754	0	518	740	1095	1376	1716	1850	2146	2427	2604	2723	2826	3226	3492	3581	3418	3655	2974	3492	2930	2856	2516	2353	
1406	1968	2205	1850	1465	1065	976	577	518	0	518	740	917	1228	1332	1613	1894	2072	2205	2308	2723	3004	3108	2989	3256	2604	3182	2649	2619	2308	2190	
1805	2486	2723	2353	1968	1583	1406	1095	740	518	0	370	725	1065	1332	1628	1924	2146	2338	2486	2915	3256	3404	3315	3626	3004	3626	3108	3108	2797	2693	
1776	2619	2930	2575	2220	1805	1716	1302	1095	740	370	0	399	710	1065	1332	1628	1879	2086	2279	2708	3063	3241	3196	3537	2960	3611	3122	3167	2886	2812	
1539	2545	2945	2619	2279	1850	1879	1376	1376	917	725	399	0	325	651	917	1213	1465	1687	1894	2323	2678	2871	2871	3226	2693	3374	2915	2989	2738	2708	
1598	2708	3152	2856	2545	2101	2175	1642	1716	1228	1065	710	325	0	458	680	947	1228	1480	1702	2131	2501	2738	2767	3152	2678	3374	2960	3063	2841	2841	
1243	2427	2945	2693	2412	1968	2175	1583	1850	1332	1332	1065	651	458	0	281	577	814	1036	1243	1672	2042	2264	2294	2678	2234	2930	2560	2678	2501	2530	
1317	2545	3108	2886	2619	2190	2427	1820	2146	1613	1628	1332	917	680	281	0	296	547	799	1036	1450	1835	2086	2160	2575	2190	2886	2560	2723	2560	2619	
1435	2678	3256	3063	2826	2397	2678	2072	2427	1894	1924	1628	1213	947	577	296	0	281	577	843	1228	1613	1894	2027	2442	2131	2841	2560	2752	2634	2708	
1376	2619	3226	3063	2856	2456	2782	2175	2604	2072	2146	1879	1465	1228	814	547	281	0	281	562	932	1332	1613	1761	2190	1938	2619	2382	2604	2516	2634	
1317	2501	3137	3019	2841	2456	2841	2234	2723	2205	2338	2086	1687	1480	1036	799	577	281	0	281	651	1036	1332	1480	1909	1687	2368	2175	2412	2368	2486	
1258	2368	3034	2930	2797	2442	2856	2264	2826	2308	2486	2279	1894	1702	1243	1036	843	562	281	0	429	784	1050	1198	1628	1450	2116	1953	2205	2175	2338	
1568	2560	3241	3182	3078	2752	3211	2634	3226	2723	2915	2708	2323	2131	1672	1450	1228	932	651	429	0	384	710	976	1406	1420	2012	1968	2249	2294	2486	
1746	2604	3270	3270	3211	2930	3418	2871	3492	3004	3256	3063	2678	2501	2042	1835	1613	1332	1036	784	384	0	355	710	1110	1287	1790	1850	2160	2264	2486	
1761	2456	3122	3152	3137	2900	3418	2900	3581	3108	3404	3241	2871	2738	2264	2086	1894	1613	1332	1050	710	355	0	384	740	1050	1465	1598	1909	2072	2308	
1583	2116	2767	2841	2856	2649	3182	2708	3418	2989	3315	3196	2871	2767	2294	2160	2027	1761	1480	1198	976	710	384	0	429	680	1080	1213	1524	1702	1938	
1835	2101	2723	2856	2930	2782	3344	2915	3655	3256	3626	3537	3226	3152	2678	2575	2442	2190	1909	1628	1406	1110	740	429	0	695	754	1080	1391	1642	1894	
1198	1435	2086	2175	2234	2086	2634	2234	2974	2604	3004	2960	2693	2678	2234	2190	2131	1938	1687	1450	1420	1287	1050	680	695	0	695	562	858	1006	1258	
1835	1628	2146	2353	2516	2486	3048	2738	3492	3182	3626	3611	3374	3374	2930	2886	2841	2619	2368	2116	2012	1790	1465	1080	754	695	0	577	784	1110	1376	
1361	1065	1642	1805	1938	1909	2471	2175	2930	2649	3108	3122	2915	2960	2560	2560	2560	2382	2175	1953	1968	1850	1598	1213	1080	562	577	0	310	562	828	
1450	858	1376	1568	1761	1776	2323	2101	2856	2619	3108	3167	2989	3063	2678	2723	2752	2604	2412	2205	2249	2160	1909	1524	1391	858	784	310	0	355	592	
1258	503	1080	1243	1406	1435	1968	1776	2516	2308	2797	2886	2738	2841	2501	2560	2634	2516	2368	2175	2294	2264	2072	1702	1642	1006	1110	562	355	0	251	
1287	266	828	976	1169	1243	1761	1628	2353	2190	2693	2812	2708	2841	2530	2619	2708	2634	2486	2338	2486	2486	2308	1938	1894	1258	1376	828	592	251	0	
V12
0	655	967	889	803	624	873	592	959	741	951	936	811	842	655	694	756	725	694	663	826	920	928	834	967	631	967	717	764	663	678	
655	0	351	390	475	522	787	741	1107	1037	1310	1380	1341	1427	1279	1341	1411	1380	1318	1248	1349	1372	1294	1115	1107	756	858	561	452	265	140	
967	351	0	210	405	592	764	858	1146	1162	1435	1544	1552	1661	1552	1638	1716	1700	1653	1599	1708	1723	1645	1458	1435	1099	1131	865	725	569	436	
889	390	210	0	195	405	553	670	936	975	1240	1357	1380	1505	1419	1521	1614	1614	1591	1544	1677	1723	1661	1497	1505	1146	1240	951	826	655	514	
803	475	405	195	0	234	358	483	741	772	1037	1170	1201	1341	1271	1380	1489	1505	1497	1474	1622	1692	1653	1505	1544	1177	1326	1021	928	741	616	
624	522	592	405	234	0	296	257	585	561	834	951	975	1107	1037	1154	1263	1294	1294	1287	1450	1544	1528	1396	1466	1099	1310	1006	936	756	655	
873	787	764	553	358	296	0	319	390	514	741	904	990	1146	1146	1279	1411	1466	1497	1505	1692	1801	1801	1677	1762	1388	1606	1302	1224	1037	928	
592	741	858	670	483	257	319	0	397	304	577	686	725	865	834	959	1092	1146	1177	1193	1388	1513	1528	1427	1536	1177	1443	1146	1107	936	858	
959	1107	1146	936	741	585	390	397	0	273	390	577	725	904	975	1131	1279	1372	1435	1489	1700	1840	1887	1801	1926	1567	1840	1544	1505	1326	1240	
741	1037	1162	975	772	561	514	304	273	0	273	390	483	647	702	850	998	1092	1162	1216	1435	1583	1638	1575	1716	1372	1677	1396	1380	1216	1154	
951	1310	1435	1240	1037	834	741	577	390	273	0	195	382	561	702	858	1014	1131	1232	1310	1536	1716	1794	1747	1911	1583	1911	1638	1638	1474	1419	
936	1380	1544	1357	1170	951	904	686	577	390	195	0	210	374	561	702	858	990	1099	1201	1427	1614	1708	1684	1864	1560	1903	1645	1669	1521	1482	
811	1341	1552	1380	1201	975	990	725	725	483	382	210	0	171	343	483	639	772	889	998	1224	1411	1513	1513	1700	1419	1778	1536	1575	1443	1427	
842	1427	1661	1505	1341	1107	1146	865	904	647	561	374	171	0	241	358	499	647	780	897	1123	1318	1443	1458	1661	1411	1778	1560	1614	1497	1497	
655	1279	1552	1419	1271	1037	1146	834	975	702	702	561	343	241	0	148	304	429	546	655	881	1076	1193	1209	1411	1177	1544	1349	1411	1318	1333	
694	1341	1638	1521	1380	1154	1279	959	1131	850	858	702	483	358	148	0	156	288	421	546	764	967	1099	1138	1357	1154	1521	1349	1435	1349	1380	
756	1411	1716	1614	1489	1263	1411	1092	1279	998	1014	858	639	499	304	156	0	148	304	444	647	850	998	1068	1287	1123	1497	1349	1450	1388	1427	
725	1380	1700	1614	1505	1294	1466	1146	1372	1092	1131	990	772	647	429	288	148	0	148	296	491	702	850	928	1154	1021	1380	1255	1372	1326	1388	
694	1318	1653	1591	1497	1294	1497	1177	1435	1162	1232	1099	889	780	546	421	304	148	0	148	343	546	702	780	1006	889	1248	1146	1271	1248	1310	
663	1248	1599	1544	1474	1287	1505	1193	1489	1216	1310	1201	998	897	655	546	444	296	148	0	226	413	553	631	858	764	1115	1029	1162	1146	1232	
826	1349	1708	1677	1622	1450	1692	1388	1700	1435	1536	1427	1224	1123	881	764	647	491	343	226	0	202	374	514	741	748	1060	1037	1185	1209	1310	
920	1372	1723	1723	1692	1544	1801	1513	1840	1583	1716	1614	1411	1318	1076	967	850	702	546	413	202	0	187	374	585	678	943	975	1138	1193	1310	
928	1294	1645	1661	1653	1528	1801	1528	1887	1638	1794	1708	1513	1443	1193	1099	998	850	702	553	374	187	0	202	390	553	772	842	1006	1092	1216	
834	1115	1458	1497	1505	1396	1677	1427	1801	1575	1747	1684	1513	1458	1209	1138	1068	928	780	631	514	374	202	0	226	358	569	639	803	897	1021	
967	1107	1435	1505	1544	1466	1762	1536	1926	1716	1911	1864	1700	1661	1411	1357	1287	1154	1006	858	741	585	390	226	0	366	397	569	733	865	998	
631	756	1099	1146	1177	1099	1388	1177	1567	1372	1583	1560	1419	1411	1177	1154	1123	1021	889	764	748	678	553	358	366	0	366	296	452	530	663	
967	858	1131	1240	1326	1310	1606	1443	1840	1677	1911	1903	1778	1778	1544	1521	1497	1380	1248	1115	1060	943	772	569	397	366	0	304	413	585	725	
717	561	865	951	1021	1006	1302	1146	1544	1396	1638	1645	1536	1560	1349	1349	1349	1255	1146	1029	1037	975	842	639	569	296	304	0	163	296	436	
764	452	725	826	928	936	1224	1107	1505	1380	1638	1669	1575	1614	1411	1435	1450	1372	1271	1162	1185	1138	1006	803	733	452	413	163	0	187	312	
663	265	569	655	741	756	1037	936	1326	1216	1474	1521	1443	1497	1318	1349	1388	1326	1248	1146	1209	1193	1092	897	865	530	585	296	187	0	132	
678	140	436	514	616	655	928	858	1240	1154	1419	1482	1427	1497	1333	1380	1427	1388	1310	1232	1310	1310	1216	1021	998	663	725	436	312	132	0	
V13
0	1209	1785	1641	1483	1152	1612	1094	1771	1368	1756	1728	1497	1555	1209	1281	1396	1339	1281	1224	1526	1699	1713	1540	1785	1166	1785	1324	1411	1224	1252	
1209	0	648	720	878	964	1454	1368	2044	1915	2419	2548	2476	2635	2361	2476	2606	2548	2433	2304	2491	2534	2390	2059	2044	1396	1584	1036	835	489	259	
1785	648	0	388	748	1094	1411	1584	2116	2145	2649	2851	2865	3067	2865	3024	3168	3139	3052	2952	3153	3182	3038	2692	2649	2030	2088	1598	1339	1051	806	
1641	720	388	0	360	748	1022	1238	1728	1800	2289	2505	2548	2779	2620	2808	2980	2980	2937	2851	3096	3182	3067	2764	2779	2116	2289	1756	1526	1209	950	
1483	878	748	360	0	432	662	892	1368	1425	1915	2160	2217	2476	2347	2548	2750	2779	2764	2721	2995	3124	3052	2779	2851	2174	2448	1886	1713	1368	1137	
1152	964	1094	748	432	0	547	475	1080	1036	1540	1756	1800	2044	1915	2131	2332	2390	2390	2376	2678	2851	2822	2577	2707	2030	2419	1857	1728	1396	1209	
1612	1454	1411	1022	662	547	0	590	720	950	1368	1670	1828	2116	2116	2361	2606	2707	2764	2779	3124	3326	3326	3096	3254	2563	2966	2404	2260	1915	1713	
1094	1368	1584	1238	892	475	590	0	734	561	1065	1267	1339	1598	1540	1771	2016	2116	2174	2203	2563	2793	2822	2635	2836	2174	2664	2116	2044	1728	1584	
1771	2044	2116	1728	1368	1080	720	734	0	504	720	1065	1339	1670	1800	2088	2361	2534	2649	2750	3139	3398	3484	3326	3556	2894	3398	2851	2779	2448	2289	
1368	1915	2145	1800	1425	1036	950	561	504	0	504	720	892	1195	1296	1569	1843	2016	2145	2246	2649	2923	3024	2908	3168	2534	3096	2577	2548	2246	2131	
1756	2419	2649	2289	1915	1540	1368	1065	720	504	0	360	705	1036	1296	1584	1872	2088	2275	2419	2836	3168	3312	3225	3528	2923	3528	3024	3024	2721	2620	
1728	2548	2851	2505	2160	1756	1670	1267	1065	720	360	0	388	691	1036	1296	1584	1828	2030	2217	2635	2980	3153	3110	3441	2880	3513	3038	3081	2808	2736	
1497	2476	2865	2548	2217	1800	1828	1339	1339	892	705	388	0	316	633	892	1180	1425	1641	1843	2260	2606	2793	2793	3139	2620	3283	2836	2908	2664	2635	
1555	2635	3067	2779	2476	2044	2116	1598	1670	1195	1036	691	316	0	446	662	921	1195	1440	1656	2073	2433	2664	2692	3067	2606	3283	2880	2980	2764	2764	
1209	2361	2865	2620	2347	1915	2116	1540	1800	1296	1296	1036	633	446	0	273	561	792	1008	1209	1627	1987	2203	2232	2606	2174	2851	2491	2606	2433	2462	
1281	2476	3024	2808	2548	2131	2361	1771	2088	1569	1584	1296	892	662	273	0	288	532	777	1008	1411	1785	2030	2102	2505	2131	2808	2491	2649	2491	2548	
1396	2606	3168	2980	2750	2332	2606	2016	2361	1843	1872	1584	1180	921	561	288	0	273	561	820	1195	1569	1843	1972	2376	2073	2764	2491	2678	2563	2635	
1339	2548	3139	2980	2779	2390	2707	2116	2534	2016	2088	1828	1425	1195	792	532	273	0	273	547	907	1296	1569	1713	2131	1886	2548	2318	2534	2448	2563	
1281	2433	3052	2937	2764	2390	2764	2174	2649	2145	2275	2030	1641	1440	1008	777	561	273	0	273	633	1008	1296	1440	1857	1641	2304	2116	2347	2304	2419	
1224	2304	2952	2851	2721	2376	2779	2203	2750	2246	2419	2217	1843	1656	1209	1008	820	547	273	0	417	763	1022	1166	1584	1411	2059	1900	2145	2116	2275	
1526	2491	3153	3096	2995	2678	3124	2563	3139	2649	2836	2635	2260	2073	1627	1411	1195	907	633	417	0	374	691	950	1368	1382	1958	1915	2188	2232	2419	
1699	2534	3182	3182	3124	2851	3326	2793	3398	2923	3168	2980	2606	2433	1987	1785	1569	1296	1008	763	374	0	345	691	1080	1252	1742	1800	2102	2203	2419	
1713	2390	3038	3067	3052	2822	3326	2822	3484	3024	3312	3153	2793	2664	2203	2030	1843	1569	1296	1022	691	345	0	374	720	1022	1425	1555	1857	2016	2246	
1540	2059	2692	2764	2779	2577	3096	2635	3326	2908	3225	3110	2793	2692	2232	2102	1972	1713	1440	1166	950	691	374	0	417	662	1051	1180	1483	1656	1886	
1785	2044	2649	2779	2851	2707	3254	2836	3556	3168	3528	3441	3139	3067	2606	2505	2376	2131	1857	1584	1368	1080	720	417	0	676	734	1051	1353	1598	1843	
1166	1396	2030	2116	2174	2030	2563	2174	2894	2534	2923	2880	2620	2606	2174	2131	2073	1886	1641	1411	1382	1252	1022	662	676	0	676	547	835	979	1224	
1785	1584	2088	2289	2448	2419	2966	2664	3398	3096	3528	3513	3283	3283	2851	2808	2764	2548	2304	2059	1958	1742	1425	1051	734	676	0	561	763	1080	1339	
1324	1036	1598	1756	1886	1857	2404	2116	2851	2577	3024	3038	2836	2880	2491	2491	2491	2318	2116	1900	1915	1800	1555	1180	1051	547	561	0	302	547	806	
1411	835	1339	1526	1713	1728	2260	2044	2779	2548	3024	3081	2908	2980	2606	2649	2678	2534	2347	2145	2188	2102	1857	1483	1353	835	763	302	0	345	576	
1224	489	1051	1209	1368	1396	1915	1728	2448	2246	2721	2808	2664	2764	2433	2491	2563	2448	2304	2116	2232	2203	2016	1656	1598	979	1080	547	345	0	244	
1252	259	806	950	1137	1209	1713	1584	2289	2131	2620	2736	2635	2764	2462	2548	2635	2563	2419	2275	2419	2419	2246	1886	1843	1224	1339	806	576	244	0	
Velocidade_Veiculos
1	1	1	1	1	1	1	1	1	1	1	1	1	1	