M: 8
N: 30
Nun_Veiculos: 12
Capacidade_Total: 630
Demanda_Total: 517
Setup_Min: 1
Setup_Max: 99
Raio: 20
Circulos: 1
Tempo_Processamento_Min: 1
Tempo_Processamento_Max: 49
Demanda_Min: 10
Demanda_Max: 30
Priority_Factor: 0.2
Range_Factor_R: 0.8
U_factor: 2
ALpha: 0.2Replicao: 4
Tempos_Processamentos
0	0	1	0	2	0	3	0	4	0	5	0	6	0	7	0	
0	14	1	23	2	41	3	32	4	46	5	12	6	30	7	26	
0	22	1	28	2	44	3	39	4	11	5	1	6	1	7	3	
0	19	1	41	2	34	3	19	4	24	5	5	6	5	7	18	
0	5	1	19	2	7	3	49	4	26	5	44	6	6	7	36	
0	20	1	14	2	36	3	36	4	26	5	27	6	47	7	13	
0	24	1	26	2	18	3	26	4	33	5	5	6	38	7	8	
0	24	1	38	2	47	3	23	4	38	5	2	6	17	7	41	
0	12	1	40	2	23	3	14	4	4	5	3	6	17	7	42	
0	18	1	28	2	46	3	29	4	5	5	30	6	12	7	38	
0	34	1	5	2	20	3	43	4	14	5	14	6	18	7	20	
0	26	1	20	2	28	3	45	4	3	5	43	6	32	7	23	
0	21	1	49	2	14	3	24	4	27	5	29	6	35	7	2	
0	2	1	29	2	42	3	35	4	23	5	22	6	33	7	29	
0	39	1	36	2	32	3	45	4	7	5	36	6	35	7	6	
0	16	1	17	2	26	3	45	4	11	5	20	6	37	7	40	
0	16	1	14	2	22	3	32	4	20	5	48	6	22	7	39	
0	17	1	17	2	20	3	14	4	17	5	24	6	14	7	15	
0	39	1	24	2	23	3	46	4	33	5	44	6	7	7	44	
0	36	1	7	2	39	3	15	4	35	5	45	6	44	7	49	
0	18	1	14	2	42	3	36	4	23	5	17	6	49	7	31	
0	48	1	16	2	5	3	30	4	32	5	22	6	35	7	26	
0	48	1	15	2	6	3	40	4	41	5	34	6	10	7	43	
0	26	1	31	2	25	3	35	4	14	5	36	6	15	7	13	
0	48	1	23	2	15	3	42	4	15	5	16	6	28	7	10	
0	34	1	43	2	36	3	22	4	28	5	33	6	27	7	1	
0	2	1	26	2	47	3	43	4	32	5	49	6	2	7	12	
0	10	1	6	2	17	3	21	4	24	5	31	6	9	7	45	
0	10	1	17	2	36	3	46	4	21	5	21	6	3	7	40	
0	5	1	28	2	35	3	17	4	49	5	45	6	31	7	40	
0	17	1	35	2	8	3	26	4	24	5	47	6	10	7	7	

Tempos_setup
M0
0	0	0	0	0	0	0	0	0	0	0	0	0	0	0	0	0	0	0	0	0	0	0	0	0	0	0	0	0	0	0	
0	0	15	3	8	13	18	12	15	15	12	12	5	15	18	14	16	9	14	9	9	9	4	7	14	16	18	9	10	18	2	
0	25	0	24	12	15	19	16	25	16	19	21	15	26	12	18	13	21	16	29	23	22	21	21	18	20	23	16	22	18	26	
0	18	12	0	5	12	18	9	20	15	9	9	22	12	15	11	13	26	11	6	6	6	14	4	11	13	22	6	9	18	19	
0	13	7	16	0	14	14	4	17	15	11	20	17	24	15	10	8	21	15	22	18	22	9	16	6	8	20	11	19	13	14	
0	15	7	14	10	0	16	14	15	14	4	6	15	17	10	3	3	19	1	18	11	20	9	9	8	10	18	4	7	8	12	
0	18	10	14	13	3	0	17	18	14	7	9	18	20	10	6	6	22	4	16	14	20	12	12	11	13	20	7	10	8	15	
0	20	3	23	15	18	22	0	23	19	22	23	13	29	15	21	16	17	19	27	25	20	24	23	21	23	24	19	18	21	10	
0	21	13	4	9	6	10	13	0	7	10	12	21	16	3	9	9	25	7	10	10	10	15	8	14	16	3	10	2	14	18	
0	21	12	15	16	6	3	20	17	0	10	12	21	23	13	9	9	23	7	19	17	21	15	15	14	16	7	10	13	11	18	
0	18	7	17	13	3	19	10	18	17	0	9	18	20	13	6	6	22	4	21	14	23	12	12	11	13	21	7	10	11	15	
0	22	14	21	17	13	17	21	22	14	11	0	22	24	10	10	10	26	8	25	18	27	16	16	15	17	21	11	14	15	19	
0	21	16	20	9	16	20	13	22	17	13	18	0	26	22	12	15	6	13	14	20	7	17	18	14	16	24	13	17	20	23	
0	17	5	20	17	15	18	2	21	19	15	21	15	0	17	14	18	19	16	24	22	22	13	20	10	12	12	15	20	23	12	
0	18	10	17	10	3	7	14	18	4	7	9	18	17	0	6	6	22	4	21	11	23	12	9	11	13	11	7	10	11	15	
0	12	8	15	7	4	13	11	16	14	1	10	17	14	14	0	7	21	5	15	8	21	8	6	5	7	19	1	11	12	14	
0	21	4	11	9	10	14	13	12	11	11	13	19	16	7	10	0	24	8	17	10	17	16	8	15	16	15	3	14	5	19	
0	15	13	18	16	13	16	20	19	17	10	18	20	23	16	9	9	0	7	14	17	24	11	15	8	10	21	10	13	14	17	
0	14	6	13	9	6	15	13	14	13	3	12	14	16	9	2	2	18	0	17	10	19	8	8	7	9	17	3	6	7	11	
0	21	10	18	16	6	16	13	14	13	3	4	21	23	9	9	9	25	7	0	17	24	15	15	14	16	17	10	3	14	18	
0	28	17	21	18	13	29	20	28	27	10	19	26	30	23	16	16	30	14	27	0	27	22	22	21	23	27	17	20	21	23	
0	15	9	13	2	9	13	6	19	10	6	11	19	19	15	5	8	23	10	7	13	0	11	11	8	10	17	6	10	13	16	
0	30	23	20	22	17	14	26	28	11	21	23	14	32	16	20	20	15	18	26	26	21	0	24	23	25	18	21	24	14	29	
0	14	8	17	1	15	14	5	18	11	12	5	18	8	15	11	9	22	13	23	2	23	10	0	7	9	18	10	19	14	15	
0	7	12	10	11	8	8	15	11	9	5	14	12	18	14	4	11	16	9	16	12	16	3	10	0	2	14	5	13	16	9	
0	5	10	8	9	6	6	13	18	16	3	12	10	16	16	2	9	14	7	14	10	14	9	8	7	0	21	3	13	14	7	
0	26	20	8	13	16	20	17	10	17	15	16	30	20	13	19	19	32	17	12	14	14	17	12	19	21	0	14	12	24	27	
0	18	11	18	6	11	17	10	19	16	8	10	19	13	14	7	7	23	5	22	7	24	13	5	12	13	22	0	11	12	16	
0	35	30	34	33	23	20	36	34	34	26	27	24	40	30	26	26	28	24	23	34	31	31	32	28	30	37	27	0	28	21	
0	20	12	6	11	5	9	15	20	6	9	11	20	18	2	8	8	24	6	12	12	12	14	10	13	15	12	9	12	0	17	
0	22	13	17	12	11	23	16	13	20	13	17	3	21	16	12	14	7	12	17	15	10	18	13	15	17	16	13	8	19	0	
M1
0	0	0	0	0	0	0	0	0	0	0	0	0	0	0	0	0	0	0	0	0	0	0	0	0	0	0	0	0	0	0	
0	0	4	21	17	15	12	7	7	8	14	15	13	11	17	9	12	5	9	9	14	6	2	14	12	10	11	17	14	5	10	
0	8	0	19	13	15	10	5	3	4	10	11	9	7	13	5	8	5	7	7	12	2	8	11	10	6	7	17	10	3	8	
0	17	21	0	26	25	18	13	18	14	22	23	19	17	24	15	8	20	15	15	18	23	8	20	20	16	20	14	20	11	16	
0	11	3	22	0	18	9	8	6	7	13	11	12	10	16	8	11	8	6	10	15	5	10	14	13	9	10	20	13	6	7	
0	7	10	24	7	0	14	12	2	4	12	13	9	7	12	4	7	4	13	14	17	12	7	14	9	5	1	17	9	10	13	
0	8	11	20	8	15	0	6	3	5	13	14	10	8	13	5	8	5	8	8	13	13	1	9	10	6	2	18	10	4	9	
0	19	23	29	22	15	26	0	17	19	14	15	17	19	26	19	19	19	23	17	22	25	21	18	21	20	16	22	23	24	16	
0	5	9	22	10	12	13	10	0	7	10	11	12	10	10	2	5	2	11	12	15	11	5	14	7	3	4	18	7	8	11	
0	4	8	21	18	11	12	9	9	0	8	9	5	3	19	1	4	9	10	11	14	10	4	10	6	2	12	13	6	7	10	
0	5	9	15	18	18	12	12	8	11	0	1	3	5	12	10	5	10	9	3	8	11	7	4	7	11	12	8	13	10	6	
0	7	11	14	17	17	11	14	7	10	17	0	2	4	11	9	12	9	8	2	7	10	9	3	12	10	11	23	12	12	5	
0	20	24	31	27	25	19	17	19	21	29	30	0	21	21	21	24	14	16	19	15	26	12	24	22	22	21	24	23	15	17	
0	3	7	24	20	18	15	10	10	11	14	15	16	0	20	12	9	8	12	12	17	9	5	17	11	7	14	20	17	8	13	
0	6	10	23	19	12	12	13	12	12	8	9	8	3	0	13	12	11	9	11	16	12	8	12	1	10	13	16	2	11	10	
0	3	7	20	17	10	11	8	8	11	8	9	11	12	18	0	3	8	9	10	13	9	3	12	5	1	11	16	5	6	9	
0	15	19	17	20	20	12	9	14	17	17	18	19	13	16	16	0	12	11	11	10	19	13	12	14	10	14	25	18	7	12	
0	15	19	31	25	27	19	17	15	16	24	25	21	12	25	17	18	0	19	19	24	14	12	24	22	18	19	29	22	15	20	
0	8	12	16	11	15	3	9	3	6	13	14	11	8	13	5	8	5	0	11	16	14	4	12	10	6	5	19	8	7	1	
0	5	9	12	19	15	14	12	9	10	16	17	8	2	10	11	11	7	11	0	5	8	7	19	11	9	13	22	12	10	12	
0	5	9	22	17	10	9	8	9	12	14	15	9	9	6	11	14	2	6	10	0	11	3	15	7	12	11	22	8	6	7	
0	6	10	23	11	13	14	11	1	2	10	11	7	5	11	3	6	3	12	13	16	0	6	12	8	4	5	15	8	9	8	
0	12	16	19	18	20	10	5	10	9	17	18	14	9	17	10	13	12	7	7	12	15	0	12	15	11	12	22	15	3	8	
0	6	10	26	20	18	17	12	10	11	16	17	16	3	15	8	11	11	14	14	19	9	8	0	13	9	14	23	13	10	15	
0	12	16	22	18	22	11	12	11	11	7	8	10	12	19	12	12	13	8	10	15	18	12	11	0	13	13	15	16	14	9	
0	12	16	19	17	19	10	11	7	12	7	8	10	12	17	9	2	9	8	10	12	18	11	11	4	0	11	15	14	9	8	
0	6	9	23	6	13	13	11	1	3	11	12	8	6	11	3	6	3	12	13	16	11	6	13	8	4	0	16	8	9	12	
0	13	17	11	19	18	11	6	11	14	18	19	14	10	18	13	16	13	8	8	13	16	12	20	11	14	13	0	8	4	9	
0	10	14	22	17	10	14	15	12	14	10	11	6	7	19	14	15	14	11	13	18	16	12	14	3	14	11	18	0	15	12	
0	9	13	16	15	17	7	2	7	10	16	17	12	6	14	9	12	9	4	4	9	12	8	16	14	10	9	23	12	0	5	
0	7	11	15	12	14	15	12	2	5	12	13	10	8	12	4	7	4	13	14	17	13	7	15	9	5	6	18	7	10	0	
M2
0	0	0	0	0	0	0	0	0	0	0	0	0	0	0	0	0	0	0	0	0	0	0	0	0	0	0	0	0	0	0	
0	0	16	8	8	19	17	5	6	8	2	9	9	12	11	9	15	15	13	9	7	15	8	19	7	15	6	4	14	8	13	
0	6	0	9	2	20	7	7	12	10	8	12	11	14	3	11	5	17	17	11	13	17	11	15	11	17	8	10	20	11	9	
0	13	19	0	18	23	13	10	11	12	11	3	13	16	5	14	11	19	19	5	17	18	2	21	16	16	10	9	23	17	17	
0	4	17	8	0	20	16	5	10	8	6	10	13	12	12	9	15	15	15	9	11	15	9	16	9	15	6	8	18	9	7	
0	14	26	9	10	0	9	15	20	17	15	12	22	19	14	19	7	21	25	14	20	19	11	17	19	25	16	18	27	17	13	
0	9	19	6	13	13	0	14	15	8	11	9	18	11	11	18	2	12	22	11	12	10	8	8	16	22	15	13	23	9	5	
0	4	12	3	9	15	12	0	10	3	6	5	13	7	7	4	10	10	17	4	8	10	4	17	11	10	1	8	18	12	8	
0	11	25	13	19	22	11	16	0	10	13	12	20	22	14	20	9	17	14	11	18	21	11	19	8	24	16	15	25	9	16	
0	1	17	9	9	12	12	6	7	0	3	2	10	13	4	10	10	7	14	4	8	16	1	20	8	14	7	5	15	9	14	
0	8	14	14	16	19	17	13	14	7	0	9	17	20	11	17	15	14	11	11	15	17	8	17	5	21	14	12	12	6	21	
0	11	19	10	16	20	10	7	8	10	12	0	10	14	2	11	8	17	16	10	15	17	11	18	16	13	8	6	24	17	15	
0	15	17	3	17	10	12	13	14	15	8	6	0	15	8	4	10	22	6	8	16	14	5	12	13	19	13	12	20	12	8	
0	5	19	10	2	15	17	7	11	5	7	7	14	0	9	11	15	12	17	9	1	3	6	18	11	16	8	9	19	11	9	
0	23	25	11	25	18	20	21	22	23	16	14	8	23	0	12	18	30	14	16	24	22	13	20	21	27	21	20	28	20	16	
0	11	24	19	18	23	13	16	17	11	13	12	20	16	14	0	15	18	15	14	17	14	11	13	9	25	17	15	25	8	4	
0	11	21	4	14	15	2	13	14	10	13	7	17	13	9	17	0	14	23	9	13	12	6	10	18	20	14	12	25	11	7	
0	9	17	8	14	20	17	5	6	8	10	10	18	12	12	9	15	0	16	9	13	15	9	19	14	15	6	4	22	15	13	
0	10	16	8	11	19	6	15	16	9	2	11	19	9	13	19	4	16	0	13	10	8	10	6	7	21	16	14	14	8	11	
0	8	14	10	13	19	8	8	14	7	6	9	17	11	11	12	6	14	17	0	12	13	8	16	11	14	5	12	18	12	12	
0	4	18	9	1	21	17	6	10	9	6	11	13	13	13	10	16	16	16	10	0	16	10	17	10	16	7	8	18	10	8	
0	3	18	11	11	22	20	8	9	11	5	11	12	15	13	12	18	18	16	12	10	0	11	22	10	13	9	7	16	11	13	
0	11	17	11	16	21	11	8	9	10	9	1	11	14	3	12	9	17	17	3	15	16	0	19	14	14	8	7	21	15	15	
0	5	11	13	5	18	18	10	11	8	4	10	14	3	12	14	16	15	15	12	4	2	9	0	9	15	11	9	16	10	12	
0	3	19	11	11	14	12	8	9	2	5	4	12	15	6	12	10	9	6	6	10	14	3	12	0	16	9	7	17	1	16	
0	9	24	17	17	28	26	14	15	17	11	17	18	21	19	18	24	24	22	18	16	6	17	28	16	0	15	13	22	17	19	
0	3	17	11	8	14	11	8	9	2	5	4	12	6	6	12	9	9	16	3	7	9	3	19	10	9	0	7	17	11	15	
0	5	13	4	10	16	13	1	2	4	6	6	14	8	8	5	11	11	16	5	9	11	5	18	10	11	2	0	18	11	9	
0	8	2	11	4	22	9	9	14	12	10	7	13	16	5	13	7	19	19	13	15	19	13	17	13	19	10	12	0	13	11	
0	31	39	29	36	40	27	27	28	30	32	32	40	34	33	31	25	37	42	31	35	37	31	35	36	37	28	26	44	0	32	
0	7	20	15	14	22	9	12	13	15	9	8	16	12	10	16	11	21	20	10	13	11	7	9	14	21	13	11	21	4	0	
M3
0	0	0	0	0	0	0	0	0	0	0	0	0	0	0	0	0	0	0	0	0	0	0	0	0	0	0	0	0	0	0	
0	0	13	20	5	19	25	10	11	11	28	15	9	20	7	13	13	25	15	4	12	4	12	18	10	12	13	32	23	10	26	
0	13	0	23	12	22	15	16	19	18	15	24	22	32	14	22	15	38	20	13	20	11	25	26	17	25	26	25	10	17	33	
0	10	13	0	9	19	18	10	3	2	28	10	14	14	7	8	15	27	8	9	17	8	17	13	1	22	17	22	7	8	21	
0	3	16	23	0	22	28	13	14	14	31	12	12	21	10	10	16	27	18	1	8	7	15	14	13	15	15	29	21	13	28	
0	11	14	1	10	0	19	11	4	3	29	11	15	15	8	9	16	18	9	10	11	9	18	14	2	5	6	23	8	9	22	
0	4	17	8	9	7	0	14	6	10	32	16	13	21	11	14	17	23	5	8	16	8	13	21	9	12	13	30	15	14	24	
0	16	3	21	15	23	16	0	7	12	18	12	20	21	12	13	18	31	6	14	23	14	23	23	11	28	22	28	13	15	25	
0	15	16	20	12	22	15	16	0	11	31	24	22	25	9	22	26	24	5	13	19	19	25	19	10	27	21	34	19	14	18	
0	19	22	9	18	25	27	19	12	0	37	19	23	14	16	17	24	34	17	18	26	17	26	22	10	30	26	30	16	17	30	
0	26	16	32	24	34	27	13	12	23	0	25	26	34	17	26	30	28	17	25	23	24	29	29	22	38	33	38	23	26	22	
0	6	17	18	3	19	26	14	11	9	32	0	9	9	13	13	13	29	16	4	11	10	12	17	10	18	18	25	24	16	29	
0	12	8	11	9	10	17	5	2	7	23	6	0	11	9	4	4	25	7	10	3	15	3	9	12	15	16	24	16	16	20	
0	7	14	12	6	11	27	11	15	12	29	5	14	0	8	16	18	20	17	7	14	5	17	19	11	16	17	16	19	17	27	
0	20	7	26	19	27	22	22	19	17	22	23	17	28	0	21	21	29	24	20	20	18	20	26	16	32	22	32	17	20	19	
0	8	19	20	5	21	28	16	13	11	34	2	11	11	15	0	15	31	18	6	13	12	14	19	12	20	20	27	26	18	31	
0	8	4	18	13	24	17	1	4	9	19	13	17	22	13	14	0	28	7	6	20	12	20	23	12	20	21	29	14	16	22	
0	13	14	20	10	23	16	17	1	12	29	7	16	16	7	5	20	0	6	11	1	13	19	7	11	25	18	22	14	15	19	
0	14	13	15	13	17	10	11	1	6	28	19	23	20	6	22	27	25	0	13	20	18	23	17	5	22	16	31	20	9	19	
0	2	15	22	7	21	27	12	13	13	30	17	11	22	9	15	15	27	17	0	14	6	14	20	12	14	15	34	25	12	28	
0	14	13	19	13	27	28	18	16	19	28	19	23	28	6	17	21	22	21	14	0	12	21	6	18	26	17	21	13	20	25	
0	2	9	16	1	21	22	6	13	7	24	13	11	21	3	11	15	27	12	2	9	0	14	15	6	14	15	30	19	12	22	
0	9	17	20	6	19	29	17	14	12	32	3	12	8	10	1	16	25	19	7	14	13	0	20	13	21	13	24	27	19	29	
0	19	24	16	16	21	34	21	19	18	39	13	22	22	23	11	26	37	24	17	24	23	15	0	17	26	26	31	23	20	37	
0	10	23	10	15	18	28	20	13	1	38	20	19	15	17	18	23	35	18	8	22	14	22	12	0	22	23	31	17	18	31	
0	12	19	19	9	18	21	16	12	17	31	9	18	13	17	7	22	13	11	10	11	16	21	17	16	0	1	23	24	14	28	
0	11	23	18	8	17	20	21	11	16	30	8	17	17	16	6	21	12	10	9	13	15	20	19	15	22	0	22	25	19	27	
0	19	26	19	16	24	28	23	14	21	34	15	24	20	20	14	28	13	18	17	14	23	18	3	20	7	8	0	26	21	32	
0	3	10	17	2	22	22	7	12	8	24	14	12	22	4	12	8	28	13	3	10	1	15	16	7	15	16	15	0	7	23	
0	15	5	18	13	17	15	2	9	14	20	10	19	19	14	15	20	21	8	14	21	16	22	25	13	22	23	22	15	0	27	
0	4	11	13	3	14	21	8	6	4	25	10	4	14	5	8	8	10	11	4	1	2	7	7	3	16	17	16	1	8	0	
M4
0	0	0	0	0	0	0	0	0	0	0	0	0	0	0	0	0	0	0	0	0	0	0	0	0	0	0	0	0	0	0	
0	0	23	14	12	8	7	11	4	9	2	23	20	8	5	18	3	17	11	14	9	8	13	10	10	18	13	9	15	13	11	
0	23	0	21	10	11	10	11	7	12	13	18	4	1	11	18	10	12	9	14	13	5	4	17	16	17	9	8	15	16	18	
0	19	33	0	26	24	23	21	20	25	18	26	37	23	24	28	19	27	27	24	25	21	20	17	12	30	22	14	25	29	18	
0	26	31	14	0	22	24	32	21	31	24	39	35	29	28	33	24	38	25	31	27	19	18	15	26	31	30	22	36	30	16	
0	18	24	18	4	0	9	10	6	24	17	17	14	13	6	17	14	16	3	13	12	9	18	16	11	14	12	4	14	15	17	
0	19	19	19	5	1	0	11	7	17	16	17	15	5	7	18	13	17	4	14	3	8	9	17	12	15	7	5	15	16	18	
0	19	24	20	10	15	14	0	11	16	9	23	22	15	7	7	9	6	14	3	15	10	15	15	12	9	19	13	4	18	16	
0	22	20	22	8	4	3	14	0	20	19	20	18	8	10	21	16	20	7	12	6	11	12	13	15	18	10	5	18	9	14	
0	21	25	17	3	9	8	2	5	0	11	25	13	13	9	9	11	8	2	5	11	8	12	17	14	11	15	10	6	14	18	
0	24	21	12	10	6	5	9	2	7	0	21	20	6	12	16	1	15	9	12	7	12	11	8	17	18	11	7	13	11	9	
0	23	18	23	12	8	17	14	14	12	15	0	22	19	11	21	12	17	11	7	2	7	22	19	16	19	6	10	15	22	20	
0	26	16	17	6	8	11	12	8	26	19	22	0	16	14	19	16	8	5	15	14	11	17	21	19	16	5	12	16	17	22	
0	22	32	24	18	18	17	21	14	19	12	17	25	0	10	28	13	24	17	22	19	9	23	20	15	21	20	12	22	19	21	
0	12	26	19	8	14	13	14	10	18	11	28	15	15	0	21	8	18	7	17	14	3	13	10	5	15	14	6	18	19	11	
0	26	23	14	12	8	7	11	4	9	2	23	22	8	14	0	3	17	11	11	9	12	11	8	19	2	13	9	15	13	9	
0	27	22	11	13	9	8	12	5	10	3	20	23	9	15	19	0	18	12	15	6	11	10	7	20	21	10	10	16	14	8	
0	19	30	18	4	16	15	24	12	22	18	30	16	20	22	31	15	0	19	22	18	10	9	17	12	22	18	11	28	21	18	
0	25	23	15	1	7	6	7	3	21	14	23	11	11	13	14	11	13	0	10	9	6	15	16	18	11	13	8	11	12	17	
0	16	28	17	12	15	14	18	11	16	9	20	19	15	4	25	6	22	11	0	12	7	16	13	9	19	16	10	22	15	14	
0	25	16	21	11	7	16	16	13	14	13	14	20	17	13	23	10	22	10	14	0	5	20	17	18	17	4	8	20	22	18	
0	32	23	16	18	14	13	17	10	15	8	25	27	12	20	24	5	23	17	20	11	0	15	12	25	12	11	3	21	17	13	
0	25	23	17	11	7	6	17	3	16	9	23	21	11	13	24	6	23	10	13	9	1	0	13	18	13	12	4	21	12	14	
0	25	16	20	9	7	9	17	6	19	12	24	20	14	13	18	9	23	10	16	12	4	3	0	18	16	15	7	21	15	1	
0	7	21	18	14	12	11	15	8	13	6	27	25	11	12	22	7	21	15	18	13	9	8	5	0	21	10	2	19	17	6	
0	25	22	17	15	11	10	14	7	12	5	26	25	11	13	21	6	20	14	9	12	10	9	6	18	0	16	12	18	16	7	
0	21	12	21	7	3	12	13	9	24	19	20	16	13	9	20	16	19	6	10	15	12	16	19	14	14	0	7	17	18	18	
0	29	20	19	15	11	20	21	17	28	21	26	24	9	17	28	22	27	14	18	18	18	22	21	22	22	8	0	25	17	22	
0	21	32	20	6	18	17	26	14	24	20	30	18	22	24	33	17	2	21	24	16	12	11	19	14	24	20	13	0	23	20	
0	19	17	20	11	8	11	17	8	15	12	15	21	16	7	22	9	23	10	3	1	6	5	4	12	18	5	9	21	0	5	
0	27	25	19	13	9	8	19	5	18	11	25	23	13	15	26	8	25	12	15	11	3	2	15	20	15	14	6	23	14	0	
M5
0	0	0	0	0	0	0	0	0	0	0	0	0	0	0	0	0	0	0	0	0	0	0	0	0	0	0	0	0	0	0	
0	0	12	5	4	9	13	13	2	6	21	19	8	10	20	8	11	2	21	15	11	21	11	21	18	2	18	19	14	14	10	
0	8	0	10	8	13	10	17	7	3	16	16	5	14	20	4	8	10	23	11	19	17	11	18	19	6	12	18	15	16	7	
0	13	16	0	8	13	17	24	5	10	25	23	12	22	17	12	15	14	24	19	11	28	23	25	16	6	22	23	17	18	14	
0	7	16	12	0	13	16	16	9	2	18	23	12	14	24	4	15	9	22	11	18	20	18	17	14	6	14	17	14	16	6	
0	9	18	14	10	0	16	18	11	4	20	23	14	16	16	6	17	11	21	13	20	22	20	19	23	8	16	19	5	16	8	
0	6	12	11	7	12	0	8	8	1	17	7	11	13	10	3	11	8	21	10	17	19	17	16	20	5	13	16	13	15	5	
0	9	18	14	10	15	18	0	11	4	20	25	14	16	25	6	17	11	24	13	18	20	20	19	23	8	16	13	14	18	8	
0	16	19	3	11	16	20	20	0	13	28	24	15	17	20	15	18	9	19	22	14	31	18	28	19	9	25	26	12	21	17	
0	5	14	10	6	11	14	14	7	0	16	21	10	12	22	2	13	7	20	9	16	18	16	15	19	4	12	15	12	14	4	
0	7	16	12	8	9	16	11	9	10	0	14	12	17	24	12	15	9	22	18	8	28	18	17	3	6	20	21	14	21	6	
0	12	5	15	13	18	6	5	12	7	14	0	10	14	16	9	4	14	19	4	19	22	16	20	17	11	17	14	19	9	11	
0	11	4	5	12	17	5	13	2	6	13	11	0	13	15	8	3	9	18	15	16	21	15	21	16	10	16	13	14	20	10	
0	12	21	14	13	18	21	3	11	7	13	27	17	0	28	9	20	14	18	16	21	23	17	13	16	11	19	16	17	21	11	
0	3	11	8	7	12	12	14	5	4	20	18	11	13	0	6	10	5	15	3	14	22	8	19	10	5	16	19	16	8	8	
0	9	12	13	4	9	13	13	10	6	14	19	8	10	20	0	11	11	26	7	20	24	20	21	17	2	10	21	14	12	10	
0	8	1	11	9	14	2	10	8	3	10	9	6	10	12	5	0	10	15	12	15	18	12	18	13	7	13	10	15	17	7	
0	18	16	22	11	24	17	11	19	13	21	19	21	8	27	15	15	0	26	14	9	31	9	21	23	17	21	24	25	12	17	
0	14	16	18	9	14	17	16	15	11	17	11	13	15	25	5	15	16	0	12	25	29	25	23	20	7	13	25	19	12	15	
0	17	9	19	17	20	18	15	16	12	25	25	14	23	28	13	17	19	21	0	23	26	20	16	16	15	21	22	24	5	16	
0	12	24	14	16	21	22	24	11	18	33	19	20	22	31	20	23	14	30	23	0	33	23	33	30	14	30	31	23	26	22	
0	16	22	6	14	19	23	10	3	11	20	27	18	20	23	13	21	12	22	14	17	0	21	26	22	12	16	23	15	19	15	
0	9	7	14	2	15	8	6	11	4	16	10	12	16	18	6	6	11	21	13	20	22	0	19	16	8	12	16	16	18	8	
0	13	11	18	6	19	12	10	15	8	11	14	16	20	22	10	10	12	5	17	11	17	4	0	14	12	7	6	20	17	12	
0	10	13	14	5	6	14	8	11	7	22	20	9	14	21	9	12	12	27	16	21	25	21	22	0	3	19	21	11	21	11	
0	7	10	11	2	7	11	18	8	4	19	17	6	16	18	6	9	9	24	13	18	22	18	19	16	0	16	19	12	18	8	
0	11	19	16	12	13	20	15	13	14	4	18	16	13	28	16	19	5	20	19	12	32	14	15	7	10	0	21	18	17	10	
0	13	17	17	9	14	7	15	14	8	17	14	13	15	17	5	16	15	20	12	5	11	19	15	20	7	15	0	19	17	12	
0	14	22	19	16	21	23	23	16	10	26	29	20	20	11	12	21	16	26	14	25	28	19	25	21	14	22	25	0	19	14	
0	19	11	21	15	17	13	17	18	14	22	20	16	21	23	11	17	21	16	2	22	28	15	11	11	13	18	17	22	0	18	
0	1	13	6	5	10	10	14	3	7	18	17	9	11	19	9	12	3	16	16	12	22	12	11	19	3	14	17	8	15	0	
M6
0	0	0	0	0	0	0	0	0	0	0	0	0	0	0	0	0	0	0	0	0	0	0	0	0	0	0	0	0	0	0	
0	0	3	15	13	16	8	10	7	13	3	9	3	2	13	5	22	17	13	8	16	15	8	8	2	13	3	8	1	9	10	
0	13	0	20	19	21	13	15	20	23	15	21	12	15	18	10	27	22	17	13	27	20	15	20	7	19	8	13	6	15	15	
0	16	8	0	17	25	11	12	20	26	9	11	19	15	26	14	7	24	19	21	19	22	14	14	15	11	16	13	14	13	17	
0	14	1	21	0	22	14	3	21	24	16	22	13	16	19	11	25	7	18	14	26	5	16	21	8	18	9	9	7	16	16	
0	17	13	25	22	0	21	11	24	26	13	19	14	19	26	15	31	6	23	11	24	4	13	18	19	16	11	7	18	18	2	
0	13	16	20	22	21	0	16	20	26	16	22	12	4	20	10	27	17	16	21	29	22	17	21	9	22	15	18	14	18	17	
0	19	7	26	23	27	20	0	26	30	19	25	19	21	25	16	28	29	24	20	25	27	22	24	14	17	15	8	13	19	22	
0	6	9	13	19	9	9	11	0	6	9	15	9	8	19	3	20	15	19	9	22	13	11	14	8	19	9	14	7	15	11	
0	9	5	15	14	18	17	5	13	0	5	11	6	11	22	7	22	21	15	3	18	19	5	10	11	15	8	13	10	12	17	
0	9	12	17	14	18	17	7	16	22	0	6	12	10	21	7	23	19	10	12	13	17	5	5	11	10	8	13	10	12	12	
0	5	8	20	17	18	13	4	12	18	8	0	8	7	18	10	24	13	17	13	12	11	13	12	7	17	8	12	6	13	6	
0	11	11	23	10	24	19	13	18	18	9	13	0	7	24	13	22	16	19	19	18	15	14	14	13	10	3	8	12	6	19	
0	9	12	16	19	17	17	12	16	22	12	18	9	0	22	6	23	23	12	17	25	21	13	17	11	19	12	14	10	15	19	
0	7	5	14	4	15	15	7	14	20	10	14	7	9	0	4	21	11	20	8	23	9	7	15	9	17	10	13	8	13	17	
0	3	6	10	16	11	11	13	10	16	6	12	6	5	16	0	17	17	16	11	19	15	11	11	5	16	6	11	4	12	13	
0	9	1	19	16	20	14	5	16	22	2	4	12	11	19	9	0	17	12	14	15	15	7	7	8	12	9	6	7	14	10	
0	13	16	27	25	28	21	20	20	20	16	20	16	15	26	17	34	0	17	18	25	28	20	21	15	19	5	10	14	21	23	
0	14	14	22	13	23	22	12	18	21	5	11	3	10	26	12	25	19	0	17	18	18	10	10	16	12	6	11	15	9	17	
0	6	2	14	11	15	14	2	13	19	2	8	3	8	19	4	20	18	12	0	15	16	2	7	8	12	5	10	7	9	14	
0	14	17	22	24	23	13	23	21	26	17	19	14	13	20	12	28	6	20	22	0	4	22	18	9	18	11	9	15	20	15	
0	15	18	23	20	24	19	22	22	22	18	22	18	17	24	13	30	2	19	20	22	0	22	23	17	14	7	5	16	16	11	
0	4	7	18	9	20	12	12	11	17	7	8	7	6	17	9	18	16	17	12	20	14	0	12	6	17	3	8	5	13	14	
0	5	8	12	12	13	13	5	12	18	8	1	8	7	18	2	19	14	5	7	13	12	9	0	7	17	8	13	6	14	7	
0	6	9	13	15	14	6	16	13	19	9	15	5	8	11	3	20	15	19	14	22	13	14	14	0	15	8	13	7	11	8	
0	13	7	20	6	21	20	9	20	17	16	9	16	15	25	10	18	13	16	20	8	11	21	21	14	0	15	11	13	2	15	
0	8	11	23	20	24	16	18	15	15	11	17	11	10	21	13	30	25	21	16	20	23	16	16	10	14	0	5	9	16	18	
0	11	14	18	15	19	14	18	18	24	14	18	14	13	19	8	25	22	24	19	17	20	19	19	13	9	14	0	12	11	21	
0	7	9	14	13	15	7	9	14	17	9	15	6	9	12	4	21	16	19	7	21	14	9	14	1	13	2	7	0	9	9	
0	12	5	24	4	25	18	7	19	15	15	7	15	14	23	14	16	11	20	18	12	9	20	19	12	4	13	9	11	0	13	
0	20	23	28	25	29	24	27	27	27	23	27	23	17	29	18	35	7	24	25	27	5	27	28	22	19	12	10	21	21	0	
M7
0	0	0	0	0	0	0	0	0	0	0	0	0	0	0	0	0	0	0	0	0	0	0	0	0	0	0	0	0	0	0	
0	0	9	16	16	18	14	29	23	5	18	13	12	28	17	11	18	6	18	15	11	30	11	18	17	7	10	11	20	23	19	
0	25	0	26	12	19	24	25	20	15	21	23	22	24	18	12	15	16	24	24	21	27	17	9	17	17	1	22	21	17	16	
0	20	7	0	7	6	19	22	15	14	13	18	6	22	13	11	10	11	16	9	8	24	9	16	12	5	8	2	8	16	11	
0	13	11	24	0	13	16	22	8	18	9	12	13	29	16	19	3	14	21	12	14	21	12	17	5	15	9	14	15	14	4	
0	20	1	23	13	0	21	16	21	12	17	20	10	16	17	13	16	13	20	13	12	18	15	10	17	14	2	15	2	15	17	
0	12	6	13	11	15	0	31	19	11	9	10	19	30	14	8	14	3	15	18	15	21	8	15	14	4	7	15	17	14	15	
0	15	7	18	6	6	19	0	8	11	14	18	12	22	8	8	9	11	4	4	6	2	9	5	10	9	8	6	8	9	10	
0	29	8	28	20	27	31	30	0	22	6	29	21	32	16	20	23	23	18	20	22	18	23	17	24	19	9	22	29	11	24	
0	10	4	11	11	13	9	29	18	0	13	8	17	28	12	6	13	1	13	16	6	25	6	13	12	2	5	13	15	18	14	
0	23	2	22	14	21	25	24	22	17	0	23	15	26	10	14	17	18	12	14	16	12	17	11	18	13	3	16	23	5	18	
0	2	11	18	14	20	13	28	22	7	18	0	11	27	18	13	17	8	20	14	13	30	13	11	18	9	12	13	22	23	18	
0	16	9	17	8	15	15	17	16	15	7	14	0	16	7	12	11	7	19	3	2	19	5	18	7	8	10	5	15	12	12	
0	16	7	14	7	7	19	1	9	12	15	18	13	0	9	9	10	11	5	5	7	3	9	6	11	5	8	7	9	10	11	
0	19	13	20	20	22	15	21	27	9	21	17	22	20	0	15	22	10	22	12	14	23	15	22	21	11	14	14	19	26	23	
0	13	7	14	14	7	12	23	15	3	16	11	17	23	6	0	10	4	16	18	9	25	9	16	6	5	8	10	9	15	11	
0	14	13	21	20	19	13	30	5	19	11	12	23	29	21	16	0	11	18	18	20	23	9	20	2	12	12	20	19	11	1	
0	9	3	10	10	12	8	28	17	8	12	7	16	27	11	5	12	0	12	15	12	24	5	12	11	1	4	12	14	17	13	
0	11	10	17	2	12	17	24	10	8	11	14	15	27	7	5	5	9	0	3	5	23	8	19	6	8	11	5	14	15	6	
0	16	7	14	8	15	15	25	16	13	12	14	20	24	4	11	11	7	16	0	2	24	5	16	13	5	8	2	12	17	12	
0	14	8	15	6	13	13	28	14	13	10	12	19	29	16	10	9	5	17	18	0	22	3	17	11	6	9	17	15	15	10	
0	18	9	16	10	15	17	25	18	11	14	16	10	24	6	8	13	9	14	2	4	0	7	13	14	7	10	4	14	7	14	
0	11	5	12	12	10	10	26	19	10	7	9	18	26	13	7	14	2	14	17	14	19	0	14	13	3	6	14	12	12	15	
0	16	10	17	3	10	15	25	11	6	12	14	16	26	9	3	6	7	19	15	12	24	12	0	8	8	11	13	12	17	7	
0	18	17	25	18	23	17	28	9	23	15	16	27	27	23	20	4	15	16	19	21	22	13	18	0	16	10	21	23	9	5	
0	15	2	9	9	13	14	27	16	9	11	13	15	26	12	6	11	6	11	14	11	23	4	11	12	0	3	11	15	16	12	
0	24	18	25	11	18	23	33	19	14	20	22	24	34	17	11	14	15	27	23	20	32	16	8	16	16	0	21	20	25	15	
0	18	5	12	12	16	17	25	19	12	14	16	18	24	15	9	14	9	14	17	14	26	7	14	15	3	6	0	10	19	15	
0	24	15	25	16	14	23	15	23	23	15	22	8	14	15	20	19	15	19	11	10	17	13	20	15	16	16	13	0	14	20	
0	18	17	24	9	19	24	31	17	15	18	21	22	34	14	12	12	16	7	10	12	13	15	26	13	15	18	12	21	0	13	
0	13	13	20	20	18	18	33	18	18	15	11	22	32	21	15	13	10	22	25	22	27	8	22	9	11	14	22	18	18	0	
Tamanho_Tarefas
0	27	14	17	11	16	20	7	18	22	20	24	5	10	14	26	24	14	10	20	26	17	25	18	12	25	25	8	8	20	14	
Data_Entrega
0	31	39	32	39	34	36	35	41	38	39	40	38	37	40	41	38	36	34	38	33	39	40	33	37	39	38	41	36	39	36	
Penalidade_Atraso
0	20	4	13	7	15	13	2	3	1	14	10	6	16	6	6	5	18	8	5	3	10	8	4	20	6	4	4	13	12	20	
Capacidade_Veiculo
81	36	75	58	45	35	45	51	46	41	58	59	
Custo_Fixo_Veiculo
810	360	750	580	450	350	450	510	460	410	580	590	
Coordenadas_Clientes
x	0	y	0
x	18	y	0
x	14	y	3
x	19	y	8
x	14	y	10
x	13	y	15
x	12	y	20
x	5	y	17
x	2	y	21
x	-1	y	16
x	-7	y	22
x	-9	y	16
x	-11	y	12
x	-18	y	13
x	-17	y	7
x	-15	y	3
x	-24	y	0
x	-15	y	-3
x	-19	y	-8
x	-17	y	-12
x	-15	y	-17
x	-9	y	-16
x	-5	y	-15
x	-2	y	-22
x	1	y	-15
x	4	y	-15
x	7	y	-13
x	12	y	-14
x	17	y	-12
x	19	y	-8
x	18	y	-4
Tempo_Viagem
0	18	14	20	17	19	23	17	21	16	23	18	16	22	18	15	24	15	20	20	22	18	15	22	15	15	14	18	20	20	18	
18	0	5	8	10	15	20	21	26	24	32	31	31	38	35	33	42	33	37	37	37	31	27	29	22	20	17	15	12	8	4	
14	5	0	7	7	12	17	16	21	19	27	26	26	33	31	29	38	29	34	34	35	29	26	29	22	20	17	17	15	12	8	
20	8	7	0	5	9	13	16	21	21	29	28	30	37	36	34	43	35	40	40	42	36	33	36	29	27	24	23	20	16	12	
17	10	7	5	0	5	10	11	16	16	24	23	25	32	31	29	38	31	37	37	39	34	31	35	28	26	24	24	22	18	14	
19	15	12	9	5	0	5	8	12	14	21	22	24	31	31	30	39	33	39	39	41	37	34	39	32	31	28	29	27	23	19	
23	20	17	13	10	5	0	7	10	13	19	21	23	30	30	31	39	35	41	43	45	41	38	43	36	35	33	34	32	28	24	
17	21	16	16	11	8	7	0	5	6	13	14	16	23	23	24	32	28	34	36	39	35	32	39	32	32	30	31	31	28	24	
21	26	21	21	16	12	10	5	0	5	9	12	15	21	22	24	31	28	34	37	40	37	36	43	36	36	34	36	36	33	29	
16	24	19	21	16	14	13	6	5	0	8	8	10	17	17	19	26	23	29	32	35	32	31	38	31	31	30	32	33	31	27	
23	32	27	29	24	21	19	13	9	8	0	6	10	14	17	19	26	25	30	34	39	38	37	44	37	38	37	40	41	39	35	
18	31	26	28	23	22	21	14	12	8	6	0	4	9	11	13	20	19	24	28	33	32	31	38	32	33	32	36	38	36	33	
16	31	26	30	25	24	23	16	15	10	10	4	0	7	7	9	16	15	20	24	29	28	27	34	29	30	30	34	36	36	33	
22	38	33	37	32	31	30	23	21	17	14	9	7	0	6	10	14	16	21	25	30	29	30	37	33	35	36	40	42	42	39	
18	35	31	36	31	31	30	23	22	17	17	11	7	6	0	4	9	10	15	19	24	23	24	31	28	30	31	35	38	38	36	
15	33	29	34	29	30	31	24	24	19	19	13	9	10	4	0	9	6	11	15	20	19	20	27	24	26	27	31	35	35	33	
24	42	38	43	38	39	39	32	31	26	26	20	16	14	9	9	0	9	9	13	18	21	24	30	29	31	33	38	42	43	42	
15	33	29	35	31	33	35	28	28	23	25	19	15	16	10	6	9	0	6	9	14	14	15	22	20	22	24	29	33	34	33	
20	37	34	40	37	39	41	34	34	29	30	24	20	21	15	11	9	6	0	4	9	12	15	21	21	24	26	31	36	38	37	
20	37	34	40	37	39	43	36	37	32	34	28	24	25	19	15	13	9	4	0	5	8	12	17	18	21	24	29	34	36	35	
22	37	35	42	39	41	45	39	40	35	39	33	29	30	24	20	18	14	9	5	0	6	10	13	16	19	22	27	32	35	35	
18	31	29	36	34	37	41	35	37	32	38	32	28	29	23	19	21	14	12	8	6	0	4	9	10	13	16	21	26	29	29	
15	27	26	33	31	34	38	32	36	31	37	31	27	30	24	20	24	15	15	12	10	4	0	7	6	9	12	17	22	25	25	
22	29	29	36	35	39	43	39	43	38	44	38	34	37	31	27	30	22	21	17	13	9	7	0	7	9	12	16	21	25	26	
15	22	22	29	28	32	36	32	36	31	37	32	29	33	28	24	29	20	21	18	16	10	6	7	0	3	6	11	16	19	20	
15	20	20	27	26	31	35	32	36	31	38	33	30	35	30	26	31	22	24	21	19	13	9	9	3	0	3	8	13	16	17	
14	17	17	24	24	28	33	30	34	30	37	32	30	36	31	27	33	24	26	24	22	16	12	12	6	3	0	5	10	13	14	
18	15	17	23	24	29	34	31	36	32	40	36	34	40	35	31	38	29	31	29	27	21	17	16	11	8	5	0	5	9	11	
20	12	15	20	22	27	32	31	36	33	41	38	36	42	38	35	42	33	36	34	32	26	22	21	16	13	10	5	0	4	8	
20	8	12	16	18	23	28	28	33	31	39	36	36	42	38	35	43	34	38	36	35	29	25	25	19	16	13	9	4	0	4	
18	4	8	12	14	19	24	24	29	27	35	33	33	39	36	33	42	33	37	35	35	29	25	26	20	17	14	11	8	4	0	
Custo_Viagem
V0
0	291	226	324	275	307	372	275	340	259	372	291	259	356	291	243	388	243	324	324	356	291	243	356	243	243	226	291	324	324	291	
291	0	81	129	162	243	324	340	421	388	534	502	502	615	567	534	680	534	599	599	599	502	437	469	356	324	275	243	194	129	64	
226	81	0	113	113	194	275	259	340	307	453	421	421	534	502	469	615	469	550	550	567	469	421	469	356	324	275	275	243	194	129	
324	129	113	0	81	145	210	259	340	340	469	469	486	599	583	550	696	567	664	664	680	583	534	583	469	437	388	372	324	259	194	
275	162	113	81	0	81	162	178	259	259	388	372	405	518	502	469	631	502	599	615	631	550	502	567	453	421	388	388	356	291	226	
307	243	194	145	81	0	81	129	194	226	340	356	388	502	502	486	631	534	631	648	680	615	550	631	518	502	453	469	437	372	307	
372	324	275	210	162	81	0	113	162	210	307	340	388	486	502	502	664	567	664	696	729	664	615	712	583	567	534	550	518	453	388	
275	340	259	259	178	129	113	0	81	97	210	226	259	372	388	388	534	453	550	583	631	567	534	631	518	518	486	502	502	453	388	
340	421	340	340	259	194	162	81	0	81	145	194	243	340	372	388	534	469	567	615	664	615	583	696	583	583	550	583	583	534	469	
259	388	307	340	259	226	210	97	81	0	129	129	162	275	291	307	453	372	486	518	567	518	502	615	502	502	486	518	534	502	437	
372	534	453	469	388	340	307	210	145	129	0	97	162	226	291	324	437	421	518	567	631	615	599	712	599	615	599	648	664	631	583	
291	502	421	469	372	356	340	226	194	129	97	0	64	145	194	226	340	307	421	469	534	518	502	615	518	534	534	583	615	583	534	
259	502	421	486	405	388	388	259	243	162	162	64	0	113	113	145	275	243	340	388	469	453	437	567	469	486	486	550	583	583	534	
356	615	534	599	518	502	486	372	340	275	226	145	113	0	97	162	226	259	340	405	486	486	486	615	534	567	583	648	696	680	631	
291	567	502	583	502	502	502	388	372	291	291	194	113	97	0	64	145	162	243	307	388	388	405	518	453	486	502	567	615	631	583	
243	534	469	550	469	486	502	388	388	307	324	226	145	162	64	0	145	97	178	243	324	307	324	453	388	421	437	502	567	567	534	
388	680	615	696	631	631	664	534	534	453	437	340	275	226	145	145	0	145	145	210	307	340	388	502	469	502	534	615	680	696	680	
243	534	469	567	502	534	567	453	469	372	421	307	243	259	162	97	145	0	97	145	226	226	243	372	324	356	388	469	534	550	534	
324	599	550	664	599	631	664	550	567	486	518	421	340	340	243	178	145	97	0	64	145	194	243	356	340	388	421	502	583	615	599	
324	599	550	664	615	648	696	583	615	518	567	469	388	405	307	243	210	145	64	0	81	129	194	291	291	340	388	469	550	583	567	
356	599	567	680	631	680	729	631	664	567	631	534	469	486	388	324	307	226	145	81	0	97	162	210	259	307	356	437	518	567	567	
291	502	469	583	550	615	664	567	615	518	615	518	453	486	388	307	340	226	194	129	97	0	64	145	162	210	259	340	421	469	469	
243	437	421	534	502	550	615	534	583	502	599	502	437	486	405	324	388	243	243	194	162	64	0	113	97	145	194	275	356	405	405	
356	469	469	583	567	631	712	631	696	615	712	615	567	615	518	453	502	372	356	291	210	145	113	0	113	145	194	259	340	405	421	
243	356	356	469	453	518	583	518	583	502	599	518	469	534	453	388	469	324	340	291	259	162	97	113	0	48	97	178	259	307	324	
243	324	324	437	421	502	567	518	583	502	615	534	486	567	486	421	502	356	388	340	307	210	145	145	48	0	48	129	210	259	275	
226	275	275	388	388	453	534	486	550	486	599	534	486	583	502	437	534	388	421	388	356	259	194	194	97	48	0	81	162	210	226	
291	243	275	372	388	469	550	502	583	518	648	583	550	648	567	502	615	469	502	469	437	340	275	259	178	129	81	0	81	145	178	
324	194	243	324	356	437	518	502	583	534	664	615	583	696	615	567	680	534	583	550	518	421	356	340	259	210	162	81	0	64	129	
324	129	194	259	291	372	453	453	534	502	631	583	583	680	631	567	696	550	615	583	567	469	405	405	307	259	210	145	64	0	64	
291	64	129	194	226	307	388	388	469	437	583	534	534	631	583	534	680	534	599	567	567	469	405	421	324	275	226	178	129	64	0	
V1
0	129	100	144	122	136	165	122	151	115	165	129	115	158	129	108	172	108	144	144	158	129	108	158	108	108	100	129	144	144	129	
129	0	36	57	72	108	144	151	187	172	237	223	223	273	252	237	302	237	266	266	266	223	194	208	158	144	122	108	86	57	28	
100	36	0	50	50	86	122	115	151	136	201	187	187	237	223	208	273	208	244	244	252	208	187	208	158	144	122	122	108	86	57	
144	57	50	0	36	64	93	115	151	151	208	208	216	266	259	244	309	252	295	295	302	259	237	259	208	194	172	165	144	115	86	
122	72	50	36	0	36	72	79	115	115	172	165	180	230	223	208	280	223	266	273	280	244	223	252	201	187	172	172	158	129	100	
136	108	86	64	36	0	36	57	86	100	151	158	172	223	223	216	280	237	280	288	302	273	244	280	230	223	201	208	194	165	136	
165	144	122	93	72	36	0	50	72	93	136	151	172	216	223	223	295	252	295	309	324	295	273	316	259	252	237	244	230	201	172	
122	151	115	115	79	57	50	0	36	43	93	100	115	165	172	172	237	201	244	259	280	252	237	280	230	230	216	223	223	201	172	
151	187	151	151	115	86	72	36	0	36	64	86	108	151	165	172	237	208	252	273	295	273	259	309	259	259	244	259	259	237	208	
115	172	136	151	115	100	93	43	36	0	57	57	72	122	129	136	201	165	216	230	252	230	223	273	223	223	216	230	237	223	194	
165	237	201	208	172	151	136	93	64	57	0	43	72	100	129	144	194	187	230	252	280	273	266	316	266	273	266	288	295	280	259	
129	223	187	208	165	158	151	100	86	57	43	0	28	64	86	100	151	136	187	208	237	230	223	273	230	237	237	259	273	259	237	
115	223	187	216	180	172	172	115	108	72	72	28	0	50	50	64	122	108	151	172	208	201	194	252	208	216	216	244	259	259	237	
158	273	237	266	230	223	216	165	151	122	100	64	50	0	43	72	100	115	151	180	216	216	216	273	237	252	259	288	309	302	280	
129	252	223	259	223	223	223	172	165	129	129	86	50	43	0	28	64	72	108	136	172	172	180	230	201	216	223	252	273	280	259	
108	237	208	244	208	216	223	172	172	136	144	100	64	72	28	0	64	43	79	108	144	136	144	201	172	187	194	223	252	252	237	
172	302	273	309	280	280	295	237	237	201	194	151	122	100	64	64	0	64	64	93	136	151	172	223	208	223	237	273	302	309	302	
108	237	208	252	223	237	252	201	208	165	187	136	108	115	72	43	64	0	43	64	100	100	108	165	144	158	172	208	237	244	237	
144	266	244	295	266	280	295	244	252	216	230	187	151	151	108	79	64	43	0	28	64	86	108	158	151	172	187	223	259	273	266	
144	266	244	295	273	288	309	259	273	230	252	208	172	180	136	108	93	64	28	0	36	57	86	129	129	151	172	208	244	259	252	
158	266	252	302	280	302	324	280	295	252	280	237	208	216	172	144	136	100	64	36	0	43	72	93	115	136	158	194	230	252	252	
129	223	208	259	244	273	295	252	273	230	273	230	201	216	172	136	151	100	86	57	43	0	28	64	72	93	115	151	187	208	208	
108	194	187	237	223	244	273	237	259	223	266	223	194	216	180	144	172	108	108	86	72	28	0	50	43	64	86	122	158	180	180	
158	208	208	259	252	280	316	280	309	273	316	273	252	273	230	201	223	165	158	129	93	64	50	0	50	64	86	115	151	180	187	
108	158	158	208	201	230	259	230	259	223	266	230	208	237	201	172	208	144	151	129	115	72	43	50	0	21	43	79	115	136	144	
108	144	144	194	187	223	252	230	259	223	273	237	216	252	216	187	223	158	172	151	136	93	64	64	21	0	21	57	93	115	122	
100	122	122	172	172	201	237	216	244	216	266	237	216	259	223	194	237	172	187	172	158	115	86	86	43	21	0	36	72	93	100	
129	108	122	165	172	208	244	223	259	230	288	259	244	288	252	223	273	208	223	208	194	151	122	115	79	57	36	0	36	64	79	
144	86	108	144	158	194	230	223	259	237	295	273	259	309	273	252	302	237	259	244	230	187	158	151	115	93	72	36	0	28	57	
144	57	86	115	129	165	201	201	237	223	280	259	259	302	280	252	309	244	273	259	252	208	180	180	136	115	93	64	28	0	28	
129	28	57	86	100	136	172	172	208	194	259	237	237	280	259	237	302	237	266	252	252	208	180	187	144	122	100	79	57	28	0	
V2
0	270	210	300	255	285	345	255	315	240	345	270	240	330	270	225	360	225	300	300	330	270	225	330	225	225	210	270	300	300	270	
270	0	75	120	150	225	300	315	390	360	495	465	465	570	525	495	630	495	555	555	555	465	405	435	330	300	255	225	180	120	60	
210	75	0	105	105	180	255	240	315	285	420	390	390	495	465	435	570	435	510	510	525	435	390	435	330	300	255	255	225	180	120	
300	120	105	0	75	135	195	240	315	315	435	435	450	555	540	510	645	525	615	615	630	540	495	540	435	405	360	345	300	240	180	
255	150	105	75	0	75	150	165	240	240	360	345	375	480	465	435	585	465	555	570	585	510	465	525	420	390	360	360	330	270	210	
285	225	180	135	75	0	75	120	180	210	315	330	360	465	465	450	585	495	585	600	630	570	510	585	480	465	420	435	405	345	285	
345	300	255	195	150	75	0	105	150	195	285	315	360	450	465	465	615	525	615	645	675	615	570	660	540	525	495	510	480	420	360	
255	315	240	240	165	120	105	0	75	90	195	210	240	345	360	360	495	420	510	540	585	525	495	585	480	480	450	465	465	420	360	
315	390	315	315	240	180	150	75	0	75	135	180	225	315	345	360	495	435	525	570	615	570	540	645	540	540	510	540	540	495	435	
240	360	285	315	240	210	195	90	75	0	120	120	150	255	270	285	420	345	450	480	525	480	465	570	465	465	450	480	495	465	405	
345	495	420	435	360	315	285	195	135	120	0	90	150	210	270	300	405	390	480	525	585	570	555	660	555	570	555	600	615	585	540	
270	465	390	435	345	330	315	210	180	120	90	0	60	135	180	210	315	285	390	435	495	480	465	570	480	495	495	540	570	540	495	
240	465	390	450	375	360	360	240	225	150	150	60	0	105	105	135	255	225	315	360	435	420	405	525	435	450	450	510	540	540	495	
330	570	495	555	480	465	450	345	315	255	210	135	105	0	90	150	210	240	315	375	450	450	450	570	495	525	540	600	645	630	585	
270	525	465	540	465	465	465	360	345	270	270	180	105	90	0	60	135	150	225	285	360	360	375	480	420	450	465	525	570	585	540	
225	495	435	510	435	450	465	360	360	285	300	210	135	150	60	0	135	90	165	225	300	285	300	420	360	390	405	465	525	525	495	
360	630	570	645	585	585	615	495	495	420	405	315	255	210	135	135	0	135	135	195	285	315	360	465	435	465	495	570	630	645	630	
225	495	435	525	465	495	525	420	435	345	390	285	225	240	150	90	135	0	90	135	210	210	225	345	300	330	360	435	495	510	495	
300	555	510	615	555	585	615	510	525	450	480	390	315	315	225	165	135	90	0	60	135	180	225	330	315	360	390	465	540	570	555	
300	555	510	615	570	600	645	540	570	480	525	435	360	375	285	225	195	135	60	0	75	120	180	270	270	315	360	435	510	540	525	
330	555	525	630	585	630	675	585	615	525	585	495	435	450	360	300	285	210	135	75	0	90	150	195	240	285	330	405	480	525	525	
270	465	435	540	510	570	615	525	570	480	570	480	420	450	360	285	315	210	180	120	90	0	60	135	150	195	240	315	390	435	435	
225	405	390	495	465	510	570	495	540	465	555	465	405	450	375	300	360	225	225	180	150	60	0	105	90	135	180	255	330	375	375	
330	435	435	540	525	585	660	585	645	570	660	570	525	570	480	420	465	345	330	270	195	135	105	0	105	135	180	240	315	375	390	
225	330	330	435	420	480	540	480	540	465	555	480	435	495	420	360	435	300	315	270	240	150	90	105	0	45	90	165	240	285	300	
225	300	300	405	390	465	525	480	540	465	570	495	450	525	450	390	465	330	360	315	285	195	135	135	45	0	45	120	195	240	255	
210	255	255	360	360	420	495	450	510	450	555	495	450	540	465	405	495	360	390	360	330	240	180	180	90	45	0	75	150	195	210	
270	225	255	345	360	435	510	465	540	480	600	540	510	600	525	465	570	435	465	435	405	315	255	240	165	120	75	0	75	135	165	
300	180	225	300	330	405	480	465	540	495	615	570	540	645	570	525	630	495	540	510	480	390	330	315	240	195	150	75	0	60	120	
300	120	180	240	270	345	420	420	495	465	585	540	540	630	585	525	645	510	570	540	525	435	375	375	285	240	195	135	60	0	60	
270	60	120	180	210	285	360	360	435	405	540	495	495	585	540	495	630	495	555	525	525	435	375	390	300	255	210	165	120	60	0	
V3
0	208	162	232	197	220	266	197	243	185	266	208	185	255	208	174	278	174	232	232	255	208	174	255	174	174	162	208	232	232	208	
208	0	58	92	116	174	232	243	301	278	382	359	359	440	406	382	487	382	429	429	429	359	313	336	255	232	197	174	139	92	46	
162	58	0	81	81	139	197	185	243	220	324	301	301	382	359	336	440	336	394	394	406	336	301	336	255	232	197	197	174	139	92	
232	92	81	0	58	104	150	185	243	243	336	336	348	429	417	394	498	406	475	475	487	417	382	417	336	313	278	266	232	185	139	
197	116	81	58	0	58	116	127	185	185	278	266	290	371	359	336	452	359	429	440	452	394	359	406	324	301	278	278	255	208	162	
220	174	139	104	58	0	58	92	139	162	243	255	278	359	359	348	452	382	452	464	487	440	394	452	371	359	324	336	313	266	220	
266	232	197	150	116	58	0	81	116	150	220	243	278	348	359	359	475	406	475	498	522	475	440	510	417	406	382	394	371	324	278	
197	243	185	185	127	92	81	0	58	69	150	162	185	266	278	278	382	324	394	417	452	406	382	452	371	371	348	359	359	324	278	
243	301	243	243	185	139	116	58	0	58	104	139	174	243	266	278	382	336	406	440	475	440	417	498	417	417	394	417	417	382	336	
185	278	220	243	185	162	150	69	58	0	92	92	116	197	208	220	324	266	348	371	406	371	359	440	359	359	348	371	382	359	313	
266	382	324	336	278	243	220	150	104	92	0	69	116	162	208	232	313	301	371	406	452	440	429	510	429	440	429	464	475	452	417	
208	359	301	336	266	255	243	162	139	92	69	0	46	104	139	162	243	220	301	336	382	371	359	440	371	382	382	417	440	417	382	
185	359	301	348	290	278	278	185	174	116	116	46	0	81	81	104	197	174	243	278	336	324	313	406	336	348	348	394	417	417	382	
255	440	382	429	371	359	348	266	243	197	162	104	81	0	69	116	162	185	243	290	348	348	348	440	382	406	417	464	498	487	452	
208	406	359	417	359	359	359	278	266	208	208	139	81	69	0	46	104	116	174	220	278	278	290	371	324	348	359	406	440	452	417	
174	382	336	394	336	348	359	278	278	220	232	162	104	116	46	0	104	69	127	174	232	220	232	324	278	301	313	359	406	406	382	
278	487	440	498	452	452	475	382	382	324	313	243	197	162	104	104	0	104	104	150	220	243	278	359	336	359	382	440	487	498	487	
174	382	336	406	359	382	406	324	336	266	301	220	174	185	116	69	104	0	69	104	162	162	174	266	232	255	278	336	382	394	382	
232	429	394	475	429	452	475	394	406	348	371	301	243	243	174	127	104	69	0	46	104	139	174	255	243	278	301	359	417	440	429	
232	429	394	475	440	464	498	417	440	371	406	336	278	290	220	174	150	104	46	0	58	92	139	208	208	243	278	336	394	417	406	
255	429	406	487	452	487	522	452	475	406	452	382	336	348	278	232	220	162	104	58	0	69	116	150	185	220	255	313	371	406	406	
208	359	336	417	394	440	475	406	440	371	440	371	324	348	278	220	243	162	139	92	69	0	46	104	116	150	185	243	301	336	336	
174	313	301	382	359	394	440	382	417	359	429	359	313	348	290	232	278	174	174	139	116	46	0	81	69	104	139	197	255	290	290	
255	336	336	417	406	452	510	452	498	440	510	440	406	440	371	324	359	266	255	208	150	104	81	0	81	104	139	185	243	290	301	
174	255	255	336	324	371	417	371	417	359	429	371	336	382	324	278	336	232	243	208	185	116	69	81	0	34	69	127	185	220	232	
174	232	232	313	301	359	406	371	417	359	440	382	348	406	348	301	359	255	278	243	220	150	104	104	34	0	34	92	150	185	197	
162	197	197	278	278	324	382	348	394	348	429	382	348	417	359	313	382	278	301	278	255	185	139	139	69	34	0	58	116	150	162	
208	174	197	266	278	336	394	359	417	371	464	417	394	464	406	359	440	336	359	336	313	243	197	185	127	92	58	0	58	104	127	
232	139	174	232	255	313	371	359	417	382	475	440	417	498	440	406	487	382	417	394	371	301	255	243	185	150	116	58	0	46	92	
232	92	139	185	208	266	324	324	382	359	452	417	417	487	452	406	498	394	440	417	406	336	290	290	220	185	150	104	46	0	46	
208	46	92	139	162	220	278	278	336	313	417	382	382	452	417	382	487	382	429	406	406	336	290	301	232	197	162	127	92	46	0	
V4
0	162	126	180	153	171	207	153	189	144	207	162	144	198	162	135	216	135	180	180	198	162	135	198	135	135	126	162	180	180	162	
162	0	45	72	90	135	180	189	234	216	297	279	279	342	315	297	378	297	333	333	333	279	243	261	198	180	153	135	108	72	36	
126	45	0	63	63	108	153	144	189	171	252	234	234	297	279	261	342	261	306	306	315	261	234	261	198	180	153	153	135	108	72	
180	72	63	0	45	81	117	144	189	189	261	261	270	333	324	306	387	315	369	369	378	324	297	324	261	243	216	207	180	144	108	
153	90	63	45	0	45	90	99	144	144	216	207	225	288	279	261	351	279	333	342	351	306	279	315	252	234	216	216	198	162	126	
171	135	108	81	45	0	45	72	108	126	189	198	216	279	279	270	351	297	351	360	378	342	306	351	288	279	252	261	243	207	171	
207	180	153	117	90	45	0	63	90	117	171	189	216	270	279	279	369	315	369	387	405	369	342	396	324	315	297	306	288	252	216	
153	189	144	144	99	72	63	0	45	54	117	126	144	207	216	216	297	252	306	324	351	315	297	351	288	288	270	279	279	252	216	
189	234	189	189	144	108	90	45	0	45	81	108	135	189	207	216	297	261	315	342	369	342	324	387	324	324	306	324	324	297	261	
144	216	171	189	144	126	117	54	45	0	72	72	90	153	162	171	252	207	270	288	315	288	279	342	279	279	270	288	297	279	243	
207	297	252	261	216	189	171	117	81	72	0	54	90	126	162	180	243	234	288	315	351	342	333	396	333	342	333	360	369	351	324	
162	279	234	261	207	198	189	126	108	72	54	0	36	81	108	126	189	171	234	261	297	288	279	342	288	297	297	324	342	324	297	
144	279	234	270	225	216	216	144	135	90	90	36	0	63	63	81	153	135	189	216	261	252	243	315	261	270	270	306	324	324	297	
198	342	297	333	288	279	270	207	189	153	126	81	63	0	54	90	126	144	189	225	270	270	270	342	297	315	324	360	387	378	351	
162	315	279	324	279	279	279	216	207	162	162	108	63	54	0	36	81	90	135	171	216	216	225	288	252	270	279	315	342	351	324	
135	297	261	306	261	270	279	216	216	171	180	126	81	90	36	0	81	54	99	135	180	171	180	252	216	234	243	279	315	315	297	
216	378	342	387	351	351	369	297	297	252	243	189	153	126	81	81	0	81	81	117	171	189	216	279	261	279	297	342	378	387	378	
135	297	261	315	279	297	315	252	261	207	234	171	135	144	90	54	81	0	54	81	126	126	135	207	180	198	216	261	297	306	297	
180	333	306	369	333	351	369	306	315	270	288	234	189	189	135	99	81	54	0	36	81	108	135	198	189	216	234	279	324	342	333	
180	333	306	369	342	360	387	324	342	288	315	261	216	225	171	135	117	81	36	0	45	72	108	162	162	189	216	261	306	324	315	
198	333	315	378	351	378	405	351	369	315	351	297	261	270	216	180	171	126	81	45	0	54	90	117	144	171	198	243	288	315	315	
162	279	261	324	306	342	369	315	342	288	342	288	252	270	216	171	189	126	108	72	54	0	36	81	90	117	144	189	234	261	261	
135	243	234	297	279	306	342	297	324	279	333	279	243	270	225	180	216	135	135	108	90	36	0	63	54	81	108	153	198	225	225	
198	261	261	324	315	351	396	351	387	342	396	342	315	342	288	252	279	207	198	162	117	81	63	0	63	81	108	144	189	225	234	
135	198	198	261	252	288	324	288	324	279	333	288	261	297	252	216	261	180	189	162	144	90	54	63	0	27	54	99	144	171	180	
135	180	180	243	234	279	315	288	324	279	342	297	270	315	270	234	279	198	216	189	171	117	81	81	27	0	27	72	117	144	153	
126	153	153	216	216	252	297	270	306	270	333	297	270	324	279	243	297	216	234	216	198	144	108	108	54	27	0	45	90	117	126	
162	135	153	207	216	261	306	279	324	288	360	324	306	360	315	279	342	261	279	261	243	189	153	144	99	72	45	0	45	81	99	
180	108	135	180	198	243	288	279	324	297	369	342	324	387	342	315	378	297	324	306	288	234	198	189	144	117	90	45	0	36	72	
180	72	108	144	162	207	252	252	297	279	351	324	324	378	351	315	387	306	342	324	315	261	225	225	171	144	117	81	36	0	36	
162	36	72	108	126	171	216	216	261	243	324	297	297	351	324	297	378	297	333	315	315	261	225	234	180	153	126	99	72	36	0	
V5
0	126	98	140	119	133	161	119	147	112	161	126	112	154	126	105	168	105	140	140	154	126	105	154	105	105	98	126	140	140	126	
126	0	35	56	70	105	140	147	182	168	231	217	217	266	245	231	294	231	259	259	259	217	189	203	154	140	119	105	84	56	28	
98	35	0	49	49	84	119	112	147	133	196	182	182	231	217	203	266	203	238	238	245	203	182	203	154	140	119	119	105	84	56	
140	56	49	0	35	63	91	112	147	147	203	203	210	259	252	238	301	245	287	287	294	252	231	252	203	189	168	161	140	112	84	
119	70	49	35	0	35	70	77	112	112	168	161	175	224	217	203	273	217	259	266	273	238	217	245	196	182	168	168	154	126	98	
133	105	84	63	35	0	35	56	84	98	147	154	168	217	217	210	273	231	273	280	294	266	238	273	224	217	196	203	189	161	133	
161	140	119	91	70	35	0	49	70	91	133	147	168	210	217	217	287	245	287	301	315	287	266	308	252	245	231	238	224	196	168	
119	147	112	112	77	56	49	0	35	42	91	98	112	161	168	168	231	196	238	252	273	245	231	273	224	224	210	217	217	196	168	
147	182	147	147	112	84	70	35	0	35	63	84	105	147	161	168	231	203	245	266	287	266	252	301	252	252	238	252	252	231	203	
112	168	133	147	112	98	91	42	35	0	56	56	70	119	126	133	196	161	210	224	245	224	217	266	217	217	210	224	231	217	189	
161	231	196	203	168	147	133	91	63	56	0	42	70	98	126	140	189	182	224	245	273	266	259	308	259	266	259	280	287	273	252	
126	217	182	203	161	154	147	98	84	56	42	0	28	63	84	98	147	133	182	203	231	224	217	266	224	231	231	252	266	252	231	
112	217	182	210	175	168	168	112	105	70	70	28	0	49	49	63	119	105	147	168	203	196	189	245	203	210	210	238	252	252	231	
154	266	231	259	224	217	210	161	147	119	98	63	49	0	42	70	98	112	147	175	210	210	210	266	231	245	252	280	301	294	273	
126	245	217	252	217	217	217	168	161	126	126	84	49	42	0	28	63	70	105	133	168	168	175	224	196	210	217	245	266	273	252	
105	231	203	238	203	210	217	168	168	133	140	98	63	70	28	0	63	42	77	105	140	133	140	196	168	182	189	217	245	245	231	
168	294	266	301	273	273	287	231	231	196	189	147	119	98	63	63	0	63	63	91	133	147	168	217	203	217	231	266	294	301	294	
105	231	203	245	217	231	245	196	203	161	182	133	105	112	70	42	63	0	42	63	98	98	105	161	140	154	168	203	231	238	231	
140	259	238	287	259	273	287	238	245	210	224	182	147	147	105	77	63	42	0	28	63	84	105	154	147	168	182	217	252	266	259	
140	259	238	287	266	280	301	252	266	224	245	203	168	175	133	105	91	63	28	0	35	56	84	126	126	147	168	203	238	252	245	
154	259	245	294	273	294	315	273	287	245	273	231	203	210	168	140	133	98	63	35	0	42	70	91	112	133	154	189	224	245	245	
126	217	203	252	238	266	287	245	266	224	266	224	196	210	168	133	147	98	84	56	42	0	28	63	70	91	112	147	182	203	203	
105	189	182	231	217	238	266	231	252	217	259	217	189	210	175	140	168	105	105	84	70	28	0	49	42	63	84	119	154	175	175	
154	203	203	252	245	273	308	273	301	266	308	266	245	266	224	196	217	161	154	126	91	63	49	0	49	63	84	112	147	175	182	
105	154	154	203	196	224	252	224	252	217	259	224	203	231	196	168	203	140	147	126	112	70	42	49	0	21	42	77	112	133	140	
105	140	140	189	182	217	245	224	252	217	266	231	210	245	210	182	217	154	168	147	133	91	63	63	21	0	21	56	91	112	119	
98	119	119	168	168	196	231	210	238	210	259	231	210	252	217	189	231	168	182	168	154	112	84	84	42	21	0	35	70	91	98	
126	105	119	161	168	203	238	217	252	224	280	252	238	280	245	217	266	203	217	203	189	147	119	112	77	56	35	0	35	63	77	
140	84	105	140	154	189	224	217	252	231	287	266	252	301	266	245	294	231	252	238	224	182	154	147	112	91	70	35	0	28	56	
140	56	84	112	126	161	196	196	231	217	273	252	252	294	273	245	301	238	266	252	245	203	175	175	133	112	91	63	28	0	28	
126	28	56	84	98	133	168	168	203	189	252	231	231	273	252	231	294	231	259	245	245	203	175	182	140	119	98	77	56	28	0	
V6
0	162	126	180	153	171	207	153	189	144	207	162	144	198	162	135	216	135	180	180	198	162	135	198	135	135	126	162	180	180	162	
162	0	45	72	90	135	180	189	234	216	297	279	279	342	315	297	378	297	333	333	333	279	243	261	198	180	153	135	108	72	36	
126	45	0	63	63	108	153	144	189	171	252	234	234	297	279	261	342	261	306	306	315	261	234	261	198	180	153	153	135	108	72	
180	72	63	0	45	81	117	144	189	189	261	261	270	333	324	306	387	315	369	369	378	324	297	324	261	243	216	207	180	144	108	
153	90	63	45	0	45	90	99	144	144	216	207	225	288	279	261	351	279	333	342	351	306	279	315	252	234	216	216	198	162	126	
171	135	108	81	45	0	45	72	108	126	189	198	216	279	279	270	351	297	351	360	378	342	306	351	288	279	252	261	243	207	171	
207	180	153	117	90	45	0	63	90	117	171	189	216	270	279	279	369	315	369	387	405	369	342	396	324	315	297	306	288	252	216	
153	189	144	144	99	72	63	0	45	54	117	126	144	207	216	216	297	252	306	324	351	315	297	351	288	288	270	279	279	252	216	
189	234	189	189	144	108	90	45	0	45	81	108	135	189	207	216	297	261	315	342	369	342	324	387	324	324	306	324	324	297	261	
144	216	171	189	144	126	117	54	45	0	72	72	90	153	162	171	252	207	270	288	315	288	279	342	279	279	270	288	297	279	243	
207	297	252	261	216	189	171	117	81	72	0	54	90	126	162	180	243	234	288	315	351	342	333	396	333	342	333	360	369	351	324	
162	279	234	261	207	198	189	126	108	72	54	0	36	81	108	126	189	171	234	261	297	288	279	342	288	297	297	324	342	324	297	
144	279	234	270	225	216	216	144	135	90	90	36	0	63	63	81	153	135	189	216	261	252	243	315	261	270	270	306	324	324	297	
198	342	297	333	288	279	270	207	189	153	126	81	63	0	54	90	126	144	189	225	270	270	270	342	297	315	324	360	387	378	351	
162	315	279	324	279	279	279	216	207	162	162	108	63	54	0	36	81	90	135	171	216	216	225	288	252	270	279	315	342	351	324	
135	297	261	306	261	270	279	216	216	171	180	126	81	90	36	0	81	54	99	135	180	171	180	252	216	234	243	279	315	315	297	
216	378	342	387	351	351	369	297	297	252	243	189	153	126	81	81	0	81	81	117	171	189	216	279	261	279	297	342	378	387	378	
135	297	261	315	279	297	315	252	261	207	234	171	135	144	90	54	81	0	54	81	126	126	135	207	180	198	216	261	297	306	297	
180	333	306	369	333	351	369	306	315	270	288	234	189	189	135	99	81	54	0	36	81	108	135	198	189	216	234	279	324	342	333	
180	333	306	369	342	360	387	324	342	288	315	261	216	225	171	135	117	81	36	0	45	72	108	162	162	189	216	261	306	324	315	
198	333	315	378	351	378	405	351	369	315	351	297	261	270	216	180	171	126	81	45	0	54	90	117	144	171	198	243	288	315	315	
162	279	261	324	306	342	369	315	342	288	342	288	252	270	216	171	189	126	108	72	54	0	36	81	90	117	144	189	234	261	261	
135	243	234	297	279	306	342	297	324	279	333	279	243	270	225	180	216	135	135	108	90	36	0	63	54	81	108	153	198	225	225	
198	261	261	324	315	351	396	351	387	342	396	342	315	342	288	252	279	207	198	162	117	81	63	0	63	81	108	144	189	225	234	
135	198	198	261	252	288	324	288	324	279	333	288	261	297	252	216	261	180	189	162	144	90	54	63	0	27	54	99	144	171	180	
135	180	180	243	234	279	315	288	324	279	342	297	270	315	270	234	279	198	216	189	171	117	81	81	27	0	27	72	117	144	153	
126	153	153	216	216	252	297	270	306	270	333	297	270	324	279	243	297	216	234	216	198	144	108	108	54	27	0	45	90	117	126	
162	135	153	207	216	261	306	279	324	288	360	324	306	360	315	279	342	261	279	261	243	189	153	144	99	72	45	0	45	81	99	
180	108	135	180	198	243	288	279	324	297	369	342	324	387	342	315	378	297	324	306	288	234	198	189	144	117	90	45	0	36	72	
180	72	108	144	162	207	252	252	297	279	351	324	324	378	351	315	387	306	342	324	315	261	225	225	171	144	117	81	36	0	36	
162	36	72	108	126	171	216	216	261	243	324	297	297	351	324	297	378	297	333	315	315	261	225	234	180	153	126	99	72	36	0	
V7
0	183	142	204	173	193	234	173	214	163	234	183	163	224	183	153	244	153	204	204	224	183	153	224	153	153	142	183	204	204	183	
183	0	51	81	102	153	204	214	265	244	336	316	316	387	357	336	428	336	377	377	377	316	275	295	224	204	173	153	122	81	40	
142	51	0	71	71	122	173	163	214	193	285	265	265	336	316	295	387	295	346	346	357	295	265	295	224	204	173	173	153	122	81	
204	81	71	0	51	91	132	163	214	214	295	295	306	377	367	346	438	357	418	418	428	367	336	367	295	275	244	234	204	163	122	
173	102	71	51	0	51	102	112	163	163	244	234	255	326	316	295	397	316	377	387	397	346	316	357	285	265	244	244	224	183	142	
193	153	122	91	51	0	51	81	122	142	214	224	244	316	316	306	397	336	397	408	428	387	346	397	326	316	285	295	275	234	193	
234	204	173	132	102	51	0	71	102	132	193	214	244	306	316	316	418	357	418	438	459	418	387	448	367	357	336	346	326	285	244	
173	214	163	163	112	81	71	0	51	61	132	142	163	234	244	244	336	285	346	367	397	357	336	397	326	326	306	316	316	285	244	
214	265	214	214	163	122	102	51	0	51	91	122	153	214	234	244	336	295	357	387	418	387	367	438	367	367	346	367	367	336	295	
163	244	193	214	163	142	132	61	51	0	81	81	102	173	183	193	285	234	306	326	357	326	316	387	316	316	306	326	336	316	275	
234	336	285	295	244	214	193	132	91	81	0	61	102	142	183	204	275	265	326	357	397	387	377	448	377	387	377	408	418	397	367	
183	316	265	295	234	224	214	142	122	81	61	0	40	91	122	142	214	193	265	295	336	326	316	387	326	336	336	367	387	367	336	
163	316	265	306	255	244	244	163	153	102	102	40	0	71	71	91	173	153	214	244	295	285	275	357	295	306	306	346	367	367	336	
224	387	336	377	326	316	306	234	214	173	142	91	71	0	61	102	142	163	214	255	306	306	306	387	336	357	367	408	438	428	397	
183	357	316	367	316	316	316	244	234	183	183	122	71	61	0	40	91	102	153	193	244	244	255	326	285	306	316	357	387	397	367	
153	336	295	346	295	306	316	244	244	193	204	142	91	102	40	0	91	61	112	153	204	193	204	285	244	265	275	316	357	357	336	
244	428	387	438	397	397	418	336	336	285	275	214	173	142	91	91	0	91	91	132	193	214	244	316	295	316	336	387	428	438	428	
153	336	295	357	316	336	357	285	295	234	265	193	153	163	102	61	91	0	61	91	142	142	153	234	204	224	244	295	336	346	336	
204	377	346	418	377	397	418	346	357	306	326	265	214	214	153	112	91	61	0	40	91	122	153	224	214	244	265	316	367	387	377	
204	377	346	418	387	408	438	367	387	326	357	295	244	255	193	153	132	91	40	0	51	81	122	183	183	214	244	295	346	367	357	
224	377	357	428	397	428	459	397	418	357	397	336	295	306	244	204	193	142	91	51	0	61	102	132	163	193	224	275	326	357	357	
183	316	295	367	346	387	418	357	387	326	387	326	285	306	244	193	214	142	122	81	61	0	40	91	102	132	163	214	265	295	295	
153	275	265	336	316	346	387	336	367	316	377	316	275	306	255	204	244	153	153	122	102	40	0	71	61	91	122	173	224	255	255	
224	295	295	367	357	397	448	397	438	387	448	387	357	387	326	285	316	234	224	183	132	91	71	0	71	91	122	163	214	255	265	
153	224	224	295	285	326	367	326	367	316	377	326	295	336	285	244	295	204	214	183	163	102	61	71	0	30	61	112	163	193	204	
153	204	204	275	265	316	357	326	367	316	387	336	306	357	306	265	316	224	244	214	193	132	91	91	30	0	30	81	132	163	173	
142	173	173	244	244	285	336	306	346	306	377	336	306	367	316	275	336	244	265	244	224	163	122	122	61	30	0	51	102	132	142	
183	153	173	234	244	295	346	316	367	326	408	367	346	408	357	316	387	295	316	295	275	214	173	163	112	81	51	0	51	91	112	
204	122	153	204	224	275	326	316	367	336	418	387	367	438	387	357	428	336	367	346	326	265	224	214	163	132	102	51	0	40	81	
204	81	122	163	183	234	285	285	336	316	397	367	367	428	397	357	438	346	387	367	357	295	255	255	193	163	132	91	40	0	40	
183	40	81	122	142	193	244	244	295	275	367	336	336	397	367	336	428	336	377	357	357	295	255	265	204	173	142	112	81	40	0	
V8
0	165	128	184	156	174	211	156	193	147	211	165	147	202	165	138	220	138	184	184	202	165	138	202	138	138	128	165	184	184	165	
165	0	46	73	92	138	184	193	239	220	303	285	285	349	322	303	386	303	340	340	340	285	248	266	202	184	156	138	110	73	36	
128	46	0	64	64	110	156	147	193	174	257	239	239	303	285	266	349	266	312	312	322	266	239	266	202	184	156	156	138	110	73	
184	73	64	0	46	82	119	147	193	193	266	266	276	340	331	312	395	322	377	377	386	331	303	331	266	248	220	211	184	147	110	
156	92	64	46	0	46	92	101	147	147	220	211	230	294	285	266	358	285	340	349	358	312	285	322	257	239	220	220	202	165	128	
174	138	110	82	46	0	46	73	110	128	193	202	220	285	285	276	358	303	358	368	386	349	312	358	294	285	257	266	248	211	174	
211	184	156	119	92	46	0	64	92	119	174	193	220	276	285	285	377	322	377	395	414	377	349	404	331	322	303	312	294	257	220	
156	193	147	147	101	73	64	0	46	55	119	128	147	211	220	220	303	257	312	331	358	322	303	358	294	294	276	285	285	257	220	
193	239	193	193	147	110	92	46	0	46	82	110	138	193	211	220	303	266	322	349	377	349	331	395	331	331	312	331	331	303	266	
147	220	174	193	147	128	119	55	46	0	73	73	92	156	165	174	257	211	276	294	322	294	285	349	285	285	276	294	303	285	248	
211	303	257	266	220	193	174	119	82	73	0	55	92	128	165	184	248	239	294	322	358	349	340	404	340	349	340	368	377	358	331	
165	285	239	266	211	202	193	128	110	73	55	0	36	82	110	128	193	174	239	266	303	294	285	349	294	303	303	331	349	331	303	
147	285	239	276	230	220	220	147	138	92	92	36	0	64	64	82	156	138	193	220	266	257	248	322	266	276	276	312	331	331	303	
202	349	303	340	294	285	276	211	193	156	128	82	64	0	55	92	128	147	193	230	276	276	276	349	303	322	331	368	395	386	358	
165	322	285	331	285	285	285	220	211	165	165	110	64	55	0	36	82	92	138	174	220	220	230	294	257	276	285	322	349	358	331	
138	303	266	312	266	276	285	220	220	174	184	128	82	92	36	0	82	55	101	138	184	174	184	257	220	239	248	285	322	322	303	
220	386	349	395	358	358	377	303	303	257	248	193	156	128	82	82	0	82	82	119	174	193	220	285	266	285	303	349	386	395	386	
138	303	266	322	285	303	322	257	266	211	239	174	138	147	92	55	82	0	55	82	128	128	138	211	184	202	220	266	303	312	303	
184	340	312	377	340	358	377	312	322	276	294	239	193	193	138	101	82	55	0	36	82	110	138	202	193	220	239	285	331	349	340	
184	340	312	377	349	368	395	331	349	294	322	266	220	230	174	138	119	82	36	0	46	73	110	165	165	193	220	266	312	331	322	
202	340	322	386	358	386	414	358	377	322	358	303	266	276	220	184	174	128	82	46	0	55	92	119	147	174	202	248	294	322	322	
165	285	266	331	312	349	377	322	349	294	349	294	257	276	220	174	193	128	110	73	55	0	36	82	92	119	147	193	239	266	266	
138	248	239	303	285	312	349	303	331	285	340	285	248	276	230	184	220	138	138	110	92	36	0	64	55	82	110	156	202	230	230	
202	266	266	331	322	358	404	358	395	349	404	349	322	349	294	257	285	211	202	165	119	82	64	0	64	82	110	147	193	230	239	
138	202	202	266	257	294	331	294	331	285	340	294	266	303	257	220	266	184	193	165	147	92	55	64	0	27	55	101	147	174	184	
138	184	184	248	239	285	322	294	331	285	349	303	276	322	276	239	285	202	220	193	174	119	82	82	27	0	27	73	119	147	156	
128	156	156	220	220	257	303	276	312	276	340	303	276	331	285	248	303	220	239	220	202	147	110	110	55	27	0	46	92	119	128	
165	138	156	211	220	266	312	285	331	294	368	331	312	368	322	285	349	266	285	266	248	193	156	147	101	73	46	0	46	82	101	
184	110	138	184	202	248	294	285	331	303	377	349	331	395	349	322	386	303	331	312	294	239	202	193	147	119	92	46	0	36	73	
184	73	110	147	165	211	257	257	303	285	358	331	331	386	358	322	395	312	349	331	322	266	230	230	174	147	119	82	36	0	36	
165	36	73	110	128	174	220	220	266	248	331	303	303	358	331	303	386	303	340	322	322	266	230	239	184	156	128	101	73	36	0	
V9
0	147	114	164	139	155	188	139	172	131	188	147	131	180	147	123	196	123	164	164	180	147	123	180	123	123	114	147	164	164	147	
147	0	41	65	82	123	164	172	213	196	270	254	254	311	287	270	344	270	303	303	303	254	221	237	180	164	139	123	98	65	32	
114	41	0	57	57	98	139	131	172	155	229	213	213	270	254	237	311	237	278	278	287	237	213	237	180	164	139	139	123	98	65	
164	65	57	0	41	73	106	131	172	172	237	237	246	303	295	278	352	287	336	336	344	295	270	295	237	221	196	188	164	131	98	
139	82	57	41	0	41	82	90	131	131	196	188	205	262	254	237	319	254	303	311	319	278	254	287	229	213	196	196	180	147	114	
155	123	98	73	41	0	41	65	98	114	172	180	196	254	254	246	319	270	319	328	344	311	278	319	262	254	229	237	221	188	155	
188	164	139	106	82	41	0	57	82	106	155	172	196	246	254	254	336	287	336	352	369	336	311	360	295	287	270	278	262	229	196	
139	172	131	131	90	65	57	0	41	49	106	114	131	188	196	196	270	229	278	295	319	287	270	319	262	262	246	254	254	229	196	
172	213	172	172	131	98	82	41	0	41	73	98	123	172	188	196	270	237	287	311	336	311	295	352	295	295	278	295	295	270	237	
131	196	155	172	131	114	106	49	41	0	65	65	82	139	147	155	229	188	246	262	287	262	254	311	254	254	246	262	270	254	221	
188	270	229	237	196	172	155	106	73	65	0	49	82	114	147	164	221	213	262	287	319	311	303	360	303	311	303	328	336	319	295	
147	254	213	237	188	180	172	114	98	65	49	0	32	73	98	114	172	155	213	237	270	262	254	311	262	270	270	295	311	295	270	
131	254	213	246	205	196	196	131	123	82	82	32	0	57	57	73	139	123	172	196	237	229	221	287	237	246	246	278	295	295	270	
180	311	270	303	262	254	246	188	172	139	114	73	57	0	49	82	114	131	172	205	246	246	246	311	270	287	295	328	352	344	319	
147	287	254	295	254	254	254	196	188	147	147	98	57	49	0	32	73	82	123	155	196	196	205	262	229	246	254	287	311	319	295	
123	270	237	278	237	246	254	196	196	155	164	114	73	82	32	0	73	49	90	123	164	155	164	229	196	213	221	254	287	287	270	
196	344	311	352	319	319	336	270	270	229	221	172	139	114	73	73	0	73	73	106	155	172	196	254	237	254	270	311	344	352	344	
123	270	237	287	254	270	287	229	237	188	213	155	123	131	82	49	73	0	49	73	114	114	123	188	164	180	196	237	270	278	270	
164	303	278	336	303	319	336	278	287	246	262	213	172	172	123	90	73	49	0	32	73	98	123	180	172	196	213	254	295	311	303	
164	303	278	336	311	328	352	295	311	262	287	237	196	205	155	123	106	73	32	0	41	65	98	147	147	172	196	237	278	295	287	
180	303	287	344	319	344	369	319	336	287	319	270	237	246	196	164	155	114	73	41	0	49	82	106	131	155	180	221	262	287	287	
147	254	237	295	278	311	336	287	311	262	311	262	229	246	196	155	172	114	98	65	49	0	32	73	82	106	131	172	213	237	237	
123	221	213	270	254	278	311	270	295	254	303	254	221	246	205	164	196	123	123	98	82	32	0	57	49	73	98	139	180	205	205	
180	237	237	295	287	319	360	319	352	311	360	311	287	311	262	229	254	188	180	147	106	73	57	0	57	73	98	131	172	205	213	
123	180	180	237	229	262	295	262	295	254	303	262	237	270	229	196	237	164	172	147	131	82	49	57	0	24	49	90	131	155	164	
123	164	164	221	213	254	287	262	295	254	311	270	246	287	246	213	254	180	196	172	155	106	73	73	24	0	24	65	106	131	139	
114	139	139	196	196	229	270	246	278	246	303	270	246	295	254	221	270	196	213	196	180	131	98	98	49	24	0	41	82	106	114	
147	123	139	188	196	237	278	254	295	262	328	295	278	328	287	254	311	237	254	237	221	172	139	131	90	65	41	0	41	73	90	
164	98	123	164	180	221	262	254	295	270	336	311	295	352	311	287	344	270	295	278	262	213	180	172	131	106	82	41	0	32	65	
164	65	98	131	147	188	229	229	270	254	319	295	295	344	319	287	352	278	311	295	287	237	205	205	155	131	106	73	32	0	32	
147	32	65	98	114	155	196	196	237	221	295	270	270	319	295	270	344	270	303	287	287	237	205	213	164	139	114	90	65	32	0	
V10
0	208	162	232	197	220	266	197	243	185	266	208	185	255	208	174	278	174	232	232	255	208	174	255	174	174	162	208	232	232	208	
208	0	58	92	116	174	232	243	301	278	382	359	359	440	406	382	487	382	429	429	429	359	313	336	255	232	197	174	139	92	46	
162	58	0	81	81	139	197	185	243	220	324	301	301	382	359	336	440	336	394	394	406	336	301	336	255	232	197	197	174	139	92	
232	92	81	0	58	104	150	185	243	243	336	336	348	429	417	394	498	406	475	475	487	417	382	417	336	313	278	266	232	185	139	
197	116	81	58	0	58	116	127	185	185	278	266	290	371	359	336	452	359	429	440	452	394	359	406	324	301	278	278	255	208	162	
220	174	139	104	58	0	58	92	139	162	243	255	278	359	359	348	452	382	452	464	487	440	394	452	371	359	324	336	313	266	220	
266	232	197	150	116	58	0	81	116	150	220	243	278	348	359	359	475	406	475	498	522	475	440	510	417	406	382	394	371	324	278	
197	243	185	185	127	92	81	0	58	69	150	162	185	266	278	278	382	324	394	417	452	406	382	452	371	371	348	359	359	324	278	
243	301	243	243	185	139	116	58	0	58	104	139	174	243	266	278	382	336	406	440	475	440	417	498	417	417	394	417	417	382	336	
185	278	220	243	185	162	150	69	58	0	92	92	116	197	208	220	324	266	348	371	406	371	359	440	359	359	348	371	382	359	313	
266	382	324	336	278	243	220	150	104	92	0	69	116	162	208	232	313	301	371	406	452	440	429	510	429	440	429	464	475	452	417	
208	359	301	336	266	255	243	162	139	92	69	0	46	104	139	162	243	220	301	336	382	371	359	440	371	382	382	417	440	417	382	
185	359	301	348	290	278	278	185	174	116	116	46	0	81	81	104	197	174	243	278	336	324	313	406	336	348	348	394	417	417	382	
255	440	382	429	371	359	348	266	243	197	162	104	81	0	69	116	162	185	243	290	348	348	348	440	382	406	417	464	498	487	452	
208	406	359	417	359	359	359	278	266	208	208	139	81	69	0	46	104	116	174	220	278	278	290	371	324	348	359	406	440	452	417	
174	382	336	394	336	348	359	278	278	220	232	162	104	116	46	0	104	69	127	174	232	220	232	324	278	301	313	359	406	406	382	
278	487	440	498	452	452	475	382	382	324	313	243	197	162	104	104	0	104	104	150	220	243	278	359	336	359	382	440	487	498	487	
174	382	336	406	359	382	406	324	336	266	301	220	174	185	116	69	104	0	69	104	162	162	174	266	232	255	278	336	382	394	382	
232	429	394	475	429	452	475	394	406	348	371	301	243	243	174	127	104	69	0	46	104	139	174	255	243	278	301	359	417	440	429	
232	429	394	475	440	464	498	417	440	371	406	336	278	290	220	174	150	104	46	0	58	92	139	208	208	243	278	336	394	417	406	
255	429	406	487	452	487	522	452	475	406	452	382	336	348	278	232	220	162	104	58	0	69	116	150	185	220	255	313	371	406	406	
208	359	336	417	394	440	475	406	440	371	440	371	324	348	278	220	243	162	139	92	69	0	46	104	116	150	185	243	301	336	336	
174	313	301	382	359	394	440	382	417	359	429	359	313	348	290	232	278	174	174	139	116	46	0	81	69	104	139	197	255	290	290	
255	336	336	417	406	452	510	452	498	440	510	440	406	440	371	324	359	266	255	208	150	104	81	0	81	104	139	185	243	290	301	
174	255	255	336	324	371	417	371	417	359	429	371	336	382	324	278	336	232	243	208	185	116	69	81	0	34	69	127	185	220	232	
174	232	232	313	301	359	406	371	417	359	440	382	348	406	348	301	359	255	278	243	220	150	104	104	34	0	34	92	150	185	197	
162	197	197	278	278	324	382	348	394	348	429	382	348	417	359	313	382	278	301	278	255	185	139	139	69	34	0	58	116	150	162	
208	174	197	266	278	336	394	359	417	371	464	417	394	464	406	359	440	336	359	336	313	243	197	185	127	92	58	0	58	104	127	
232	139	174	232	255	313	371	359	417	382	475	440	417	498	440	406	487	382	417	394	371	301	255	243	185	150	116	58	0	46	92	
232	92	139	185	208	266	324	324	382	359	452	417	417	487	452	406	498	394	440	417	406	336	290	290	220	185	150	104	46	0	46	
208	46	92	139	162	220	278	278	336	313	417	382	382	452	417	382	487	382	429	406	406	336	290	301	232	197	162	127	92	46	0	
V11
0	212	165	236	200	224	271	200	247	188	271	212	188	259	212	177	283	177	236	236	259	212	177	259	177	177	165	212	236	236	212	
212	0	59	94	118	177	236	247	306	283	389	365	365	448	413	389	495	389	436	436	436	365	318	342	259	236	200	177	141	94	47	
165	59	0	82	82	141	200	188	247	224	330	306	306	389	365	342	448	342	401	401	413	342	306	342	259	236	200	200	177	141	94	
236	94	82	0	59	106	153	188	247	247	342	342	354	436	424	401	507	413	483	483	495	424	389	424	342	318	283	271	236	188	141	
200	118	82	59	0	59	118	129	188	188	283	271	295	377	365	342	460	365	436	448	460	401	365	413	330	306	283	283	259	212	165	
224	177	141	106	59	0	59	94	141	165	247	259	283	365	365	354	460	389	460	472	495	448	401	460	377	365	330	342	318	271	224	
271	236	200	153	118	59	0	82	118	153	224	247	283	354	365	365	483	413	483	507	531	483	448	519	424	413	389	401	377	330	283	
200	247	188	188	129	94	82	0	59	70	153	165	188	271	283	283	389	330	401	424	460	413	389	460	377	377	354	365	365	330	283	
247	306	247	247	188	141	118	59	0	59	106	141	177	247	271	283	389	342	413	448	483	448	424	507	424	424	401	424	424	389	342	
188	283	224	247	188	165	153	70	59	0	94	94	118	200	212	224	330	271	354	377	413	377	365	448	365	365	354	377	389	365	318	
271	389	330	342	283	247	224	153	106	94	0	70	118	165	212	236	318	306	377	413	460	448	436	519	436	448	436	472	483	460	424	
212	365	306	342	271	259	247	165	141	94	70	0	47	106	141	165	247	224	306	342	389	377	365	448	377	389	389	424	448	424	389	
188	365	306	354	295	283	283	188	177	118	118	47	0	82	82	106	200	177	247	283	342	330	318	413	342	354	354	401	424	424	389	
259	448	389	436	377	365	354	271	247	200	165	106	82	0	70	118	165	188	247	295	354	354	354	448	389	413	424	472	507	495	460	
212	413	365	424	365	365	365	283	271	212	212	141	82	70	0	47	106	118	177	224	283	283	295	377	330	354	365	413	448	460	424	
177	389	342	401	342	354	365	283	283	224	236	165	106	118	47	0	106	70	129	177	236	224	236	330	283	306	318	365	413	413	389	
283	495	448	507	460	460	483	389	389	330	318	247	200	165	106	106	0	106	106	153	224	247	283	365	342	365	389	448	495	507	495	
177	389	342	413	365	389	413	330	342	271	306	224	177	188	118	70	106	0	70	106	165	165	177	271	236	259	283	342	389	401	389	
236	436	401	483	436	460	483	401	413	354	377	306	247	247	177	129	106	70	0	47	106	141	177	259	247	283	306	365	424	448	436	
236	436	401	483	448	472	507	424	448	377	413	342	283	295	224	177	153	106	47	0	59	94	141	212	212	247	283	342	401	424	413	
259	436	413	495	460	495	531	460	483	413	460	389	342	354	283	236	224	165	106	59	0	70	118	153	188	224	259	318	377	413	413	
212	365	342	424	401	448	483	413	448	377	448	377	330	354	283	224	247	165	141	94	70	0	47	106	118	153	188	247	306	342	342	
177	318	306	389	365	401	448	389	424	365	436	365	318	354	295	236	283	177	177	141	118	47	0	82	70	106	141	200	259	295	295	
259	342	342	424	413	460	519	460	507	448	519	448	413	448	377	330	365	271	259	212	153	106	82	0	82	106	141	188	247	295	306	
177	259	259	342	330	377	424	377	424	365	436	377	342	389	330	283	342	236	247	212	188	118	70	82	0	35	70	129	188	224	236	
177	236	236	318	306	365	413	377	424	365	448	389	354	413	354	306	365	259	283	247	224	153	106	106	35	0	35	94	153	188	200	
165	200	200	283	283	330	389	354	401	354	436	389	354	424	365	318	389	283	306	283	259	188	141	141	70	35	0	59	118	153	165	
212	177	200	271	283	342	401	365	424	377	472	424	401	472	413	365	448	342	365	342	318	247	200	188	129	94	59	0	59	106	129	
236	141	177	236	259	318	377	365	424	389	483	448	424	507	448	413	495	389	424	401	377	306	259	247	188	153	118	59	0	47	94	
236	94	141	188	212	271	330	330	389	365	460	424	424	495	460	413	507	401	448	424	413	342	295	295	224	188	153	106	47	0	47	
212	47	94	141	165	224	283	283	342	318	424	389	389	460	424	389	495	389	436	413	413	342	295	306	236	200	165	129	94	47	0	
Velocidade_Veiculos
1	1	1	1	1	1	1	1	1	1	1	1	