M: 8
N: 30
Nun_Veiculos: 12
Capacidade_Total: 812
Demanda_Total: 528
Setup_Min: 1
Setup_Max: 99
Raio: 20
Circulos: 1
Tempo_Processamento_Min: 1
Tempo_Processamento_Max: 49
Demanda_Min: 10
Demanda_Max: 30
Priority_Factor: 0.2
Range_Factor_R: 0.8
U_factor: 2
ALpha: 0.2Replicao: 2
Tempos_Processamentos
0	0	1	0	2	0	3	0	4	0	5	0	6	0	7	0	
0	26	1	5	2	43	3	25	4	22	5	49	6	45	7	16	
0	46	1	40	2	9	3	26	4	6	5	37	6	14	7	37	
0	30	1	46	2	6	3	45	4	28	5	27	6	25	7	47	
0	33	1	13	2	34	3	43	4	46	5	40	6	47	7	14	
0	9	1	1	2	8	3	12	4	9	5	24	6	44	7	24	
0	19	1	29	2	17	3	30	4	10	5	18	6	45	7	35	
0	36	1	34	2	45	3	31	4	47	5	48	6	39	7	42	
0	43	1	4	2	6	3	24	4	34	5	39	6	15	7	12	
0	45	1	3	2	18	3	16	4	18	5	10	6	15	7	41	
0	8	1	4	2	6	3	23	4	31	5	10	6	4	7	49	
0	42	1	49	2	33	3	15	4	36	5	35	6	21	7	19	
0	27	1	20	2	39	3	8	4	42	5	10	6	17	7	6	
0	43	1	9	2	8	3	46	4	41	5	5	6	37	7	26	
0	8	1	10	2	27	3	49	4	48	5	1	6	15	7	35	
0	9	1	29	2	36	3	45	4	7	5	33	6	10	7	22	
0	8	1	8	2	25	3	34	4	29	5	17	6	22	7	42	
0	15	1	42	2	15	3	42	4	8	5	7	6	8	7	47	
0	30	1	25	2	24	3	33	4	14	5	43	6	24	7	10	
0	40	1	37	2	7	3	37	4	5	5	26	6	35	7	10	
0	33	1	24	2	17	3	47	4	17	5	6	6	27	7	30	
0	32	1	49	2	15	3	40	4	14	5	27	6	28	7	33	
0	2	1	16	2	7	3	31	4	47	5	36	6	4	7	22	
0	48	1	5	2	9	3	14	4	41	5	24	6	40	7	11	
0	14	1	33	2	45	3	43	4	22	5	13	6	30	7	6	
0	38	1	30	2	9	3	25	4	43	5	39	6	39	7	20	
0	35	1	44	2	22	3	4	4	7	5	14	6	6	7	22	
0	27	1	9	2	46	3	26	4	40	5	3	6	29	7	6	
0	26	1	14	2	7	3	47	4	44	5	12	6	2	7	24	
0	29	1	22	2	24	3	31	4	29	5	23	6	4	7	15	
0	17	1	47	2	8	3	6	4	48	5	24	6	39	7	11	

Tempos_setup
M0
0	0	0	0	0	0	0	0	0	0	0	0	0	0	0	0	0	0	0	0	0	0	0	0	0	0	0	0	0	0	0	
0	0	11	13	13	17	15	25	34	16	14	15	14	12	10	35	19	8	23	13	14	16	14	8	19	11	13	19	17	20	11	
0	7	0	2	2	7	5	14	28	6	12	13	12	1	4	24	8	6	13	7	4	5	3	2	8	14	2	11	6	14	9	
0	22	19	0	9	13	14	23	35	15	13	11	13	20	20	39	6	16	14	16	13	12	21	18	19	20	19	18	4	18	10	
0	19	15	17	0	17	18	18	31	19	17	17	17	16	19	35	10	12	21	20	17	3	15	17	18	24	17	12	8	15	14	
0	11	20	22	17	0	21	31	31	14	21	12	9	17	17	38	14	17	6	19	20	12	22	15	25	7	6	19	12	10	18	
0	12	5	7	7	12	0	19	30	11	14	18	11	6	6	29	8	11	18	2	9	10	8	4	13	19	7	16	11	15	12	
0	9	2	4	4	9	7	0	27	3	14	6	14	3	6	26	10	8	15	9	6	7	5	4	10	16	4	8	8	11	11	
0	22	15	6	11	18	10	24	0	17	15	15	15	16	8	11	8	20	19	12	15	6	15	14	18	23	17	12	6	15	12	
0	19	13	15	13	11	18	17	24	0	17	11	17	14	16	24	10	16	17	18	17	16	8	15	11	18	14	5	8	8	14	
0	15	19	21	13	11	18	17	24	12	0	11	17	20	16	35	10	16	17	18	17	16	8	20	11	8	17	5	8	8	14	
0	15	8	10	10	14	12	22	24	13	11	0	11	9	12	32	16	5	20	14	11	13	11	10	16	19	10	16	14	18	8	
0	9	16	18	10	14	12	28	24	13	19	20	0	8	8	35	20	13	13	14	11	13	17	6	17	20	14	18	18	17	16	
0	15	8	10	10	6	4	22	29	5	11	12	11	0	10	29	12	5	12	6	3	13	11	8	9	13	10	10	10	13	8	
0	18	11	13	13	18	16	20	24	17	18	16	11	12	0	35	17	12	24	18	15	16	9	13	14	25	13	22	15	25	15	
0	13	6	8	8	11	11	20	15	12	18	19	17	7	6	0	14	12	17	13	10	11	9	8	14	18	8	17	12	20	15	
0	16	13	15	15	10	8	17	31	9	7	14	7	14	14	33	0	19	11	10	7	18	15	12	13	15	15	12	14	15	4	
0	10	3	5	5	9	7	17	30	8	6	7	6	4	7	27	11	0	15	9	6	8	6	5	11	14	5	11	9	13	3	
0	14	15	17	17	7	19	25	31	8	18	7	16	16	12	32	17	12	0	13	18	19	16	17	19	14	9	13	15	4	15	
0	18	19	21	19	16	14	23	33	11	13	16	9	17	17	35	6	16	17	0	13	13	19	15	19	21	21	16	18	13	10	
0	13	6	8	8	3	1	19	26	2	15	13	12	7	7	26	9	12	9	3	0	11	9	5	6	10	8	7	7	10	13	
0	23	20	22	10	17	15	24	29	16	14	14	14	21	21	40	7	19	18	17	14	0	22	19	20	22	22	19	5	22	11	
0	20	13	15	11	18	16	11	38	14	15	15	15	14	14	37	8	19	19	12	15	14	0	12	5	22	15	19	6	22	12	
0	13	13	15	15	20	18	22	26	19	20	18	13	14	2	35	16	14	26	20	17	18	11	0	16	24	8	24	14	27	17	
0	19	16	18	6	13	11	20	34	12	10	10	10	17	17	36	3	15	14	7	10	9	18	15	0	18	18	15	1	18	7	
0	7	13	15	15	19	17	27	24	18	16	5	16	14	17	35	21	10	25	19	16	18	16	15	21	0	15	21	19	23	13	
0	5	16	18	11	18	16	25	39	17	15	15	15	17	15	40	8	13	19	18	15	14	19	13	21	16	0	20	6	23	12	
0	17	14	16	8	6	13	12	19	7	12	6	12	15	11	30	5	11	12	13	12	11	3	15	6	13	12	0	3	3	9	
0	18	15	17	5	12	10	19	33	11	9	9	9	16	16	35	2	14	13	12	9	8	17	14	15	17	17	14	0	17	6	
0	14	11	13	13	3	15	21	27	4	14	3	12	12	8	28	14	8	9	17	14	15	12	13	15	10	9	9	12	0	11	
0	12	9	11	11	6	4	20	27	5	3	12	3	10	10	29	12	15	12	6	3	14	11	8	9	11	11	8	10	11	0	
M1
0	0	0	0	0	0	0	0	0	0	0	0	0	0	0	0	0	0	0	0	0	0	0	0	0	0	0	0	0	0	0	
0	0	5	15	12	6	12	12	11	13	17	8	18	8	16	18	6	15	6	8	9	9	18	11	14	1	19	14	11	3	2	
0	18	0	16	15	24	17	18	16	8	23	3	20	24	32	30	12	20	1	20	11	14	21	16	21	14	24	20	7	9	7	
0	6	11	0	10	12	18	8	4	16	23	14	18	14	22	18	12	14	12	8	9	2	16	4	5	7	18	20	11	9	8	
0	18	9	18	0	21	20	14	18	10	25	5	22	20	28	24	14	15	3	22	13	16	6	18	8	16	16	14	9	11	9	
0	16	12	17	20	0	14	19	14	20	27	15	12	2	10	28	20	19	13	18	3	15	18	17	18	17	18	22	7	19	11	
0	9	14	3	12	12	0	8	7	16	19	11	7	14	22	21	6	14	9	11	12	5	18	7	8	10	7	23	14	12	2	
0	5	10	18	15	11	17	0	9	18	22	13	23	13	21	15	11	20	11	13	14	7	21	9	18	6	23	19	13	8	7	
0	2	7	14	6	8	14	14	0	15	19	10	17	10	18	14	8	17	8	4	8	1	12	3	12	3	17	16	7	5	4	
0	22	10	20	17	24	17	17	23	0	22	13	12	26	31	23	11	19	11	13	3	21	18	21	19	6	20	19	16	8	17	
0	9	14	18	15	12	15	4	13	12	0	17	19	13	21	19	9	19	15	17	14	11	21	13	1	10	22	18	17	12	8	
0	20	10	18	15	26	15	15	19	18	20	0	22	21	29	30	9	17	11	23	21	17	21	19	21	19	21	17	4	6	17	
0	14	7	16	22	12	22	9	18	15	27	10	0	14	19	24	16	7	8	18	15	16	28	10	19	11	8	24	14	13	14	
0	20	10	26	24	22	25	19	18	18	26	13	10	0	8	32	22	17	11	22	1	16	16	18	16	21	18	20	5	19	9	
0	16	21	31	28	22	28	28	27	29	33	24	32	24	0	24	22	31	22	24	25	25	34	25	30	17	35	30	27	19	18	
0	6	11	19	18	12	18	17	17	19	23	14	8	14	22	0	12	10	12	14	13	15	24	13	20	7	16	20	17	9	8	
0	11	15	9	6	17	6	6	13	16	25	11	13	19	27	21	0	19	9	17	18	11	12	13	14	12	13	20	15	14	8	
0	15	8	9	15	21	15	14	13	15	20	11	22	23	31	21	9	0	9	11	18	11	21	3	14	4	17	17	14	6	12	
0	17	12	15	17	23	17	17	15	7	22	2	19	23	31	29	11	19	0	19	10	13	23	15	20	13	23	19	6	8	6	
0	16	14	26	21	22	23	21	15	22	32	12	13	20	28	10	21	20	15	0	21	16	27	18	27	17	20	29	3	18	15	
0	23	16	25	31	21	31	18	27	24	30	19	9	23	28	33	25	16	17	27	0	25	15	19	17	20	17	33	23	22	23	
0	4	9	13	8	10	16	13	2	17	21	12	16	12	20	16	10	19	10	6	7	0	14	2	11	5	16	18	9	7	6	
0	12	17	26	21	15	24	8	17	13	29	19	20	14	22	18	18	20	18	20	15	15	0	17	2	13	10	19	19	15	14	
0	16	21	29	26	19	28	11	20	25	24	23	31	21	29	26	22	21	22	24	22	18	32	0	14	17	14	30	20	19	18	
0	10	15	25	19	16	22	18	21	11	27	18	18	12	20	28	16	25	16	18	13	19	25	21	0	11	26	24	17	13	12	
0	16	4	14	11	22	11	11	17	12	16	7	18	22	30	17	5	14	5	7	15	15	17	15	13	0	18	13	10	2	11	
0	6	11	19	16	5	18	1	10	19	23	9	17	7	15	16	12	21	12	14	8	8	22	10	19	7	0	20	12	9	8	
0	9	9	10	10	15	10	10	7	16	21	7	17	17	25	21	4	1	10	11	14	8	16	4	15	5	10	0	6	7	11	
0	23	19	23	24	22	20	18	27	27	29	9	27	17	25	30	18	26	20	31	18	25	30	27	28	24	17	26	0	15	22	
0	14	4	12	9	20	9	9	15	12	14	7	16	22	30	24	3	12	5	19	15	13	15	15	15	15	16	11	11	0	11	
0	11	16	20	15	17	23	20	9	14	17	9	23	19	27	23	17	26	7	13	14	7	21	9	18	12	23	25	13	14	0	
M2
0	0	0	0	0	0	0	0	0	0	0	0	0	0	0	0	0	0	0	0	0	0	0	0	0	0	0	0	0	0	0	
0	0	4	15	13	23	10	14	7	6	24	19	16	16	7	20	6	9	9	15	12	20	24	4	2	23	23	10	12	12	21	
0	28	0	11	9	22	6	14	3	20	23	15	12	12	14	16	15	5	21	11	8	16	20	19	16	19	27	6	8	8	22	
0	17	21	0	1	12	4	14	1	13	13	13	4	12	11	5	17	13	16	15	6	10	10	17	18	11	16	14	6	10	17	
0	37	28	29	0	18	21	17	21	19	19	22	17	19	10	20	16	12	22	22	25	9	16	22	23	10	36	13	19	22	29	
0	19	23	18	8	0	13	9	10	1	1	7	4	9	7	2	17	9	4	12	7	12	7	23	15	16	18	7	1	4	19	
0	23	27	38	21	37	0	25	30	24	29	26	27	23	28	30	27	32	27	26	35	30	35	27	25	31	40	17	24	32	44	
0	24	28	16	15	28	20	0	17	29	21	14	5	18	18	21	26	18	20	21	22	24	26	28	26	23	23	18	12	18	31	
0	25	29	8	6	20	3	13	0	21	21	21	12	20	11	13	18	18	18	23	5	15	18	16	21	16	24	19	5	18	25	
0	18	22	25	16	24	12	14	17	0	25	15	13	12	17	17	16	8	3	15	22	25	22	22	20	24	17	6	17	21	25	
0	22	23	17	7	8	12	10	9	9	0	6	3	8	15	1	16	13	12	11	6	11	6	24	14	15	26	14	9	3	25	
0	16	20	22	1	19	8	6	21	16	20	0	8	4	11	21	12	13	19	7	22	10	17	20	12	9	27	14	15	16	30	
0	25	29	31	10	24	17	15	25	25	16	9	0	13	13	17	21	22	28	16	22	19	22	29	21	18	33	13	7	13	26	
0	19	23	18	4	15	11	2	19	12	16	3	4	0	9	17	8	16	15	3	18	13	20	23	8	12	25	16	11	12	30	
0	29	33	23	14	21	11	7	19	22	22	13	12	10	0	20	18	18	25	13	16	23	19	33	18	22	30	12	19	22	35	
0	26	22	16	14	7	11	16	8	8	8	14	11	16	14	0	22	12	11	19	5	19	5	24	13	23	25	13	8	11	24	
0	21	25	24	15	22	12	8	20	22	23	14	13	11	1	21	0	19	23	13	17	24	20	25	18	23	20	13	20	22	36	
0	26	30	25	8	21	18	9	22	19	22	10	11	7	11	23	10	0	22	10	19	17	24	30	15	18	30	1	16	19	17	
0	15	19	27	13	24	9	11	22	21	25	12	13	9	14	18	13	24	0	12	23	22	23	19	17	21	14	3	14	21	36	
0	21	24	29	11	21	17	13	21	9	17	10	1	14	6	18	5	17	12	0	22	17	19	25	5	19	25	14	8	9	27	
0	28	32	11	9	23	6	16	3	24	24	24	15	22	14	16	21	21	13	25	0	18	21	19	24	19	27	16	8	21	28	
0	28	23	21	11	9	16	12	13	10	10	13	13	10	14	11	13	3	13	13	16	0	7	13	15	17	27	4	10	13	20	
0	21	17	14	10	2	9	11	6	3	3	9	6	11	9	4	19	11	6	14	9	14	0	22	8	18	20	9	3	6	19	
0	21	13	12	10	19	7	10	4	9	20	16	15	13	3	17	2	17	12	15	9	19	22	0	5	20	22	15	9	21	29	
0	16	20	29	20	28	16	18	21	4	29	19	17	16	21	21	20	12	7	19	26	21	26	20	0	21	21	10	21	25	29	
0	32	36	30	17	21	24	22	22	22	22	16	7	20	20	14	28	26	25	23	19	26	19	36	27	0	37	20	14	20	33	
0	1	5	16	12	11	11	13	8	7	12	11	2	12	8	4	7	10	3	15	9	18	9	5	3	20	0	6	5	10	22	
0	25	29	24	10	21	17	8	25	18	22	9	10	6	11	23	10	22	21	9	24	19	26	29	14	18	30	0	17	18	36	
0	26	30	24	20	27	17	8	25	28	28	19	13	16	6	26	24	24	28	19	22	29	25	30	24	26	31	18	0	26	39	
0	24	28	23	9	14	10	7	18	15	15	8	9	5	14	16	13	11	18	8	21	8	12	21	13	17	30	12	15	0	28	
0	23	27	22	12	4	13	10	14	5	5	11	8	13	8	6	19	9	8	16	11	6	11	19	19	20	22	10	2	8	0	
M3
0	0	0	0	0	0	0	0	0	0	0	0	0	0	0	0	0	0	0	0	0	0	0	0	0	0	0	0	0	0	0	
0	0	24	22	6	12	9	16	12	12	22	8	14	17	9	25	14	16	17	21	15	16	7	14	11	11	7	19	11	11	12	
0	17	0	14	6	10	10	10	14	13	14	14	17	17	7	23	15	14	9	13	9	14	5	6	3	12	5	11	9	11	10	
0	15	22	0	13	17	10	9	21	9	5	17	22	18	14	24	15	21	18	18	13	13	9	15	12	12	12	16	16	7	14	
0	13	18	17	0	6	8	10	10	9	17	15	13	13	3	19	13	10	15	18	9	10	1	12	10	10	1	16	5	5	6	
0	16	23	20	15	0	8	12	19	11	21	15	18	15	16	13	13	4	16	20	16	12	12	13	10	10	14	18	7	16	17	
0	8	16	13	7	11	0	9	11	3	13	7	17	8	8	22	5	15	8	12	13	7	4	5	2	2	6	10	10	10	9	
0	15	23	20	5	9	7	0	13	10	20	14	13	15	6	22	12	13	15	19	4	13	6	12	9	9	4	17	8	4	11	
0	3	25	22	9	15	9	18	0	12	11	8	17	17	12	28	14	19	17	21	18	16	10	14	11	11	10	19	14	13	15	
0	10	17	10	8	14	10	14	14	0	12	10	18	9	11	19	7	18	9	9	17	4	7	6	12	12	9	7	13	7	12	
0	10	21	18	8	12	5	14	16	8	0	12	19	13	9	25	10	16	13	17	17	12	4	10	7	7	7	15	11	2	9	
0	7	17	14	8	12	1	10	4	4	14	0	18	9	9	23	6	16	9	13	14	8	5	6	3	3	7	11	11	11	10	
0	17	14	21	14	18	9	14	14	12	19	16	0	6	15	21	14	22	16	20	10	15	13	13	11	11	13	18	17	6	18	
0	25	8	22	14	18	18	18	22	21	22	22	9	0	15	30	23	22	17	21	10	22	13	14	11	20	13	19	17	15	18	
0	10	24	18	13	17	14	9	7	17	14	13	10	16	0	30	11	21	17	21	13	12	14	14	16	8	12	19	7	13	19	
0	14	22	19	13	17	6	15	15	9	19	11	23	14	14	0	11	21	14	14	19	13	10	11	8	8	12	16	16	16	15	
0	3	27	22	9	15	12	19	15	15	21	11	17	20	12	28	0	19	20	21	13	19	10	17	14	14	10	19	14	14	15	
0	12	20	17	11	15	4	11	15	7	17	11	21	12	12	9	9	0	12	16	15	11	8	9	6	6	10	14	6	14	13	
0	12	21	10	14	18	7	16	9	7	15	6	22	13	15	22	12	13	0	16	20	11	11	12	9	9	13	14	17	14	16	
0	6	18	15	9	13	2	11	5	5	15	1	19	10	10	24	7	17	10	0	9	9	6	7	4	4	8	12	12	12	11	
0	15	22	21	4	8	12	12	12	13	19	18	15	17	5	21	15	12	17	21	0	12	5	14	14	13	3	19	7	9	10	
0	6	13	10	12	18	11	14	14	12	10	10	14	5	15	27	3	18	5	9	15	0	13	2	13	10	13	7	9	12	18	
0	15	17	16	4	8	12	12	12	8	19	18	15	12	5	21	15	12	17	17	13	12	0	14	14	13	3	15	7	9	5	
0	13	13	8	13	17	9	17	12	10	8	8	20	16	14	25	11	16	3	7	16	14	12	0	11	8	12	5	16	10	17	
0	16	16	11	6	10	12	7	14	10	11	11	17	14	7	23	14	14	6	10	11	14	2	3	0	11	5	8	9	11	7	
0	6	22	19	5	9	6	13	9	9	19	5	16	14	6	22	3	13	9	18	14	13	6	11	8	0	4	16	8	10	11	
0	12	19	18	1	5	9	9	9	10	16	15	12	14	2	18	12	9	14	18	10	9	2	11	11	10	0	16	4	6	7	
0	8	20	3	11	15	4	12	7	7	5	3	21	12	12	26	9	19	12	2	11	11	8	9	6	6	10	0	14	7	13	
0	11	18	15	10	14	10	5	18	13	15	15	18	10	11	27	8	18	10	14	9	5	11	7	12	12	9	12	0	9	16	
0	11	19	16	10	14	3	12	14	6	16	10	20	11	11	25	8	18	11	15	16	10	7	8	5	5	9	13	13	0	12	
0	24	22	28	16	8	16	11	21	19	29	17	23	14	17	21	21	12	24	28	12	20	17	21	18	18	15	26	15	15	0	
M4
0	0	0	0	0	0	0	0	0	0	0	0	0	0	0	0	0	0	0	0	0	0	0	0	0	0	0	0	0	0	0	
0	0	10	11	16	16	16	24	17	13	4	9	6	5	2	3	12	13	19	8	6	12	17	14	20	22	19	12	20	12	12	
0	11	0	22	27	23	14	22	12	21	12	17	17	16	13	14	20	19	10	13	17	14	25	24	30	25	27	23	31	20	23	
0	9	8	0	24	17	22	30	7	22	13	18	15	14	11	12	21	22	18	17	15	21	26	22	22	21	28	21	29	21	18	
0	14	9	13	0	15	21	25	16	12	18	15	11	4	16	17	11	16	19	22	20	23	16	13	25	21	18	15	22	20	17	
0	15	18	14	24	0	21	26	17	13	4	9	13	18	14	18	12	17	23	8	9	12	17	13	23	13	19	16	23	12	17	
0	11	17	10	20	13	0	30	17	9	11	12	17	12	13	10	8	13	19	15	13	19	13	18	23	18	15	12	19	12	22	
0	14	19	11	23	5	24	0	18	12	9	14	18	19	16	17	15	14	20	13	14	17	16	18	25	18	18	13	25	17	22	
0	2	1	13	18	17	15	23	0	15	6	11	8	7	4	5	14	15	11	10	8	14	19	16	22	14	21	14	22	14	11	
0	2	9	1	11	14	14	22	8	0	6	10	8	7	4	5	9	8	11	10	8	14	4	13	16	9	6	13	13	14	14	
0	11	18	10	20	13	23	30	17	9	0	5	9	14	13	14	8	13	19	4	5	8	13	18	23	18	15	12	19	8	22	
0	8	18	19	24	10	24	32	25	21	12	0	14	13	10	11	20	21	27	16	14	20	25	22	28	23	27	20	28	20	20	
0	14	9	5	23	14	23	25	12	12	16	21	0	19	16	17	21	20	19	20	20	23	16	25	14	21	18	25	14	24	23	
0	14	5	18	28	11	17	27	12	17	15	20	19	0	16	17	16	21	15	18	20	19	21	9	32	24	23	20	27	16	13	
0	18	8	9	27	18	22	29	16	16	20	25	4	23	0	21	23	24	18	21	24	22	20	29	18	25	22	27	18	28	27	
0	12	7	11	13	13	19	29	14	10	1	6	10	2	12	0	9	14	17	5	3	9	14	11	24	19	16	13	20	9	15	
0	3	10	2	12	5	15	22	9	1	7	4	9	8	5	6	0	5	11	11	9	15	5	10	16	10	7	4	11	15	14	
0	4	11	3	13	6	13	23	10	2	4	5	8	9	4	7	1	0	12	8	9	12	6	5	11	11	8	5	12	12	9	
0	4	3	12	18	13	4	25	2	11	2	7	10	9	6	7	10	9	0	6	7	10	15	14	20	16	17	14	21	10	13	
0	19	14	10	25	19	27	28	17	17	18	16	5	10	16	17	18	17	24	0	20	4	21	19	19	15	23	22	19	26	23	
0	24	17	15	27	13	26	33	22	25	17	21	13	18	9	27	25	30	22	21	0	25	29	26	27	20	17	29	24	25	27	
0	17	11	9	22	17	23	24	15	15	14	12	16	6	12	13	14	13	21	18	16	0	19	15	16	11	21	18	20	22	19	
0	11	9	7	7	15	10	18	9	12	3	6	5	4	6	2	11	16	7	7	5	11	0	13	19	5	2	15	9	11	15	
0	15	10	12	24	12	8	30	19	13	16	16	10	14	17	18	12	17	20	20	20	24	17	0	24	17	19	16	23	7	4	
0	19	22	18	28	4	25	29	21	17	8	13	17	22	18	22	16	21	27	12	13	16	21	17	0	17	23	20	27	16	21	
0	6	5	4	22	11	19	13	4	17	10	1	5	11	1	9	18	19	15	14	5	18	21	20	19	0	22	18	19	16	15	
0	9	8	7	10	14	9	16	7	15	7	4	3	14	4	12	15	14	5	11	8	15	19	19	17	3	0	19	7	15	13	
0	5	10	4	14	7	11	19	9	3	5	6	9	10	5	8	2	1	7	9	10	13	7	6	12	12	9	0	13	13	10	
0	25	26	22	34	16	18	11	29	23	17	22	23	21	21	21	25	25	31	18	22	22	27	29	36	29	29	24	0	25	25	
0	16	15	9	20	21	18	23	14	25	16	11	15	21	11	19	24	23	14	20	15	24	29	28	17	10	31	28	29	0	25	
0	15	15	8	23	17	4	26	15	13	15	14	6	10	14	14	12	15	17	16	16	20	17	12	20	13	19	14	20	3	0	
M5
0	0	0	0	0	0	0	0	0	0	0	0	0	0	0	0	0	0	0	0	0	0	0	0	0	0	0	0	0	0	0	
0	0	10	14	21	10	11	8	13	17	8	9	15	4	11	11	21	6	6	18	6	13	18	6	13	31	9	1	15	8	6	
0	13	0	20	26	23	9	13	7	15	5	10	12	17	15	17	23	11	17	15	9	16	16	11	11	26	12	9	23	11	3	
0	15	8	0	19	17	11	3	15	17	13	18	12	16	13	20	28	1	15	18	6	18	4	4	13	31	9	16	20	8	11	
0	21	19	25	0	10	22	20	26	21	24	28	20	25	11	27	21	18	22	29	23	13	17	24	24	31	25	22	30	25	22	
0	16	9	15	15	0	12	16	16	18	14	18	10	20	1	17	11	16	12	19	18	3	19	14	14	35	15	17	20	18	12	
0	4	6	13	17	14	0	4	11	6	11	13	14	8	6	10	25	8	10	8	10	7	7	2	2	32	13	5	19	6	9	
0	21	23	26	33	30	17	0	16	19	28	19	27	16	19	23	32	25	18	24	18	20	20	19	15	43	21	22	27	19	26	
0	16	7	13	19	22	12	10	0	9	12	3	17	20	18	10	16	13	10	8	13	19	10	14	14	30	13	16	19	15	10	
0	13	15	8	26	23	9	11	14	0	20	17	8	16	15	19	30	9	18	17	4	16	1	11	11	29	7	14	18	6	18	
0	20	12	18	24	27	16	8	5	13	0	8	17	18	13	15	21	6	15	13	11	14	14	9	9	35	14	4	24	13	15	
0	18	19	14	18	28	14	11	12	10	16	0	18	22	20	11	13	10	22	9	14	21	11	15	16	39	17	19	28	16	22	
0	24	24	33	21	31	20	12	21	26	16	24	0	27	19	30	37	10	28	28	15	27	27	20	22	40	18	20	29	17	14	
0	11	13	10	23	14	7	11	12	13	18	5	21	0	13	7	18	11	2	14	2	14	14	9	9	27	5	12	11	4	16	
0	21	8	14	14	24	17	17	15	23	13	18	11	25	0	20	31	15	25	23	17	24	18	18	19	34	20	17	31	19	11	
0	18	8	3	19	20	14	6	7	16	13	10	15	19	13	0	23	4	15	15	9	21	7	4	16	34	12	17	23	11	11	
0	5	7	13	5	15	1	5	11	7	12	11	15	9	7	10	0	9	11	8	11	8	8	3	3	33	14	6	20	7	10	
0	14	14	23	25	24	10	2	15	16	19	18	11	17	16	20	31	0	19	18	5	17	17	10	12	30	8	15	19	7	17	
0	20	13	8	24	12	19	11	12	16	18	6	20	24	13	5	19	9	0	15	14	15	12	9	21	25	3	21	9	16	16	
0	13	10	5	21	22	9	2	3	1	15	6	9	17	15	2	19	6	13	0	5	16	2	6	11	30	8	14	19	7	13	
0	9	11	18	22	19	5	9	10	11	16	13	19	12	11	15	26	13	14	13	0	12	12	7	7	25	3	10	14	2	14	
0	23	10	19	36	33	19	18	17	25	15	20	22	27	25	27	33	20	27	25	19	0	23	21	21	36	22	19	22	21	13	
0	31	26	30	36	37	27	24	24	22	31	27	30	35	22	34	39	31	33	32	26	23	0	22	18	33	29	32	40	22	29	
0	17	4	19	15	23	13	2	11	19	9	14	16	18	9	16	27	15	11	19	13	20	20	0	15	30	14	13	20	10	7	
0	13	8	12	18	23	9	6	15	4	13	18	12	17	4	19	31	13	15	17	8	5	5	4	0	33	11	14	22	4	11	
0	11	11	6	7	16	7	3	4	2	16	7	10	2	13	3	6	7	4	1	4	14	3	7	9	0	7	12	13	6	14	
0	17	20	26	29	23	25	19	13	19	24	16	27	21	24	23	28	23	23	21	23	26	20	17	27	22	0	18	12	25	22	
0	19	9	14	20	28	15	7	16	21	14	19	16	14	14	21	32	5	16	23	10	22	18	5	17	35	13	0	24	12	12	
0	23	20	15	27	32	19	12	13	11	25	16	19	27	25	12	29	16	23	10	15	26	10	16	21	40	18	24	0	15	23	
0	30	17	32	34	40	26	22	19	24	14	22	29	32	24	29	32	20	29	27	25	25	25	23	20	37	28	18	38	0	20	
0	10	12	19	23	20	6	10	7	12	2	10	9	14	12	16	23	8	16	14	6	13	13	8	8	31	9	6	20	8	0	
M6
0	0	0	0	0	0	0	0	0	0	0	0	0	0	0	0	0	0	0	0	0	0	0	0	0	0	0	0	0	0	0	
0	0	14	10	6	5	8	7	8	7	1	13	3	9	3	10	1	1	7	10	12	10	11	5	5	4	6	12	13	6	1	
0	29	0	23	14	18	24	21	21	11	21	28	31	23	32	31	30	25	20	7	29	26	14	31	25	23	26	30	30	19	25	
0	10	20	0	16	8	16	13	11	15	11	21	13	15	13	20	11	11	12	16	22	17	14	15	15	14	16	22	23	14	11	
0	26	16	16	0	13	18	17	15	6	7	23	17	19	29	24	27	11	6	20	24	20	18	19	11	14	12	19	23	5	11	
0	15	12	10	15	0	8	5	3	7	14	13	18	7	18	13	16	16	7	8	15	9	6	20	15	7	16	16	16	6	12	
0	8	21	18	14	12	0	15	14	15	9	21	11	17	11	18	9	9	13	17	10	2	16	13	13	11	14	17	11	14	9	
0	11	7	5	10	3	3	0	6	7	9	16	14	2	14	16	12	12	10	3	13	5	9	16	13	2	14	19	14	9	12	
0	12	9	7	12	5	5	2	0	9	11	10	15	4	15	18	13	13	12	5	15	6	3	17	15	4	16	13	16	11	13	
0	22	10	17	22	7	15	12	10	0	21	17	25	14	25	20	23	23	14	15	22	16	12	27	22	14	23	23	23	13	19	
0	19	17	9	5	13	13	10	8	11	0	18	11	12	22	18	20	16	11	13	17	14	11	13	4	12	5	12	16	10	16	
0	25	20	21	21	14	17	16	17	10	22	0	14	18	19	21	24	10	18	19	23	19	8	16	23	13	24	24	24	17	23	
0	18	11	14	13	9	10	13	12	4	16	21	0	9	13	7	11	19	4	14	9	12	10	2	9	15	10	14	10	3	9	
0	9	22	16	12	13	1	16	15	16	7	22	12	0	12	19	10	10	14	18	11	3	17	14	11	12	12	18	12	15	10	
0	7	19	12	8	12	15	13	11	14	3	11	10	15	0	17	8	8	14	16	19	17	14	12	7	11	8	14	19	13	8	
0	11	16	7	14	15	3	17	15	13	9	17	9	2	6	0	4	12	13	12	2	5	18	11	2	14	3	11	3	12	12	
0	9	21	14	10	14	17	15	13	16	5	13	12	17	2	19	0	10	16	18	21	19	16	14	9	13	10	16	21	15	10	
0	15	13	11	11	4	7	6	7	10	15	12	6	8	18	13	16	0	10	9	15	9	10	8	15	3	16	20	16	9	15	
0	25	25	25	9	15	23	20	18	15	16	28	26	22	28	28	26	20	0	23	30	19	21	28	20	14	21	28	17	14	20	
0	25	4	18	7	11	17	14	14	4	14	21	24	16	25	24	23	18	13	0	26	19	7	24	18	16	19	23	27	12	18	
0	25	18	19	21	14	17	15	13	20	24	22	16	17	27	21	25	10	15	18	0	19	16	18	14	13	15	23	1	19	25	
0	6	20	16	12	11	5	13	14	13	7	19	9	15	9	16	7	7	11	16	15	0	17	11	11	10	12	15	16	12	7	
0	25	30	20	26	26	18	23	29	28	21	29	25	25	18	30	16	23	29	26	28	20	0	25	25	25	19	16	29	28	26	
0	16	9	12	19	7	8	12	10	14	14	20	14	7	11	5	9	17	14	12	7	10	8	0	7	14	8	12	8	13	17	
0	15	14	5	17	13	11	16	16	11	16	26	7	16	18	14	16	16	11	10	16	13	17	9	0	18	1	9	17	10	16	
0	16	13	11	16	1	9	6	4	8	15	14	19	8	19	14	17	17	8	9	16	10	7	21	16	0	17	17	17	7	13	
0	18	17	12	19	15	10	15	18	10	19	27	6	15	19	13	17	15	10	18	15	12	16	8	15	17	0	8	16	9	15	
0	10	14	4	16	10	2	7	13	14	11	19	13	9	13	14	11	7	15	10	12	4	16	9	15	9	9	0	13	16	11	
0	28	27	18	30	26	23	28	29	23	29	37	20	22	26	20	24	29	24	23	22	25	30	22	13	30	14	22	0	23	29	
0	22	11	18	10	8	16	13	11	1	17	18	17	15	25	21	23	21	1	16	23	17	13	19	21	15	11	19	18	0	6	
0	16	30	26	22	21	24	23	24	23	17	29	19	25	19	26	17	17	23	26	28	26	27	21	21	20	22	28	29	22	0	
M7
0	0	0	0	0	0	0	0	0	0	0	0	0	0	0	0	0	0	0	0	0	0	0	0	0	0	0	0	0	0	0	
0	0	16	5	23	10	21	12	11	13	15	13	20	17	9	16	11	10	21	27	15	4	20	21	12	4	8	6	13	20	15	
0	24	0	16	29	16	23	18	18	21	25	21	24	23	17	23	22	14	27	33	23	21	25	27	14	15	12	10	20	27	21	
0	15	13	0	18	9	19	11	6	8	12	11	16	16	21	16	6	19	20	22	10	14	18	20	13	19	21	20	13	18	14	
0	14	12	14	0	9	18	11	6	7	11	10	4	15	20	15	17	18	19	4	9	13	17	20	22	18	22	20	13	17	14	
0	12	10	17	18	0	13	2	10	5	9	8	13	7	15	7	8	16	11	22	7	11	12	11	14	16	20	18	4	11	5	
0	12	10	17	18	8	0	10	10	10	9	13	13	2	16	7	13	19	6	22	7	11	16	19	13	16	17	18	9	11	13	
0	10	8	15	16	11	11	0	8	3	7	6	11	5	13	5	6	14	9	20	5	9	10	9	12	14	18	16	2	9	3	
0	13	13	18	21	3	16	5	0	8	10	11	16	10	16	10	11	19	14	20	10	14	15	14	17	17	21	19	7	14	8	
0	7	5	12	13	8	11	5	5	0	4	3	8	8	13	8	11	11	12	17	2	6	10	14	15	11	15	13	7	10	8	
0	3	11	8	22	11	13	13	14	11	0	14	18	7	10	8	14	12	11	26	12	7	7	15	13	7	11	9	10	12	16	
0	15	13	15	21	11	12	13	12	8	12	0	16	14	10	5	11	8	18	24	10	14	7	19	12	19	20	19	7	9	16	
0	19	17	10	5	14	17	16	11	12	16	12	0	19	22	17	16	20	15	9	14	18	19	25	23	23	27	25	18	21	12	
0	10	13	15	16	6	6	8	8	8	7	11	11	0	17	5	11	17	4	20	5	9	14	17	11	14	18	16	7	9	11	
0	12	7	5	16	1	12	3	5	5	9	4	11	8	0	7	9	10	12	20	7	11	11	12	3	15	11	10	4	11	6	
0	10	8	15	16	9	7	8	8	3	7	6	11	9	13	0	6	14	13	20	5	9	10	14	7	14	15	14	2	4	11	
0	9	7	14	12	10	13	7	7	2	6	5	10	10	15	10	0	13	14	16	4	8	12	16	17	13	15	15	9	12	10	
0	17	15	19	23	5	16	7	4	10	14	13	18	12	14	12	13	0	16	24	12	16	11	16	17	21	25	23	9	16	10	
0	6	10	11	12	4	2	4	4	7	3	10	7	4	13	9	10	13	0	16	1	5	10	13	15	10	14	12	6	9	7	
0	10	8	15	16	11	14	8	8	3	7	6	11	11	16	11	14	14	15	0	5	9	13	17	18	14	18	16	10	13	11	
0	5	11	10	11	6	11	3	3	6	2	9	6	6	12	8	9	12	10	15	0	4	9	12	15	9	13	11	5	8	6	
0	3	19	8	26	13	24	15	14	16	18	16	23	20	12	19	14	13	24	30	18	0	23	24	15	7	11	9	16	23	18	
0	11	9	8	15	4	8	6	8	4	8	7	12	10	3	1	7	5	14	19	6	10	0	15	6	15	14	13	3	5	9	
0	3	13	8	21	13	12	13	13	8	12	11	16	14	12	5	11	9	18	25	10	7	15	0	12	7	11	9	7	9	16	
0	14	4	13	20	2	9	4	11	7	11	10	15	9	17	9	10	7	13	24	9	13	14	13	0	12	8	7	6	13	7	
0	9	12	1	19	6	17	8	7	9	13	9	16	13	5	12	7	15	17	23	11	6	16	17	8	0	16	15	9	16	11	
0	39	24	32	37	34	40	29	37	32	36	35	32	34	33	34	35	38	38	34	34	37	37	38	36	31	0	26	31	38	22	
0	14	17	6	19	11	22	13	12	14	18	14	14	18	10	17	12	20	22	23	16	11	21	21	13	5	2	0	14	21	15	
0	8	6	13	14	9	10	6	6	1	5	4	9	9	11	3	9	12	13	18	3	7	8	15	10	12	16	14	0	7	9	
0	13	13	18	21	9	3	11	13	13	12	16	16	5	19	10	16	19	9	25	10	14	19	10	16	17	20	19	12	0	14	
0	17	15	20	15	18	18	7	15	10	14	13	10	12	20	12	13	21	16	19	12	16	17	16	19	21	25	23	9	16	0	
Tamanho_Tarefas
0	28	7	11	14	12	17	35	17	18	16	24	19	7	8	22	8	11	25	24	21	27	14	24	19	27	15	21	5	19	13	
Data_Entrega
0	40	32	35	39	38	31	38	41	36	37	33	32	37	33	33	34	31	39	30	34	33	30	34	36	36	32	30	35	32	40	
Penalidade_Atraso
0	9	5	12	18	19	10	15	6	8	4	13	2	7	3	19	1	13	13	12	14	16	1	16	14	7	7	12	18	1	7	
Capacidade_Veiculo
80	101	93	70	52	97	64	77	39	37	36	66	
Custo_Fixo_Veiculo
800	1010	930	700	520	970	640	770	390	370	360	660	
Coordenadas_Clientes
x	0	y	0
x	23	y	0
x	15	y	3
x	21	y	9
x	19	y	13
x	11	y	12
x	7	y	13
x	7	y	23
x	1	y	15
x	-2	y	23
x	-6	y	20
x	-8	y	14
x	-15	y	17
x	-14	y	10
x	-13	y	6
x	-14	y	3
x	-20	y	0
x	-20	y	-4
x	-19	y	-8
x	-12	y	-8
x	-10	y	-11
x	-11	y	-19
x	-6	y	-18
x	-2	y	-19
x	2	y	-24
x	6	y	-21
x	7	y	-13
x	10	y	-11
x	16	y	-12
x	13	y	-6
x	15	y	-3
Tempo_Viagem
0	23	15	22	23	16	14	24	15	23	20	16	22	17	14	14	20	20	20	14	14	21	18	19	24	21	14	14	20	14	15	
23	0	8	9	13	16	20	27	26	33	34	33	40	37	36	37	43	43	42	35	34	37	32	29	31	26	19	16	13	11	8	
15	8	0	8	10	9	12	20	18	25	26	25	32	29	28	29	35	35	35	29	28	34	29	27	29	24	17	14	15	9	6	
22	9	8	0	4	10	14	19	20	26	28	29	36	35	34	35	41	42	42	36	36	42	37	34	36	31	24	21	21	16	13	
23	13	10	4	0	8	12	15	18	23	25	27	34	33	32	34	40	42	43	37	37	43	39	37	39	34	27	24	25	19	16	
16	16	9	10	8	0	4	11	10	17	18	19	26	25	24	26	32	34	36	30	30	37	34	33	37	33	25	23	24	18	15	
14	20	12	14	12	4	0	10	6	13	14	15	22	21	21	23	29	31	33	28	28	35	32	33	37	34	26	24	25	19	17	
24	27	20	19	15	11	10	0	10	9	13	17	22	24	26	29	35	38	40	36	38	45	42	42	47	44	36	34	35	29	26	
15	26	18	20	18	10	6	10	0	8	8	9	16	15	16	19	25	28	30	26	28	36	33	34	39	36	28	27	30	24	22	
23	33	25	26	23	17	13	9	8	0	5	10	14	17	19	22	28	31	34	32	34	42	41	42	47	44	36	35	38	32	30	
20	34	26	28	25	18	14	13	8	5	0	6	9	12	15	18	23	27	30	28	31	39	38	39	44	41	34	34	38	32	30	
16	33	25	29	27	19	15	17	9	10	6	0	7	7	9	12	18	21	24	22	25	33	32	33	39	37	30	30	35	29	28	
22	40	32	36	34	26	22	22	16	14	9	7	0	7	11	14	17	21	25	25	28	36	36	38	44	43	36	36	42	36	35	
17	37	29	35	33	25	21	24	15	17	12	7	7	0	4	7	11	15	18	18	21	29	29	31	37	36	31	31	37	31	31	
14	36	28	34	32	24	21	26	16	19	15	9	11	4	0	3	9	12	15	14	17	25	25	27	33	33	27	28	34	28	29	
14	37	29	35	34	26	23	29	19	22	18	12	14	7	3	0	6	9	12	11	14	22	22	25	31	31	26	27	33	28	29	
20	43	35	41	40	32	29	35	25	28	23	18	17	11	9	6	0	4	8	11	14	21	22	25	31	32	29	31	37	33	35	
20	43	35	42	42	34	31	38	28	31	27	21	21	15	12	9	4	0	4	8	11	17	19	22	28	29	27	30	36	33	35	
20	42	35	42	43	36	33	40	30	34	30	24	25	18	15	12	8	4	0	7	9	13	16	20	26	27	26	29	35	32	34	
14	35	29	36	37	30	28	36	26	32	28	22	25	18	14	11	11	8	7	0	3	11	11	14	20	21	19	22	28	25	27	
14	34	28	36	37	30	28	38	28	34	31	25	28	21	17	14	14	11	9	3	0	8	8	11	17	18	17	20	26	23	26	
21	37	34	42	43	37	35	45	36	42	39	33	36	29	25	22	21	17	13	11	8	0	5	9	13	17	18	21	27	26	29	
18	32	29	37	39	34	32	42	33	41	38	32	36	29	25	22	22	19	16	11	8	5	0	4	10	12	13	16	22	21	24	
19	29	27	34	37	33	33	42	34	42	39	33	38	31	27	25	25	22	20	14	11	9	4	0	6	8	10	13	19	18	21	
24	31	29	36	39	37	37	47	39	47	44	39	44	37	33	31	31	28	26	20	17	13	10	6	0	5	12	15	18	20	23	
21	26	24	31	34	33	34	44	36	44	41	37	43	36	33	31	32	29	27	21	18	17	12	8	5	0	8	10	13	15	18	
14	19	17	24	27	25	26	36	28	36	34	30	36	31	27	26	29	27	26	19	17	18	13	10	12	8	0	3	9	8	11	
14	16	14	21	24	23	24	34	27	35	34	30	36	31	28	27	31	30	29	22	20	21	16	13	15	10	3	0	6	5	8	
20	13	15	21	25	24	25	35	30	38	38	35	42	37	34	33	37	36	35	28	26	27	22	19	18	13	9	6	0	6	9	
14	11	9	16	19	18	19	29	24	32	32	29	36	31	28	28	33	33	32	25	23	26	21	18	20	15	8	5	6	0	3	
15	8	6	13	16	15	17	26	22	30	30	28	35	31	29	29	35	35	34	27	26	29	24	21	23	18	11	8	9	3	0	
Custo_Viagem
V0
0	368	240	352	368	256	224	384	240	368	320	256	352	272	224	224	320	320	320	224	224	336	288	304	384	336	224	224	320	224	240	
368	0	128	144	208	256	320	448	416	528	560	544	656	608	576	592	688	688	672	560	544	608	544	496	496	432	320	272	208	176	128	
240	128	0	128	160	144	192	336	288	416	432	400	528	464	448	464	560	560	560	464	448	544	464	432	464	400	272	224	240	144	96	
352	144	128	0	64	160	224	304	320	416	464	464	576	560	544	560	656	688	688	592	576	672	608	576	608	528	416	352	336	272	208	
368	208	160	64	0	128	192	240	288	368	400	432	544	528	512	544	656	672	688	592	592	688	624	608	640	576	448	400	400	304	256	
256	256	144	160	128	0	64	176	160	272	288	304	416	400	384	416	528	544	576	480	496	608	544	528	592	528	400	368	384	288	240	
224	320	192	224	192	64	0	160	96	208	224	240	352	336	336	368	464	496	528	448	464	576	528	528	592	544	416	384	416	304	272	
384	448	336	304	240	176	160	0	160	144	208	272	352	384	416	464	560	608	640	576	608	720	688	672	752	704	576	544	576	464	432	
240	416	288	320	288	160	96	160	0	128	128	144	256	240	256	304	400	448	480	416	448	576	528	544	624	576	448	432	480	384	352	
368	528	416	416	368	272	208	144	128	0	80	160	224	272	320	368	464	512	560	512	544	672	656	672	752	704	592	576	624	512	496	
320	560	432	464	400	288	224	208	128	80	0	96	144	192	240	288	384	432	480	448	496	624	608	624	704	672	560	544	608	512	496	
256	544	400	464	432	304	240	272	144	160	96	0	112	112	144	192	288	336	384	352	400	528	512	528	624	592	480	480	560	464	448	
352	656	528	576	544	416	352	352	256	224	144	112	0	112	176	224	272	336	400	400	448	576	576	608	704	688	592	592	672	576	576	
272	608	464	560	528	400	336	384	240	272	192	112	112	0	64	112	176	240	288	288	336	464	464	496	592	576	496	496	592	496	496	
224	576	448	544	512	384	336	416	256	320	240	144	176	64	0	48	144	192	240	224	272	400	400	432	528	528	432	448	544	448	464	
224	592	464	560	544	416	368	464	304	368	288	192	224	112	48	0	96	144	192	176	224	352	352	400	496	496	416	432	528	448	464	
320	688	560	656	656	528	464	560	400	464	384	288	272	176	144	96	0	64	128	176	224	336	352	416	512	528	464	496	592	528	560	
320	688	560	688	672	544	496	608	448	512	432	336	336	240	192	144	64	0	64	128	192	272	304	368	464	496	448	480	576	528	560	
320	672	560	688	688	576	528	640	480	560	480	384	400	288	240	192	128	64	0	112	144	208	256	320	416	448	416	464	560	512	544	
224	560	464	592	592	480	448	576	416	512	448	352	400	288	224	176	176	128	112	0	48	176	176	224	336	352	304	352	448	400	432	
224	544	448	576	592	496	464	608	448	544	496	400	448	336	272	224	224	192	144	48	0	128	128	176	272	288	272	320	416	368	416	
336	608	544	672	688	608	576	720	576	672	624	528	576	464	400	352	336	272	208	176	128	0	80	144	208	272	288	352	432	432	480	
288	544	464	608	624	544	528	688	528	656	608	512	576	464	400	352	352	304	256	176	128	80	0	64	160	192	208	272	352	352	400	
304	496	432	576	608	528	528	672	544	672	624	528	608	496	432	400	416	368	320	224	176	144	64	0	96	128	160	224	304	304	368	
384	496	464	608	640	592	592	752	624	752	704	624	704	592	528	496	512	464	416	336	272	208	160	96	0	80	192	240	288	336	384	
336	432	400	528	576	528	544	704	576	704	672	592	688	576	528	496	528	496	448	352	288	272	192	128	80	0	128	160	208	256	320	
224	320	272	416	448	400	416	576	448	592	560	480	592	496	432	416	464	448	416	304	272	288	208	160	192	128	0	48	144	144	192	
224	272	224	352	400	368	384	544	432	576	544	480	592	496	448	432	496	480	464	352	320	352	272	224	240	160	48	0	96	80	144	
320	208	240	336	400	384	416	576	480	624	608	560	672	592	544	528	592	576	560	448	416	432	352	304	288	208	144	96	0	96	144	
224	176	144	272	304	288	304	464	384	512	512	464	576	496	448	448	528	528	512	400	368	432	352	304	336	256	144	80	96	0	48	
240	128	96	208	256	240	272	432	352	496	496	448	576	496	464	464	560	560	544	432	416	480	400	368	384	320	192	144	144	48	0	
V1
0	464	303	444	464	323	282	484	303	464	404	323	444	343	282	282	404	404	404	282	282	424	363	383	484	424	282	282	404	282	303	
464	0	161	181	262	323	404	565	525	666	707	686	828	767	727	747	868	868	848	707	686	767	686	626	626	545	404	343	262	222	161	
303	161	0	161	202	181	242	424	363	525	545	505	666	585	565	585	707	707	707	585	565	686	585	545	585	505	343	282	303	181	121	
444	181	161	0	80	202	282	383	404	525	585	585	727	707	686	707	828	868	868	747	727	848	767	727	767	666	525	444	424	343	262	
464	262	202	80	0	161	242	303	363	464	505	545	686	666	646	686	828	848	868	747	747	868	787	767	808	727	565	505	505	383	323	
323	323	181	202	161	0	80	222	202	343	363	383	525	505	484	525	666	686	727	606	626	767	686	666	747	666	505	464	484	363	303	
282	404	242	282	242	80	0	202	121	262	282	303	444	424	424	464	585	626	666	565	585	727	666	666	747	686	525	484	525	383	343	
484	565	424	383	303	222	202	0	202	181	262	343	444	484	525	585	707	767	808	727	767	909	868	848	949	888	727	686	727	585	545	
303	525	363	404	363	202	121	202	0	161	161	181	323	303	323	383	505	565	606	525	565	727	666	686	787	727	565	545	606	484	444	
464	666	525	525	464	343	262	181	161	0	101	202	282	343	404	464	585	646	707	646	686	848	828	848	949	888	747	727	787	646	626	
404	707	545	585	505	363	282	262	161	101	0	121	181	242	303	363	484	545	606	565	626	787	767	787	888	848	707	686	767	646	626	
323	686	505	585	545	383	303	343	181	202	121	0	141	141	181	242	363	424	484	444	505	666	646	666	787	747	606	606	707	585	565	
444	828	666	727	686	525	444	444	323	282	181	141	0	141	222	282	343	424	505	505	565	727	727	767	888	868	747	747	848	727	727	
343	767	585	707	666	505	424	484	303	343	242	141	141	0	80	141	222	303	363	363	424	585	585	626	747	727	626	626	747	626	626	
282	727	565	686	646	484	424	525	323	404	303	181	222	80	0	60	181	242	303	282	343	505	505	545	666	666	545	565	686	565	585	
282	747	585	707	686	525	464	585	383	464	363	242	282	141	60	0	121	181	242	222	282	444	444	505	626	626	525	545	666	565	585	
404	868	707	828	828	666	585	707	505	585	484	363	343	222	181	121	0	80	161	222	282	424	444	525	646	666	585	626	747	666	707	
404	868	707	868	848	686	626	767	565	646	545	424	424	303	242	181	80	0	80	161	242	343	383	464	585	626	565	606	727	666	707	
404	848	707	868	868	727	666	808	606	707	606	484	505	363	303	242	161	80	0	141	181	262	323	404	525	565	525	585	707	646	686	
282	707	585	747	747	606	565	727	525	646	565	444	505	363	282	222	222	161	141	0	60	222	222	282	424	444	383	444	565	505	545	
282	686	565	727	747	626	585	767	565	686	626	505	565	424	343	282	282	242	181	60	0	161	161	222	343	363	343	404	525	464	525	
424	767	686	848	868	767	727	909	727	848	787	666	727	585	505	444	424	343	262	222	161	0	101	181	262	343	363	444	545	545	606	
363	686	585	767	787	686	666	868	666	828	767	646	727	585	505	444	444	383	323	222	161	101	0	80	202	242	262	343	444	444	505	
383	626	545	727	767	666	666	848	686	848	787	666	767	626	545	505	525	464	404	282	222	181	80	0	121	161	202	282	383	383	464	
484	626	585	767	808	747	747	949	787	949	888	787	888	747	666	626	646	585	525	424	343	262	202	121	0	101	242	303	363	424	484	
424	545	505	666	727	666	686	888	727	888	848	747	868	727	666	626	666	626	565	444	363	343	242	161	101	0	161	202	262	323	404	
282	404	343	525	565	505	525	727	565	747	707	606	747	626	545	525	585	565	525	383	343	363	262	202	242	161	0	60	181	181	242	
282	343	282	444	505	464	484	686	545	727	686	606	747	626	565	545	626	606	585	444	404	444	343	282	303	202	60	0	121	101	181	
404	262	303	424	505	484	525	727	606	787	767	707	848	747	686	666	747	727	707	565	525	545	444	383	363	262	181	121	0	121	181	
282	222	181	343	383	363	383	585	484	646	646	585	727	626	565	565	666	666	646	505	464	545	444	383	424	323	181	101	121	0	60	
303	161	121	262	323	303	343	545	444	626	626	565	727	626	585	585	707	707	686	545	525	606	505	464	484	404	242	181	181	60	0	
V2
0	427	279	409	427	297	260	446	279	427	372	297	409	316	260	260	372	372	372	260	260	390	334	353	446	390	260	260	372	260	279	
427	0	148	167	241	297	372	520	483	613	651	632	762	706	669	688	799	799	781	651	632	706	632	576	576	502	372	316	241	204	148	
279	148	0	148	186	167	223	390	334	483	502	465	613	539	520	539	651	651	651	539	520	632	539	502	539	465	316	260	279	167	111	
409	167	148	0	74	186	260	353	372	483	539	539	669	651	632	651	762	799	799	688	669	781	706	669	706	613	483	409	390	316	241	
427	241	186	74	0	148	223	279	334	427	465	502	632	613	595	632	762	781	799	688	688	799	725	706	744	669	520	465	465	353	297	
297	297	167	186	148	0	74	204	186	316	334	353	483	465	446	483	613	632	669	558	576	706	632	613	688	613	465	427	446	334	279	
260	372	223	260	223	74	0	186	111	241	260	279	409	390	390	427	539	576	613	520	539	669	613	613	688	632	483	446	483	353	316	
446	520	390	353	279	204	186	0	186	167	241	316	409	446	483	539	651	706	744	669	706	837	799	781	874	818	669	632	669	539	502	
279	483	334	372	334	186	111	186	0	148	148	167	297	279	297	353	465	520	558	483	520	669	613	632	725	669	520	502	558	446	409	
427	613	483	483	427	316	241	167	148	0	93	186	260	316	372	427	539	595	651	595	632	781	762	781	874	818	688	669	725	595	576	
372	651	502	539	465	334	260	241	148	93	0	111	167	223	279	334	446	502	558	520	576	725	706	725	818	781	651	632	706	595	576	
297	632	465	539	502	353	279	316	167	186	111	0	130	130	167	223	334	390	446	409	465	613	595	613	725	688	558	558	651	539	520	
409	762	613	669	632	483	409	409	297	260	167	130	0	130	204	260	316	390	465	465	520	669	669	706	818	799	688	688	781	669	669	
316	706	539	651	613	465	390	446	279	316	223	130	130	0	74	130	204	279	334	334	390	539	539	576	688	669	576	576	688	576	576	
260	669	520	632	595	446	390	483	297	372	279	167	204	74	0	55	167	223	279	260	316	465	465	502	613	613	502	520	632	520	539	
260	688	539	651	632	483	427	539	353	427	334	223	260	130	55	0	111	167	223	204	260	409	409	465	576	576	483	502	613	520	539	
372	799	651	762	762	613	539	651	465	539	446	334	316	204	167	111	0	74	148	204	260	390	409	483	595	613	539	576	688	613	651	
372	799	651	799	781	632	576	706	520	595	502	390	390	279	223	167	74	0	74	148	223	316	353	427	539	576	520	558	669	613	651	
372	781	651	799	799	669	613	744	558	651	558	446	465	334	279	223	148	74	0	130	167	241	297	372	483	520	483	539	651	595	632	
260	651	539	688	688	558	520	669	483	595	520	409	465	334	260	204	204	148	130	0	55	204	204	260	390	409	353	409	520	465	502	
260	632	520	669	688	576	539	706	520	632	576	465	520	390	316	260	260	223	167	55	0	148	148	204	316	334	316	372	483	427	483	
390	706	632	781	799	706	669	837	669	781	725	613	669	539	465	409	390	316	241	204	148	0	93	167	241	316	334	409	502	502	558	
334	632	539	706	725	632	613	799	613	762	706	595	669	539	465	409	409	353	297	204	148	93	0	74	186	223	241	316	409	409	465	
353	576	502	669	706	613	613	781	632	781	725	613	706	576	502	465	483	427	372	260	204	167	74	0	111	148	186	260	353	353	427	
446	576	539	706	744	688	688	874	725	874	818	725	818	688	613	576	595	539	483	390	316	241	186	111	0	93	223	279	334	390	446	
390	502	465	613	669	613	632	818	669	818	781	688	799	669	613	576	613	576	520	409	334	316	223	148	93	0	148	186	241	297	372	
260	372	316	483	520	465	483	669	520	688	651	558	688	576	502	483	539	520	483	353	316	334	241	186	223	148	0	55	167	167	223	
260	316	260	409	465	427	446	632	502	669	632	558	688	576	520	502	576	558	539	409	372	409	316	260	279	186	55	0	111	93	167	
372	241	279	390	465	446	483	669	558	725	706	651	781	688	632	613	688	669	651	520	483	502	409	353	334	241	167	111	0	111	167	
260	204	167	316	353	334	353	539	446	595	595	539	669	576	520	520	613	613	595	465	427	502	409	353	390	297	167	93	111	0	55	
279	148	111	241	297	279	316	502	409	576	576	520	669	576	539	539	651	651	632	502	483	558	465	427	446	372	223	167	167	55	0	
V3
0	322	210	308	322	224	196	336	210	322	280	224	308	238	196	196	280	280	280	196	196	294	252	266	336	294	196	196	280	196	210	
322	0	112	126	182	224	280	392	364	462	490	476	574	532	504	518	602	602	588	490	476	532	476	434	434	378	280	238	182	154	112	
210	112	0	112	140	126	168	294	252	364	378	350	462	406	392	406	490	490	490	406	392	476	406	378	406	350	238	196	210	126	84	
308	126	112	0	56	140	196	266	280	364	406	406	504	490	476	490	574	602	602	518	504	588	532	504	532	462	364	308	294	238	182	
322	182	140	56	0	112	168	210	252	322	350	378	476	462	448	476	574	588	602	518	518	602	546	532	560	504	392	350	350	266	224	
224	224	126	140	112	0	56	154	140	238	252	266	364	350	336	364	462	476	504	420	434	532	476	462	518	462	350	322	336	252	210	
196	280	168	196	168	56	0	140	84	182	196	210	308	294	294	322	406	434	462	392	406	504	462	462	518	476	364	336	364	266	238	
336	392	294	266	210	154	140	0	140	126	182	238	308	336	364	406	490	532	560	504	532	630	602	588	658	616	504	476	504	406	378	
210	364	252	280	252	140	84	140	0	112	112	126	224	210	224	266	350	392	420	364	392	504	462	476	546	504	392	378	420	336	308	
322	462	364	364	322	238	182	126	112	0	70	140	196	238	280	322	406	448	490	448	476	588	574	588	658	616	518	504	546	448	434	
280	490	378	406	350	252	196	182	112	70	0	84	126	168	210	252	336	378	420	392	434	546	532	546	616	588	490	476	532	448	434	
224	476	350	406	378	266	210	238	126	140	84	0	98	98	126	168	252	294	336	308	350	462	448	462	546	518	420	420	490	406	392	
308	574	462	504	476	364	308	308	224	196	126	98	0	98	154	196	238	294	350	350	392	504	504	532	616	602	518	518	588	504	504	
238	532	406	490	462	350	294	336	210	238	168	98	98	0	56	98	154	210	252	252	294	406	406	434	518	504	434	434	518	434	434	
196	504	392	476	448	336	294	364	224	280	210	126	154	56	0	42	126	168	210	196	238	350	350	378	462	462	378	392	476	392	406	
196	518	406	490	476	364	322	406	266	322	252	168	196	98	42	0	84	126	168	154	196	308	308	350	434	434	364	378	462	392	406	
280	602	490	574	574	462	406	490	350	406	336	252	238	154	126	84	0	56	112	154	196	294	308	364	448	462	406	434	518	462	490	
280	602	490	602	588	476	434	532	392	448	378	294	294	210	168	126	56	0	56	112	168	238	266	322	406	434	392	420	504	462	490	
280	588	490	602	602	504	462	560	420	490	420	336	350	252	210	168	112	56	0	98	126	182	224	280	364	392	364	406	490	448	476	
196	490	406	518	518	420	392	504	364	448	392	308	350	252	196	154	154	112	98	0	42	154	154	196	294	308	266	308	392	350	378	
196	476	392	504	518	434	406	532	392	476	434	350	392	294	238	196	196	168	126	42	0	112	112	154	238	252	238	280	364	322	364	
294	532	476	588	602	532	504	630	504	588	546	462	504	406	350	308	294	238	182	154	112	0	70	126	182	238	252	308	378	378	420	
252	476	406	532	546	476	462	602	462	574	532	448	504	406	350	308	308	266	224	154	112	70	0	56	140	168	182	238	308	308	350	
266	434	378	504	532	462	462	588	476	588	546	462	532	434	378	350	364	322	280	196	154	126	56	0	84	112	140	196	266	266	322	
336	434	406	532	560	518	518	658	546	658	616	546	616	518	462	434	448	406	364	294	238	182	140	84	0	70	168	210	252	294	336	
294	378	350	462	504	462	476	616	504	616	588	518	602	504	462	434	462	434	392	308	252	238	168	112	70	0	112	140	182	224	280	
196	280	238	364	392	350	364	504	392	518	490	420	518	434	378	364	406	392	364	266	238	252	182	140	168	112	0	42	126	126	168	
196	238	196	308	350	322	336	476	378	504	476	420	518	434	392	378	434	420	406	308	280	308	238	196	210	140	42	0	84	70	126	
280	182	210	294	350	336	364	504	420	546	532	490	588	518	476	462	518	504	490	392	364	378	308	266	252	182	126	84	0	84	126	
196	154	126	238	266	252	266	406	336	448	448	406	504	434	392	392	462	462	448	350	322	378	308	266	294	224	126	70	84	0	42	
210	112	84	182	224	210	238	378	308	434	434	392	504	434	406	406	490	490	476	378	364	420	350	322	336	280	168	126	126	42	0	
V4
0	239	156	228	239	166	145	249	156	239	208	166	228	176	145	145	208	208	208	145	145	218	187	197	249	218	145	145	208	145	156	
239	0	83	93	135	166	208	291	270	343	364	353	426	395	374	384	447	447	436	364	353	395	353	322	322	280	208	176	135	114	83	
156	83	0	83	104	93	124	218	187	270	280	260	343	301	291	301	364	364	364	301	291	353	301	280	301	260	176	145	156	93	62	
228	93	83	0	41	104	145	197	208	270	301	301	374	364	353	364	426	447	447	384	374	436	395	374	395	343	270	228	218	176	135	
239	135	104	41	0	83	124	156	187	239	260	280	353	343	332	353	426	436	447	384	384	447	405	395	416	374	291	260	260	197	166	
166	166	93	104	83	0	41	114	104	176	187	197	270	260	249	270	343	353	374	312	322	395	353	343	384	343	260	239	249	187	156	
145	208	124	145	124	41	0	104	62	135	145	156	228	218	218	239	301	322	343	291	301	374	343	343	384	353	270	249	270	197	176	
249	291	218	197	156	114	104	0	104	93	135	176	228	249	270	301	364	395	416	374	395	468	447	436	488	457	374	353	374	301	280	
156	270	187	208	187	104	62	104	0	83	83	93	166	156	166	197	260	291	312	270	291	374	343	353	405	374	291	280	312	249	228	
239	343	270	270	239	176	135	93	83	0	52	104	145	176	208	239	301	332	364	332	353	436	426	436	488	457	384	374	405	332	322	
208	364	280	301	260	187	145	135	83	52	0	62	93	124	156	187	249	280	312	291	322	405	395	405	457	436	364	353	395	332	322	
166	353	260	301	280	197	156	176	93	104	62	0	72	72	93	124	187	218	249	228	260	343	332	343	405	384	312	312	364	301	291	
228	426	343	374	353	270	228	228	166	145	93	72	0	72	114	145	176	218	260	260	291	374	374	395	457	447	384	384	436	374	374	
176	395	301	364	343	260	218	249	156	176	124	72	72	0	41	72	114	156	187	187	218	301	301	322	384	374	322	322	384	322	322	
145	374	291	353	332	249	218	270	166	208	156	93	114	41	0	31	93	124	156	145	176	260	260	280	343	343	280	291	353	291	301	
145	384	301	364	353	270	239	301	197	239	187	124	145	72	31	0	62	93	124	114	145	228	228	260	322	322	270	280	343	291	301	
208	447	364	426	426	343	301	364	260	301	249	187	176	114	93	62	0	41	83	114	145	218	228	270	332	343	301	322	384	343	364	
208	447	364	447	436	353	322	395	291	332	280	218	218	156	124	93	41	0	41	83	124	176	197	239	301	322	291	312	374	343	364	
208	436	364	447	447	374	343	416	312	364	312	249	260	187	156	124	83	41	0	72	93	135	166	208	270	291	270	301	364	332	353	
145	364	301	384	384	312	291	374	270	332	291	228	260	187	145	114	114	83	72	0	31	114	114	145	218	228	197	228	291	260	280	
145	353	291	374	384	322	301	395	291	353	322	260	291	218	176	145	145	124	93	31	0	83	83	114	176	187	176	208	270	239	270	
218	395	353	436	447	395	374	468	374	436	405	343	374	301	260	228	218	176	135	114	83	0	52	93	135	176	187	228	280	280	312	
187	353	301	395	405	353	343	447	343	426	395	332	374	301	260	228	228	197	166	114	83	52	0	41	104	124	135	176	228	228	260	
197	322	280	374	395	343	343	436	353	436	405	343	395	322	280	260	270	239	208	145	114	93	41	0	62	83	104	145	197	197	239	
249	322	301	395	416	384	384	488	405	488	457	405	457	384	343	322	332	301	270	218	176	135	104	62	0	52	124	156	187	218	249	
218	280	260	343	374	343	353	457	374	457	436	384	447	374	343	322	343	322	291	228	187	176	124	83	52	0	83	104	135	166	208	
145	208	176	270	291	260	270	374	291	384	364	312	384	322	280	270	301	291	270	197	176	187	135	104	124	83	0	31	93	93	124	
145	176	145	228	260	239	249	353	280	374	353	312	384	322	291	280	322	312	301	228	208	228	176	145	156	104	31	0	62	52	93	
208	135	156	218	260	249	270	374	312	405	395	364	436	384	353	343	384	374	364	291	270	280	228	197	187	135	93	62	0	62	93	
145	114	93	176	197	187	197	301	249	332	332	301	374	322	291	291	343	343	332	260	239	280	228	197	218	166	93	52	62	0	31	
156	83	62	135	166	156	176	280	228	322	322	291	374	322	301	301	364	364	353	280	270	312	260	239	249	208	124	93	93	31	0	
V5
0	446	291	426	446	310	271	465	291	446	388	310	426	329	271	271	388	388	388	271	271	407	349	368	465	407	271	271	388	271	291	
446	0	155	174	252	310	388	543	504	640	679	659	795	737	698	717	834	834	814	679	659	737	659	601	601	523	388	329	252	213	155	
291	155	0	155	194	174	232	407	349	504	523	485	640	562	543	562	679	679	679	562	543	659	562	523	562	485	329	271	291	174	116	
426	174	155	0	77	194	271	368	388	504	562	562	698	679	659	679	795	834	834	717	698	814	737	698	737	640	504	426	407	329	252	
446	252	194	77	0	155	232	291	349	446	485	523	659	640	620	659	795	814	834	717	717	834	756	737	776	698	543	485	485	368	310	
310	310	174	194	155	0	77	213	194	329	349	368	504	485	465	504	640	659	698	582	601	737	659	640	717	640	485	446	465	349	291	
271	388	232	271	232	77	0	194	116	252	271	291	426	407	407	446	562	601	640	543	562	698	640	640	717	659	504	465	504	368	329	
465	543	407	368	291	213	194	0	194	174	252	329	426	465	504	562	679	737	776	698	737	873	834	814	911	853	698	659	698	562	523	
291	504	349	388	349	194	116	194	0	155	155	174	310	291	310	368	485	543	582	504	543	698	640	659	756	698	543	523	582	465	426	
446	640	504	504	446	329	252	174	155	0	97	194	271	329	388	446	562	620	679	620	659	814	795	814	911	853	717	698	756	620	601	
388	679	523	562	485	349	271	252	155	97	0	116	174	232	291	349	465	523	582	543	601	756	737	756	853	814	679	659	737	620	601	
310	659	485	562	523	368	291	329	174	194	116	0	135	135	174	232	349	407	465	426	485	640	620	640	756	717	582	582	679	562	543	
426	795	640	698	659	504	426	426	310	271	174	135	0	135	213	271	329	407	485	485	543	698	698	737	853	834	717	717	814	698	698	
329	737	562	679	640	485	407	465	291	329	232	135	135	0	77	135	213	291	349	349	407	562	562	601	717	698	601	601	717	601	601	
271	698	543	659	620	465	407	504	310	388	291	174	213	77	0	58	174	232	291	271	329	485	485	523	640	640	523	543	659	543	562	
271	717	562	679	659	504	446	562	368	446	349	232	271	135	58	0	116	174	232	213	271	426	426	485	601	601	504	523	640	543	562	
388	834	679	795	795	640	562	679	485	562	465	349	329	213	174	116	0	77	155	213	271	407	426	504	620	640	562	601	717	640	679	
388	834	679	834	814	659	601	737	543	620	523	407	407	291	232	174	77	0	77	155	232	329	368	446	562	601	543	582	698	640	679	
388	814	679	834	834	698	640	776	582	679	582	465	485	349	291	232	155	77	0	135	174	252	310	388	504	543	504	562	679	620	659	
271	679	562	717	717	582	543	698	504	620	543	426	485	349	271	213	213	155	135	0	58	213	213	271	407	426	368	426	543	485	523	
271	659	543	698	717	601	562	737	543	659	601	485	543	407	329	271	271	232	174	58	0	155	155	213	329	349	329	388	504	446	504	
407	737	659	814	834	737	698	873	698	814	756	640	698	562	485	426	407	329	252	213	155	0	97	174	252	329	349	426	523	523	582	
349	659	562	737	756	659	640	834	640	795	737	620	698	562	485	426	426	368	310	213	155	97	0	77	194	232	252	329	426	426	485	
368	601	523	698	737	640	640	814	659	814	756	640	737	601	523	485	504	446	388	271	213	174	77	0	116	155	194	271	368	368	446	
465	601	562	737	776	717	717	911	756	911	853	756	853	717	640	601	620	562	504	407	329	252	194	116	0	97	232	291	349	407	465	
407	523	485	640	698	640	659	853	698	853	814	717	834	698	640	601	640	601	543	426	349	329	232	155	97	0	155	194	252	310	388	
271	388	329	504	543	485	504	698	543	717	679	582	717	601	523	504	562	543	504	368	329	349	252	194	232	155	0	58	174	174	232	
271	329	271	426	485	446	465	659	523	698	659	582	717	601	543	523	601	582	562	426	388	426	329	271	291	194	58	0	116	97	174	
388	252	291	407	485	465	504	698	582	756	737	679	814	717	659	640	717	698	679	543	504	523	426	368	349	252	174	116	0	116	174	
271	213	174	329	368	349	368	562	465	620	620	562	698	601	543	543	640	640	620	485	446	523	426	368	407	310	174	97	116	0	58	
291	155	116	252	310	291	329	523	426	601	601	543	698	601	562	562	679	679	659	523	504	582	485	446	465	388	232	174	174	58	0	
V6
0	294	192	281	294	204	179	307	192	294	256	204	281	217	179	179	256	256	256	179	179	268	230	243	307	268	179	179	256	179	192	
294	0	102	115	166	204	256	358	332	422	448	435	524	486	460	473	550	550	537	448	435	486	435	396	396	345	256	217	166	140	102	
192	102	0	102	128	115	153	268	230	332	345	320	422	371	358	371	448	448	448	371	358	435	371	345	371	320	217	179	192	115	76	
281	115	102	0	51	128	179	243	256	332	371	371	460	448	435	448	524	550	550	473	460	537	486	460	486	422	332	281	268	217	166	
294	166	128	51	0	102	153	192	230	294	320	345	435	422	409	435	524	537	550	473	473	550	499	486	512	460	358	320	320	243	204	
204	204	115	128	102	0	51	140	128	217	230	243	332	320	307	332	422	435	460	384	396	486	435	422	473	422	320	294	307	230	192	
179	256	153	179	153	51	0	128	76	166	179	192	281	268	268	294	371	396	422	358	371	460	422	422	473	435	332	307	332	243	217	
307	358	268	243	192	140	128	0	128	115	166	217	281	307	332	371	448	486	512	460	486	576	550	537	601	563	460	435	460	371	345	
192	332	230	256	230	128	76	128	0	102	102	115	204	192	204	243	320	358	384	332	358	460	422	435	499	460	358	345	384	307	281	
294	422	332	332	294	217	166	115	102	0	64	128	179	217	256	294	371	409	448	409	435	537	524	537	601	563	473	460	499	409	396	
256	448	345	371	320	230	179	166	102	64	0	76	115	153	192	230	307	345	384	358	396	499	486	499	563	537	448	435	486	409	396	
204	435	320	371	345	243	192	217	115	128	76	0	89	89	115	153	230	268	307	281	320	422	409	422	499	473	384	384	448	371	358	
281	524	422	460	435	332	281	281	204	179	115	89	0	89	140	179	217	268	320	320	358	460	460	486	563	550	473	473	537	460	460	
217	486	371	448	422	320	268	307	192	217	153	89	89	0	51	89	140	192	230	230	268	371	371	396	473	460	396	396	473	396	396	
179	460	358	435	409	307	268	332	204	256	192	115	140	51	0	38	115	153	192	179	217	320	320	345	422	422	345	358	435	358	371	
179	473	371	448	435	332	294	371	243	294	230	153	179	89	38	0	76	115	153	140	179	281	281	320	396	396	332	345	422	358	371	
256	550	448	524	524	422	371	448	320	371	307	230	217	140	115	76	0	51	102	140	179	268	281	332	409	422	371	396	473	422	448	
256	550	448	550	537	435	396	486	358	409	345	268	268	192	153	115	51	0	51	102	153	217	243	294	371	396	358	384	460	422	448	
256	537	448	550	550	460	422	512	384	448	384	307	320	230	192	153	102	51	0	89	115	166	204	256	332	358	332	371	448	409	435	
179	448	371	473	473	384	358	460	332	409	358	281	320	230	179	140	140	102	89	0	38	140	140	179	268	281	243	281	358	320	345	
179	435	358	460	473	396	371	486	358	435	396	320	358	268	217	179	179	153	115	38	0	102	102	140	217	230	217	256	332	294	332	
268	486	435	537	550	486	460	576	460	537	499	422	460	371	320	281	268	217	166	140	102	0	64	115	166	217	230	281	345	345	384	
230	435	371	486	499	435	422	550	422	524	486	409	460	371	320	281	281	243	204	140	102	64	0	51	128	153	166	217	281	281	320	
243	396	345	460	486	422	422	537	435	537	499	422	486	396	345	320	332	294	256	179	140	115	51	0	76	102	128	179	243	243	294	
307	396	371	486	512	473	473	601	499	601	563	499	563	473	422	396	409	371	332	268	217	166	128	76	0	64	153	192	230	268	307	
268	345	320	422	460	422	435	563	460	563	537	473	550	460	422	396	422	396	358	281	230	217	153	102	64	0	102	128	166	204	256	
179	256	217	332	358	320	332	460	358	473	448	384	473	396	345	332	371	358	332	243	217	230	166	128	153	102	0	38	115	115	153	
179	217	179	281	320	294	307	435	345	460	435	384	473	396	358	345	396	384	371	281	256	281	217	179	192	128	38	0	76	64	115	
256	166	192	268	320	307	332	460	384	499	486	448	537	473	435	422	473	460	448	358	332	345	281	243	230	166	115	76	0	76	115	
179	140	115	217	243	230	243	371	307	409	409	371	460	396	358	358	422	422	409	320	294	345	281	243	268	204	115	64	76	0	38	
192	102	76	166	204	192	217	345	281	396	396	358	460	396	371	371	448	448	435	345	332	384	320	294	307	256	153	115	115	38	0	
V7
0	354	231	338	354	246	215	369	231	354	308	246	338	261	215	215	308	308	308	215	215	323	277	292	369	323	215	215	308	215	231	
354	0	123	138	200	246	308	431	400	508	539	523	631	585	554	569	662	662	646	539	523	585	523	477	477	415	308	261	200	169	123	
231	123	0	123	154	138	184	323	277	400	415	385	508	446	431	446	539	539	539	446	431	523	446	415	446	385	261	215	231	138	92	
338	138	123	0	61	154	215	292	308	400	446	446	554	539	523	539	631	662	662	569	554	646	585	554	585	508	400	338	323	261	200	
354	200	154	61	0	123	184	231	277	354	385	415	523	508	492	523	631	646	662	569	569	662	600	585	616	554	431	385	385	292	246	
246	246	138	154	123	0	61	169	154	261	277	292	400	385	369	400	508	523	554	462	477	585	523	508	569	508	385	354	369	277	231	
215	308	184	215	184	61	0	154	92	200	215	231	338	323	323	354	446	477	508	431	446	554	508	508	569	523	400	369	400	292	261	
369	431	323	292	231	169	154	0	154	138	200	261	338	369	400	446	539	585	616	554	585	693	662	646	723	677	554	523	554	446	415	
231	400	277	308	277	154	92	154	0	123	123	138	246	231	246	292	385	431	462	400	431	554	508	523	600	554	431	415	462	369	338	
354	508	400	400	354	261	200	138	123	0	77	154	215	261	308	354	446	492	539	492	523	646	631	646	723	677	569	554	600	492	477	
308	539	415	446	385	277	215	200	123	77	0	92	138	184	231	277	369	415	462	431	477	600	585	600	677	646	539	523	585	492	477	
246	523	385	446	415	292	231	261	138	154	92	0	107	107	138	184	277	323	369	338	385	508	492	508	600	569	462	462	539	446	431	
338	631	508	554	523	400	338	338	246	215	138	107	0	107	169	215	261	323	385	385	431	554	554	585	677	662	569	569	646	554	554	
261	585	446	539	508	385	323	369	231	261	184	107	107	0	61	107	169	231	277	277	323	446	446	477	569	554	477	477	569	477	477	
215	554	431	523	492	369	323	400	246	308	231	138	169	61	0	46	138	184	231	215	261	385	385	415	508	508	415	431	523	431	446	
215	569	446	539	523	400	354	446	292	354	277	184	215	107	46	0	92	138	184	169	215	338	338	385	477	477	400	415	508	431	446	
308	662	539	631	631	508	446	539	385	446	369	277	261	169	138	92	0	61	123	169	215	323	338	400	492	508	446	477	569	508	539	
308	662	539	662	646	523	477	585	431	492	415	323	323	231	184	138	61	0	61	123	184	261	292	354	446	477	431	462	554	508	539	
308	646	539	662	662	554	508	616	462	539	462	369	385	277	231	184	123	61	0	107	138	200	246	308	400	431	400	446	539	492	523	
215	539	446	569	569	462	431	554	400	492	431	338	385	277	215	169	169	123	107	0	46	169	169	215	323	338	292	338	431	385	415	
215	523	431	554	569	477	446	585	431	523	477	385	431	323	261	215	215	184	138	46	0	123	123	169	261	277	261	308	400	354	400	
323	585	523	646	662	585	554	693	554	646	600	508	554	446	385	338	323	261	200	169	123	0	77	138	200	261	277	338	415	415	462	
277	523	446	585	600	523	508	662	508	631	585	492	554	446	385	338	338	292	246	169	123	77	0	61	154	184	200	261	338	338	385	
292	477	415	554	585	508	508	646	523	646	600	508	585	477	415	385	400	354	308	215	169	138	61	0	92	123	154	215	292	292	354	
369	477	446	585	616	569	569	723	600	723	677	600	677	569	508	477	492	446	400	323	261	200	154	92	0	77	184	231	277	323	369	
323	415	385	508	554	508	523	677	554	677	646	569	662	554	508	477	508	477	431	338	277	261	184	123	77	0	123	154	200	246	308	
215	308	261	400	431	385	400	554	431	569	539	462	569	477	415	400	446	431	400	292	261	277	200	154	184	123	0	46	138	138	184	
215	261	215	338	385	354	369	523	415	554	523	462	569	477	431	415	477	462	446	338	308	338	261	215	231	154	46	0	92	77	138	
308	200	231	323	385	369	400	554	462	600	585	539	646	569	523	508	569	554	539	431	400	415	338	292	277	200	138	92	0	92	138	
215	169	138	261	292	277	292	446	369	492	492	446	554	477	431	431	508	508	492	385	354	415	338	292	323	246	138	77	92	0	46	
231	123	92	200	246	231	261	415	338	477	477	431	554	477	446	446	539	539	523	415	400	462	385	354	369	308	184	138	138	46	0	
V8
0	179	117	171	179	124	109	187	117	179	156	124	171	132	109	109	156	156	156	109	109	163	140	148	187	163	109	109	156	109	117	
179	0	62	70	101	124	156	218	202	257	273	265	319	296	280	288	335	335	327	273	265	296	265	241	241	210	156	132	101	85	62	
117	62	0	62	78	70	93	163	140	202	210	195	257	226	218	226	273	273	273	226	218	265	226	210	226	195	132	109	117	70	46	
171	70	62	0	31	78	109	148	156	202	226	226	280	273	265	273	319	335	335	288	280	327	296	280	296	257	202	171	163	132	101	
179	101	78	31	0	62	93	117	140	179	195	210	265	257	249	265	319	327	335	288	288	335	304	296	312	280	218	195	195	148	124	
124	124	70	78	62	0	31	85	78	132	140	148	202	195	187	202	257	265	280	234	241	296	265	257	288	257	195	179	187	140	117	
109	156	93	109	93	31	0	78	46	101	109	117	171	163	163	179	226	241	257	218	226	280	257	257	288	265	202	187	202	148	132	
187	218	163	148	117	85	78	0	78	70	101	132	171	187	202	226	273	296	312	280	296	351	335	327	366	343	280	265	280	226	210	
117	202	140	156	140	78	46	78	0	62	62	70	124	117	124	148	195	218	234	202	218	280	257	265	304	280	218	210	234	187	171	
179	257	202	202	179	132	101	70	62	0	39	78	109	132	156	179	226	249	273	249	265	327	319	327	366	343	288	280	304	249	241	
156	273	210	226	195	140	109	101	62	39	0	46	70	93	117	140	187	210	234	218	241	304	296	304	343	327	273	265	296	249	241	
124	265	195	226	210	148	117	132	70	78	46	0	54	54	70	93	140	163	187	171	195	257	249	257	304	288	234	234	273	226	218	
171	319	257	280	265	202	171	171	124	109	70	54	0	54	85	109	132	163	195	195	218	280	280	296	343	335	288	288	327	280	280	
132	296	226	273	257	195	163	187	117	132	93	54	54	0	31	54	85	117	140	140	163	226	226	241	288	280	241	241	288	241	241	
109	280	218	265	249	187	163	202	124	156	117	70	85	31	0	23	70	93	117	109	132	195	195	210	257	257	210	218	265	218	226	
109	288	226	273	265	202	179	226	148	179	140	93	109	54	23	0	46	70	93	85	109	171	171	195	241	241	202	210	257	218	226	
156	335	273	319	319	257	226	273	195	226	187	140	132	85	70	46	0	31	62	85	109	163	171	202	249	257	226	241	288	257	273	
156	335	273	335	327	265	241	296	218	249	210	163	163	117	93	70	31	0	31	62	93	132	148	179	226	241	218	234	280	257	273	
156	327	273	335	335	280	257	312	234	273	234	187	195	140	117	93	62	31	0	54	70	101	124	156	202	218	202	226	273	249	265	
109	273	226	288	288	234	218	280	202	249	218	171	195	140	109	85	85	62	54	0	23	85	85	109	163	171	148	171	218	195	210	
109	265	218	280	288	241	226	296	218	265	241	195	218	163	132	109	109	93	70	23	0	62	62	85	132	140	132	156	202	179	202	
163	296	265	327	335	296	280	351	280	327	304	257	280	226	195	171	163	132	101	85	62	0	39	70	101	132	140	171	210	210	234	
140	265	226	296	304	265	257	335	257	319	296	249	280	226	195	171	171	148	124	85	62	39	0	31	78	93	101	132	171	171	195	
148	241	210	280	296	257	257	327	265	327	304	257	296	241	210	195	202	179	156	109	85	70	31	0	46	62	78	109	148	148	179	
187	241	226	296	312	288	288	366	304	366	343	304	343	288	257	241	249	226	202	163	132	101	78	46	0	39	93	117	140	163	187	
163	210	195	257	280	257	265	343	280	343	327	288	335	280	257	241	257	241	218	171	140	132	93	62	39	0	62	78	101	124	156	
109	156	132	202	218	195	202	280	218	288	273	234	288	241	210	202	226	218	202	148	132	140	101	78	93	62	0	23	70	70	93	
109	132	109	171	195	179	187	265	210	280	265	234	288	241	218	210	241	234	226	171	156	171	132	109	117	78	23	0	46	39	70	
156	101	117	163	195	187	202	280	234	304	296	273	327	288	265	257	288	280	273	218	202	210	171	148	140	101	70	46	0	46	70	
109	85	70	132	148	140	148	226	187	249	249	226	280	241	218	218	257	257	249	195	179	210	171	148	163	124	70	39	46	0	23	
117	62	46	101	124	117	132	210	171	241	241	218	280	241	226	226	273	273	265	210	202	234	195	179	187	156	93	70	70	23	0	
V9
0	170	111	162	170	118	103	177	111	170	148	118	162	125	103	103	148	148	148	103	103	155	133	140	177	155	103	103	148	103	111	
170	0	59	66	96	118	148	207	192	244	259	251	303	281	266	273	318	318	310	259	251	281	251	229	229	199	148	125	96	81	59	
111	59	0	59	74	66	88	155	133	192	199	185	244	214	207	214	259	259	259	214	207	251	214	199	214	185	125	103	111	66	44	
162	66	59	0	29	74	103	140	148	192	214	214	266	259	251	259	303	318	318	273	266	310	281	266	281	244	192	162	155	125	96	
170	96	74	29	0	59	88	111	133	170	185	199	251	244	236	251	303	310	318	273	273	318	288	281	296	266	207	185	185	140	118	
118	118	66	74	59	0	29	81	74	125	133	140	192	185	177	192	244	251	266	222	229	281	251	244	273	244	185	170	177	133	111	
103	148	88	103	88	29	0	74	44	96	103	111	162	155	155	170	214	229	244	207	214	266	244	244	273	251	192	177	192	140	125	
177	207	155	140	111	81	74	0	74	66	96	125	162	177	192	214	259	281	296	266	281	333	318	310	347	325	266	251	266	214	199	
111	192	133	148	133	74	44	74	0	59	59	66	118	111	118	140	185	207	222	192	207	266	244	251	288	266	207	199	222	177	162	
170	244	192	192	170	125	96	66	59	0	37	74	103	125	148	170	214	236	259	236	251	310	303	310	347	325	273	266	288	236	229	
148	259	199	214	185	133	103	96	59	37	0	44	66	88	111	133	177	199	222	207	229	288	281	288	325	310	259	251	281	236	229	
118	251	185	214	199	140	111	125	66	74	44	0	51	51	66	88	133	155	177	162	185	244	236	244	288	273	222	222	259	214	207	
162	303	244	266	251	192	162	162	118	103	66	51	0	51	81	103	125	155	185	185	207	266	266	281	325	318	273	273	310	266	266	
125	281	214	259	244	185	155	177	111	125	88	51	51	0	29	51	81	111	133	133	155	214	214	229	273	266	229	229	273	229	229	
103	266	207	251	236	177	155	192	118	148	111	66	81	29	0	22	66	88	111	103	125	185	185	199	244	244	199	207	251	207	214	
103	273	214	259	251	192	170	214	140	170	133	88	103	51	22	0	44	66	88	81	103	162	162	185	229	229	192	199	244	207	214	
148	318	259	303	303	244	214	259	185	214	177	133	125	81	66	44	0	29	59	81	103	155	162	192	236	244	214	229	273	244	259	
148	318	259	318	310	251	229	281	207	236	199	155	155	111	88	66	29	0	29	59	88	125	140	170	214	229	207	222	266	244	259	
148	310	259	318	318	266	244	296	222	259	222	177	185	133	111	88	59	29	0	51	66	96	118	148	192	207	192	214	259	236	251	
103	259	214	273	273	222	207	266	192	236	207	162	185	133	103	81	81	59	51	0	22	81	81	103	155	162	140	162	207	185	199	
103	251	207	266	273	229	214	281	207	251	229	185	207	155	125	103	103	88	66	22	0	59	59	81	125	133	125	148	192	170	192	
155	281	251	310	318	281	266	333	266	310	288	244	266	214	185	162	155	125	96	81	59	0	37	66	96	125	133	162	199	199	222	
133	251	214	281	288	251	244	318	244	303	281	236	266	214	185	162	162	140	118	81	59	37	0	29	74	88	96	125	162	162	185	
140	229	199	266	281	244	244	310	251	310	288	244	281	229	199	185	192	170	148	103	81	66	29	0	44	59	74	103	140	140	170	
177	229	214	281	296	273	273	347	288	347	325	288	325	273	244	229	236	214	192	155	125	96	74	44	0	37	88	111	133	155	177	
155	199	185	244	266	244	251	325	266	325	310	273	318	266	244	229	244	229	207	162	133	125	88	59	37	0	59	74	96	118	148	
103	148	125	192	207	185	192	266	207	273	259	222	273	229	199	192	214	207	192	140	125	133	96	74	88	59	0	22	66	66	88	
103	125	103	162	185	170	177	251	199	266	251	222	273	229	207	199	229	222	214	162	148	162	125	103	111	74	22	0	44	37	66	
148	96	111	155	185	177	192	266	222	288	281	259	310	273	251	244	273	266	259	207	192	199	162	140	133	96	66	44	0	44	66	
103	81	66	125	140	133	140	214	177	236	236	214	266	229	207	207	244	244	236	185	170	199	162	140	155	118	66	37	44	0	22	
111	59	44	96	118	111	125	199	162	229	229	207	266	229	214	214	259	259	251	199	192	222	185	170	177	148	88	66	66	22	0	
V10
0	165	108	158	165	115	100	172	108	165	144	115	158	122	100	100	144	144	144	100	100	151	129	136	172	151	100	100	144	100	108	
165	0	57	64	93	115	144	201	187	237	252	244	295	273	259	266	309	309	302	252	244	273	244	223	223	194	144	122	93	79	57	
108	57	0	57	72	64	86	151	129	187	194	180	237	208	201	208	252	252	252	208	201	244	208	194	208	180	122	100	108	64	43	
158	64	57	0	28	72	100	136	144	187	208	208	259	252	244	252	295	309	309	266	259	302	273	259	273	237	187	158	151	122	93	
165	93	72	28	0	57	86	108	129	165	180	194	244	237	230	244	295	302	309	266	266	309	280	273	288	259	201	180	180	136	115	
115	115	64	72	57	0	28	79	72	122	129	136	187	180	172	187	237	244	259	216	223	273	244	237	266	237	180	165	172	129	108	
100	144	86	100	86	28	0	72	43	93	100	108	158	151	151	165	208	223	237	201	208	259	237	237	266	244	187	172	187	136	122	
172	201	151	136	108	79	72	0	72	64	93	122	158	172	187	208	252	273	288	259	273	324	309	302	338	316	259	244	259	208	194	
108	187	129	144	129	72	43	72	0	57	57	64	115	108	115	136	180	201	216	187	201	259	237	244	280	259	201	194	216	172	158	
165	237	187	187	165	122	93	64	57	0	36	72	100	122	144	165	208	230	252	230	244	302	295	302	338	316	266	259	280	230	223	
144	252	194	208	180	129	100	93	57	36	0	43	64	86	108	129	172	194	216	201	223	280	273	280	316	302	252	244	273	230	223	
115	244	180	208	194	136	108	122	64	72	43	0	50	50	64	86	129	151	172	158	180	237	230	237	280	266	216	216	252	208	201	
158	295	237	259	244	187	158	158	115	100	64	50	0	50	79	100	122	151	180	180	201	259	259	273	316	309	266	266	302	259	259	
122	273	208	252	237	180	151	172	108	122	86	50	50	0	28	50	79	108	129	129	151	208	208	223	266	259	223	223	266	223	223	
100	259	201	244	230	172	151	187	115	144	108	64	79	28	0	21	64	86	108	100	122	180	180	194	237	237	194	201	244	201	208	
100	266	208	252	244	187	165	208	136	165	129	86	100	50	21	0	43	64	86	79	100	158	158	180	223	223	187	194	237	201	208	
144	309	252	295	295	237	208	252	180	208	172	129	122	79	64	43	0	28	57	79	100	151	158	187	230	237	208	223	266	237	252	
144	309	252	309	302	244	223	273	201	230	194	151	151	108	86	64	28	0	28	57	86	122	136	165	208	223	201	216	259	237	252	
144	302	252	309	309	259	237	288	216	252	216	172	180	129	108	86	57	28	0	50	64	93	115	144	187	201	187	208	252	230	244	
100	252	208	266	266	216	201	259	187	230	201	158	180	129	100	79	79	57	50	0	21	79	79	100	151	158	136	158	201	180	194	
100	244	201	259	266	223	208	273	201	244	223	180	201	151	122	100	100	86	64	21	0	57	57	79	122	129	122	144	187	165	187	
151	273	244	302	309	273	259	324	259	302	280	237	259	208	180	158	151	122	93	79	57	0	36	64	93	122	129	158	194	194	216	
129	244	208	273	280	244	237	309	237	295	273	230	259	208	180	158	158	136	115	79	57	36	0	28	72	86	93	122	158	158	180	
136	223	194	259	273	237	237	302	244	302	280	237	273	223	194	180	187	165	144	100	79	64	28	0	43	57	72	100	136	136	165	
172	223	208	273	288	266	266	338	280	338	316	280	316	266	237	223	230	208	187	151	122	93	72	43	0	36	86	108	129	151	172	
151	194	180	237	259	237	244	316	259	316	302	266	309	259	237	223	237	223	201	158	129	122	86	57	36	0	57	72	93	115	144	
100	144	122	187	201	180	187	259	201	266	252	216	266	223	194	187	208	201	187	136	122	129	93	72	86	57	0	21	64	64	86	
100	122	100	158	180	165	172	244	194	259	244	216	266	223	201	194	223	216	208	158	144	158	122	100	108	72	21	0	43	36	64	
144	93	108	151	180	172	187	259	216	280	273	252	302	266	244	237	266	259	252	201	187	194	158	136	129	93	64	43	0	43	64	
100	79	64	122	136	129	136	208	172	230	230	208	259	223	201	201	237	237	230	180	165	194	158	136	151	115	64	36	43	0	21	
108	57	43	93	115	108	122	194	158	223	223	201	259	223	208	208	252	252	244	194	187	216	180	165	172	144	86	64	64	21	0	
V11
0	303	198	290	303	211	184	316	198	303	264	211	290	224	184	184	264	264	264	184	184	277	237	250	316	277	184	184	264	184	198	
303	0	105	118	171	211	264	369	343	435	462	448	541	501	475	488	567	567	554	462	448	501	448	409	409	356	264	224	171	145	105	
198	105	0	105	132	118	158	277	237	343	356	330	435	382	369	382	462	462	462	382	369	448	382	356	382	330	224	184	198	118	79	
290	118	105	0	52	132	184	250	264	343	382	382	475	462	448	462	541	567	567	488	475	554	501	475	501	435	343	290	277	224	171	
303	171	132	52	0	105	158	198	237	303	330	356	448	435	422	448	541	554	567	488	488	567	514	501	528	475	369	330	330	250	211	
211	211	118	132	105	0	52	145	132	224	237	250	343	330	316	343	435	448	475	396	409	501	448	435	488	435	330	303	316	237	198	
184	264	158	184	158	52	0	132	79	171	184	198	290	277	277	303	382	409	435	369	382	475	435	435	488	448	343	316	343	250	224	
316	369	277	250	198	145	132	0	132	118	171	224	290	316	343	382	462	501	528	475	501	594	567	554	620	580	475	448	475	382	356	
198	343	237	264	237	132	79	132	0	105	105	118	211	198	211	250	330	369	396	343	369	475	435	448	514	475	369	356	396	316	290	
303	435	343	343	303	224	171	118	105	0	66	132	184	224	264	303	382	422	462	422	448	554	541	554	620	580	488	475	514	422	409	
264	462	356	382	330	237	184	171	105	66	0	79	118	158	198	237	316	356	396	369	409	514	501	514	580	554	462	448	501	422	409	
211	448	330	382	356	250	198	224	118	132	79	0	92	92	118	158	237	277	316	290	330	435	422	435	514	488	396	396	462	382	369	
290	541	435	475	448	343	290	290	211	184	118	92	0	92	145	184	224	277	330	330	369	475	475	501	580	567	488	488	554	475	475	
224	501	382	462	435	330	277	316	198	224	158	92	92	0	52	92	145	198	237	237	277	382	382	409	488	475	409	409	488	409	409	
184	475	369	448	422	316	277	343	211	264	198	118	145	52	0	39	118	158	198	184	224	330	330	356	435	435	356	369	448	369	382	
184	488	382	462	448	343	303	382	250	303	237	158	184	92	39	0	79	118	158	145	184	290	290	330	409	409	343	356	435	369	382	
264	567	462	541	541	435	382	462	330	382	316	237	224	145	118	79	0	52	105	145	184	277	290	343	422	435	382	409	488	435	462	
264	567	462	567	554	448	409	501	369	422	356	277	277	198	158	118	52	0	52	105	158	224	250	303	382	409	369	396	475	435	462	
264	554	462	567	567	475	435	528	396	462	396	316	330	237	198	158	105	52	0	92	118	171	211	264	343	369	343	382	462	422	448	
184	462	382	488	488	396	369	475	343	422	369	290	330	237	184	145	145	105	92	0	39	145	145	184	277	290	250	290	369	330	356	
184	448	369	475	488	409	382	501	369	448	409	330	369	277	224	184	184	158	118	39	0	105	105	145	224	237	224	264	343	303	343	
277	501	448	554	567	501	475	594	475	554	514	435	475	382	330	290	277	224	171	145	105	0	66	118	171	224	237	290	356	356	396	
237	448	382	501	514	448	435	567	435	541	501	422	475	382	330	290	290	250	211	145	105	66	0	52	132	158	171	224	290	290	330	
250	409	356	475	501	435	435	554	448	554	514	435	501	409	356	330	343	303	264	184	145	118	52	0	79	105	132	184	250	250	303	
316	409	382	501	528	488	488	620	514	620	580	514	580	488	435	409	422	382	343	277	224	171	132	79	0	66	158	198	237	277	316	
277	356	330	435	475	435	448	580	475	580	554	488	567	475	435	409	435	409	369	290	237	224	158	105	66	0	105	132	171	211	264	
184	264	224	343	369	330	343	475	369	488	462	396	488	409	356	343	382	369	343	250	224	237	171	132	158	105	0	39	118	118	158	
184	224	184	290	330	303	316	448	356	475	448	396	488	409	369	356	409	396	382	290	264	290	224	184	198	132	39	0	79	66	118	
264	171	198	277	330	316	343	475	396	514	501	462	554	488	448	435	488	475	462	369	343	356	290	250	237	171	118	79	0	79	118	
184	145	118	224	250	237	250	382	316	422	422	382	475	409	369	369	435	435	422	330	303	356	290	250	277	211	118	66	79	0	39	
198	105	79	171	211	198	224	356	290	409	409	369	475	409	382	382	462	462	448	356	343	396	330	303	316	264	158	118	118	39	0	
Velocidade_Veiculos
1	1	1	1	1	1	1	1	1	1	1	1	