M: 8
N: 30
Nun_Veiculos: 16
Capacidade_Total: 895
Demanda_Total: 453
Setup_Min: 1
Setup_Max: 99
Raio: 20
Circulos: 1
Tempo_Processamento_Min: 1
Tempo_Processamento_Max: 49
Demanda_Min: 10
Demanda_Max: 30
Priority_Factor: 0.2
Range_Factor_R: 0.8
U_factor: 2
ALpha: 0.2Replicao: 4
Tempos_Processamentos
0	0	1	0	2	0	3	0	4	0	5	0	6	0	7	0	
0	13	1	42	2	39	3	9	4	5	5	46	6	1	7	42	
0	16	1	18	2	37	3	43	4	14	5	18	6	17	7	20	
0	5	1	3	2	4	3	43	4	6	5	30	6	42	7	16	
0	23	1	36	2	9	3	10	4	35	5	2	6	4	7	46	
0	16	1	4	2	12	3	27	4	1	5	8	6	21	7	48	
0	21	1	22	2	21	3	17	4	38	5	28	6	35	7	9	
0	13	1	6	2	48	3	43	4	9	5	36	6	14	7	4	
0	14	1	49	2	4	3	14	4	25	5	19	6	46	7	43	
0	42	1	10	2	14	3	32	4	34	5	8	6	9	7	34	
0	37	1	31	2	16	3	15	4	7	5	14	6	28	7	34	
0	45	1	44	2	16	3	21	4	13	5	35	6	13	7	16	
0	25	1	20	2	4	3	14	4	13	5	20	6	1	7	3	
0	35	1	10	2	8	3	1	4	49	5	1	6	10	7	28	
0	19	1	42	2	10	3	8	4	24	5	30	6	49	7	24	
0	17	1	10	2	36	3	26	4	48	5	15	6	20	7	9	
0	19	1	6	2	33	3	47	4	34	5	20	6	18	7	40	
0	18	1	45	2	38	3	38	4	35	5	12	6	13	7	27	
0	12	1	29	2	34	3	9	4	42	5	41	6	45	7	32	
0	12	1	44	2	47	3	10	4	5	5	41	6	41	7	12	
0	8	1	34	2	17	3	18	4	9	5	28	6	31	7	2	
0	5	1	2	2	35	3	42	4	25	5	2	6	5	7	19	
0	47	1	39	2	9	3	34	4	32	5	18	6	27	7	20	
0	18	1	21	2	44	3	2	4	26	5	47	6	13	7	44	
0	22	1	39	2	5	3	6	4	2	5	17	6	21	7	49	
0	7	1	27	2	12	3	34	4	45	5	11	6	14	7	14	
0	22	1	12	2	8	3	44	4	5	5	29	6	2	7	9	
0	49	1	15	2	8	3	14	4	26	5	42	6	48	7	36	
0	34	1	26	2	25	3	22	4	9	5	1	6	45	7	13	
0	44	1	13	2	41	3	37	4	23	5	30	6	5	7	31	
0	32	1	43	2	19	3	36	4	34	5	11	6	40	7	33	

Tempos_setup
M0
0	0	0	0	0	0	0	0	0	0	0	0	0	0	0	0	0	0	0	0	0	0	0	0	0	0	0	0	0	0	0	
0	0	22	14	14	23	17	8	4	11	25	25	6	15	18	6	12	11	12	1	15	9	14	15	21	24	4	3	14	12	7	
0	13	0	19	20	22	12	8	13	16	11	19	18	9	14	12	6	21	9	14	21	12	3	12	7	29	17	12	14	13	13	
0	17	18	0	14	17	17	10	17	12	28	20	9	9	4	6	7	23	11	14	15	9	5	1	19	25	17	3	16	12	7	
0	15	21	20	0	23	3	11	18	13	19	21	20	10	5	13	9	24	12	15	13	10	6	4	8	26	18	15	17	13	5	
0	32	33	31	24	0	27	16	16	23	14	29	22	21	25	22	18	11	21	19	30	20	15	22	30	30	20	21	22	24	23	
0	20	20	17	12	20	0	8	15	16	26	18	17	7	2	10	6	21	9	12	15	7	3	12	5	26	15	12	14	10	11	
0	21	17	17	18	21	21	0	15	8	28	18	17	7	17	10	8	13	17	12	15	4	15	14	20	21	15	14	6	9	11	
0	22	28	23	20	23	18	14	0	7	37	21	6	13	16	15	8	11	12	17	14	18	10	13	20	20	4	19	12	8	16	
0	15	21	16	16	17	19	7	14	0	31	14	16	6	10	8	1	20	16	11	7	11	11	7	13	13	14	13	5	1	9	
0	18	23	18	16	20	19	6	2	9	0	17	8	13	12	8	4	13	7	5	16	10	1	10	16	22	6	7	12	10	9	
0	20	21	3	15	20	18	4	19	12	31	0	12	11	7	9	10	17	14	16	18	8	8	4	22	25	19	6	10	13	10	
0	26	28	24	22	31	25	12	14	20	39	30	0	19	24	16	17	21	6	11	25	16	14	21	21	33	14	13	18	21	17	
0	15	19	10	18	17	18	2	8	9	30	11	10	0	10	10	1	15	10	5	16	6	11	7	13	22	8	7	7	8	11	
0	18	23	20	14	18	17	6	15	14	24	17	16	13	0	13	4	19	7	12	13	10	1	10	16	24	15	10	12	8	14	
0	11	23	23	8	24	11	10	15	7	27	21	17	13	13	0	8	22	20	12	9	14	14	12	16	20	15	14	12	8	1	
0	14	23	16	19	16	22	13	18	13	30	13	20	12	9	11	0	25	16	15	20	17	10	6	12	26	18	17	11	7	12	
0	26	22	21	13	26	16	5	20	13	32	18	22	12	14	15	13	0	21	17	20	9	15	11	21	19	20	19	11	14	16	
0	21	26	18	18	27	21	14	8	15	37	25	10	21	21	10	12	15	0	5	19	13	9	18	24	28	8	7	20	16	11	
0	16	21	13	13	22	16	15	3	10	32	24	5	16	17	5	11	10	11	0	14	8	13	14	20	23	3	2	15	11	6	
0	12	14	24	9	16	12	11	16	8	25	22	18	14	14	1	9	23	21	13	0	15	15	13	17	21	16	15	13	9	2	
0	17	13	26	14	17	17	12	21	13	24	27	23	16	19	6	14	25	22	18	15	0	16	18	20	26	21	13	18	14	7	
0	17	22	19	20	19	23	5	14	13	33	16	15	12	12	12	3	18	6	11	20	9	0	9	15	26	14	9	11	10	13	
0	21	17	18	17	21	20	9	16	17	27	19	18	8	3	16	7	22	10	13	16	13	4	0	19	27	16	13	15	11	17	
0	16	18	12	13	19	16	4	10	11	29	13	12	2	12	5	3	17	12	7	14	5	13	9	0	24	10	9	9	10	6	
0	21	22	4	18	21	21	11	17	10	20	20	11	9	8	10	9	8	15	14	17	13	9	5	21	0	9	7	8	10	11	
0	25	29	26	16	19	14	12	14	20	33	24	2	19	16	18	11	7	8	13	27	16	16	17	17	26	0	15	18	18	19	
0	14	19	26	11	23	14	13	18	10	30	24	17	16	16	3	11	25	23	15	12	6	17	15	19	23	18	0	15	11	4	
0	16	20	11	18	18	19	3	9	2	31	12	11	1	11	10	2	16	11	6	9	7	9	8	14	15	9	8	0	3	11	
0	20	23	15	22	22	23	6	13	6	34	16	15	5	12	14	6	19	15	10	13	10	13	9	18	19	13	12	4	0	15	
0	10	22	23	7	23	10	18	14	16	26	20	16	17	12	9	7	21	19	11	8	16	13	11	15	25	14	13	17	14	0	
M1
0	0	0	0	0	0	0	0	0	0	0	0	0	0	0	0	0	0	0	0	0	0	0	0	0	0	0	0	0	0	0	
0	0	7	10	19	14	6	11	13	13	15	9	13	13	21	17	13	15	5	14	1	12	17	11	13	20	6	10	12	14	12	
0	27	0	18	17	7	16	17	16	15	20	2	6	20	23	20	19	15	17	19	18	17	14	20	15	16	15	16	8	10	20	
0	26	21	0	19	23	21	14	13	7	19	18	22	17	23	19	16	18	31	22	15	20	24	11	13	13	20	19	14	26	17	
0	22	10	8	0	15	10	10	9	6	15	10	14	13	18	18	12	21	25	3	11	1	8	14	13	9	9	19	10	13	13	
0	22	12	11	15	0	16	10	9	12	15	14	18	13	17	13	12	8	27	18	11	16	14	13	15	9	15	9	10	10	13	
0	25	18	4	17	20	0	13	12	11	18	15	19	7	16	12	15	22	25	13	14	13	12	15	17	17	13	19	11	8	6	
0	12	10	12	14	9	12	0	15	2	5	4	8	4	16	14	2	17	17	9	13	7	10	16	18	15	11	9	8	12	3	
0	13	8	4	6	10	8	1	0	3	6	5	9	5	17	15	3	16	18	9	2	7	11	15	14	12	7	10	9	13	4	
0	27	24	10	28	18	19	22	23	0	27	18	22	18	16	12	24	26	32	26	25	24	26	21	23	23	18	23	22	26	17	
0	7	11	9	20	16	13	18	20	7	0	11	15	11	17	13	9	22	12	4	8	2	17	18	14	10	13	17	11	14	10	
0	25	6	16	15	5	14	15	14	13	18	0	4	18	21	18	17	13	15	17	16	15	12	18	20	14	13	14	6	8	18	
0	24	2	16	11	9	12	19	18	9	22	4	0	19	17	21	20	17	11	14	12	12	16	22	17	18	17	16	2	12	18	
0	24	15	13	13	20	17	12	11	11	17	15	19	0	25	23	14	27	29	8	13	6	17	23	18	14	18	21	4	13	15	
0	19	16	16	21	16	12	7	18	9	12	11	15	11	0	10	9	23	24	16	20	14	10	16	16	22	11	16	15	18	10	
0	15	18	20	22	20	16	11	22	13	16	15	19	15	4	0	13	27	20	20	16	18	14	20	20	26	15	11	13	22	14	
0	10	14	12	12	16	10	14	13	10	3	11	15	2	20	16	0	21	15	7	11	5	8	14	16	13	9	14	6	10	1	
0	25	14	3	12	13	21	15	14	10	20	8	12	15	13	22	17	0	23	15	15	13	20	14	16	16	20	1	3	16	18	
0	19	18	5	16	20	1	14	13	12	12	15	19	8	16	12	9	23	0	14	15	14	12	16	18	18	13	5	7	9	7	
0	25	7	5	16	14	22	19	18	3	18	9	13	10	17	15	15	22	24	0	18	16	21	16	18	6	21	23	7	17	16	
0	21	6	10	23	13	6	10	17	12	14	8	12	13	22	18	12	14	23	13	0	11	18	15	12	19	5	15	14	14	12	
0	27	9	7	18	14	11	21	20	5	20	9	13	12	19	17	17	22	24	2	20	0	16	18	12	8	17	23	9	12	17	
0	16	6	6	14	8	2	9	8	11	9	3	7	8	18	14	6	13	18	12	10	11	0	6	8	17	1	14	9	8	7	
0	15	10	6	8	12	10	3	2	5	8	7	11	7	19	17	5	7	20	11	4	9	13	0	2	14	9	8	10	15	6	
0	36	20	19	29	27	28	31	32	9	36	22	18	27	25	21	33	18	27	32	30	30	34	30	0	32	27	19	20	30	26	
0	23	17	17	10	23	18	16	15	8	21	19	23	4	19	15	18	17	22	12	12	10	18	24	18	0	17	18	1	17	19	
0	16	15	5	18	21	1	14	13	12	9	16	20	8	17	13	16	23	21	13	15	11	13	16	7	18	0	20	12	9	7	
0	24	18	17	11	23	20	14	13	9	19	18	22	14	25	21	16	27	29	14	14	12	19	25	24	20	19	0	2	20	17	
0	22	16	17	9	23	19	19	18	7	24	18	22	22	23	19	21	25	27	12	20	10	17	23	22	18	18	26	0	22	22	
0	20	10	10	9	12	6	13	12	15	13	7	11	12	22	18	10	17	17	12	14	10	4	10	12	18	5	14	13	0	11	
0	25	16	14	11	21	18	13	12	12	18	16	20	1	26	24	15	28	30	9	14	7	18	24	19	15	19	13	5	14	0	
M2
0	0	0	0	0	0	0	0	0	0	0	0	0	0	0	0	0	0	0	0	0	0	0	0	0	0	0	0	0	0	0	
0	0	18	17	3	12	17	8	20	14	19	12	17	3	20	5	10	10	23	12	11	19	21	20	18	17	15	14	12	14	14	
0	12	0	20	5	11	18	20	5	16	15	22	27	15	22	17	12	22	22	24	11	20	20	21	21	19	16	16	14	14	18	
0	9	15	0	12	15	16	17	18	15	8	5	12	12	18	14	8	19	15	21	20	3	17	14	1	9	23	7	15	12	7	
0	18	28	19	0	27	20	25	21	11	21	24	29	21	17	23	7	28	26	30	19	22	29	28	18	14	23	11	9	16	16	
0	7	8	10	10	0	7	15	9	17	17	15	22	10	27	12	17	16	24	19	18	13	15	23	11	19	18	17	15	3	7	
0	23	31	39	26	32	0	28	26	16	31	32	36	26	27	28	17	33	31	35	24	35	34	38	25	40	37	21	14	26	21	
0	8	12	14	11	4	10	0	12	16	21	4	24	11	27	13	17	18	28	8	14	17	17	26	15	23	21	21	14	6	6	
0	10	14	15	9	6	13	18	0	20	21	17	27	13	24	15	16	20	22	22	13	15	21	16	16	23	11	19	18	9	13	
0	14	22	23	16	21	14	22	15	0	15	21	23	17	11	19	1	24	15	26	20	19	30	25	12	29	23	5	25	10	17	
0	10	7	8	8	15	20	11	12	19	0	13	15	6	25	8	15	13	7	15	14	11	24	20	9	17	15	15	17	17	15	
0	15	16	29	18	23	15	23	17	29	31	0	32	18	35	20	25	25	34	27	26	23	35	30	30	32	25	27	27	11	22	
0	12	19	21	10	24	25	20	24	21	26	23	0	15	22	17	12	22	9	19	23	21	28	17	22	24	17	16	19	21	25	
0	9	15	14	12	9	14	5	17	21	16	9	14	0	21	2	19	7	20	9	8	16	18	17	15	23	12	20	19	11	11	
0	13	15	16	13	10	13	19	4	15	8	21	12	14	0	16	3	21	15	23	17	19	25	14	1	18	15	7	22	9	17	
0	7	21	20	10	14	12	10	22	20	14	11	16	6	19	0	17	5	18	9	6	22	18	21	16	24	18	21	18	16	12	
0	13	21	22	16	20	13	21	14	12	14	20	22	16	10	18	0	23	21	25	24	18	29	24	11	28	24	4	24	9	16	
0	9	21	17	12	13	7	17	22	17	25	6	11	12	26	14	18	0	20	4	19	17	13	16	18	26	13	20	15	16	7	
0	3	10	12	1	15	20	11	15	12	20	14	8	6	18	8	8	13	0	15	14	12	24	13	13	15	8	12	10	17	16	
0	14	25	16	17	17	24	22	26	24	23	18	16	17	34	19	24	24	25	0	15	16	9	28	17	25	29	16	26	20	20	
0	1	15	16	4	13	18	9	20	15	8	13	18	4	21	6	11	11	15	13	0	19	22	21	17	18	16	15	13	15	10	
0	6	18	23	9	15	13	14	15	12	21	2	23	9	23	11	13	16	16	18	17	0	17	12	24	23	21	4	12	9	4	
0	8	16	18	11	8	15	16	17	19	15	9	7	11	28	13	18	18	16	20	7	7	0	19	19	25	23	11	19	11	11	
0	19	16	17	17	22	10	20	21	26	9	16	12	15	32	17	22	22	16	16	21	20	14	0	18	26	24	24	24	25	24	
0	17	14	15	15	20	20	18	19	19	7	20	11	13	17	15	7	20	14	22	21	18	27	13	0	17	22	11	24	16	22	
0	13	23	25	14	15	18	11	13	24	17	15	21	16	9	18	12	23	13	19	12	25	28	23	10	0	21	16	23	14	17	
0	10	19	4	13	19	15	18	17	16	12	6	16	13	13	15	12	20	19	21	18	4	18	5	5	13	0	8	16	13	8	
0	14	29	31	17	21	15	22	23	8	23	26	31	17	19	19	9	24	23	26	25	27	25	33	20	31	29	0	20	18	12	
0	9	21	25	12	21	16	17	17	2	17	21	25	12	13	14	3	19	17	21	10	21	20	27	14	26	24	7	0	12	7	
0	4	20	19	7	12	4	12	6	18	23	16	21	7	24	9	14	14	23	16	15	19	24	20	20	21	15	18	16	0	11	
0	2	20	19	5	14	19	10	22	10	21	14	19	5	21	7	11	12	25	14	13	20	13	22	20	19	17	15	8	16	0	
M3
0	0	0	0	0	0	0	0	0	0	0	0	0	0	0	0	0	0	0	0	0	0	0	0	0	0	0	0	0	0	0	
0	0	21	10	13	28	11	9	5	14	18	6	13	20	12	6	9	2	18	11	8	8	14	14	10	12	9	19	12	4	8	
0	22	0	20	19	13	23	11	15	17	24	23	15	32	18	18	19	24	24	13	18	18	24	22	28	20	19	31	16	15	18	
0	26	33	0	16	44	12	24	27	21	26	16	19	29	22	23	20	27	16	26	19	23	25	26	33	24	20	34	19	28	19	
0	17	21	18	0	29	8	10	14	14	13	14	14	22	13	7	4	14	15	12	3	8	9	17	17	15	15	20	3	14	14	
0	13	16	9	8	0	10	8	12	8	15	14	6	24	9	5	6	12	17	10	11	10	11	9	15	7	6	18	5	12	5	
0	17	25	11	4	33	0	12	15	12	14	18	10	20	13	11	8	15	7	14	7	12	13	18	21	16	8	24	7	16	7	
0	11	25	9	8	29	12	0	4	6	13	12	4	21	7	11	8	13	13	2	7	7	13	18	21	17	9	24	5	4	8	
0	17	21	5	8	29	8	10	0	9	13	14	10	17	8	7	4	14	15	12	3	3	9	17	17	15	11	20	7	14	15	
0	8	23	8	20	23	19	17	13	0	10	9	1	16	1	14	17	10	24	19	16	2	19	12	18	16	5	27	17	12	16	
0	22	16	11	14	29	12	11	15	17	0	18	15	19	15	8	8	1	17	13	15	14	13	9	9	7	8	21	11	3	7	
0	22	17	23	11	30	18	18	22	24	18	0	22	15	6	18	15	13	25	20	14	19	20	10	21	8	20	28	8	15	19	
0	7	25	10	19	25	18	16	12	2	9	8	0	18	3	13	16	9	25	18	15	4	18	14	17	16	7	26	16	11	15	
0	14	19	12	11	32	15	3	7	9	3	15	7	0	10	11	11	4	16	5	10	10	16	12	12	10	11	24	8	6	10	
0	25	22	26	28	35	26	30	30	18	27	26	18	34	0	31	22	27	27	24	31	20	27	11	35	34	23	35	25	26	30	
0	14	17	12	9	22	5	3	7	9	16	14	7	24	10	0	8	13	12	5	7	10	13	10	10	8	12	13	8	7	11	
0	17	17	15	6	30	4	8	12	12	9	10	12	20	11	13	0	10	11	10	9	6	5	18	15	16	12	26	3	12	11	
0	24	20	10	13	33	11	15	14	19	16	17	17	18	14	20	7	0	16	15	16	13	12	17	8	15	7	29	10	2	6	
0	10	28	13	8	28	15	16	15	5	12	11	3	13	6	15	12	12	0	18	11	7	17	17	20	19	10	20	5	14	16	
0	9	24	10	13	27	11	15	14	4	11	10	2	20	5	15	7	11	18	0	16	6	12	16	19	15	7	28	10	2	6	
0	18	18	16	7	26	5	7	11	11	10	11	11	19	10	4	1	11	12	9	0	5	6	14	14	12	13	17	4	11	12	
0	14	23	14	21	29	17	15	19	6	16	15	7	14	5	12	16	16	24	17	15	0	21	16	22	14	11	25	19	18	22	
0	14	12	12	11	25	15	3	7	9	16	10	7	24	10	14	11	16	16	5	10	10	0	20	10	18	12	27	8	7	11	
0	22	28	16	17	40	15	19	23	17	20	21	15	31	18	24	11	21	20	13	20	17	16	0	26	27	13	37	14	15	19	
0	21	12	22	10	25	17	20	24	18	23	24	16	26	19	17	14	23	13	22	13	18	19	27	0	25	19	30	7	24	18	
0	24	9	15	18	22	16	20	19	19	21	21	17	23	19	25	12	5	21	15	21	18	17	2	13	0	12	20	15	7	11	
0	24	33	3	16	36	15	26	29	24	29	16	22	31	22	23	20	20	19	28	19	24	25	26	28	24	0	36	15	22	22	
0	22	18	11	11	30	9	11	15	15	14	1	15	16	3	8	5	14	16	13	4	9	10	11	18	9	8	0	8	15	16	
0	14	24	15	3	32	10	13	17	17	16	17	17	25	16	10	7	16	17	15	6	11	12	20	19	18	12	23	0	17	11	
0	22	22	8	11	35	9	13	12	17	14	15	17	25	12	18	5	15	16	15	14	11	10	15	20	13	5	27	8	0	4	
0	18	18	4	7	31	5	9	8	13	10	11	13	21	12	14	1	11	12	11	10	7	6	11	16	9	1	23	4	13	0	
M4
0	0	0	0	0	0	0	0	0	0	0	0	0	0	0	0	0	0	0	0	0	0	0	0	0	0	0	0	0	0	0	
0	0	12	19	3	5	10	16	3	9	2	14	9	8	2	3	4	6	19	8	19	9	12	8	17	14	6	4	13	9	13	
0	30	0	24	27	24	13	22	25	29	32	26	22	28	24	11	24	20	27	23	25	16	23	21	20	27	22	25	34	26	15	
0	25	15	0	17	21	14	13	19	18	21	16	21	17	18	12	13	20	27	7	16	22	13	20	19	20	19	15	24	17	14	
0	11	12	20	0	4	9	17	10	12	13	14	8	6	13	11	12	3	16	5	20	20	11	7	15	13	5	1	10	6	10	
0	24	11	16	16	0	5	21	10	17	20	15	15	15	9	10	11	15	27	15	24	21	12	14	23	9	12	14	23	19	22	
0	27	18	11	22	22	0	24	22	18	21	24	18	23	21	23	19	10	28	10	27	28	24	22	22	28	20	18	26	23	17	
0	17	10	12	15	13	1	0	8	14	17	17	14	19	14	12	15	11	14	3	3	21	14	13	15	11	11	7	16	4	10	
0	26	11	32	15	16	21	26	0	21	14	11	16	21	18	12	20	18	22	20	29	13	18	15	24	15	18	16	25	21	25	
0	14	3	22	4	6	11	17	14	0	3	11	12	10	15	14	16	7	10	9	20	10	8	11	19	15	9	5	14	10	14	
0	12	10	19	1	3	8	14	11	7	0	15	9	7	12	12	13	4	17	6	17	7	12	8	16	12	6	2	11	7	11	
0	19	14	21	11	5	10	16	3	20	17	0	10	17	14	5	16	14	24	13	19	16	7	9	18	4	7	9	18	14	20	
0	25	20	27	17	11	16	22	9	26	23	6	0	23	20	11	22	20	30	19	25	17	13	15	24	10	13	15	24	20	26	
0	26	11	16	15	19	5	17	15	14	17	23	17	0	14	22	16	15	24	3	20	24	22	16	15	27	17	16	25	21	10	
0	16	11	22	12	12	11	19	1	8	11	12	13	6	0	13	2	15	18	9	22	14	16	12	21	14	10	6	15	11	16	
0	19	25	29	16	20	21	24	17	25	21	15	21	22	21	0	21	19	24	18	27	21	12	20	22	19	18	14	23	19	17	
0	14	9	20	10	10	9	17	13	6	9	17	11	4	16	13	0	13	16	7	20	16	14	10	19	12	8	4	13	9	14	
0	17	12	24	16	18	13	16	16	15	18	14	8	13	15	19	9	0	25	4	19	24	21	15	14	18	16	13	16	18	9	
0	4	8	23	7	9	12	17	7	5	6	16	13	7	6	7	8	10	0	3	20	13	13	12	15	16	10	8	10	13	10	
0	23	8	22	12	16	11	14	12	11	14	20	14	17	11	19	13	14	21	0	17	21	19	13	12	24	14	13	22	18	7	
0	14	7	12	16	10	5	18	5	15	16	16	11	16	15	13	12	15	11	4	0	18	14	10	16	12	8	4	13	1	11	
0	22	8	28	18	18	17	24	21	14	17	25	19	12	21	19	8	21	24	10	27	0	22	18	22	20	16	12	21	17	17	
0	12	13	22	4	8	11	19	6	13	14	3	9	10	14	8	16	7	17	6	22	9	0	8	17	7	6	2	11	7	13	
0	23	14	23	15	7	12	11	8	11	14	7	1	21	15	12	17	18	21	14	14	18	11	0	9	11	5	13	22	11	21	
0	15	12	14	12	4	3	2	7	14	17	11	5	12	6	8	8	13	16	5	5	17	8	4	0	13	2	5	14	6	12	
0	15	16	21	7	5	10	12	9	16	17	6	6	13	10	1	12	10	20	9	15	12	3	5	14	0	3	5	14	10	16	
0	18	13	18	10	2	7	13	10	13	16	9	3	16	11	12	13	13	20	12	16	15	6	2	11	11	0	8	17	10	19	
0	10	11	20	13	6	9	17	9	11	12	13	7	18	12	13	14	16	15	4	20	19	10	6	15	12	4	0	9	5	11	
0	1	13	20	4	6	11	17	4	10	3	15	10	9	3	4	5	7	20	9	20	10	13	9	18	15	7	5	0	10	14	
0	14	6	15	15	12	4	17	4	14	16	15	13	17	14	12	16	14	10	3	20	17	14	12	15	11	10	6	15	0	10	
0	20	17	15	17	9	4	7	10	17	20	13	7	15	9	13	11	7	21	10	10	15	13	6	5	17	7	10	19	11	0	
M5
0	0	0	0	0	0	0	0	0	0	0	0	0	0	0	0	0	0	0	0	0	0	0	0	0	0	0	0	0	0	0	
0	0	19	28	20	22	20	22	17	17	24	24	23	42	26	27	28	21	22	18	15	19	17	21	13	24	36	24	24	34	19	
0	26	0	22	22	3	12	23	20	19	10	5	18	35	9	19	21	22	6	19	17	13	19	13	24	6	19	25	19	28	19	
0	12	20	0	15	22	9	12	12	7	15	22	10	37	17	15	27	4	11	1	22	18	16	10	12	12	25	7	7	26	7	
0	16	29	25	0	32	26	32	31	30	30	30	29	35	12	36	39	29	17	26	28	24	23	6	29	11	28	26	24	23	30	
0	23	23	19	19	0	17	20	17	16	18	2	15	42	6	16	18	19	3	16	14	10	17	18	21	23	16	22	22	25	16	
0	22	21	26	20	13	0	13	17	15	13	15	15	30	17	21	31	16	2	13	13	9	18	1	20	6	23	19	19	24	15	
0	22	8	30	10	11	19	0	22	16	18	13	20	29	17	25	29	14	14	11	25	21	26	16	22	14	27	17	17	33	17	
0	12	16	28	3	19	9	8	0	3	15	21	10	25	15	10	22	4	11	1	17	13	11	9	7	12	25	7	7	26	2	
0	26	13	29	15	16	23	5	16	0	12	18	14	34	16	26	34	18	19	15	26	26	27	21	23	19	32	21	21	38	18	
0	29	21	17	26	24	26	29	23	24	0	26	21	25	4	32	42	21	27	18	27	30	15	27	29	27	40	24	24	43	24	
0	25	21	17	18	11	15	18	15	18	21	0	13	40	4	14	16	17	8	14	19	15	15	16	22	21	14	20	20	30	17	
0	12	18	25	5	21	9	10	2	5	8	16	0	27	12	12	24	4	11	1	12	15	13	10	9	12	25	7	7	26	4	
0	23	20	16	21	23	25	21	18	16	18	25	16	0	3	22	32	18	3	17	14	10	14	26	21	26	29	23	21	25	16	
0	25	17	13	22	20	22	25	19	20	18	22	17	38	0	28	38	17	23	14	23	29	11	23	25	23	36	20	20	39	20	
0	14	11	27	7	14	11	12	4	7	10	16	2	29	14	0	24	6	3	3	14	10	5	12	11	14	27	9	9	25	6	
0	20	11	28	13	14	17	17	10	12	16	11	8	35	15	20	0	9	17	9	20	23	14	18	17	17	25	15	12	31	12	
0	20	16	31	18	19	24	8	19	3	15	18	17	37	19	16	32	0	15	18	26	22	21	24	26	9	21	24	3	22	21	
0	20	26	24	18	26	22	18	15	13	15	28	13	40	19	19	29	17	0	14	11	7	22	23	18	25	26	20	20	22	13	
0	11	19	29	14	21	8	11	11	6	14	21	9	36	16	14	26	3	10	0	21	17	15	9	11	11	24	6	6	25	6	
0	19	15	13	17	15	22	7	18	2	14	17	16	36	18	20	30	17	11	14	0	6	19	23	15	21	25	20	20	21	20	
0	13	19	17	21	19	22	11	21	6	8	21	19	33	12	24	30	20	15	18	4	0	23	23	19	22	19	16	23	15	23	
0	18	6	22	11	9	15	16	8	11	7	11	6	27	9	18	27	10	12	7	18	19	0	16	15	12	25	13	13	32	10	
0	31	23	35	28	26	25	26	25	24	24	28	23	29	26	30	33	26	11	23	22	18	17	0	29	5	22	29	18	33	24	
0	18	10	23	15	13	15	17	12	12	11	15	10	31	13	21	15	10	16	7	10	6	4	16	0	16	25	13	13	21	13	
0	26	26	30	24	29	20	21	21	19	21	24	19	43	25	25	28	21	6	18	17	13	28	21	24	0	17	24	13	28	19	
0	12	9	29	14	12	3	4	12	7	15	14	10	26	17	15	11	4	5	1	16	12	16	4	12	9	0	7	7	26	7	
0	5	19	23	8	22	12	11	5	8	8	19	3	30	10	15	27	7	13	4	15	18	16	13	12	15	27	0	10	29	7	
0	17	24	28	20	26	24	25	17	20	23	15	15	42	19	13	31	19	12	16	23	19	18	25	24	6	23	22	0	19	19	
0	21	27	9	24	30	18	19	21	14	10	29	19	35	14	24	32	11	11	10	22	18	25	19	21	7	21	16	14	0	16	
0	22	14	28	15	17	19	6	12	1	13	19	10	35	17	8	20	14	11	11	15	11	9	20	5	20	30	17	17	26	0	
M6
0	0	0	0	0	0	0	0	0	0	0	0	0	0	0	0	0	0	0	0	0	0	0	0	0	0	0	0	0	0	0	
0	0	18	17	18	22	16	17	20	22	17	15	13	11	9	21	24	9	11	17	1	13	12	29	21	26	8	26	14	12	13	
0	16	0	14	13	20	13	22	20	24	18	14	16	14	5	16	18	15	18	15	17	9	15	26	13	19	15	8	14	11	9	
0	5	10	0	23	20	12	22	13	15	22	13	8	3	4	21	14	4	16	15	6	8	4	12	16	22	13	18	7	17	8	
0	7	8	13	0	7	12	9	7	11	5	11	12	13	8	3	21	11	5	7	8	9	14	20	12	16	14	16	1	9	11	
0	16	14	11	23	0	13	32	16	17	28	12	9	14	3	21	14	5	20	5	17	7	15	18	16	14	13	22	18	19	7	
0	14	15	16	24	8	0	29	22	23	15	20	17	12	11	22	11	13	25	13	15	15	13	26	17	22	19	19	16	6	15	
0	14	19	14	20	5	18	0	21	7	25	17	14	12	8	16	19	10	10	10	15	12	13	23	11	17	11	27	15	19	2	
0	12	21	16	23	23	20	29	0	27	28	19	8	14	14	18	22	4	4	14	13	14	15	27	13	19	13	29	17	21	4	
0	12	17	7	24	21	13	29	20	0	28	20	14	10	11	23	21	11	3	22	13	15	11	19	23	26	20	25	14	19	15	
0	10	13	8	19	15	7	27	18	8	0	6	7	8	9	12	17	9	11	2	11	8	9	15	7	11	9	15	12	4	9	
0	13	16	8	20	9	1	23	20	14	16	0	15	11	12	23	12	11	11	2	14	16	12	15	18	11	10	20	15	7	16	
0	27	28	33	20	27	32	29	27	31	25	31	0	33	28	23	31	31	25	27	28	29	31	29	32	36	34	36	21	29	31	
0	2	7	6	20	17	9	19	10	21	19	10	5	0	1	19	16	1	13	12	3	5	1	18	14	20	10	15	4	14	5	
0	16	21	17	23	18	10	32	19	23	25	9	11	14	0	18	15	14	20	11	17	4	15	24	13	19	13	29	17	16	4	
0	4	20	17	20	6	19	21	22	23	21	18	15	15	9	0	20	11	15	11	5	13	16	24	22	20	12	21	18	16	13	
0	18	23	13	29	18	10	18	26	23	25	9	21	16	17	25	0	17	20	11	19	4	17	24	27	20	19	29	20	16	20	
0	17	19	12	24	19	18	33	11	27	29	17	4	15	16	27	26	0	15	19	18	20	16	24	24	28	24	27	19	18	15	
0	24	34	33	31	26	26	28	32	27	36	25	11	27	18	20	33	21	0	27	25	20	28	40	26	32	28	33	31	26	22	
0	11	16	6	18	24	16	27	18	21	23	15	13	9	10	21	15	9	22	0	12	14	10	13	17	9	8	24	13	16	14	
0	12	17	16	17	23	15	26	19	21	16	14	12	10	8	20	23	8	22	16	0	12	11	28	20	25	7	25	13	11	12	
0	18	21	13	25	14	6	28	25	19	21	5	20	16	17	28	17	16	16	7	19	0	17	20	23	16	15	25	20	12	21	
0	10	15	5	26	21	17	27	13	20	27	18	6	8	9	26	19	2	17	20	11	13	0	17	21	27	16	23	12	20	13	
0	7	12	7	16	15	11	20	15	20	21	10	8	5	6	9	2	4	17	12	8	5	2	0	4	10	6	20	9	11	10	
0	3	8	7	12	11	7	20	11	16	17	6	6	1	2	5	17	2	14	8	4	1	2	19	0	6	2	16	5	10	6	
0	18	11	19	24	20	13	33	9	26	28	12	11	22	16	14	24	13	13	14	19	20	14	24	22	0	22	19	12	19	13	
0	5	10	9	10	16	8	19	12	14	15	7	5	3	4	13	17	1	15	9	6	8	4	21	13	18	0	18	6	8	8	
0	8	12	12	5	12	12	14	12	16	10	11	11	6	7	8	22	7	10	7	9	6	7	20	5	11	7	0	6	3	11	
0	18	24	21	29	22	14	35	6	27	29	13	14	17	7	24	22	10	10	15	19	8	18	28	19	24	19	24	0	15	10	
0	8	9	12	22	23	15	25	16	27	25	16	11	6	7	23	22	7	19	18	9	11	7	24	18	24	16	17	10	0	9	
0	12	17	16	19	20	16	28	19	23	24	15	14	10	11	14	25	10	23	17	13	10	11	28	9	15	9	25	13	17	0	
M7
0	0	0	0	0	0	0	0	0	0	0	0	0	0	0	0	0	0	0	0	0	0	0	0	0	0	0	0	0	0	0	
0	0	15	2	16	10	16	11	6	14	20	11	4	17	13	19	18	6	9	14	7	11	15	14	20	20	16	18	13	11	7	
0	18	0	12	12	8	12	14	10	15	8	11	21	5	17	8	14	14	12	2	10	14	18	10	16	15	13	6	16	7	16	
0	8	16	0	14	11	14	12	7	12	23	11	12	15	17	17	16	4	11	18	5	13	17	12	18	19	18	16	15	9	15	
0	11	22	13	0	21	22	22	17	24	17	21	15	27	13	24	25	17	7	11	18	22	11	22	25	24	19	28	24	21	4	
0	13	17	15	15	0	15	14	9	18	24	14	17	16	19	19	17	6	16	19	20	6	10	13	24	23	11	17	8	10	19	
0	18	7	10	19	15	0	3	11	22	15	16	9	12	21	13	21	12	14	9	15	16	20	17	23	22	20	11	18	14	12	
0	22	4	16	16	12	16	0	13	19	12	15	25	9	21	12	18	10	16	6	14	16	20	14	20	19	17	10	18	11	20	
0	13	9	11	15	4	18	5	0	21	17	5	17	14	10	17	17	10	16	11	16	6	10	13	24	23	11	15	8	13	19	
0	14	18	16	16	1	16	15	10	0	20	15	18	17	20	20	18	7	10	14	4	7	11	14	25	24	12	18	9	11	20	
0	12	19	14	9	8	15	18	17	7	0	22	16	18	22	21	16	14	4	20	8	14	13	21	22	23	19	19	16	18	13	
0	14	22	6	16	13	17	18	13	18	14	0	18	10	10	13	22	10	17	8	11	19	23	18	20	21	23	11	21	12	20	
0	14	11	13	13	6	19	7	2	20	16	7	0	16	12	16	15	3	5	10	13	7	11	11	17	16	12	17	9	14	3	
0	15	13	7	18	3	7	9	5	12	13	10	16	0	12	3	19	9	11	7	5	9	13	16	11	12	13	1	11	2	19	
0	8	16	10	24	18	9	12	14	22	24	19	12	21	0	20	26	14	17	18	15	19	23	22	28	28	24	18	21	19	15	
0	27	16	19	28	24	9	12	20	31	24	25	18	21	30	0	30	21	23	18	24	25	29	26	32	31	29	20	27	23	21	
0	26	14	25	21	22	25	10	18	28	22	23	16	19	28	22	0	16	14	16	24	23	23	24	8	7	18	20	25	20	14	
0	16	12	14	10	7	21	8	3	24	19	8	20	17	13	13	12	0	17	14	19	9	13	8	20	19	14	18	11	16	14	
0	22	15	24	23	23	27	29	25	27	23	26	26	20	31	23	25	27	0	17	25	29	9	21	18	19	25	21	22	22	10	
0	16	25	18	15	14	21	24	22	13	6	27	20	24	16	27	22	20	10	0	14	20	19	27	14	13	24	25	22	24	19	
0	20	21	21	22	8	21	22	17	7	25	22	24	22	27	19	24	14	6	21	0	13	15	20	24	25	18	23	15	16	16	
0	7	11	9	9	14	12	14	10	15	18	12	11	13	20	16	11	7	10	13	14	0	4	7	18	17	5	14	2	7	13	
0	28	30	30	17	25	30	26	21	34	34	26	30	31	22	34	32	31	24	28	35	27	0	34	23	22	32	32	29	25	21	
0	12	4	14	2	12	15	14	13	18	11	15	16	9	15	12	4	18	9	6	14	18	11	0	12	11	17	10	20	10	6	
0	24	21	17	13	16	17	17	12	20	26	17	10	18	22	21	11	10	8	20	22	17	17	18	0	1	10	19	19	12	13	
0	23	20	18	14	15	18	16	11	21	25	16	9	19	21	22	10	9	7	19	22	16	16	17	1	0	11	20	18	13	12	
0	15	13	7	19	9	7	9	5	10	20	10	16	8	15	11	6	11	18	15	12	10	14	17	14	13	0	9	12	2	19	
0	22	18	19	18	12	11	14	17	11	12	21	20	20	22	2	18	16	10	6	4	17	19	16	20	19	12	0	11	14	20	
0	17	9	16	7	12	20	13	8	23	16	10	17	14	18	17	9	5	8	11	19	14	16	5	16	15	19	15	0	15	11	
0	13	11	5	18	7	5	7	3	17	19	8	14	6	13	9	20	9	16	13	10	9	13	16	17	18	14	7	11	0	17	
0	12	27	14	22	21	22	23	18	20	13	17	16	23	23	20	21	18	17	7	19	23	26	26	21	20	15	24	25	17	0	
Tamanho_Tarefas
0	17	18	12	3	2	18	19	5	13	16	25	10	5	19	12	26	20	25	20	12	15	19	6	11	15	5	26	14	20	25	
Data_Entrega
0	33	35	34	35	31	37	39	34	32	36	39	40	32	41	32	41	35	40	37	34	30	39	31	34	31	30	31	35	31	38	
Penalidade_Atraso
0	9	14	17	2	13	5	20	17	3	9	4	8	10	8	7	9	9	1	15	1	15	4	14	20	6	3	17	20	1	14	
Capacidade_Veiculo
74	37	60	43	68	49	77	66	47	71	56	38	53	56	34	66	
Custo_Fixo_Veiculo
740	370	600	430	680	490	770	660	470	710	560	380	530	560	340	660	
Coordenadas_Clientes
x	0	y	0
x	20	y	0
x	23	y	4
x	14	y	6
x	15	y	11
x	10	y	12
x	11	y	20
x	5	y	15
x	1	y	16
x	-2	y	24
x	-6	y	19
x	-9	y	15
x	-12	y	13
x	-12	y	9
x	-15	y	6
x	-19	y	4
x	-21	y	0
x	-14	y	-3
x	-18	y	-8
x	-12	y	-9
x	-13	y	-15
x	-9	y	-16
x	-6	y	-20
x	-2	y	-21
x	2	y	-22
x	6	y	-19
x	7	y	-12
x	16	y	-18
x	13	y	-9
x	14	y	-6
x	24	y	-5
Tempo_Viagem
0	20	23	15	18	15	22	15	16	24	19	17	17	15	16	19	21	14	19	15	19	18	20	21	22	19	13	23	15	15	24	
20	0	5	8	12	15	21	20	24	31	31	32	34	33	35	39	41	34	38	33	36	33	32	29	28	23	17	18	11	8	6	
23	5	0	9	10	15	19	20	24	31	31	33	35	35	38	42	44	37	42	37	40	37	37	34	33	28	22	23	16	13	9	
15	8	9	0	5	7	14	12	16	23	23	24	26	26	29	33	35	29	34	30	34	31	32	31	30	26	19	24	15	12	14	
18	12	10	5	0	5	9	10	14	21	21	24	27	27	30	34	37	32	37	33	37	36	37	36	35	31	24	29	20	17	18	
15	15	15	7	5	0	8	5	9	16	16	19	22	22	25	29	33	28	34	30	34	33	35	35	34	31	24	30	21	18	21	
22	21	19	14	9	8	0	7	10	13	17	20	23	24	28	32	36	33	39	36	41	40	42	43	42	39	32	38	29	26	27	
15	20	20	12	10	5	7	0	4	11	11	14	17	18	21	25	29	26	32	29	34	33	35	36	37	34	27	34	25	22	26	
16	24	24	16	14	9	10	4	0	8	7	10	13	14	18	22	26	24	30	28	34	33	36	37	38	35	28	36	27	25	30	
24	31	31	23	21	16	13	11	8	0	6	11	14	17	21	25	29	29	35	34	40	40	44	45	46	43	36	44	35	33	37	
19	31	31	23	21	16	17	11	7	6	0	5	8	11	15	19	23	23	29	28	34	35	39	40	41	38	32	42	33	32	37	
17	32	33	24	24	19	20	14	10	11	5	0	3	6	10	14	18	18	24	24	30	31	35	36	38	36	30	40	32	31	38	
17	34	35	26	27	22	23	17	13	14	8	3	0	4	7	11	15	16	21	22	28	29	33	35	37	36	30	40	32	32	40	
15	33	35	26	27	22	24	18	14	17	11	6	4	0	4	8	12	12	18	18	24	25	29	31	34	33	28	38	30	30	38	
16	35	38	29	30	25	28	21	18	21	15	10	7	4	0	4	8	9	14	15	21	22	27	29	32	32	28	38	31	31	40	
19	39	42	33	34	29	32	25	22	25	19	14	11	8	4	0	4	8	12	14	19	21	26	29	32	33	30	40	34	34	43	
21	41	44	35	37	33	36	29	26	29	23	18	15	12	8	4	0	7	8	12	16	19	24	27	31	32	29	39	34	35	45	
14	34	37	29	32	28	33	26	24	29	23	18	16	12	9	8	7	0	6	6	12	13	18	21	24	25	22	32	27	28	38	
19	38	42	34	37	34	39	32	30	35	29	24	21	18	14	12	8	6	0	6	8	12	16	20	24	26	25	35	31	32	42	
15	33	37	30	33	30	36	29	28	34	28	24	22	18	15	14	12	6	6	0	6	7	12	15	19	20	19	29	25	26	36	
19	36	40	34	37	34	41	34	34	40	34	30	28	24	21	19	16	12	8	6	0	4	8	12	16	19	20	29	26	28	37	
18	33	37	31	36	33	40	33	33	40	35	31	29	25	22	21	19	13	12	7	4	0	5	8	12	15	16	25	22	25	33	
20	32	37	32	37	35	42	35	36	44	39	35	33	29	27	26	24	18	16	12	8	5	0	4	8	12	15	22	21	24	32	
21	29	34	31	36	35	43	36	37	45	40	36	35	31	29	29	27	21	20	15	12	8	4	0	4	8	12	18	18	21	29	
22	28	33	30	35	34	42	37	38	46	41	38	37	34	32	32	31	24	24	19	16	12	8	4	0	5	11	14	17	20	27	
19	23	28	26	31	31	39	34	35	43	38	36	36	33	32	33	32	25	26	20	19	15	12	8	5	0	7	10	12	15	22	
13	17	22	19	24	24	32	27	28	36	32	30	30	28	28	30	29	22	25	19	20	16	15	12	11	7	0	10	6	9	17	
23	18	23	24	29	30	38	34	36	44	42	40	40	38	38	40	39	32	35	29	29	25	22	18	14	10	10	0	9	12	15	
15	11	16	15	20	21	29	25	27	35	33	32	32	30	31	34	34	27	31	25	26	22	21	18	17	12	6	9	0	3	11	
15	8	13	12	17	18	26	22	25	33	32	31	32	30	31	34	35	28	32	26	28	25	24	21	20	15	9	12	3	0	10	
24	6	9	14	18	21	27	26	30	37	37	38	40	38	40	43	45	38	42	36	37	33	32	29	27	22	17	15	11	10	0	
Custo_Viagem
V0
0	296	340	222	266	222	325	222	236	355	281	251	251	222	236	281	310	207	281	222	281	266	296	310	325	281	192	355	222	222	355	
296	0	74	118	177	222	310	310	355	473	473	473	503	488	518	577	606	503	562	488	532	488	473	444	414	340	251	266	162	118	88	
340	74	0	133	148	222	296	310	370	473	473	488	532	518	562	621	651	547	621	547	592	547	547	518	488	414	325	340	236	192	133	
222	118	133	0	74	103	207	177	236	355	340	355	384	384	429	488	518	429	503	444	503	458	473	458	444	384	281	355	222	177	207	
266	177	148	74	0	74	133	148	207	310	325	355	399	399	444	503	547	473	562	488	562	532	547	532	518	458	355	429	296	251	266	
222	222	222	103	74	0	118	74	133	236	251	281	325	325	370	444	488	414	503	444	518	488	518	518	503	458	355	444	310	266	325	
325	310	296	207	133	118	0	103	148	192	251	296	355	370	429	503	547	488	592	547	621	606	636	636	621	577	473	562	429	384	414	
222	310	310	177	148	74	103	0	59	162	162	207	251	266	310	384	444	384	473	429	503	503	532	532	547	503	399	503	370	325	399	
236	355	370	236	207	133	148	59	0	118	103	148	192	207	266	340	399	355	444	414	503	488	532	547	562	518	414	547	399	370	458	
355	473	473	355	310	236	192	162	118	0	88	162	207	266	325	384	444	429	518	503	592	592	651	666	680	636	547	666	532	503	562	
281	473	473	340	325	251	251	162	103	88	0	74	118	162	222	281	355	340	429	414	503	518	577	592	606	577	488	636	488	473	562	
251	473	488	355	355	281	296	207	148	162	74	0	44	88	148	207	281	266	355	355	444	458	518	532	562	547	458	606	473	458	562	
251	503	532	384	399	325	355	251	192	207	118	44	0	59	103	162	222	236	310	325	414	429	488	518	547	532	458	606	488	473	592	
222	488	518	384	399	325	370	266	207	266	162	88	59	0	59	118	177	177	266	266	355	370	429	458	503	488	414	562	444	444	562	
236	518	562	429	444	370	429	310	266	325	222	148	103	59	0	59	118	133	207	222	310	325	399	429	473	473	414	577	458	458	592	
281	577	621	488	503	444	503	384	340	384	281	207	162	118	59	0	59	118	177	207	281	325	399	444	488	488	444	606	503	503	636	
310	606	651	518	547	488	547	444	399	444	355	281	222	177	118	59	0	103	118	177	251	296	370	414	458	488	444	606	518	518	666	
207	503	547	429	473	414	488	384	355	429	340	266	236	177	133	118	103	0	88	88	177	192	266	310	355	370	325	488	399	414	562	
281	562	621	503	562	503	592	473	444	518	429	355	310	266	207	177	118	88	0	88	118	177	236	296	355	384	370	518	458	473	621	
222	488	547	444	488	444	547	429	414	503	414	355	325	266	222	207	177	88	88	0	88	103	177	222	281	296	281	429	370	384	532	
281	532	592	503	562	518	621	503	503	592	503	444	414	355	310	281	251	177	118	88	0	59	118	177	236	281	296	429	384	414	562	
266	488	547	458	532	488	606	503	488	592	518	458	429	370	325	325	296	192	177	103	59	0	74	118	177	222	236	370	340	370	503	
296	473	547	473	547	518	636	532	532	651	577	518	488	429	399	399	370	266	236	177	118	74	0	59	118	177	222	325	310	355	488	
310	444	518	458	532	518	636	532	547	666	592	532	518	458	429	444	414	310	296	222	177	118	59	0	59	118	177	266	281	310	444	
325	414	488	444	518	503	621	547	562	680	606	562	547	503	473	488	458	355	355	281	236	177	118	59	0	74	162	207	251	296	399	
281	340	414	384	458	458	577	503	518	636	577	547	532	488	473	488	488	370	384	296	281	222	177	118	74	0	103	148	177	222	325	
192	251	325	281	355	355	473	399	414	547	488	458	458	414	414	444	444	325	370	281	296	236	222	177	162	103	0	148	88	133	266	
355	266	340	355	429	444	562	503	547	666	636	606	606	562	577	606	606	488	518	429	429	370	325	266	207	148	148	0	133	177	222	
222	162	236	222	296	310	429	370	399	532	488	473	488	444	458	503	518	399	458	370	384	340	310	281	251	177	88	133	0	44	162	
222	118	192	177	251	266	384	325	370	503	473	458	473	444	458	503	518	414	473	384	414	370	355	310	296	222	133	177	44	0	148	
355	88	133	207	266	325	414	399	458	562	562	562	592	562	592	636	666	562	621	532	562	503	488	444	399	325	266	222	162	148	0	
V1
0	148	170	111	133	111	162	111	118	177	140	125	125	111	118	140	155	103	140	111	140	133	148	155	162	140	96	177	111	111	177	
148	0	37	59	88	111	155	155	177	236	236	236	251	244	259	288	303	251	281	244	266	244	236	222	207	170	125	133	81	59	44	
170	37	0	66	74	111	148	155	185	236	236	244	266	259	281	310	325	273	310	273	296	273	273	259	244	207	162	170	118	96	66	
111	59	66	0	37	51	103	88	118	177	170	177	192	192	214	244	259	214	251	222	251	229	236	229	222	192	140	177	111	88	103	
133	88	74	37	0	37	66	74	103	155	162	177	199	199	222	251	273	236	281	244	281	266	273	266	259	229	177	214	148	125	133	
111	111	111	51	37	0	59	37	66	118	125	140	162	162	185	222	244	207	251	222	259	244	259	259	251	229	177	222	155	133	162	
162	155	148	103	66	59	0	51	74	96	125	148	177	185	214	251	273	244	296	273	310	303	318	318	310	288	236	281	214	192	207	
111	155	155	88	74	37	51	0	29	81	81	103	125	133	155	192	222	192	236	214	251	251	266	266	273	251	199	251	185	162	199	
118	177	185	118	103	66	74	29	0	59	51	74	96	103	133	170	199	177	222	207	251	244	266	273	281	259	207	273	199	185	229	
177	236	236	177	155	118	96	81	59	0	44	81	103	133	162	192	222	214	259	251	296	296	325	333	340	318	273	333	266	251	281	
140	236	236	170	162	125	125	81	51	44	0	37	59	81	111	140	177	170	214	207	251	259	288	296	303	288	244	318	244	236	281	
125	236	244	177	177	140	148	103	74	81	37	0	22	44	74	103	140	133	177	177	222	229	259	266	281	273	229	303	236	229	281	
125	251	266	192	199	162	177	125	96	103	59	22	0	29	51	81	111	118	155	162	207	214	244	259	273	266	229	303	244	236	296	
111	244	259	192	199	162	185	133	103	133	81	44	29	0	29	59	88	88	133	133	177	185	214	229	251	244	207	281	222	222	281	
118	259	281	214	222	185	214	155	133	162	111	74	51	29	0	29	59	66	103	111	155	162	199	214	236	236	207	288	229	229	296	
140	288	310	244	251	222	251	192	170	192	140	103	81	59	29	0	29	59	88	103	140	162	199	222	244	244	222	303	251	251	318	
155	303	325	259	273	244	273	222	199	222	177	140	111	88	59	29	0	51	59	88	125	148	185	207	229	244	222	303	259	259	333	
103	251	273	214	236	207	244	192	177	214	170	133	118	88	66	59	51	0	44	44	88	96	133	155	177	185	162	244	199	207	281	
140	281	310	251	281	251	296	236	222	259	214	177	155	133	103	88	59	44	0	44	59	88	118	148	177	192	185	259	229	236	310	
111	244	273	222	244	222	273	214	207	251	207	177	162	133	111	103	88	44	44	0	44	51	88	111	140	148	140	214	185	192	266	
140	266	296	251	281	259	310	251	251	296	251	222	207	177	155	140	125	88	59	44	0	29	59	88	118	140	148	214	192	207	281	
133	244	273	229	266	244	303	251	244	296	259	229	214	185	162	162	148	96	88	51	29	0	37	59	88	111	118	185	170	185	251	
148	236	273	236	273	259	318	266	266	325	288	259	244	214	199	199	185	133	118	88	59	37	0	29	59	88	111	162	155	177	244	
155	222	259	229	266	259	318	266	273	333	296	266	259	229	214	222	207	155	148	111	88	59	29	0	29	59	88	133	140	155	222	
162	207	244	222	259	251	310	273	281	340	303	281	273	251	236	244	229	177	177	140	118	88	59	29	0	37	81	103	125	148	199	
140	170	207	192	229	229	288	251	259	318	288	273	266	244	236	244	244	185	192	148	140	111	88	59	37	0	51	74	88	111	162	
96	125	162	140	177	177	236	199	207	273	244	229	229	207	207	222	222	162	185	140	148	118	111	88	81	51	0	74	44	66	133	
177	133	170	177	214	222	281	251	273	333	318	303	303	281	288	303	303	244	259	214	214	185	162	133	103	74	74	0	66	88	111	
111	81	118	111	148	155	214	185	199	266	244	236	244	222	229	251	259	199	229	185	192	170	155	140	125	88	44	66	0	22	81	
111	59	96	88	125	133	192	162	185	251	236	229	236	222	229	251	259	207	236	192	207	185	177	155	148	111	66	88	22	0	74	
177	44	66	103	133	162	207	199	229	281	281	281	296	281	296	318	333	281	310	266	281	251	244	222	199	162	133	111	81	74	0	
V2
0	240	276	180	216	180	264	180	192	288	228	204	204	180	192	228	252	168	228	180	228	216	240	252	264	228	156	288	180	180	288	
240	0	60	96	144	180	252	252	288	384	384	384	408	396	420	468	492	408	456	396	432	396	384	360	336	276	204	216	132	96	72	
276	60	0	108	120	180	240	252	300	384	384	396	432	420	456	504	528	444	504	444	480	444	444	420	396	336	264	276	192	156	108	
180	96	108	0	60	84	168	144	192	288	276	288	312	312	348	396	420	348	408	360	408	372	384	372	360	312	228	288	180	144	168	
216	144	120	60	0	60	108	120	168	252	264	288	324	324	360	408	444	384	456	396	456	432	444	432	420	372	288	348	240	204	216	
180	180	180	84	60	0	96	60	108	192	204	228	264	264	300	360	396	336	408	360	420	396	420	420	408	372	288	360	252	216	264	
264	252	240	168	108	96	0	84	120	156	204	240	288	300	348	408	444	396	480	444	504	492	516	516	504	468	384	456	348	312	336	
180	252	252	144	120	60	84	0	48	132	132	168	204	216	252	312	360	312	384	348	408	408	432	432	444	408	324	408	300	264	324	
192	288	300	192	168	108	120	48	0	96	84	120	156	168	216	276	324	288	360	336	408	396	432	444	456	420	336	444	324	300	372	
288	384	384	288	252	192	156	132	96	0	72	132	168	216	264	312	360	348	420	408	480	480	528	540	552	516	444	540	432	408	456	
228	384	384	276	264	204	204	132	84	72	0	60	96	132	180	228	288	276	348	336	408	420	468	480	492	468	396	516	396	384	456	
204	384	396	288	288	228	240	168	120	132	60	0	36	72	120	168	228	216	288	288	360	372	420	432	456	444	372	492	384	372	456	
204	408	432	312	324	264	288	204	156	168	96	36	0	48	84	132	180	192	252	264	336	348	396	420	444	432	372	492	396	384	480	
180	396	420	312	324	264	300	216	168	216	132	72	48	0	48	96	144	144	216	216	288	300	348	372	408	396	336	456	360	360	456	
192	420	456	348	360	300	348	252	216	264	180	120	84	48	0	48	96	108	168	180	252	264	324	348	384	384	336	468	372	372	480	
228	468	504	396	408	360	408	312	276	312	228	168	132	96	48	0	48	96	144	168	228	264	324	360	396	396	360	492	408	408	516	
252	492	528	420	444	396	444	360	324	360	288	228	180	144	96	48	0	84	96	144	204	240	300	336	372	396	360	492	420	420	540	
168	408	444	348	384	336	396	312	288	348	276	216	192	144	108	96	84	0	72	72	144	156	216	252	288	300	264	396	324	336	456	
228	456	504	408	456	408	480	384	360	420	348	288	252	216	168	144	96	72	0	72	96	144	192	240	288	312	300	420	372	384	504	
180	396	444	360	396	360	444	348	336	408	336	288	264	216	180	168	144	72	72	0	72	84	144	180	228	240	228	348	300	312	432	
228	432	480	408	456	420	504	408	408	480	408	360	336	288	252	228	204	144	96	72	0	48	96	144	192	228	240	348	312	336	456	
216	396	444	372	432	396	492	408	396	480	420	372	348	300	264	264	240	156	144	84	48	0	60	96	144	180	192	300	276	300	408	
240	384	444	384	444	420	516	432	432	528	468	420	396	348	324	324	300	216	192	144	96	60	0	48	96	144	180	264	252	288	396	
252	360	420	372	432	420	516	432	444	540	480	432	420	372	348	360	336	252	240	180	144	96	48	0	48	96	144	216	228	252	360	
264	336	396	360	420	408	504	444	456	552	492	456	444	408	384	396	372	288	288	228	192	144	96	48	0	60	132	168	204	240	324	
228	276	336	312	372	372	468	408	420	516	468	444	432	396	384	396	396	300	312	240	228	180	144	96	60	0	84	120	144	180	264	
156	204	264	228	288	288	384	324	336	444	396	372	372	336	336	360	360	264	300	228	240	192	180	144	132	84	0	120	72	108	216	
288	216	276	288	348	360	456	408	444	540	516	492	492	456	468	492	492	396	420	348	348	300	264	216	168	120	120	0	108	144	180	
180	132	192	180	240	252	348	300	324	432	396	384	396	360	372	408	420	324	372	300	312	276	252	228	204	144	72	108	0	36	132	
180	96	156	144	204	216	312	264	300	408	384	372	384	360	372	408	420	336	384	312	336	300	288	252	240	180	108	144	36	0	120	
288	72	108	168	216	264	336	324	372	456	456	456	480	456	480	516	540	456	504	432	456	408	396	360	324	264	216	180	132	120	0	
V3
0	172	197	129	154	129	189	129	137	206	163	146	146	129	137	163	180	120	163	129	163	154	172	180	189	163	111	206	129	129	206	
172	0	43	68	103	129	180	180	206	275	275	275	292	283	301	335	352	292	326	283	309	283	275	258	240	197	146	154	94	68	51	
197	43	0	77	86	129	172	180	215	275	275	283	309	301	326	361	378	318	361	318	344	318	318	301	283	240	189	197	137	111	77	
129	68	77	0	43	60	120	103	137	206	197	206	223	223	249	283	301	249	292	258	292	266	275	266	258	223	163	206	129	103	120	
154	103	86	43	0	43	77	86	120	180	189	206	232	232	258	292	318	275	326	283	326	309	318	309	301	266	206	249	172	146	154	
129	129	129	60	43	0	68	43	77	137	146	163	189	189	215	258	283	240	292	258	301	283	301	301	292	266	206	258	180	154	189	
189	180	172	120	77	68	0	60	86	111	146	172	206	215	249	292	318	283	344	318	361	352	369	369	361	335	275	326	249	223	240	
129	180	180	103	86	43	60	0	34	94	94	120	146	154	180	223	258	223	275	249	292	292	309	309	318	292	232	292	215	189	232	
137	206	215	137	120	77	86	34	0	68	60	86	111	120	154	197	232	206	258	240	292	283	309	318	326	301	240	318	232	215	266	
206	275	275	206	180	137	111	94	68	0	51	94	120	154	189	223	258	249	301	292	344	344	378	387	395	369	318	387	309	292	326	
163	275	275	197	189	146	146	94	60	51	0	43	68	94	129	163	206	197	249	240	292	301	335	344	352	335	283	369	283	275	326	
146	275	283	206	206	163	172	120	86	94	43	0	25	51	86	120	163	154	206	206	258	266	301	309	326	318	266	352	275	266	326	
146	292	309	223	232	189	206	146	111	120	68	25	0	34	60	94	129	137	180	189	240	249	283	301	318	309	266	352	283	275	344	
129	283	301	223	232	189	215	154	120	154	94	51	34	0	34	68	103	103	154	154	206	215	249	266	292	283	240	326	258	258	326	
137	301	326	249	258	215	249	180	154	189	129	86	60	34	0	34	68	77	120	129	180	189	232	249	275	275	240	335	266	266	344	
163	335	361	283	292	258	292	223	197	223	163	120	94	68	34	0	34	68	103	120	163	189	232	258	283	283	258	352	292	292	369	
180	352	378	301	318	283	318	258	232	258	206	163	129	103	68	34	0	60	68	103	146	172	215	240	266	283	258	352	301	301	387	
120	292	318	249	275	240	283	223	206	249	197	154	137	103	77	68	60	0	51	51	103	111	154	180	206	215	189	283	232	240	326	
163	326	361	292	326	292	344	275	258	301	249	206	180	154	120	103	68	51	0	51	68	103	137	172	206	223	215	301	266	275	361	
129	283	318	258	283	258	318	249	240	292	240	206	189	154	129	120	103	51	51	0	51	60	103	129	163	172	163	249	215	223	309	
163	309	344	292	326	301	361	292	292	344	292	258	240	206	180	163	146	103	68	51	0	34	68	103	137	163	172	249	223	240	326	
154	283	318	266	309	283	352	292	283	344	301	266	249	215	189	189	172	111	103	60	34	0	43	68	103	129	137	215	197	215	292	
172	275	318	275	318	301	369	309	309	378	335	301	283	249	232	232	215	154	137	103	68	43	0	34	68	103	129	189	180	206	283	
180	258	301	266	309	301	369	309	318	387	344	309	301	266	249	258	240	180	172	129	103	68	34	0	34	68	103	154	163	180	258	
189	240	283	258	301	292	361	318	326	395	352	326	318	292	275	283	266	206	206	163	137	103	68	34	0	43	94	120	146	172	232	
163	197	240	223	266	266	335	292	301	369	335	318	309	283	275	283	283	215	223	172	163	129	103	68	43	0	60	86	103	129	189	
111	146	189	163	206	206	275	232	240	318	283	266	266	240	240	258	258	189	215	163	172	137	129	103	94	60	0	86	51	77	154	
206	154	197	206	249	258	326	292	318	387	369	352	352	326	335	352	352	283	301	249	249	215	189	154	120	86	86	0	77	103	129	
129	94	137	129	172	180	249	215	232	309	283	275	283	258	266	292	301	232	266	215	223	197	180	163	146	103	51	77	0	25	94	
129	68	111	103	146	154	223	189	215	292	275	266	275	258	266	292	301	240	275	223	240	215	206	180	172	129	77	103	25	0	86	
206	51	77	120	154	189	240	232	266	326	326	326	344	326	344	369	387	326	361	309	326	292	283	258	232	189	154	129	94	86	0	
V4
0	272	312	204	244	204	299	204	217	326	258	231	231	204	217	258	285	190	258	204	258	244	272	285	299	258	176	326	204	204	326	
272	0	68	108	163	204	285	285	326	435	435	435	462	448	476	530	557	462	516	448	489	448	435	408	380	312	231	244	149	108	81	
312	68	0	122	136	204	272	285	340	435	435	448	489	476	516	571	598	503	571	503	544	503	503	476	448	380	299	312	217	176	122	
204	108	122	0	68	95	190	163	217	326	312	326	353	353	394	448	476	394	462	408	462	421	435	421	408	353	258	326	204	163	190	
244	163	136	68	0	68	122	136	190	285	299	326	367	367	408	462	503	435	516	448	516	489	503	489	476	421	326	394	272	231	244	
204	204	204	95	68	0	108	68	122	217	231	258	299	299	340	408	448	380	462	408	476	448	476	476	462	421	326	408	285	244	299	
299	285	272	190	122	108	0	95	136	176	231	272	326	340	394	462	503	448	544	503	571	557	584	584	571	530	435	516	394	353	380	
204	285	285	163	136	68	95	0	54	149	149	190	231	244	285	353	408	353	435	394	462	462	489	489	503	462	367	462	340	299	367	
217	326	340	217	190	122	136	54	0	108	95	136	176	190	244	312	367	326	408	380	462	448	489	503	516	476	380	503	367	340	421	
326	435	435	326	285	217	176	149	108	0	81	149	190	244	299	353	408	394	476	462	544	544	598	612	625	584	503	612	489	462	516	
258	435	435	312	299	231	231	149	95	81	0	68	108	149	204	258	326	312	394	380	462	476	530	544	557	530	448	584	448	435	516	
231	435	448	326	326	258	272	190	136	149	68	0	40	81	136	190	258	244	326	326	408	421	476	489	516	503	421	557	435	421	516	
231	462	489	353	367	299	326	231	176	190	108	40	0	54	95	149	204	217	285	299	380	394	448	476	503	489	421	557	448	435	544	
204	448	476	353	367	299	340	244	190	244	149	81	54	0	54	108	163	163	244	244	326	340	394	421	462	448	380	516	408	408	516	
217	476	516	394	408	340	394	285	244	299	204	136	95	54	0	54	108	122	190	204	285	299	367	394	435	435	380	530	421	421	544	
258	530	571	448	462	408	462	353	312	353	258	190	149	108	54	0	54	108	163	190	258	299	367	408	448	448	408	557	462	462	584	
285	557	598	476	503	448	503	408	367	408	326	258	204	163	108	54	0	95	108	163	231	272	340	380	421	448	408	557	476	476	612	
190	462	503	394	435	380	448	353	326	394	312	244	217	163	122	108	95	0	81	81	163	176	244	285	326	340	299	448	367	380	516	
258	516	571	462	516	462	544	435	408	476	394	326	285	244	190	163	108	81	0	81	108	163	217	272	326	353	340	476	421	435	571	
204	448	503	408	448	408	503	394	380	462	380	326	299	244	204	190	163	81	81	0	81	95	163	204	258	272	258	394	340	353	489	
258	489	544	462	516	476	571	462	462	544	462	408	380	326	285	258	231	163	108	81	0	54	108	163	217	258	272	394	353	380	516	
244	448	503	421	489	448	557	462	448	544	476	421	394	340	299	299	272	176	163	95	54	0	68	108	163	204	217	340	312	340	462	
272	435	503	435	503	476	584	489	489	598	530	476	448	394	367	367	340	244	217	163	108	68	0	54	108	163	204	299	285	326	448	
285	408	476	421	489	476	584	489	503	612	544	489	476	421	394	408	380	285	272	204	163	108	54	0	54	108	163	244	258	285	408	
299	380	448	408	476	462	571	503	516	625	557	516	503	462	435	448	421	326	326	258	217	163	108	54	0	68	149	190	231	272	367	
258	312	380	353	421	421	530	462	476	584	530	503	489	448	435	448	448	340	353	272	258	204	163	108	68	0	95	136	163	204	299	
176	231	299	258	326	326	435	367	380	503	448	421	421	380	380	408	408	299	340	258	272	217	204	163	149	95	0	136	81	122	244	
326	244	312	326	394	408	516	462	503	612	584	557	557	516	530	557	557	448	476	394	394	340	299	244	190	136	136	0	122	163	204	
204	149	217	204	272	285	394	340	367	489	448	435	448	408	421	462	476	367	421	340	353	312	285	258	231	163	81	122	0	40	149	
204	108	176	163	231	244	353	299	340	462	435	421	435	408	421	462	476	380	435	353	380	340	326	285	272	204	122	163	40	0	136	
326	81	122	190	244	299	380	367	421	516	516	516	544	516	544	584	612	516	571	489	516	462	448	408	367	299	244	204	149	136	0	
V5
0	196	225	147	176	147	215	147	156	235	186	166	166	147	156	186	205	137	186	147	186	176	196	205	215	186	127	235	147	147	235	
196	0	49	78	117	147	205	205	235	313	313	313	333	323	343	382	401	333	372	323	352	323	313	294	274	225	166	176	107	78	58	
225	49	0	88	98	147	196	205	245	313	313	323	352	343	372	411	431	362	411	362	392	362	362	343	323	274	215	225	156	127	88	
147	78	88	0	49	68	137	117	156	235	225	235	254	254	284	323	343	284	333	294	333	303	313	303	294	254	186	235	147	117	137	
176	117	98	49	0	49	88	98	137	205	215	235	264	264	294	333	362	313	372	323	372	352	362	352	343	303	235	284	196	166	176	
147	147	147	68	49	0	78	49	88	156	166	186	215	215	245	294	323	274	333	294	343	323	343	343	333	303	235	294	205	176	215	
215	205	196	137	88	78	0	68	98	127	166	196	235	245	284	333	362	323	392	362	411	401	421	421	411	382	313	372	284	254	274	
147	205	205	117	98	49	68	0	39	107	107	137	166	176	205	254	294	254	313	284	333	333	352	352	362	333	264	333	245	215	264	
156	235	245	156	137	88	98	39	0	78	68	98	127	137	176	225	264	235	294	274	333	323	352	362	372	343	274	362	264	245	303	
235	313	313	235	205	156	127	107	78	0	58	107	137	176	215	254	294	284	343	333	392	392	431	441	450	421	362	441	352	333	372	
186	313	313	225	215	166	166	107	68	58	0	49	78	107	147	186	235	225	284	274	333	343	382	392	401	382	323	421	323	313	372	
166	313	323	235	235	186	196	137	98	107	49	0	29	58	98	137	186	176	235	235	294	303	343	352	372	362	303	401	313	303	372	
166	333	352	254	264	215	235	166	127	137	78	29	0	39	68	107	147	156	205	215	274	284	323	343	362	352	303	401	323	313	392	
147	323	343	254	264	215	245	176	137	176	107	58	39	0	39	78	117	117	176	176	235	245	284	303	333	323	274	372	294	294	372	
156	343	372	284	294	245	284	205	176	215	147	98	68	39	0	39	78	88	137	147	205	215	264	284	313	313	274	382	303	303	392	
186	382	411	323	333	294	333	254	225	254	186	137	107	78	39	0	39	78	117	137	186	215	264	294	323	323	294	401	333	333	421	
205	401	431	343	362	323	362	294	264	294	235	186	147	117	78	39	0	68	78	117	166	196	245	274	303	323	294	401	343	343	441	
137	333	362	284	313	274	323	254	235	284	225	176	156	117	88	78	68	0	58	58	117	127	176	205	235	245	215	323	264	274	372	
186	372	411	333	372	333	392	313	294	343	284	235	205	176	137	117	78	58	0	58	78	117	156	196	235	254	245	343	303	313	411	
147	323	362	294	323	294	362	284	274	333	274	235	215	176	147	137	117	58	58	0	58	68	117	147	186	196	186	284	245	254	352	
186	352	392	333	372	343	411	333	333	392	333	294	274	235	205	186	166	117	78	58	0	39	78	117	156	186	196	284	254	274	372	
176	323	362	303	352	323	401	333	323	392	343	303	284	245	215	215	196	127	117	68	39	0	49	78	117	147	156	245	225	245	333	
196	313	362	313	362	343	421	352	352	431	382	343	323	284	264	264	245	176	156	117	78	49	0	39	78	117	147	215	205	235	323	
205	294	343	303	352	343	421	352	362	441	392	352	343	303	284	294	274	205	196	147	117	78	39	0	39	78	117	176	186	205	294	
215	274	323	294	343	333	411	362	372	450	401	372	362	333	313	323	303	235	235	186	156	117	78	39	0	49	107	137	166	196	264	
186	225	274	254	303	303	382	333	343	421	382	362	352	323	313	323	323	245	254	196	186	147	117	78	49	0	68	98	117	147	215	
127	166	215	186	235	235	313	264	274	362	323	303	303	274	274	294	294	215	245	186	196	156	147	117	107	68	0	98	58	88	176	
235	176	225	235	284	294	372	333	362	441	421	401	401	372	382	401	401	323	343	284	284	245	215	176	137	98	98	0	88	117	147	
147	107	156	147	196	205	284	245	264	352	323	313	323	294	303	333	343	264	303	245	254	225	205	186	166	117	58	88	0	29	107	
147	78	127	117	166	176	254	215	245	333	313	303	313	294	303	333	343	274	313	254	274	245	235	205	196	147	88	117	29	0	98	
235	58	88	137	176	215	274	264	303	372	372	372	392	372	392	421	441	372	411	352	372	333	323	294	264	215	176	147	107	98	0	
V6
0	308	354	231	277	231	338	231	246	369	292	261	261	231	246	292	323	215	292	231	292	277	308	323	338	292	200	369	231	231	369	
308	0	77	123	184	231	323	323	369	492	492	492	523	508	539	600	631	523	585	508	554	508	492	462	431	354	261	277	169	123	92	
354	77	0	138	154	231	308	323	385	492	492	508	554	539	585	646	677	569	646	569	616	569	569	539	508	431	338	354	246	200	138	
231	123	138	0	77	107	215	184	246	369	354	369	400	400	446	508	539	446	523	462	523	477	492	477	462	400	292	369	231	184	215	
277	184	154	77	0	77	138	154	215	323	338	369	415	415	462	523	569	492	585	508	585	554	569	554	539	477	369	446	308	261	277	
231	231	231	107	77	0	123	77	138	246	261	292	338	338	385	462	508	431	523	462	539	508	539	539	523	477	369	462	323	277	338	
338	323	308	215	138	123	0	107	154	200	261	308	369	385	446	523	569	508	616	569	646	631	662	662	646	600	492	585	446	400	431	
231	323	323	184	154	77	107	0	61	169	169	215	261	277	323	400	462	400	492	446	523	523	554	554	569	523	415	523	385	338	415	
246	369	385	246	215	138	154	61	0	123	107	154	200	215	277	354	415	369	462	431	523	508	554	569	585	539	431	569	415	385	477	
369	492	492	369	323	246	200	169	123	0	92	169	215	277	338	400	462	446	539	523	616	616	677	693	708	662	569	693	554	523	585	
292	492	492	354	338	261	261	169	107	92	0	77	123	169	231	292	369	354	446	431	523	539	600	616	631	600	508	662	508	492	585	
261	492	508	369	369	292	308	215	154	169	77	0	46	92	154	215	292	277	369	369	462	477	539	554	585	569	477	631	492	477	585	
261	523	554	400	415	338	369	261	200	215	123	46	0	61	107	169	231	246	323	338	431	446	508	539	569	554	477	631	508	492	616	
231	508	539	400	415	338	385	277	215	277	169	92	61	0	61	123	184	184	277	277	369	385	446	477	523	508	431	585	462	462	585	
246	539	585	446	462	385	446	323	277	338	231	154	107	61	0	61	123	138	215	231	323	338	415	446	492	492	431	600	477	477	616	
292	600	646	508	523	462	523	400	354	400	292	215	169	123	61	0	61	123	184	215	292	338	415	462	508	508	462	631	523	523	662	
323	631	677	539	569	508	569	462	415	462	369	292	231	184	123	61	0	107	123	184	261	308	385	431	477	508	462	631	539	539	693	
215	523	569	446	492	431	508	400	369	446	354	277	246	184	138	123	107	0	92	92	184	200	277	323	369	385	338	508	415	431	585	
292	585	646	523	585	523	616	492	462	539	446	369	323	277	215	184	123	92	0	92	123	184	246	308	369	400	385	539	477	492	646	
231	508	569	462	508	462	569	446	431	523	431	369	338	277	231	215	184	92	92	0	92	107	184	231	292	308	292	446	385	400	554	
292	554	616	523	585	539	646	523	523	616	523	462	431	369	323	292	261	184	123	92	0	61	123	184	246	292	308	446	400	431	585	
277	508	569	477	554	508	631	523	508	616	539	477	446	385	338	338	308	200	184	107	61	0	77	123	184	231	246	385	354	385	523	
308	492	569	492	569	539	662	554	554	677	600	539	508	446	415	415	385	277	246	184	123	77	0	61	123	184	231	338	323	369	508	
323	462	539	477	554	539	662	554	569	693	616	554	539	477	446	462	431	323	308	231	184	123	61	0	61	123	184	277	292	323	462	
338	431	508	462	539	523	646	569	585	708	631	585	569	523	492	508	477	369	369	292	246	184	123	61	0	77	169	215	261	308	415	
292	354	431	400	477	477	600	523	539	662	600	569	554	508	492	508	508	385	400	308	292	231	184	123	77	0	107	154	184	231	338	
200	261	338	292	369	369	492	415	431	569	508	477	477	431	431	462	462	338	385	292	308	246	231	184	169	107	0	154	92	138	277	
369	277	354	369	446	462	585	523	569	693	662	631	631	585	600	631	631	508	539	446	446	385	338	277	215	154	154	0	138	184	231	
231	169	246	231	308	323	446	385	415	554	508	492	508	462	477	523	539	415	477	385	400	354	323	292	261	184	92	138	0	46	169	
231	123	200	184	261	277	400	338	385	523	492	477	492	462	477	523	539	431	492	400	431	385	369	323	308	231	138	184	46	0	154	
369	92	138	215	277	338	431	415	477	585	585	585	616	585	616	662	693	585	646	554	585	523	508	462	415	338	277	231	169	154	0	
V7
0	264	303	198	237	198	290	198	211	316	250	224	224	198	211	250	277	184	250	198	250	237	264	277	290	250	171	316	198	198	316	
264	0	66	105	158	198	277	277	316	422	422	422	448	435	462	514	541	448	501	435	475	435	422	396	369	303	224	237	145	105	79	
303	66	0	118	132	198	264	277	330	422	422	435	475	462	501	554	580	488	554	488	528	488	488	462	435	369	290	303	211	171	118	
198	105	118	0	66	92	184	158	211	316	303	316	343	343	382	435	462	382	448	396	448	409	422	409	396	343	250	316	198	158	184	
237	158	132	66	0	66	118	132	184	277	290	316	356	356	396	448	488	422	501	435	501	475	488	475	462	409	316	382	264	224	237	
198	198	198	92	66	0	105	66	118	211	224	250	290	290	330	396	435	369	448	396	462	435	462	462	448	409	316	396	277	237	290	
290	277	264	184	118	105	0	92	132	171	224	264	316	330	382	448	488	435	528	488	554	541	567	567	554	514	422	501	382	343	369	
198	277	277	158	132	66	92	0	52	145	145	184	224	237	277	343	396	343	422	382	448	448	475	475	488	448	356	448	330	290	356	
211	316	330	211	184	118	132	52	0	105	92	132	171	184	237	303	356	316	396	369	448	435	475	488	501	462	369	488	356	330	409	
316	422	422	316	277	211	171	145	105	0	79	145	184	237	290	343	396	382	462	448	528	528	580	594	607	567	488	594	475	448	501	
250	422	422	303	290	224	224	145	92	79	0	66	105	145	198	250	316	303	382	369	448	462	514	528	541	514	435	567	435	422	501	
224	422	435	316	316	250	264	184	132	145	66	0	39	79	132	184	250	237	316	316	396	409	462	475	501	488	409	541	422	409	501	
224	448	475	343	356	290	316	224	171	184	105	39	0	52	92	145	198	211	277	290	369	382	435	462	488	475	409	541	435	422	528	
198	435	462	343	356	290	330	237	184	237	145	79	52	0	52	105	158	158	237	237	316	330	382	409	448	435	369	501	396	396	501	
211	462	501	382	396	330	382	277	237	290	198	132	92	52	0	52	105	118	184	198	277	290	356	382	422	422	369	514	409	409	528	
250	514	554	435	448	396	448	343	303	343	250	184	145	105	52	0	52	105	158	184	250	290	356	396	435	435	396	541	448	448	567	
277	541	580	462	488	435	488	396	356	396	316	250	198	158	105	52	0	92	105	158	224	264	330	369	409	435	396	541	462	462	594	
184	448	488	382	422	369	435	343	316	382	303	237	211	158	118	105	92	0	79	79	158	171	237	277	316	330	290	435	356	369	501	
250	501	554	448	501	448	528	422	396	462	382	316	277	237	184	158	105	79	0	79	105	158	211	264	316	343	330	462	409	422	554	
198	435	488	396	435	396	488	382	369	448	369	316	290	237	198	184	158	79	79	0	79	92	158	198	250	264	250	382	330	343	475	
250	475	528	448	501	462	554	448	448	528	448	396	369	316	277	250	224	158	105	79	0	52	105	158	211	250	264	382	343	369	501	
237	435	488	409	475	435	541	448	435	528	462	409	382	330	290	290	264	171	158	92	52	0	66	105	158	198	211	330	303	330	448	
264	422	488	422	488	462	567	475	475	580	514	462	435	382	356	356	330	237	211	158	105	66	0	52	105	158	198	290	277	316	435	
277	396	462	409	475	462	567	475	488	594	528	475	462	409	382	396	369	277	264	198	158	105	52	0	52	105	158	237	250	277	396	
290	369	435	396	462	448	554	488	501	607	541	501	488	448	422	435	409	316	316	250	211	158	105	52	0	66	145	184	224	264	356	
250	303	369	343	409	409	514	448	462	567	514	488	475	435	422	435	435	330	343	264	250	198	158	105	66	0	92	132	158	198	290	
171	224	290	250	316	316	422	356	369	488	435	409	409	369	369	396	396	290	330	250	264	211	198	158	145	92	0	132	79	118	237	
316	237	303	316	382	396	501	448	488	594	567	541	541	501	514	541	541	435	462	382	382	330	290	237	184	132	132	0	118	158	198	
198	145	211	198	264	277	382	330	356	475	435	422	435	396	409	448	462	356	409	330	343	303	277	250	224	158	79	118	0	39	145	
198	105	171	158	224	237	343	290	330	448	422	409	422	396	409	448	462	369	422	343	369	330	316	277	264	198	118	158	39	0	132	
316	79	118	184	237	290	369	356	409	501	501	501	528	501	528	567	594	501	554	475	501	448	435	396	356	290	237	198	145	132	0	
V8
0	188	216	141	169	141	206	141	150	225	178	159	159	141	150	178	197	131	178	141	178	169	188	197	206	178	122	225	141	141	225	
188	0	47	75	112	141	197	197	225	300	300	300	319	310	329	366	385	319	357	310	338	310	300	282	263	216	159	169	103	75	56	
216	47	0	84	94	141	188	197	235	300	300	310	338	329	357	394	413	347	394	347	376	347	347	329	310	263	206	216	150	122	84	
141	75	84	0	47	65	131	112	150	225	216	225	244	244	272	310	329	272	319	282	319	291	300	291	282	244	178	225	141	112	131	
169	112	94	47	0	47	84	94	131	197	206	225	253	253	282	319	347	300	357	310	357	338	347	338	329	291	225	272	188	159	169	
141	141	141	65	47	0	75	47	84	150	159	178	206	206	235	282	310	263	319	282	329	310	329	329	319	291	225	282	197	169	206	
206	197	188	131	84	75	0	65	94	122	159	188	225	235	272	319	347	310	376	347	394	385	404	404	394	366	300	357	272	244	263	
141	197	197	112	94	47	65	0	37	103	103	131	159	169	197	244	282	244	300	272	319	319	338	338	347	319	253	319	235	206	253	
150	225	235	150	131	84	94	37	0	75	65	94	122	131	169	216	253	225	282	263	319	310	338	347	357	329	263	347	253	235	291	
225	300	300	225	197	150	122	103	75	0	56	103	131	169	206	244	282	272	329	319	376	376	413	423	432	404	347	423	338	319	357	
178	300	300	216	206	159	159	103	65	56	0	47	75	103	141	178	225	216	272	263	319	329	366	376	385	366	310	404	310	300	357	
159	300	310	225	225	178	188	131	94	103	47	0	28	56	94	131	178	169	225	225	282	291	329	338	357	347	291	385	300	291	357	
159	319	338	244	253	206	225	159	122	131	75	28	0	37	65	103	141	150	197	206	263	272	310	329	347	338	291	385	310	300	376	
141	310	329	244	253	206	235	169	131	169	103	56	37	0	37	75	112	112	169	169	225	235	272	291	319	310	263	357	282	282	357	
150	329	357	272	282	235	272	197	169	206	141	94	65	37	0	37	75	84	131	141	197	206	253	272	300	300	263	366	291	291	376	
178	366	394	310	319	282	319	244	216	244	178	131	103	75	37	0	37	75	112	131	178	206	253	282	310	310	282	385	319	319	404	
197	385	413	329	347	310	347	282	253	282	225	178	141	112	75	37	0	65	75	112	159	188	235	263	291	310	282	385	329	329	423	
131	319	347	272	300	263	310	244	225	272	216	169	150	112	84	75	65	0	56	56	112	122	169	197	225	235	206	310	253	263	357	
178	357	394	319	357	319	376	300	282	329	272	225	197	169	131	112	75	56	0	56	75	112	150	188	225	244	235	329	291	300	394	
141	310	347	282	310	282	347	272	263	319	263	225	206	169	141	131	112	56	56	0	56	65	112	141	178	188	178	272	235	244	338	
178	338	376	319	357	329	394	319	319	376	319	282	263	225	197	178	159	112	75	56	0	37	75	112	150	178	188	272	244	263	357	
169	310	347	291	338	310	385	319	310	376	329	291	272	235	206	206	188	122	112	65	37	0	47	75	112	141	150	235	216	235	319	
188	300	347	300	347	329	404	338	338	413	366	329	310	272	253	253	235	169	150	112	75	47	0	37	75	112	141	206	197	225	310	
197	282	329	291	338	329	404	338	347	423	376	338	329	291	272	282	263	197	188	141	112	75	37	0	37	75	112	169	178	197	282	
206	263	310	282	329	319	394	347	357	432	385	357	347	319	300	310	291	225	225	178	150	112	75	37	0	47	103	131	159	188	253	
178	216	263	244	291	291	366	319	329	404	366	347	338	310	300	310	310	235	244	188	178	141	112	75	47	0	65	94	112	141	206	
122	159	206	178	225	225	300	253	263	347	310	291	291	263	263	282	282	206	235	178	188	150	141	112	103	65	0	94	56	84	169	
225	169	216	225	272	282	357	319	347	423	404	385	385	357	366	385	385	310	329	272	272	235	206	169	131	94	94	0	84	112	141	
141	103	150	141	188	197	272	235	253	338	310	300	310	282	291	319	329	253	291	235	244	216	197	178	159	112	56	84	0	28	103	
141	75	122	112	159	169	244	206	235	319	300	291	300	282	291	319	329	263	300	244	263	235	225	197	188	141	84	112	28	0	94	
225	56	84	131	169	206	263	253	291	357	357	357	376	357	376	404	423	357	394	338	357	319	310	282	253	206	169	141	103	94	0	
V9
0	284	326	213	255	213	312	213	227	340	269	241	241	213	227	269	298	198	269	213	269	255	284	298	312	269	184	340	213	213	340	
284	0	71	113	170	213	298	298	340	454	454	454	482	468	497	553	582	482	539	468	511	468	454	426	397	326	241	255	156	113	85	
326	71	0	127	142	213	284	298	355	454	454	468	511	497	539	596	624	525	596	525	568	525	525	497	468	397	312	326	227	184	127	
213	113	127	0	71	99	198	170	227	340	326	340	369	369	411	468	497	411	482	426	482	440	454	440	426	369	269	340	213	170	198	
255	170	142	71	0	71	127	142	198	298	312	340	383	383	426	482	525	454	539	468	539	511	525	511	497	440	340	411	284	241	255	
213	213	213	99	71	0	113	71	127	227	241	269	312	312	355	426	468	397	482	426	497	468	497	497	482	440	340	426	298	255	312	
312	298	284	198	127	113	0	99	142	184	241	284	340	355	411	482	525	468	568	525	596	582	610	610	596	553	454	539	411	369	397	
213	298	298	170	142	71	99	0	56	156	156	198	241	255	298	369	426	369	454	411	482	482	511	511	525	482	383	482	355	312	383	
227	340	355	227	198	127	142	56	0	113	99	142	184	198	255	326	383	340	426	397	482	468	511	525	539	497	397	525	383	355	440	
340	454	454	340	298	227	184	156	113	0	85	156	198	255	312	369	426	411	497	482	568	568	624	639	653	610	525	639	511	482	539	
269	454	454	326	312	241	241	156	99	85	0	71	113	156	213	269	340	326	411	397	482	497	553	568	582	553	468	610	468	454	539	
241	454	468	340	340	269	284	198	142	156	71	0	42	85	142	198	269	255	340	340	426	440	497	511	539	525	440	582	454	440	539	
241	482	511	369	383	312	340	241	184	198	113	42	0	56	99	156	213	227	298	312	397	411	468	497	525	511	440	582	468	454	568	
213	468	497	369	383	312	355	255	198	255	156	85	56	0	56	113	170	170	255	255	340	355	411	440	482	468	397	539	426	426	539	
227	497	539	411	426	355	411	298	255	312	213	142	99	56	0	56	113	127	198	213	298	312	383	411	454	454	397	553	440	440	568	
269	553	596	468	482	426	482	369	326	369	269	198	156	113	56	0	56	113	170	198	269	312	383	426	468	468	426	582	482	482	610	
298	582	624	497	525	468	525	426	383	426	340	269	213	170	113	56	0	99	113	170	241	284	355	397	440	468	426	582	497	497	639	
198	482	525	411	454	397	468	369	340	411	326	255	227	170	127	113	99	0	85	85	170	184	255	298	340	355	312	468	383	397	539	
269	539	596	482	539	482	568	454	426	497	411	340	298	255	198	170	113	85	0	85	113	170	227	284	340	369	355	497	440	454	596	
213	468	525	426	468	426	525	411	397	482	397	340	312	255	213	198	170	85	85	0	85	99	170	213	269	284	269	411	355	369	511	
269	511	568	482	539	497	596	482	482	568	482	426	397	340	298	269	241	170	113	85	0	56	113	170	227	269	284	411	369	397	539	
255	468	525	440	511	468	582	482	468	568	497	440	411	355	312	312	284	184	170	99	56	0	71	113	170	213	227	355	326	355	482	
284	454	525	454	525	497	610	511	511	624	553	497	468	411	383	383	355	255	227	170	113	71	0	56	113	170	213	312	298	340	468	
298	426	497	440	511	497	610	511	525	639	568	511	497	440	411	426	397	298	284	213	170	113	56	0	56	113	170	255	269	298	426	
312	397	468	426	497	482	596	525	539	653	582	539	525	482	454	468	440	340	340	269	227	170	113	56	0	71	156	198	241	284	383	
269	326	397	369	440	440	553	482	497	610	553	525	511	468	454	468	468	355	369	284	269	213	170	113	71	0	99	142	170	213	312	
184	241	312	269	340	340	454	383	397	525	468	440	440	397	397	426	426	312	355	269	284	227	213	170	156	99	0	142	85	127	255	
340	255	326	340	411	426	539	482	525	639	610	582	582	539	553	582	582	468	497	411	411	355	312	255	198	142	142	0	127	170	213	
213	156	227	213	284	298	411	355	383	511	468	454	468	426	440	482	497	383	440	355	369	326	298	269	241	170	85	127	0	42	156	
213	113	184	170	241	255	369	312	355	482	454	440	454	426	440	482	497	397	454	369	397	355	340	298	284	213	127	170	42	0	142	
340	85	127	198	255	312	397	383	440	539	539	539	568	539	568	610	639	539	596	511	539	482	468	426	383	312	255	213	156	142	0	
V10
0	224	257	168	201	168	246	168	179	268	212	190	190	168	179	212	235	156	212	168	212	201	224	235	246	212	145	268	168	168	268	
224	0	56	89	134	168	235	235	268	358	358	358	380	369	392	436	459	380	425	369	403	369	358	336	313	257	190	201	123	89	67	
257	56	0	100	112	168	224	235	280	358	358	369	403	392	425	470	492	414	470	414	448	414	414	392	369	313	246	257	179	145	100	
168	89	100	0	56	78	156	134	179	268	257	268	291	291	324	369	392	324	380	336	380	347	358	347	336	291	212	268	168	134	156	
201	134	112	56	0	56	100	112	156	235	246	268	302	302	336	380	414	358	425	369	425	403	414	403	392	347	268	324	224	190	201	
168	168	168	78	56	0	89	56	100	179	190	212	246	246	280	336	369	313	380	336	392	369	392	392	380	347	268	336	235	201	246	
246	235	224	156	100	89	0	78	112	145	190	224	268	280	324	380	414	369	448	414	470	459	481	481	470	436	358	425	324	291	313	
168	235	235	134	112	56	78	0	44	123	123	156	190	201	235	291	336	291	358	324	380	380	403	403	414	380	302	380	280	246	302	
179	268	280	179	156	100	112	44	0	89	78	112	145	156	201	257	302	268	336	313	380	369	403	414	425	392	313	414	302	280	347	
268	358	358	268	235	179	145	123	89	0	67	123	156	201	246	291	336	324	392	380	448	448	492	504	515	481	414	504	403	380	425	
212	358	358	257	246	190	190	123	78	67	0	56	89	123	168	212	268	257	324	313	380	392	436	448	459	436	369	481	369	358	425	
190	358	369	268	268	212	224	156	112	123	56	0	33	67	112	156	212	201	268	268	336	347	392	403	425	414	347	459	358	347	425	
190	380	403	291	302	246	268	190	145	156	89	33	0	44	78	123	168	179	235	246	313	324	369	392	414	403	347	459	369	358	448	
168	369	392	291	302	246	280	201	156	201	123	67	44	0	44	89	134	134	201	201	268	280	324	347	380	369	313	425	336	336	425	
179	392	425	324	336	280	324	235	201	246	168	112	78	44	0	44	89	100	156	168	235	246	302	324	358	358	313	436	347	347	448	
212	436	470	369	380	336	380	291	257	291	212	156	123	89	44	0	44	89	134	156	212	246	302	336	369	369	336	459	380	380	481	
235	459	492	392	414	369	414	336	302	336	268	212	168	134	89	44	0	78	89	134	190	224	280	313	347	369	336	459	392	392	504	
156	380	414	324	358	313	369	291	268	324	257	201	179	134	100	89	78	0	67	67	134	145	201	235	268	280	246	369	302	313	425	
212	425	470	380	425	380	448	358	336	392	324	268	235	201	156	134	89	67	0	67	89	134	179	224	268	291	280	392	347	358	470	
168	369	414	336	369	336	414	324	313	380	313	268	246	201	168	156	134	67	67	0	67	78	134	168	212	224	212	324	280	291	403	
212	403	448	380	425	392	470	380	380	448	380	336	313	268	235	212	190	134	89	67	0	44	89	134	179	212	224	324	291	313	425	
201	369	414	347	403	369	459	380	369	448	392	347	324	280	246	246	224	145	134	78	44	0	56	89	134	168	179	280	257	280	380	
224	358	414	358	414	392	481	403	403	492	436	392	369	324	302	302	280	201	179	134	89	56	0	44	89	134	168	246	235	268	369	
235	336	392	347	403	392	481	403	414	504	448	403	392	347	324	336	313	235	224	168	134	89	44	0	44	89	134	201	212	235	336	
246	313	369	336	392	380	470	414	425	515	459	425	414	380	358	369	347	268	268	212	179	134	89	44	0	56	123	156	190	224	302	
212	257	313	291	347	347	436	380	392	481	436	414	403	369	358	369	369	280	291	224	212	168	134	89	56	0	78	112	134	168	246	
145	190	246	212	268	268	358	302	313	414	369	347	347	313	313	336	336	246	280	212	224	179	168	134	123	78	0	112	67	100	201	
268	201	257	268	324	336	425	380	414	504	481	459	459	425	436	459	459	369	392	324	324	280	246	201	156	112	112	0	100	134	168	
168	123	179	168	224	235	324	280	302	403	369	358	369	336	347	380	392	302	347	280	291	257	235	212	190	134	67	100	0	33	123	
168	89	145	134	190	201	291	246	280	380	358	347	358	336	347	380	392	313	358	291	313	280	268	235	224	168	100	134	33	0	112	
268	67	100	156	201	246	313	302	347	425	425	425	448	425	448	481	504	425	470	403	425	380	369	336	302	246	201	168	123	112	0	
V11
0	152	174	114	136	114	167	114	121	182	144	129	129	114	121	144	159	106	144	114	144	136	152	159	167	144	98	182	114	114	182	
152	0	38	60	91	114	159	159	182	243	243	243	258	250	266	296	311	258	288	250	273	250	243	228	212	174	129	136	83	60	45	
174	38	0	68	76	114	152	159	190	243	243	250	273	266	288	319	334	281	319	281	304	281	281	266	250	212	167	174	121	98	68	
114	60	68	0	38	53	106	91	121	182	174	182	197	197	220	250	266	220	258	228	258	235	243	235	228	197	144	182	114	91	106	
136	91	76	38	0	38	68	76	106	159	167	182	205	205	228	258	281	243	288	250	288	273	281	273	266	235	182	220	152	129	136	
114	114	114	53	38	0	60	38	68	121	129	144	167	167	190	228	250	212	258	228	266	250	266	266	258	235	182	228	159	136	167	
167	159	152	106	68	60	0	53	76	98	129	152	182	190	220	258	281	250	304	281	319	311	326	326	319	296	243	288	220	197	212	
114	159	159	91	76	38	53	0	30	83	83	106	129	136	159	197	228	197	243	220	258	258	273	273	281	258	205	258	190	167	205	
121	182	190	121	106	68	76	30	0	60	53	76	98	106	136	174	205	182	228	212	258	250	273	281	288	266	212	281	205	190	235	
182	243	243	182	159	121	98	83	60	0	45	83	106	136	167	197	228	220	266	258	304	304	334	342	349	326	281	342	273	258	288	
144	243	243	174	167	129	129	83	53	45	0	38	60	83	114	144	182	174	220	212	258	266	296	304	311	296	250	326	250	243	288	
129	243	250	182	182	144	152	106	76	83	38	0	22	45	76	106	144	136	182	182	228	235	266	273	288	281	235	311	243	235	288	
129	258	273	197	205	167	182	129	98	106	60	22	0	30	53	83	114	121	159	167	212	220	250	266	281	273	235	311	250	243	304	
114	250	266	197	205	167	190	136	106	136	83	45	30	0	30	60	91	91	136	136	182	190	220	235	258	250	212	288	228	228	288	
121	266	288	220	228	190	220	159	136	167	114	76	53	30	0	30	60	68	106	114	159	167	205	220	243	243	212	296	235	235	304	
144	296	319	250	258	228	258	197	174	197	144	106	83	60	30	0	30	60	91	106	144	167	205	228	250	250	228	311	258	258	326	
159	311	334	266	281	250	281	228	205	228	182	144	114	91	60	30	0	53	60	91	129	152	190	212	235	250	228	311	266	266	342	
106	258	281	220	243	212	250	197	182	220	174	136	121	91	68	60	53	0	45	45	91	98	136	159	182	190	167	250	205	212	288	
144	288	319	258	288	258	304	243	228	266	220	182	159	136	106	91	60	45	0	45	60	91	121	152	182	197	190	266	235	243	319	
114	250	281	228	250	228	281	220	212	258	212	182	167	136	114	106	91	45	45	0	45	53	91	114	144	152	144	220	190	197	273	
144	273	304	258	288	266	319	258	258	304	258	228	212	182	159	144	129	91	60	45	0	30	60	91	121	144	152	220	197	212	288	
136	250	281	235	273	250	311	258	250	304	266	235	220	190	167	167	152	98	91	53	30	0	38	60	91	114	121	190	174	190	258	
152	243	281	243	281	266	326	273	273	334	296	266	250	220	205	205	190	136	121	91	60	38	0	30	60	91	114	167	159	182	250	
159	228	266	235	273	266	326	273	281	342	304	273	266	235	220	228	212	159	152	114	91	60	30	0	30	60	91	136	144	159	228	
167	212	250	228	266	258	319	281	288	349	311	288	281	258	243	250	235	182	182	144	121	91	60	30	0	38	83	106	129	152	205	
144	174	212	197	235	235	296	258	266	326	296	281	273	250	243	250	250	190	197	152	144	114	91	60	38	0	53	76	91	114	167	
98	129	167	144	182	182	243	205	212	281	250	235	235	212	212	228	228	167	190	144	152	121	114	91	83	53	0	76	45	68	136	
182	136	174	182	220	228	288	258	281	342	326	311	311	288	296	311	311	250	266	220	220	190	167	136	106	76	76	0	68	91	114	
114	83	121	114	152	159	220	190	205	273	250	243	250	228	235	258	266	205	235	190	197	174	159	144	129	91	45	68	0	22	83	
114	60	98	91	129	136	197	167	190	258	243	235	243	228	235	258	266	212	243	197	212	190	182	159	152	114	68	91	22	0	76	
182	45	68	106	136	167	212	205	235	288	288	288	304	288	304	326	342	288	319	273	288	258	250	228	205	167	136	114	83	76	0	
V12
0	212	243	159	190	159	233	159	169	254	201	180	180	159	169	201	222	148	201	159	201	190	212	222	233	201	137	254	159	159	254	
212	0	53	84	127	159	222	222	254	339	339	339	360	349	371	413	434	360	402	349	381	349	339	318	296	243	180	190	116	84	63	
243	53	0	95	106	159	212	222	265	339	339	349	381	371	402	445	466	392	445	392	424	392	392	371	349	296	233	243	169	137	95	
159	84	95	0	53	74	148	127	169	254	243	254	275	275	307	349	371	307	360	318	360	328	339	328	318	275	201	254	159	127	148	
190	127	106	53	0	53	95	106	148	222	233	254	286	286	318	360	392	339	402	349	402	381	392	381	371	328	254	307	212	180	190	
159	159	159	74	53	0	84	53	95	169	180	201	233	233	265	318	349	296	360	318	371	349	371	371	360	328	254	318	222	190	233	
233	222	212	148	95	84	0	74	106	137	180	212	254	265	307	360	392	349	424	392	445	434	455	455	445	413	339	402	307	275	296	
159	222	222	127	106	53	74	0	42	116	116	148	180	190	222	275	318	275	339	307	360	360	381	381	392	360	286	360	265	233	286	
169	254	265	169	148	95	106	42	0	84	74	106	137	148	190	243	286	254	318	296	360	349	381	392	402	371	296	392	286	265	328	
254	339	339	254	222	169	137	116	84	0	63	116	148	190	233	275	318	307	371	360	424	424	466	477	487	455	392	477	381	360	402	
201	339	339	243	233	180	180	116	74	63	0	53	84	116	159	201	254	243	307	296	360	371	413	424	434	413	349	455	349	339	402	
180	339	349	254	254	201	212	148	106	116	53	0	31	63	106	148	201	190	254	254	318	328	371	381	402	392	328	434	339	328	402	
180	360	381	275	286	233	254	180	137	148	84	31	0	42	74	116	159	169	222	233	296	307	349	371	392	381	328	434	349	339	424	
159	349	371	275	286	233	265	190	148	190	116	63	42	0	42	84	127	127	190	190	254	265	307	328	360	349	296	402	318	318	402	
169	371	402	307	318	265	307	222	190	233	159	106	74	42	0	42	84	95	148	159	222	233	286	307	339	339	296	413	328	328	424	
201	413	445	349	360	318	360	275	243	275	201	148	116	84	42	0	42	84	127	148	201	233	286	318	349	349	318	434	360	360	455	
222	434	466	371	392	349	392	318	286	318	254	201	159	127	84	42	0	74	84	127	180	212	265	296	328	349	318	434	371	371	477	
148	360	392	307	339	296	349	275	254	307	243	190	169	127	95	84	74	0	63	63	127	137	190	222	254	265	233	349	286	296	402	
201	402	445	360	402	360	424	339	318	371	307	254	222	190	148	127	84	63	0	63	84	127	169	212	254	275	265	371	328	339	445	
159	349	392	318	349	318	392	307	296	360	296	254	233	190	159	148	127	63	63	0	63	74	127	159	201	212	201	307	265	275	381	
201	381	424	360	402	371	445	360	360	424	360	318	296	254	222	201	180	127	84	63	0	42	84	127	169	201	212	307	275	296	402	
190	349	392	328	381	349	434	360	349	424	371	328	307	265	233	233	212	137	127	74	42	0	53	84	127	159	169	265	243	265	360	
212	339	392	339	392	371	455	381	381	466	413	371	349	307	286	286	265	190	169	127	84	53	0	42	84	127	159	233	222	254	349	
222	318	371	328	381	371	455	381	392	477	424	381	371	328	307	318	296	222	212	159	127	84	42	0	42	84	127	190	201	222	318	
233	296	349	318	371	360	445	392	402	487	434	402	392	360	339	349	328	254	254	201	169	127	84	42	0	53	116	148	180	212	286	
201	243	296	275	328	328	413	360	371	455	413	392	381	349	339	349	349	265	275	212	201	159	127	84	53	0	74	106	127	159	233	
137	180	233	201	254	254	339	286	296	392	349	328	328	296	296	318	318	233	265	201	212	169	159	127	116	74	0	106	63	95	190	
254	190	243	254	307	318	402	360	392	477	455	434	434	402	413	434	434	349	371	307	307	265	233	190	148	106	106	0	95	127	159	
159	116	169	159	212	222	307	265	286	381	349	339	349	318	328	360	371	286	328	265	275	243	222	201	180	127	63	95	0	31	116	
159	84	137	127	180	190	275	233	265	360	339	328	339	318	328	360	371	296	339	275	296	265	254	222	212	159	95	127	31	0	106	
254	63	95	148	190	233	296	286	328	402	402	402	424	402	424	455	477	402	445	381	402	360	349	318	286	233	190	159	116	106	0	
V13
0	224	257	168	201	168	246	168	179	268	212	190	190	168	179	212	235	156	212	168	212	201	224	235	246	212	145	268	168	168	268	
224	0	56	89	134	168	235	235	268	358	358	358	380	369	392	436	459	380	425	369	403	369	358	336	313	257	190	201	123	89	67	
257	56	0	100	112	168	224	235	280	358	358	369	403	392	425	470	492	414	470	414	448	414	414	392	369	313	246	257	179	145	100	
168	89	100	0	56	78	156	134	179	268	257	268	291	291	324	369	392	324	380	336	380	347	358	347	336	291	212	268	168	134	156	
201	134	112	56	0	56	100	112	156	235	246	268	302	302	336	380	414	358	425	369	425	403	414	403	392	347	268	324	224	190	201	
168	168	168	78	56	0	89	56	100	179	190	212	246	246	280	336	369	313	380	336	392	369	392	392	380	347	268	336	235	201	246	
246	235	224	156	100	89	0	78	112	145	190	224	268	280	324	380	414	369	448	414	470	459	481	481	470	436	358	425	324	291	313	
168	235	235	134	112	56	78	0	44	123	123	156	190	201	235	291	336	291	358	324	380	380	403	403	414	380	302	380	280	246	302	
179	268	280	179	156	100	112	44	0	89	78	112	145	156	201	257	302	268	336	313	380	369	403	414	425	392	313	414	302	280	347	
268	358	358	268	235	179	145	123	89	0	67	123	156	201	246	291	336	324	392	380	448	448	492	504	515	481	414	504	403	380	425	
212	358	358	257	246	190	190	123	78	67	0	56	89	123	168	212	268	257	324	313	380	392	436	448	459	436	369	481	369	358	425	
190	358	369	268	268	212	224	156	112	123	56	0	33	67	112	156	212	201	268	268	336	347	392	403	425	414	347	459	358	347	425	
190	380	403	291	302	246	268	190	145	156	89	33	0	44	78	123	168	179	235	246	313	324	369	392	414	403	347	459	369	358	448	
168	369	392	291	302	246	280	201	156	201	123	67	44	0	44	89	134	134	201	201	268	280	324	347	380	369	313	425	336	336	425	
179	392	425	324	336	280	324	235	201	246	168	112	78	44	0	44	89	100	156	168	235	246	302	324	358	358	313	436	347	347	448	
212	436	470	369	380	336	380	291	257	291	212	156	123	89	44	0	44	89	134	156	212	246	302	336	369	369	336	459	380	380	481	
235	459	492	392	414	369	414	336	302	336	268	212	168	134	89	44	0	78	89	134	190	224	280	313	347	369	336	459	392	392	504	
156	380	414	324	358	313	369	291	268	324	257	201	179	134	100	89	78	0	67	67	134	145	201	235	268	280	246	369	302	313	425	
212	425	470	380	425	380	448	358	336	392	324	268	235	201	156	134	89	67	0	67	89	134	179	224	268	291	280	392	347	358	470	
168	369	414	336	369	336	414	324	313	380	313	268	246	201	168	156	134	67	67	0	67	78	134	168	212	224	212	324	280	291	403	
212	403	448	380	425	392	470	380	380	448	380	336	313	268	235	212	190	134	89	67	0	44	89	134	179	212	224	324	291	313	425	
201	369	414	347	403	369	459	380	369	448	392	347	324	280	246	246	224	145	134	78	44	0	56	89	134	168	179	280	257	280	380	
224	358	414	358	414	392	481	403	403	492	436	392	369	324	302	302	280	201	179	134	89	56	0	44	89	134	168	246	235	268	369	
235	336	392	347	403	392	481	403	414	504	448	403	392	347	324	336	313	235	224	168	134	89	44	0	44	89	134	201	212	235	336	
246	313	369	336	392	380	470	414	425	515	459	425	414	380	358	369	347	268	268	212	179	134	89	44	0	56	123	156	190	224	302	
212	257	313	291	347	347	436	380	392	481	436	414	403	369	358	369	369	280	291	224	212	168	134	89	56	0	78	112	134	168	246	
145	190	246	212	268	268	358	302	313	414	369	347	347	313	313	336	336	246	280	212	224	179	168	134	123	78	0	112	67	100	201	
268	201	257	268	324	336	425	380	414	504	481	459	459	425	436	459	459	369	392	324	324	280	246	201	156	112	112	0	100	134	168	
168	123	179	168	224	235	324	280	302	403	369	358	369	336	347	380	392	302	347	280	291	257	235	212	190	134	67	100	0	33	123	
168	89	145	134	190	201	291	246	280	380	358	347	358	336	347	380	392	313	358	291	313	280	268	235	224	168	100	134	33	0	112	
268	67	100	156	201	246	313	302	347	425	425	425	448	425	448	481	504	425	470	403	425	380	369	336	302	246	201	168	123	112	0	
V14
0	136	156	102	122	102	149	102	108	163	129	115	115	102	108	129	142	95	129	102	129	122	136	142	149	129	88	163	102	102	163	
136	0	34	54	81	102	142	142	163	217	217	217	231	224	238	265	278	231	258	224	244	224	217	204	190	156	115	122	74	54	40	
156	34	0	61	68	102	136	142	170	217	217	224	244	238	258	285	299	251	285	251	272	251	251	238	224	190	149	156	108	88	61	
102	54	61	0	34	47	95	81	108	163	156	163	176	176	197	224	238	197	231	204	231	210	217	210	204	176	129	163	102	81	95	
122	81	68	34	0	34	61	68	95	142	149	163	183	183	204	231	251	217	258	224	258	244	251	244	238	210	163	197	136	115	122	
102	102	102	47	34	0	54	34	61	108	115	129	149	149	170	204	224	190	231	204	238	224	238	238	231	210	163	204	142	122	149	
149	142	136	95	61	54	0	47	68	88	115	136	163	170	197	231	251	224	272	251	285	278	292	292	285	265	217	258	197	176	190	
102	142	142	81	68	34	47	0	27	74	74	95	115	122	142	176	204	176	217	197	231	231	244	244	251	231	183	231	170	149	183	
108	163	170	108	95	61	68	27	0	54	47	68	88	95	122	156	183	163	204	190	231	224	244	251	258	238	190	251	183	170	210	
163	217	217	163	142	108	88	74	54	0	40	74	95	122	149	176	204	197	238	231	272	272	299	306	312	292	251	306	244	231	258	
129	217	217	156	149	115	115	74	47	40	0	34	54	74	102	129	163	156	197	190	231	238	265	272	278	265	224	292	224	217	258	
115	217	224	163	163	129	136	95	68	74	34	0	20	40	68	95	129	122	163	163	204	210	238	244	258	251	210	278	217	210	258	
115	231	244	176	183	149	163	115	88	95	54	20	0	27	47	74	102	108	142	149	190	197	224	238	251	244	210	278	224	217	272	
102	224	238	176	183	149	170	122	95	122	74	40	27	0	27	54	81	81	122	122	163	170	197	210	231	224	190	258	204	204	258	
108	238	258	197	204	170	197	142	122	149	102	68	47	27	0	27	54	61	95	102	142	149	183	197	217	217	190	265	210	210	272	
129	265	285	224	231	204	231	176	156	176	129	95	74	54	27	0	27	54	81	95	129	149	183	204	224	224	204	278	231	231	292	
142	278	299	238	251	224	251	204	183	204	163	129	102	81	54	27	0	47	54	81	115	136	170	190	210	224	204	278	238	238	306	
95	231	251	197	217	190	224	176	163	197	156	122	108	81	61	54	47	0	40	40	81	88	122	142	163	170	149	224	183	190	258	
129	258	285	231	258	231	272	217	204	238	197	163	142	122	95	81	54	40	0	40	54	81	108	136	163	176	170	238	210	217	285	
102	224	251	204	224	204	251	197	190	231	190	163	149	122	102	95	81	40	40	0	40	47	81	102	129	136	129	197	170	176	244	
129	244	272	231	258	238	285	231	231	272	231	204	190	163	142	129	115	81	54	40	0	27	54	81	108	129	136	197	176	190	258	
122	224	251	210	244	224	278	231	224	272	238	210	197	170	149	149	136	88	81	47	27	0	34	54	81	102	108	170	156	170	231	
136	217	251	217	251	238	292	244	244	299	265	238	224	197	183	183	170	122	108	81	54	34	0	27	54	81	102	149	142	163	224	
142	204	238	210	244	238	292	244	251	306	272	244	238	210	197	204	190	142	136	102	81	54	27	0	27	54	81	122	129	142	204	
149	190	224	204	238	231	285	251	258	312	278	258	251	231	217	224	210	163	163	129	108	81	54	27	0	34	74	95	115	136	183	
129	156	190	176	210	210	265	231	238	292	265	251	244	224	217	224	224	170	176	136	129	102	81	54	34	0	47	68	81	102	149	
88	115	149	129	163	163	217	183	190	251	224	210	210	190	190	204	204	149	170	129	136	108	102	81	74	47	0	68	40	61	122	
163	122	156	163	197	204	258	231	251	306	292	278	278	258	265	278	278	224	238	197	197	170	149	122	95	68	68	0	61	81	102	
102	74	108	102	136	142	197	170	183	244	224	217	224	204	210	231	238	183	210	170	176	156	142	129	115	81	40	61	0	20	74	
102	54	88	81	115	122	176	149	170	231	217	210	217	204	210	231	238	190	217	176	190	170	163	142	136	102	61	81	20	0	68	
163	40	61	95	122	149	190	183	210	258	258	258	272	258	272	292	306	258	285	244	258	231	224	204	183	149	122	102	74	68	0	
V15
0	264	303	198	237	198	290	198	211	316	250	224	224	198	211	250	277	184	250	198	250	237	264	277	290	250	171	316	198	198	316	
264	0	66	105	158	198	277	277	316	422	422	422	448	435	462	514	541	448	501	435	475	435	422	396	369	303	224	237	145	105	79	
303	66	0	118	132	198	264	277	330	422	422	435	475	462	501	554	580	488	554	488	528	488	488	462	435	369	290	303	211	171	118	
198	105	118	0	66	92	184	158	211	316	303	316	343	343	382	435	462	382	448	396	448	409	422	409	396	343	250	316	198	158	184	
237	158	132	66	0	66	118	132	184	277	290	316	356	356	396	448	488	422	501	435	501	475	488	475	462	409	316	382	264	224	237	
198	198	198	92	66	0	105	66	118	211	224	250	290	290	330	396	435	369	448	396	462	435	462	462	448	409	316	396	277	237	290	
290	277	264	184	118	105	0	92	132	171	224	264	316	330	382	448	488	435	528	488	554	541	567	567	554	514	422	501	382	343	369	
198	277	277	158	132	66	92	0	52	145	145	184	224	237	277	343	396	343	422	382	448	448	475	475	488	448	356	448	330	290	356	
211	316	330	211	184	118	132	52	0	105	92	132	171	184	237	303	356	316	396	369	448	435	475	488	501	462	369	488	356	330	409	
316	422	422	316	277	211	171	145	105	0	79	145	184	237	290	343	396	382	462	448	528	528	580	594	607	567	488	594	475	448	501	
250	422	422	303	290	224	224	145	92	79	0	66	105	145	198	250	316	303	382	369	448	462	514	528	541	514	435	567	435	422	501	
224	422	435	316	316	250	264	184	132	145	66	0	39	79	132	184	250	237	316	316	396	409	462	475	501	488	409	541	422	409	501	
224	448	475	343	356	290	316	224	171	184	105	39	0	52	92	145	198	211	277	290	369	382	435	462	488	475	409	541	435	422	528	
198	435	462	343	356	290	330	237	184	237	145	79	52	0	52	105	158	158	237	237	316	330	382	409	448	435	369	501	396	396	501	
211	462	501	382	396	330	382	277	237	290	198	132	92	52	0	52	105	118	184	198	277	290	356	382	422	422	369	514	409	409	528	
250	514	554	435	448	396	448	343	303	343	250	184	145	105	52	0	52	105	158	184	250	290	356	396	435	435	396	541	448	448	567	
277	541	580	462	488	435	488	396	356	396	316	250	198	158	105	52	0	92	105	158	224	264	330	369	409	435	396	541	462	462	594	
184	448	488	382	422	369	435	343	316	382	303	237	211	158	118	105	92	0	79	79	158	171	237	277	316	330	290	435	356	369	501	
250	501	554	448	501	448	528	422	396	462	382	316	277	237	184	158	105	79	0	79	105	158	211	264	316	343	330	462	409	422	554	
198	435	488	396	435	396	488	382	369	448	369	316	290	237	198	184	158	79	79	0	79	92	158	198	250	264	250	382	330	343	475	
250	475	528	448	501	462	554	448	448	528	448	396	369	316	277	250	224	158	105	79	0	52	105	158	211	250	264	382	343	369	501	
237	435	488	409	475	435	541	448	435	528	462	409	382	330	290	290	264	171	158	92	52	0	66	105	158	198	211	330	303	330	448	
264	422	488	422	488	462	567	475	475	580	514	462	435	382	356	356	330	237	211	158	105	66	0	52	105	158	198	290	277	316	435	
277	396	462	409	475	462	567	475	488	594	528	475	462	409	382	396	369	277	264	198	158	105	52	0	52	105	158	237	250	277	396	
290	369	435	396	462	448	554	488	501	607	541	501	488	448	422	435	409	316	316	250	211	158	105	52	0	66	145	184	224	264	356	
250	303	369	343	409	409	514	448	462	567	514	488	475	435	422	435	435	330	343	264	250	198	158	105	66	0	92	132	158	198	290	
171	224	290	250	316	316	422	356	369	488	435	409	409	369	369	396	396	290	330	250	264	211	198	158	145	92	0	132	79	118	237	
316	237	303	316	382	396	501	448	488	594	567	541	541	501	514	541	541	435	462	382	382	330	290	237	184	132	132	0	118	158	198	
198	145	211	198	264	277	382	330	356	475	435	422	435	396	409	448	462	356	409	330	343	303	277	250	224	158	79	118	0	39	145	
198	105	171	158	224	237	343	290	330	448	422	409	422	396	409	448	462	369	422	343	369	330	316	277	264	198	118	158	39	0	132	
316	79	118	184	237	290	369	356	409	501	501	501	528	501	528	567	594	501	554	475	501	448	435	396	356	290	237	198	145	132	0	
Velocidade_Veiculos
1	1	1	1	1	1	1	1	1	1	1	1	1	1	1	1	