M: 8
N: 30
Nun_Veiculos: 11
Capacidade_Total: 611
Demanda_Total: 467
Setup_Min: 1
Setup_Max: 99
Raio: 20
Circulos: 1
Tempo_Processamento_Min: 1
Tempo_Processamento_Max: 49
Demanda_Min: 10
Demanda_Max: 30
Priority_Factor: 0.2
Range_Factor_R: 0.8
U_factor: 2
ALpha: 0.2Replicao: 2
Tempos_Processamentos
0	0	1	0	2	0	3	0	4	0	5	0	6	0	7	0	
0	1	1	10	2	2	3	26	4	45	5	25	6	46	7	20	
0	23	1	26	2	34	3	23	4	21	5	22	6	25	7	35	
0	20	1	1	2	20	3	4	4	33	5	26	6	22	7	22	
0	16	1	47	2	37	3	7	4	35	5	31	6	37	7	6	
0	4	1	3	2	38	3	14	4	39	5	39	6	22	7	3	
0	11	1	19	2	24	3	34	4	14	5	32	6	20	7	3	
0	28	1	49	2	19	3	20	4	45	5	46	6	23	7	7	
0	35	1	20	2	39	3	19	4	3	5	17	6	34	7	33	
0	9	1	39	2	43	3	9	4	40	5	46	6	42	7	12	
0	13	1	20	2	5	3	33	4	20	5	25	6	21	7	7	
0	34	1	36	2	12	3	18	4	22	5	20	6	32	7	5	
0	22	1	45	2	31	3	44	4	9	5	7	6	35	7	5	
0	1	1	27	2	42	3	34	4	42	5	18	6	21	7	32	
0	1	1	16	2	18	3	17	4	25	5	33	6	1	7	3	
0	49	1	3	2	46	3	21	4	40	5	27	6	5	7	14	
0	11	1	27	2	42	3	12	4	19	5	9	6	3	7	11	
0	40	1	4	2	3	3	34	4	15	5	27	6	3	7	16	
0	37	1	47	2	20	3	27	4	16	5	22	6	8	7	45	
0	38	1	11	2	46	3	23	4	38	5	19	6	49	7	22	
0	29	1	46	2	46	3	33	4	41	5	43	6	5	7	4	
0	18	1	16	2	3	3	3	4	26	5	9	6	30	7	14	
0	19	1	6	2	30	3	26	4	7	5	45	6	16	7	3	
0	45	1	44	2	44	3	41	4	5	5	8	6	44	7	7	
0	9	1	15	2	20	3	44	4	12	5	1	6	9	7	36	
0	38	1	38	2	30	3	27	4	18	5	39	6	10	7	1	
0	48	1	23	2	36	3	39	4	17	5	30	6	37	7	19	
0	8	1	15	2	19	3	25	4	36	5	9	6	32	7	44	
0	28	1	32	2	9	3	29	4	17	5	49	6	47	7	30	
0	42	1	13	2	47	3	46	4	25	5	31	6	19	7	16	
0	34	1	28	2	6	3	16	4	42	5	44	6	25	7	37	

Tempos_setup
M0
0	0	0	0	0	0	0	0	0	0	0	0	0	0	0	0	0	0	0	0	0	0	0	0	0	0	0	0	0	0	0	
0	0	9	17	19	22	21	16	21	20	25	15	15	18	2	15	12	21	11	26	17	16	6	10	11	25	11	17	21	19	21	
0	7	0	14	15	13	12	7	12	17	22	12	6	15	6	12	3	12	2	25	8	7	3	6	2	16	2	8	18	16	18	
0	13	17	0	11	10	14	17	8	14	19	19	17	12	11	17	11	23	14	22	10	9	12	14	11	18	7	4	17	18	15	
0	16	9	12	0	13	21	10	14	17	11	8	15	15	2	13	12	20	11	20	8	16	4	3	3	25	11	13	14	7	13	
0	6	11	9	4	0	16	9	1	4	9	12	8	2	6	7	10	13	4	12	4	18	6	7	5	20	13	13	7	10	5	
0	13	8	17	14	10	0	13	11	7	12	20	12	12	1	15	11	18	8	15	14	15	11	14	10	4	10	16	10	13	8	
0	11	9	21	14	12	17	0	11	16	21	15	15	14	2	19	12	21	11	24	13	12	12	15	11	21	11	7	19	21	17	
0	5	12	15	3	16	24	13	0	20	12	11	18	18	5	16	15	23	14	23	11	19	7	6	6	28	14	16	17	10	16	
0	14	7	17	13	11	12	10	10	0	5	14	13	7	5	15	10	18	9	8	7	14	9	9	8	16	9	15	3	6	1	
0	9	2	12	17	14	14	9	14	18	0	14	8	16	8	10	5	14	4	14	9	9	5	8	4	18	4	10	9	1	7	
0	15	15	21	18	14	13	15	15	18	18	0	20	16	8	20	10	26	16	20	9	8	11	12	10	17	17	22	6	9	14	
0	1	10	18	17	16	15	8	15	20	25	16	0	18	3	16	12	8	12	27	11	10	7	11	12	16	5	11	22	20	21	
0	7	9	15	11	7	14	7	8	2	7	13	6	0	7	13	12	11	2	10	2	16	4	8	3	18	11	14	5	8	3	
0	14	7	21	22	20	19	14	19	18	23	19	13	16	0	19	10	19	9	26	15	14	10	13	9	23	9	15	21	23	19	
0	8	11	2	13	12	16	11	10	16	21	21	10	14	10	0	3	9	6	24	12	11	14	6	13	17	9	6	19	20	17	
0	14	8	12	21	21	20	10	20	21	25	20	13	19	12	20	0	19	9	28	16	15	11	3	10	24	10	16	23	24	21	
0	17	12	21	18	14	20	17	15	18	19	24	16	16	18	19	15	0	12	20	18	19	15	18	14	8	14	20	21	20	19	
0	5	14	22	19	17	19	5	16	21	26	20	4	19	7	20	16	10	0	29	15	14	11	15	16	18	9	12	24	24	22	
0	6	14	17	5	18	19	13	2	22	14	6	5	20	7	18	16	13	16	0	13	14	9	8	8	21	10	16	12	12	18	
0	11	12	13	9	5	21	12	6	9	14	11	11	7	11	11	14	17	7	17	0	17	2	6	1	25	14	17	12	15	10	
0	12	8	14	10	6	5	8	7	10	15	12	12	8	6	12	2	18	8	18	1	0	3	5	2	9	10	15	13	16	11	
0	17	10	11	13	21	22	11	19	25	23	9	16	23	13	9	12	18	12	26	18	17	0	4	12	26	12	15	15	13	19	
0	18	16	9	18	19	23	7	17	23	28	21	17	21	9	21	10	25	18	31	19	18	12	0	18	27	16	13	26	25	24	
0	18	11	12	14	22	23	12	20	26	24	10	17	24	14	10	13	17	13	23	19	18	1	5	0	25	13	16	16	14	20	
0	9	17	13	10	6	22	9	7	10	15	18	8	8	11	11	14	14	4	12	10	18	12	13	11	0	13	16	13	16	11	
0	15	11	19	13	11	10	13	10	15	20	17	17	13	4	17	7	23	13	23	6	5	8	10	7	14	0	6	18	20	16	
0	9	13	15	7	6	10	13	4	10	15	15	13	8	9	13	7	19	10	18	6	5	8	10	7	14	15	0	13	14	11	
0	15	9	15	13	9	9	9	10	13	18	15	15	11	2	15	12	21	11	14	4	16	6	6	5	13	11	16	0	19	14	
0	19	12	22	18	16	17	17	15	20	10	19	18	18	10	20	14	24	14	13	12	12	13	14	13	21	14	20	8	0	6	
0	13	6	16	12	10	11	11	9	14	4	13	12	12	4	14	9	18	8	7	6	13	8	8	7	15	8	14	2	5	0	
M1
0	0	0	0	0	0	0	0	0	0	0	0	0	0	0	0	0	0	0	0	0	0	0	0	0	0	0	0	0	0	0	
0	0	19	18	10	11	11	20	3	15	13	25	10	22	3	9	16	14	8	13	22	11	15	15	11	13	15	7	21	5	19	
0	18	0	11	13	24	14	25	16	18	25	23	13	8	16	23	19	20	9	26	7	18	19	17	6	17	9	22	5	18	22	
0	14	21	0	10	25	18	16	17	15	22	25	17	19	12	23	16	16	5	27	19	7	16	20	10	22	12	21	24	14	19	
0	17	11	18	0	20	12	12	14	5	12	15	11	15	15	22	6	16	20	18	14	17	14	15	17	12	7	20	16	17	9	
0	7	15	7	13	0	2	22	4	17	20	20	12	14	5	12	13	17	11	14	13	13	19	14	13	19	6	10	20	7	22	
0	5	13	17	11	10	0	20	2	15	18	18	10	12	3	10	16	15	9	12	11	12	17	12	11	17	4	8	18	5	20	
0	21	9	17	19	20	21	0	20	22	20	25	20	3	19	18	20	4	13	17	16	12	13	25	13	11	18	16	12	21	19	
0	15	18	15	9	8	10	18	0	14	21	24	16	21	13	8	15	13	7	10	21	10	16	12	15	15	14	6	19	11	18	
0	21	16	19	5	25	17	7	19	0	17	16	16	10	20	25	11	11	15	23	9	19	15	10	20	17	2	23	19	22	14	
0	20	20	25	21	25	18	33	17	26	0	22	17	28	21	25	13	15	14	25	27	24	21	9	24	19	21	23	23	23	16	
0	14	22	24	20	19	9	29	11	24	27	0	19	21	12	19	19	24	18	21	20	21	20	21	20	25	13	17	27	14	26	
0	6	14	18	12	11	1	21	3	16	18	16	0	13	4	11	17	16	10	13	12	13	18	13	12	18	5	9	19	6	10	
0	19	26	18	28	30	25	34	22	28	27	29	24	0	17	28	29	21	10	32	24	25	27	25	20	28	17	26	29	19	23	
0	2	21	20	11	13	8	22	5	16	15	23	7	20	0	11	17	16	9	15	19	13	17	17	8	15	12	9	20	2	17	
0	10	10	11	1	14	9	11	11	6	13	16	8	14	12	0	7	5	10	18	15	2	8	16	7	12	8	17	13	3	10	
0	11	19	12	8	15	6	20	8	13	15	20	5	15	9	16	0	14	15	12	17	11	8	18	15	6	10	14	14	11	14	
0	17	5	13	15	16	17	21	16	18	16	21	16	13	15	14	16	0	12	13	12	12	9	21	9	7	14	12	8	17	15	
0	9	16	24	18	20	15	25	12	18	17	21	14	15	7	18	19	11	0	22	14	20	20	15	15	18	7	16	19	9	24	
0	10	17	10	16	3	5	8	7	11	17	14	15	11	8	15	16	12	13	0	16	5	12	17	10	10	9	13	9	10	8	
0	20	11	19	18	18	19	20	21	13	28	16	18	1	18	26	14	16	11	26	0	20	15	10	17	20	2	24	16	20	21	
0	18	15	9	19	23	13	9	15	23	15	21	12	12	16	20	21	10	14	23	22	0	9	17	5	17	17	18	18	18	15	
0	18	20	4	12	16	14	14	8	17	20	12	17	17	16	11	18	15	9	18	23	5	0	20	10	22	16	9	23	14	6	
0	11	11	16	12	19	9	24	11	17	19	24	8	19	12	19	4	6	5	16	18	15	12	0	15	10	12	17	14	14	18	
0	13	21	20	19	18	8	28	10	23	25	23	7	20	11	18	16	18	17	20	19	20	16	12	0	22	12	16	26	13	17	
0	11	13	6	14	17	16	14	9	11	9	14	16	9	9	13	20	8	11	19	20	5	2	18	9	0	13	11	8	11	8	
0	19	18	17	16	25	17	18	19	11	26	14	16	8	20	24	12	14	13	24	7	18	13	8	19	18	0	22	18	22	19	
0	10	12	13	3	15	5	13	7	8	15	18	10	16	8	2	9	7	1	17	15	4	10	16	9	14	8	0	15	5	12	
0	13	20	6	10	19	9	22	11	15	21	24	8	19	11	18	16	15	4	21	18	13	14	13	1	12	11	17	0	13	18	
0	7	19	19	17	16	6	26	8	21	20	21	5	18	9	16	22	18	7	18	17	18	15	18	6	20	10	14	18	0	15	
0	17	25	18	23	11	12	24	14	18	29	6	11	24	15	22	24	27	21	16	23	21	26	24	23	26	16	20	25	17	0	
M2
0	0	0	0	0	0	0	0	0	0	0	0	0	0	0	0	0	0	0	0	0	0	0	0	0	0	0	0	0	0	0	
0	0	7	17	12	8	15	17	14	17	13	4	13	13	14	12	6	15	8	7	11	11	11	6	17	6	9	16	20	7	7	
0	23	0	11	14	6	8	19	7	18	19	18	19	13	12	26	20	12	19	21	9	13	19	15	12	11	15	10	23	21	9	
0	22	9	0	14	13	9	10	16	21	11	14	13	9	8	24	14	1	10	15	5	14	15	11	13	2	7	1	23	15	10	
0	26	3	13	0	9	11	5	10	18	5	9	8	9	6	22	9	12	9	10	7	14	17	11	11	2	1	7	18	10	12	
0	25	13	19	13	0	17	14	16	19	15	22	13	17	6	20	14	12	18	15	3	22	13	19	11	10	11	16	19	15	18	
0	27	13	12	14	14	0	17	19	22	16	15	19	10	9	20	17	13	11	18	6	5	16	12	12	3	12	2	15	18	1	
0	21	7	14	8	6	12	0	11	13	9	13	3	8	2	18	4	11	4	5	6	9	16	10	14	3	5	2	13	5	9	
0	16	10	4	7	15	1	12	0	11	12	11	15	11	10	21	13	5	12	14	7	6	17	13	5	4	8	3	16	14	2	
0	23	3	13	9	9	11	14	10	0	5	12	17	9	6	22	14	12	5	15	7	14	17	11	11	2	1	13	25	15	10	
0	21	7	15	12	8	12	13	11	18	0	7	13	4	1	17	9	11	12	10	2	14	12	6	10	9	12	14	20	10	10	
0	20	7	13	14	4	15	13	14	23	9	0	16	9	10	21	2	11	10	3	7	7	17	11	13	2	5	14	23	3	3	
0	22	8	14	14	3	16	12	15	22	16	10	0	5	9	20	1	10	11	2	6	16	16	7	12	3	12	6	21	2	13	
0	17	3	14	10	4	11	15	10	21	13	19	9	0	10	21	10	15	8	11	7	16	17	2	15	10	9	12	16	11	12	
0	26	15	14	17	21	11	22	10	21	17	21	25	21	0	16	22	15	21	23	17	16	27	23	15	14	13	13	26	23	12	
0	23	9	17	14	8	14	15	13	20	2	9	15	6	3	0	6	13	14	7	4	16	14	8	12	8	14	16	22	7	12	
0	26	12	13	13	2	18	11	18	21	15	9	14	9	8	19	0	9	10	1	5	15	15	11	11	2	11	13	21	1	12	
0	21	8	18	18	14	16	23	15	26	10	17	16	14	11	27	17	0	15	18	12	21	22	16	16	7	6	18	30	18	17	
0	23	3	13	4	9	11	9	10	21	5	12	12	9	6	19	13	7	0	14	7	9	15	11	11	2	1	11	22	14	5	
0	25	11	12	12	12	17	10	18	23	14	13	13	8	12	28	14	8	9	0	15	16	24	10	10	1	10	12	23	15	14	
0	22	13	17	10	9	14	11	13	16	15	19	14	14	3	19	15	9	15	16	0	19	10	16	8	7	11	13	24	16	15	
0	32	19	22	28	22	27	30	26	20	17	24	27	18	18	15	21	23	25	22	19	0	14	20	27	22	21	23	34	22	21	
0	18	5	16	14	8	13	19	12	6	11	18	13	4	12	25	9	17	11	10	11	11	0	6	17	8	7	15	20	10	7	
0	24	1	12	10	2	9	15	8	19	11	17	7	12	8	19	8	13	6	9	5	14	15	0	13	8	7	10	14	9	10	
0	15	5	15	2	11	13	7	12	20	7	11	10	9	8	24	11	1	11	12	9	15	19	11	0	4	3	9	20	12	11	
0	24	10	11	12	11	18	17	17	28	13	12	16	7	14	27	14	12	8	15	14	15	23	9	19	0	9	12	23	15	13	
0	25	2	12	12	8	10	17	9	20	4	11	17	8	5	21	13	11	9	14	6	15	16	10	10	1	0	12	24	14	11	
0	25	11	12	13	12	18	15	17	20	14	13	17	8	7	23	15	13	9	16	4	16	14	10	12	1	10	0	24	16	14	
0	23	4	15	10	5	12	2	11	15	11	15	5	10	4	20	6	13	6	7	8	11	18	3	16	5	7	4	0	7	11	
0	26	14	19	14	1	18	15	17	20	16	20	14	15	7	21	15	13	16	7	4	14	14	16	12	8	12	17	20	0	19	
0	32	20	11	20	19	12	21	22	24	21	25	24	20	13	19	25	12	21	26	10	4	18	22	18	13	18	12	22	26	0	
M3
0	0	0	0	0	0	0	0	0	0	0	0	0	0	0	0	0	0	0	0	0	0	0	0	0	0	0	0	0	0	0	
0	0	18	8	11	13	18	25	18	4	21	16	7	9	3	9	16	17	5	21	18	16	21	11	18	12	19	22	24	13	6	
0	11	0	9	8	9	15	22	28	8	9	13	15	5	14	6	13	2	6	18	3	15	18	12	20	9	4	7	19	10	10	
0	9	19	0	13	16	20	20	26	13	16	18	16	12	12	18	18	9	13	23	10	22	16	19	18	14	11	14	19	15	8	
0	7	7	9	0	3	7	14	20	4	10	5	7	8	7	9	5	8	9	10	9	10	10	15	12	1	10	11	13	2	6	
0	4	15	6	8	0	15	22	22	1	18	13	11	13	7	6	13	15	9	18	16	7	18	15	15	9	17	19	21	10	3	
0	7	12	8	12	8	0	20	25	5	6	17	2	4	10	10	10	8	12	19	9	14	16	18	17	13	10	4	16	14	6	
0	2	3	3	11	7	15	0	17	6	1	16	9	3	5	9	1	5	7	18	6	13	11	13	13	12	1	10	11	13	1	
0	13	14	14	19	18	11	11	0	16	12	24	13	14	15	17	12	16	17	28	17	24	7	23	9	18	12	15	10	21	12	
0	3	14	5	7	10	14	21	21	0	17	12	10	12	6	5	12	14	8	17	15	17	17	14	14	8	16	18	20	9	2	
0	11	9	2	13	16	14	14	20	15	0	18	16	14	14	15	7	11	15	23	12	15	10	21	12	14	13	16	10	15	10	
0	10	12	12	14	6	16	19	21	7	19	0	10	3	6	12	10	14	15	5	15	13	15	18	17	6	16	19	15	11	9	
0	5	13	7	13	6	20	20	23	6	21	18	0	2	8	11	18	15	10	17	16	12	16	16	18	14	17	20	19	15	4	
0	8	19	10	12	4	19	26	26	5	22	17	15	0	11	10	17	19	13	15	20	10	22	19	19	13	21	23	25	14	7	
0	9	15	11	17	10	22	22	15	10	23	22	4	6	0	15	13	17	14	21	18	16	18	20	20	9	19	22	21	19	8	
0	6	9	8	2	5	9	16	22	3	12	7	9	10	9	0	7	10	11	12	11	12	12	17	14	3	12	13	15	4	5	
0	13	2	11	10	11	17	11	28	10	11	15	17	7	16	8	0	4	8	20	5	17	20	14	22	11	6	9	21	12	12	
0	9	10	7	13	7	20	21	26	6	7	18	16	3	12	11	11	0	4	18	1	13	17	10	18	14	2	5	17	15	8	
0	7	22	3	16	17	23	23	25	11	18	21	14	13	10	16	21	12	0	26	13	23	19	6	21	17	14	17	22	18	8	
0	12	19	14	12	15	17	26	30	16	20	15	19	18	15	16	17	18	17	0	19	22	22	23	24	13	20	21	25	12	11	
0	8	9	6	12	6	19	20	25	5	6	17	15	2	11	10	10	8	3	17	0	12	16	9	17	13	1	4	16	14	7	
0	28	18	27	26	26	25	27	34	26	27	31	23	23	19	24	16	20	24	36	21	0	32	12	34	27	22	25	34	28	27	
0	6	7	7	12	11	4	4	10	9	5	17	6	7	9	10	5	9	11	21	10	17	0	17	2	11	5	8	3	14	5	
0	17	27	16	28	30	35	24	35	21	25	33	24	26	20	26	25	25	22	33	26	33	32	0	28	29	25	30	35	30	23	
0	17	22	19	21	13	19	19	8	14	20	26	17	19	20	19	20	24	22	31	25	20	15	28	0	19	20	23	18	23	16	
0	6	6	8	10	2	13	13	19	3	14	15	10	11	6	8	4	8	11	20	9	9	9	17	11	0	10	13	12	12	5	
0	13	18	9	20	12	22	22	28	13	23	25	20	19	16	18	16	18	6	30	19	19	18	12	20	12	0	23	21	22	14	
0	4	8	4	8	11	15	16	21	1	2	13	11	7	7	6	6	4	8	18	5	17	12	14	13	9	6	0	12	10	3	
0	13	14	15	9	10	16	14	27	10	15	14	16	17	14	7	12	16	18	19	17	17	17	22	19	8	15	20	0	11	12	
0	12	15	10	17	9	5	22	23	10	8	3	7	6	9	15	13	6	7	8	7	16	18	13	15	9	8	9	18	0	11	
0	1	19	3	12	14	19	23	19	5	19	17	8	10	4	10	17	12	6	22	13	17	19	12	19	13	14	17	22	14	0	
M4
0	0	0	0	0	0	0	0	0	0	0	0	0	0	0	0	0	0	0	0	0	0	0	0	0	0	0	0	0	0	0	
0	0	15	2	11	8	15	14	17	17	14	37	25	29	7	9	10	11	12	17	14	12	17	4	15	8	12	7	16	7	12	
0	16	0	10	12	1	9	15	15	11	15	35	20	22	22	18	13	7	19	18	21	13	2	12	18	11	13	9	16	13	5	
0	22	13	0	12	14	16	15	16	18	13	35	30	30	22	24	11	9	17	18	19	23	15	2	25	9	13	7	23	20	13	
0	12	11	14	0	9	4	3	14	6	3	30	25	28	10	12	20	7	12	6	14	16	13	7	13	19	1	12	11	8	11	
0	23	20	22	13	0	17	16	23	19	16	43	31	36	23	25	12	20	18	19	20	29	22	20	26	10	14	20	18	21	24	
0	18	7	13	13	8	0	9	19	2	11	26	27	24	21	18	16	3	25	19	16	12	9	13	9	18	14	15	7	19	7	
0	16	15	18	4	13	8	0	18	10	7	34	23	32	14	16	24	11	16	10	18	19	17	11	16	23	5	16	15	12	15	
0	18	17	12	6	11	10	7	0	12	9	36	30	24	16	9	22	13	18	12	20	7	19	10	19	20	5	11	17	10	12	
0	16	5	15	15	6	14	16	17	0	18	24	25	22	23	23	14	1	24	21	14	18	7	17	23	16	14	14	21	17	5	
0	26	15	11	17	16	12	18	11	14	0	27	35	32	27	20	18	11	26	23	26	18	15	4	21	18	16	9	19	21	15	
0	20	17	7	13	8	17	9	23	19	16	0	18	19	22	24	13	13	24	19	26	2	19	9	23	16	14	14	24	9	20	
0	20	4	10	12	5	13	13	6	15	15	24	0	26	22	15	17	10	23	18	25	13	6	3	22	15	11	8	20	16	9	
0	17	1	11	7	2	10	8	16	12	10	36	21	0	17	19	10	8	16	13	18	13	3	13	10	8	6	10	17	13	6	
0	2	17	4	13	4	17	12	10	19	15	39	18	22	0	2	12	13	5	19	7	14	10	6	17	10	14	7	18	3	5	
0	14	15	16	15	2	19	18	24	21	13	40	22	20	21	0	14	11	20	21	22	13	17	17	15	12	16	21	20	1	3	
0	17	13	16	7	14	11	10	17	13	10	37	25	24	17	19	0	9	12	13	14	23	15	14	20	4	8	14	18	15	18	
0	20	4	14	14	5	13	15	19	15	17	39	24	26	24	22	13	0	23	20	25	17	6	16	22	15	13	13	20	17	9	
0	5	14	4	11	6	12	7	5	14	14	37	13	24	5	7	13	10	0	17	2	12	5	6	19	11	10	2	19	5	7	
0	21	20	23	9	17	13	11	23	15	12	39	34	37	19	21	29	16	21	0	23	25	22	16	22	27	9	21	20	16	20	
0	3	12	5	9	4	10	5	3	12	12	36	27	23	10	12	13	8	15	15	0	10	3	7	17	11	8	10	17	3	6	
0	23	15	5	11	6	15	7	21	17	14	40	30	17	21	23	16	11	22	17	24	0	17	7	23	14	12	12	22	19	18	
0	14	9	8	10	10	7	13	24	9	13	33	29	20	20	22	18	5	22	16	23	11	0	10	16	17	11	15	14	11	3	
0	22	11	7	17	12	20	20	23	22	20	42	31	28	27	22	14	7	22	23	22	24	13	0	29	14	18	5	27	23	11	
0	14	15	8	14	9	18	10	13	20	17	43	30	20	12	14	17	11	17	20	19	3	17	4	0	15	15	6	21	15	15	
0	13	14	12	3	12	7	6	13	9	6	33	21	26	13	15	2	10	8	9	10	19	13	10	16	0	4	10	14	11	14	
0	13	12	15	1	8	5	2	15	7	4	31	25	29	11	13	20	8	13	7	15	17	14	8	14	18	0	13	12	7	12	
0	20	12	2	12	13	16	15	18	18	15	37	30	26	22	24	11	8	17	18	19	25	14	4	25	9	13	0	23	20	9	
0	18	2	11	14	3	11	17	15	13	4	31	22	24	20	20	15	9	21	20	22	11	4	8	8	13	15	11	0	15	7	
0	24	14	21	14	1	18	17	23	20	12	39	24	31	24	26	13	10	19	20	21	17	16	16	14	11	15	20	19	0	19	
0	11	18	13	17	9	21	20	28	23	20	47	36	17	18	20	17	22	23	23	25	23	20	15	26	15	18	18	25	18	0	
M5
0	0	0	0	0	0	0	0	0	0	0	0	0	0	0	0	0	0	0	0	0	0	0	0	0	0	0	0	0	0	0	
0	0	25	13	17	14	10	20	6	22	22	16	27	21	31	2	18	25	14	13	4	18	12	29	11	18	18	27	7	21	21	
0	17	0	12	34	13	21	26	23	21	25	11	24	24	27	19	21	34	6	26	21	7	13	29	28	30	17	19	23	18	13	
0	12	19	0	22	1	11	18	11	9	22	15	19	24	27	10	25	26	1	20	12	12	6	21	19	18	5	14	12	13	8	
0	20	17	18	0	19	16	3	12	24	20	17	25	23	29	8	24	11	19	16	10	12	18	17	17	16	23	19	13	27	16	
0	14	18	11	28	0	10	20	17	8	21	16	24	29	32	13	26	25	12	19	15	11	9	20	22	25	16	18	14	24	19	
0	19	21	7	29	8	0	10	18	16	20	6	26	19	22	17	16	15	8	21	17	16	13	24	24	23	12	21	18	20	15	
0	17	14	15	34	16	13	0	23	21	17	14	22	27	26	19	24	8	16	25	21	9	19	14	24	13	20	16	24	28	13	
0	19	19	7	11	8	18	14	0	16	16	22	26	15	34	17	30	22	8	17	17	19	6	23	22	25	12	21	19	20	15	
0	22	19	16	20	8	13	23	9	0	21	19	16	24	30	5	21	28	17	11	7	17	15	28	14	17	14	20	6	24	24	
0	17	3	5	23	6	16	23	16	14	0	13	24	23	29	15	14	20	6	25	17	10	11	7	7	23	10	19	16	18	13	
0	13	17	1	23	2	10	19	12	10	14	0	20	13	16	11	10	25	2	15	11	13	7	18	18	19	6	15	12	14	9	
0	20	3	10	16	11	9	19	5	4	5	12	0	20	24	2	17	24	9	15	3	10	11	12	10	17	15	22	6	10	16	
0	18	4	6	19	7	12	22	8	15	1	11	15	0	23	4	15	21	7	2	6	11	7	8	7	20	11	20	9	9	14	
0	13	15	8	20	9	17	23	19	17	16	7	27	20	0	15	17	31	9	18	17	12	14	23	4	5	12	6	19	21	12	
0	23	23	11	15	12	8	18	4	20	20	14	25	19	29	0	16	23	12	21	2	16	10	27	9	16	16	25	5	19	19	
0	21	20	17	19	17	14	17	19	10	19	16	26	18	26	15	0	25	18	20	17	13	23	22	13	13	4	24	2	27	25	
0	23	6	16	38	17	25	28	27	25	20	15	26	19	31	23	25	0	12	21	25	1	19	27	26	33	15	14	22	20	19	
0	11	21	9	28	10	17	20	17	15	23	14	18	27	26	13	24	28	0	24	15	19	7	30	22	26	14	13	18	12	7	
0	27	23	15	19	16	12	22	8	24	20	18	29	23	33	4	20	27	16	0	6	20	14	27	13	20	20	24	9	23	23	
0	21	21	9	13	10	6	16	2	18	18	12	28	17	27	19	14	21	10	19	0	14	8	25	7	14	14	23	3	22	17	
0	24	7	19	37	20	28	27	26	28	19	18	25	18	33	22	28	35	13	20	24	0	20	26	25	32	14	26	21	19	20	
0	14	20	2	24	3	13	20	13	11	17	17	21	26	29	12	27	28	3	22	14	14	0	23	21	19	7	16	14	15	10	
0	26	20	22	33	23	26	35	22	30	17	27	31	16	28	18	31	33	23	18	20	16	23	0	23	33	27	28	23	25	22	
0	23	15	11	16	12	16	19	22	20	12	22	28	22	32	21	26	27	12	24	23	22	17	19	0	29	16	24	23	22	19	
0	8	10	4	25	5	13	22	14	13	17	3	23	16	13	10	13	28	5	13	12	16	10	21	17	0	9	18	15	17	12	
0	26	25	22	41	13	21	13	30	21	30	21	35	34	31	26	31	21	23	31	28	18	22	27	28	18	0	28	7	35	26	
0	10	13	2	24	3	11	19	13	11	15	1	21	14	17	12	11	26	3	16	12	6	8	19	19	20	6	0	13	15	6	
0	19	18	15	36	16	14	24	25	24	28	14	34	27	24	21	24	29	16	24	23	11	21	32	21	11	20	29	0	28	23	
0	15	9	3	22	4	12	21	11	10	11	2	6	15	14	8	12	27	4	16	9	15	8	18	14	19	8	17	11	0	11	
0	4	19	8	21	9	14	13	10	8	21	7	24	20	23	6	17	21	9	17	8	12	6	25	15	22	12	6	11	21	0	
M6
0	0	0	0	0	0	0	0	0	0	0	0	0	0	0	0	0	0	0	0	0	0	0	0	0	0	0	0	0	0	0	
0	0	21	13	21	19	18	24	14	22	13	16	28	3	15	17	12	18	18	5	14	18	24	17	30	15	19	12	21	6	23	
0	24	0	15	3	4	18	10	13	7	18	27	20	27	11	15	21	18	12	20	18	14	20	14	17	14	13	19	10	21	20	
0	15	17	0	17	6	9	12	1	19	3	20	16	18	11	19	8	15	9	15	16	13	22	11	17	5	15	21	22	16	17	
0	21	14	12	0	1	15	7	10	4	15	24	25	24	8	12	18	22	18	17	15	11	17	20	14	11	10	16	7	18	26	
0	20	31	19	17	0	14	6	20	15	18	23	35	23	25	23	22	21	17	25	25	21	16	19	13	10	9	15	18	26	25	
0	20	22	5	22	11	0	17	6	24	8	25	21	22	16	19	13	16	14	20	16	18	27	16	22	10	20	25	27	14	13	
0	17	28	17	18	2	16	0	18	17	12	17	30	20	26	24	17	15	18	22	21	17	18	18	15	12	3	9	20	22	23	
0	28	30	26	16	15	21	21	0	20	16	26	15	26	24	20	20	15	9	14	17	13	31	11	27	18	19	21	23	15	17	
0	23	16	8	2	3	17	9	9	0	11	26	24	21	10	8	16	21	15	13	13	13	19	17	16	13	12	18	3	14	23	
0	12	16	11	15	12	6	11	12	19	0	17	18	15	22	16	5	12	6	17	13	10	28	8	22	2	14	20	22	15	14	
0	13	17	12	8	9	7	12	13	12	1	0	19	16	16	8	6	5	7	13	5	7	24	1	17	3	3	9	15	8	7	
0	22	15	13	1	2	16	8	11	5	13	18	0	16	9	13	17	10	19	15	16	12	18	15	15	12	4	10	8	8	7	
0	31	18	27	21	17	22	23	28	25	19	33	27	0	12	22	22	29	23	27	19	15	33	25	30	21	26	30	28	26	31	
0	20	6	15	9	5	10	11	16	13	14	22	20	23	0	10	10	17	11	15	7	3	21	13	18	10	14	18	16	14	19	
0	25	28	14	18	9	9	15	15	22	13	20	19	13	22	0	8	15	9	5	5	7	24	11	22	15	18	12	21	6	17	
0	25	29	17	20	10	12	16	18	24	13	12	22	23	26	11	0	17	12	16	8	11	26	13	23	15	15	19	27	17	19	
0	24	23	15	18	4	10	10	16	19	12	21	19	22	17	9	9	0	10	14	6	2	20	12	17	14	13	9	19	7	18	
0	24	23	17	9	6	12	12	18	13	18	17	21	17	17	11	11	6	0	16	8	4	22	2	18	14	15	15	16	9	8	
0	20	24	15	16	17	13	19	16	17	8	24	23	23	21	12	12	13	13	0	9	15	19	15	30	10	22	7	16	1	21	
0	24	26	9	13	10	4	16	10	17	12	15	14	16	20	3	3	10	4	8	0	8	26	6	22	14	18	11	20	9	12	
0	22	21	13	17	2	8	8	14	17	16	19	17	20	15	7	7	14	8	12	4	0	18	10	15	12	11	15	17	11	16	
0	24	30	24	25	9	23	7	25	24	19	24	37	27	24	31	24	22	25	29	28	24	0	25	22	19	10	16	27	29	30	
0	22	21	19	7	8	14	14	17	11	16	15	23	18	15	13	13	4	14	15	10	6	23	0	16	12	17	13	14	11	22	
0	22	18	10	4	5	16	11	11	2	13	21	25	21	12	10	15	10	4	15	12	8	21	6	0	15	14	19	5	13	12	
0	10	26	9	26	11	4	9	10	26	12	26	25	13	20	23	17	20	18	15	20	22	27	20	24	0	12	18	29	16	17	
0	19	25	14	15	16	13	18	15	19	9	14	27	22	23	21	14	12	15	24	18	14	32	15	29	9	0	6	22	19	20	
0	15	19	8	9	10	9	14	9	13	3	20	21	18	17	15	8	6	9	20	12	8	26	11	23	5	17	0	16	13	17	
0	24	16	9	3	4	14	10	10	1	12	25	24	18	11	5	13	18	12	10	10	12	20	14	17	14	13	17	0	11	20	
0	27	26	17	21	18	12	24	18	24	15	23	22	24	20	11	11	18	12	7	8	16	26	14	30	17	26	14	23	0	20	
0	26	26	18	15	7	13	9	17	19	15	21	21	9	20	12	12	3	13	8	9	5	23	15	20	17	12	12	22	1	0	
M7
0	0	0	0	0	0	0	0	0	0	0	0	0	0	0	0	0	0	0	0	0	0	0	0	0	0	0	0	0	0	0	
0	0	11	2	9	4	14	17	15	5	14	14	8	12	12	8	17	20	10	17	15	12	11	11	7	11	11	20	15	20	11	
0	18	0	20	16	17	6	20	17	23	9	3	12	8	16	10	9	18	14	15	20	16	9	17	9	15	15	15	12	17	10	
0	19	17	0	15	16	12	20	23	3	12	19	13	14	10	14	15	24	13	15	24	17	15	19	15	16	14	18	15	18	13	
0	4	15	6	0	8	18	10	17	9	18	18	10	16	16	12	21	24	12	21	19	14	15	15	11	13	13	17	19	24	15	
0	9	7	11	5	0	12	15	11	14	16	10	13	14	10	4	15	16	8	14	11	15	7	7	3	14	9	20	11	17	7	
0	12	7	14	10	11	0	14	11	17	15	9	19	2	10	4	3	12	8	15	14	11	3	11	3	14	9	16	15	11	13	
0	25	20	24	23	24	13	0	24	18	16	10	32	15	23	17	16	25	21	22	26	23	16	24	16	22	22	7	19	24	16	
0	17	1	8	17	18	7	21	0	11	10	4	13	9	15	11	10	11	15	16	21	17	10	18	10	16	16	16	13	18	11	
0	23	24	23	19	20	17	21	27	0	22	16	29	19	15	21	20	26	17	12	31	26	17	16	20	28	18	28	20	15	22	
0	17	16	17	13	14	13	12	15	14	0	10	21	15	20	16	14	25	11	6	25	7	16	21	15	6	11	6	3	9	1	
0	15	10	17	13	14	3	17	14	20	6	0	22	5	13	7	6	15	11	12	17	13	6	14	6	12	12	12	9	14	7	
0	8	12	8	4	5	15	9	16	11	9	15	0	17	15	9	16	20	2	12	16	4	12	12	8	3	3	14	12	15	7	
0	10	12	12	13	14	10	12	19	15	13	7	17	0	15	9	5	10	11	13	19	14	1	18	11	13	12	19	16	9	14	
0	9	9	9	5	6	2	10	13	12	17	11	15	4	0	6	5	14	3	13	16	13	5	13	5	16	4	15	17	13	8	
0	15	3	15	11	12	8	16	19	18	12	6	15	10	6	0	11	19	9	16	10	11	10	9	11	10	10	18	13	19	13	
0	19	7	19	15	16	12	20	23	22	16	10	19	14	10	4	0	23	13	20	14	15	14	13	15	14	14	18	17	23	17	
0	18	13	2	14	18	14	19	21	5	14	16	15	16	12	10	17	0	15	10	13	13	15	14	17	18	16	20	7	13	7	
0	6	10	6	2	3	15	7	14	9	18	13	12	17	13	7	18	18	0	10	14	16	10	10	6	15	1	12	14	13	5	
0	11	13	11	7	8	13	9	15	14	16	10	17	15	14	10	8	22	5	0	19	21	13	15	9	20	6	16	19	3	10	
0	11	1	10	15	15	7	17	13	13	10	4	13	9	14	11	10	11	13	8	0	11	2	1	10	14	14	16	5	11	11	
0	23	18	25	21	22	11	25	21	14	26	20	30	13	21	15	12	23	19	26	25	0	14	22	14	25	20	27	26	22	24	
0	9	12	11	13	13	9	21	20	14	12	6	17	11	19	13	12	9	17	12	22	13	0	20	12	12	12	18	15	15	13	
0	10	13	12	14	14	10	16	21	15	13	7	18	12	13	14	13	10	12	7	21	10	1	0	13	13	13	19	4	10	14	
0	11	4	11	7	8	9	12	8	14	13	7	16	11	7	1	12	13	5	15	11	12	4	8	0	11	6	17	12	18	10	
0	13	17	13	9	10	12	14	21	15	14	20	19	14	20	14	13	24	7	17	21	1	15	17	13	0	8	19	17	13	12	
0	13	24	15	9	17	23	19	26	18	21	27	12	25	21	21	26	17	14	24	28	16	24	24	20	15	0	26	24	27	19	
0	28	18	17	24	25	24	29	17	11	27	21	29	26	24	18	27	28	22	23	19	29	21	20	17	28	23	0	24	26	25	
0	14	16	14	10	11	16	12	18	17	19	13	18	18	17	13	11	25	8	3	22	6	16	18	12	11	9	19	0	6	13	
0	8	10	8	4	5	15	6	14	11	19	13	14	17	13	7	18	19	2	12	16	18	10	12	6	17	3	13	16	0	7	
0	22	15	22	18	14	21	20	14	25	24	18	27	23	23	18	24	25	16	26	25	15	21	21	17	15	17	27	25	14	0	
Tamanho_Tarefas
0	13	22	14	21	14	5	14	24	11	10	18	19	27	6	10	16	12	12	23	13	3	19	13	16	6	28	17	20	29	12	
Data_Entrega
0	35	34	31	38	39	33	35	34	38	35	40	33	39	36	37	32	33	34	34	35	40	31	35	40	38	35	36	31	37	39	
Penalidade_Atraso
0	5	1	1	16	4	13	8	17	8	17	5	12	15	12	15	2	8	16	19	17	14	7	5	3	16	3	13	14	20	2	
Capacidade_Veiculo
77	46	83	31	49	31	85	49	41	35	84	
Custo_Fixo_Veiculo
770	460	830	310	490	310	850	490	410	350	840	
Coordenadas_Clientes
x	0	y	0
x	23	y	0
x	21	y	4
x	13	y	6
x	18	y	13
x	14	y	16
x	11	y	20
x	6	y	21
x	1	y	18
x	-1	y	18
x	-5	y	16
x	-11	y	19
x	-14	y	15
x	-18	y	13
x	-16	y	7
x	-22	y	4
x	-23	y	0
x	-18	y	-3
x	-14	y	-6
x	-13	y	-9
x	-15	y	-17
x	-9	y	-16
x	-6	y	-20
x	-2	y	-24
x	2	y	-24
x	6	y	-19
x	12	y	-20
x	10	y	-11
x	19	y	-13
x	19	y	-8
x	20	y	-4
Tempo_Viagem
0	23	21	14	22	21	22	21	18	18	16	21	20	22	17	22	23	18	15	15	22	18	20	24	24	19	23	14	23	20	20	
23	0	4	11	13	17	22	26	27	29	31	37	39	42	39	45	46	41	37	37	41	35	35	34	31	25	21	17	13	8	5	
21	4	0	8	9	13	18	22	24	26	28	34	36	39	37	43	44	39	36	36	41	36	36	35	32	26	25	18	17	12	8	
14	11	8	0	8	10	14	16	16	18	20	26	28	31	29	35	36	32	29	29	36	31	32	33	31	25	26	17	19	15	12	
22	13	9	8	0	5	9	14	17	19	23	29	32	36	34	40	43	39	37	37	44	39	40	41	39	33	33	25	26	21	17	
21	17	13	10	5	0	5	9	13	15	19	25	28	32	31	37	40	37	35	36	43	39	41	43	41	35	36	27	29	24	20	
22	22	18	14	9	5	0	5	10	12	16	22	25	29	29	35	38	37	36	37	44	40	42	45	44	39	40	31	33	29	25	
21	26	22	16	14	9	5	0	5	7	11	17	20	24	25	31	34	33	33	35	43	39	41	45	45	40	41	32	35	31	28	
18	27	24	16	17	13	10	5	0	2	6	12	15	19	20	26	29	28	28	30	38	35	38	42	42	37	39	30	35	31	28	
18	29	26	18	19	15	12	7	2	0	4	10	13	17	18	24	27	27	27	29	37	34	38	42	42	37	40	31	36	32	30	
16	31	28	20	23	19	16	11	6	4	0	6	9	13	14	20	23	23	23	26	34	32	36	40	40	35	39	30	37	33	32	
21	37	34	26	29	25	22	17	12	10	6	0	5	9	13	18	22	23	25	28	36	35	39	43	44	40	44	35	43	39	38	
20	39	36	28	32	28	25	20	15	13	9	5	0	4	8	13	17	18	21	24	32	31	35	40	42	39	43	34	43	40	38	
22	42	39	31	36	32	29	24	19	17	13	9	4	0	6	9	13	16	19	22	30	30	34	39	41	40	44	36	45	42	41	
17	39	37	29	34	31	29	25	20	18	14	13	8	6	0	6	9	10	13	16	24	24	28	33	35	34	38	31	40	37	37	
22	45	43	35	40	37	35	31	26	24	20	18	13	9	6	0	4	8	12	15	22	23	28	33	36	35	41	35	44	42	42	
23	46	44	36	43	40	38	34	29	27	23	22	17	13	9	4	0	5	10	12	18	20	25	30	33	33	39	34	43	42	43	
18	41	39	32	39	37	37	33	28	27	23	23	18	16	10	8	5	0	5	7	14	15	20	25	28	28	34	29	38	37	38	
15	37	36	29	37	35	36	33	28	27	23	25	21	19	13	12	10	5	0	3	11	11	16	21	24	23	29	24	33	33	34	
15	37	36	29	37	36	37	35	30	29	26	28	24	22	16	15	12	7	3	0	8	8	13	18	21	21	27	23	32	32	33	
22	41	41	36	44	43	44	43	38	37	34	36	32	30	24	22	18	14	11	8	0	6	9	14	17	21	27	25	34	34	37	
18	35	36	31	39	39	40	39	35	34	32	35	31	30	24	23	20	15	11	8	6	0	5	10	13	15	21	19	28	28	31	
20	35	36	32	40	41	42	41	38	38	36	39	35	34	28	28	25	20	16	13	9	5	0	5	8	12	18	18	25	27	30	
24	34	35	33	41	43	45	45	42	42	40	43	40	39	33	33	30	25	21	18	14	10	5	0	4	9	14	17	23	26	29	
24	31	32	31	39	41	44	45	42	42	40	44	42	41	35	36	33	28	24	21	17	13	8	4	0	6	10	14	19	23	26	
19	25	26	25	33	35	39	40	37	37	35	40	39	40	34	35	33	28	23	21	21	15	12	9	6	0	6	8	14	17	20	
23	21	25	26	33	36	40	41	39	40	39	44	43	44	38	41	39	34	29	27	27	21	18	14	10	6	0	9	9	13	17	
14	17	18	17	25	27	31	32	30	31	30	35	34	36	31	35	34	29	24	23	25	19	18	17	14	8	9	0	9	9	12	
23	13	17	19	26	29	33	35	35	36	37	43	43	45	40	44	43	38	33	32	34	28	25	23	19	14	9	9	0	5	9	
20	8	12	15	21	24	29	31	31	32	33	39	40	42	37	42	42	37	33	32	34	28	27	26	23	17	13	9	5	0	4	
20	5	8	12	17	20	25	28	28	30	32	38	38	41	37	42	43	38	34	33	37	31	30	29	26	20	17	12	9	4	0	
Custo_Viagem
V0
0	354	323	215	338	323	338	323	277	277	246	323	308	338	261	338	354	277	231	231	338	277	308	369	369	292	354	215	354	308	308	
354	0	61	169	200	277	354	415	431	462	492	585	600	662	600	693	708	631	569	569	631	539	539	523	477	385	338	261	200	123	77	
323	61	0	123	138	200	277	338	369	400	431	539	554	616	569	662	677	600	554	554	631	554	554	554	508	415	385	277	261	184	123	
215	169	123	0	123	154	215	246	246	277	308	415	431	477	446	539	554	492	446	462	554	477	492	508	477	385	400	261	292	231	184	
338	200	138	123	0	77	138	215	261	292	354	446	492	554	523	631	662	600	569	585	677	600	616	646	616	523	508	385	400	323	261	
323	277	200	154	77	0	77	138	200	231	292	385	431	492	477	569	616	569	539	554	662	600	631	662	631	539	554	415	446	369	308	
338	354	277	215	138	77	0	77	154	184	246	338	385	446	446	554	600	569	554	569	693	631	662	693	677	600	616	477	508	446	385	
323	415	338	246	215	138	77	0	77	107	184	261	308	385	400	492	539	508	508	539	662	600	646	693	693	616	631	492	554	477	431	
277	431	369	246	261	200	154	77	0	30	92	184	231	292	308	400	462	431	431	462	585	539	585	646	646	569	600	462	539	477	446	
277	462	400	277	292	231	184	107	30	0	61	154	200	261	277	385	431	415	415	446	569	523	585	646	646	569	616	477	554	492	462	
246	492	431	308	354	292	246	184	92	61	0	92	138	200	215	308	369	354	354	400	523	492	554	616	616	554	600	462	569	508	492	
323	585	539	415	446	385	338	261	184	154	92	0	77	138	200	277	338	354	385	431	554	539	600	662	677	631	693	554	662	616	585	
308	600	554	431	492	431	385	308	231	200	138	77	0	61	123	200	261	277	323	369	492	477	539	616	646	600	662	539	662	616	585	
338	662	616	477	554	492	446	385	292	261	200	138	61	0	92	138	200	246	292	338	462	462	539	616	646	616	677	554	693	646	631	
261	600	569	446	523	477	446	400	308	277	215	200	123	92	0	92	138	154	200	246	369	369	431	523	539	523	585	477	616	585	569	
338	693	662	539	631	569	554	492	400	385	308	277	200	138	92	0	61	123	184	231	338	354	431	523	554	554	631	539	677	646	646	
354	708	677	554	662	616	600	539	462	431	369	338	261	200	138	61	0	77	154	200	277	323	400	477	523	523	616	523	662	646	662	
277	631	600	492	600	569	569	508	431	415	354	354	277	246	154	123	77	0	77	107	215	231	308	400	446	431	523	446	585	569	585	
231	569	554	446	569	539	554	508	431	415	354	385	323	292	200	184	154	77	0	46	169	169	246	323	369	354	446	369	508	508	523	
231	569	554	462	585	554	569	539	462	446	400	431	369	338	246	231	200	107	46	0	123	123	200	277	323	323	415	354	492	492	508	
338	631	631	554	677	662	693	662	585	569	523	554	492	462	369	338	277	215	169	123	0	92	138	215	277	323	415	385	523	539	569	
277	539	554	477	600	600	631	600	539	523	492	539	477	462	369	354	323	231	169	123	92	0	77	154	200	231	323	292	431	446	477	
308	539	554	492	616	631	662	646	585	585	554	600	539	539	431	431	400	308	246	200	138	77	0	77	123	184	277	277	385	415	462	
369	523	554	508	646	662	693	693	646	646	616	662	616	616	523	523	477	400	323	277	215	154	77	0	61	138	215	261	354	400	446	
369	477	508	477	616	631	677	693	646	646	616	677	646	646	539	554	523	446	369	323	277	200	123	61	0	92	154	231	308	354	400	
292	385	415	385	523	539	600	616	569	569	554	631	600	616	523	554	523	431	354	323	323	231	184	138	92	0	92	123	215	261	308	
354	338	385	400	508	554	616	631	600	616	600	693	662	677	585	631	616	523	446	415	415	323	277	215	154	92	0	138	138	200	261	
215	261	277	261	385	415	477	492	462	477	462	554	539	554	477	539	523	446	369	354	385	292	277	261	231	123	138	0	138	138	184	
354	200	261	292	400	446	508	554	539	554	569	662	662	693	616	677	662	585	508	492	523	431	385	354	308	215	138	138	0	77	138	
308	123	184	231	323	369	446	477	477	492	508	616	616	646	585	646	646	569	508	492	539	446	415	400	354	261	200	138	77	0	61	
308	77	123	184	261	308	385	431	446	462	492	585	585	631	569	646	662	585	523	508	569	477	462	446	400	308	261	184	138	61	0	
V1
0	211	193	128	202	193	202	193	165	165	147	193	184	202	156	202	211	165	138	138	202	165	184	220	220	174	211	128	211	184	184	
211	0	36	101	119	165	211	248	257	276	294	349	358	395	358	414	423	377	340	340	377	322	322	312	285	230	202	156	119	73	46	
193	36	0	73	82	119	165	202	220	239	257	322	331	368	340	395	404	358	331	331	377	331	331	331	303	248	230	165	156	110	73	
128	101	73	0	73	92	128	147	147	165	184	248	257	285	266	322	331	294	266	276	331	285	294	303	285	230	239	156	174	138	110	
202	119	82	73	0	46	82	128	156	174	211	266	294	331	312	377	395	358	340	349	404	358	368	386	368	312	303	230	239	193	156	
193	165	119	92	46	0	46	82	119	138	174	230	257	294	285	340	368	340	322	331	395	358	377	395	377	322	331	248	266	220	184	
202	211	165	128	82	46	0	46	92	110	147	202	230	266	266	331	358	340	331	340	414	377	395	414	404	358	368	285	303	266	230	
193	248	202	147	128	82	46	0	46	64	110	156	184	230	239	294	322	303	303	322	395	358	386	414	414	368	377	294	331	285	257	
165	257	220	147	156	119	92	46	0	18	55	110	138	174	184	239	276	257	257	276	349	322	349	386	386	340	358	276	322	285	266	
165	276	239	165	174	138	110	64	18	0	36	92	119	156	165	230	257	248	248	266	340	312	349	386	386	340	368	285	331	294	276	
147	294	257	184	211	174	147	110	55	36	0	55	82	119	128	184	220	211	211	239	312	294	331	368	368	331	358	276	340	303	294	
193	349	322	248	266	230	202	156	110	92	55	0	46	82	119	165	202	211	230	257	331	322	358	395	404	377	414	331	395	368	349	
184	358	331	257	294	257	230	184	138	119	82	46	0	36	73	119	156	165	193	220	294	285	322	368	386	358	395	322	395	368	349	
202	395	368	285	331	294	266	230	174	156	119	82	36	0	55	82	119	147	174	202	276	276	322	368	386	368	404	331	414	386	377	
156	358	340	266	312	285	266	239	184	165	128	119	73	55	0	55	82	92	119	147	220	220	257	312	322	312	349	285	368	349	340	
202	414	395	322	377	340	331	294	239	230	184	165	119	82	55	0	36	73	110	138	202	211	257	312	331	331	377	322	404	386	386	
211	423	404	331	395	368	358	322	276	257	220	202	156	119	82	36	0	46	92	119	165	193	239	285	312	312	368	312	395	386	395	
165	377	358	294	358	340	340	303	257	248	211	211	165	147	92	73	46	0	46	64	128	138	184	239	266	257	312	266	349	340	349	
138	340	331	266	340	322	331	303	257	248	211	230	193	174	119	110	92	46	0	27	101	101	147	193	220	211	266	220	303	303	312	
138	340	331	276	349	331	340	322	276	266	239	257	220	202	147	138	119	64	27	0	73	73	119	165	193	193	248	211	294	294	303	
202	377	377	331	404	395	414	395	349	340	312	331	294	276	220	202	165	128	101	73	0	55	82	128	165	193	248	230	312	322	340	
165	322	331	285	358	358	377	358	322	312	294	322	285	276	220	211	193	138	101	73	55	0	46	92	119	138	193	174	257	266	285	
184	322	331	294	368	377	395	386	349	349	331	358	322	322	257	257	239	184	147	119	82	46	0	46	73	110	165	165	230	248	276	
220	312	331	303	386	395	414	414	386	386	368	395	368	368	312	312	285	239	193	165	128	92	46	0	36	82	128	156	211	239	266	
220	285	303	285	368	377	404	414	386	386	368	404	386	386	322	331	312	266	220	193	165	119	73	36	0	55	92	138	184	211	239	
174	230	248	230	312	322	358	368	340	340	331	377	358	368	312	331	312	257	211	193	193	138	110	82	55	0	55	73	128	156	184	
211	202	230	239	303	331	368	377	358	368	358	414	395	404	349	377	368	312	266	248	248	193	165	128	92	55	0	82	82	119	156	
128	156	165	156	230	248	285	294	276	285	276	331	322	331	285	322	312	266	220	211	230	174	165	156	138	73	82	0	82	82	110	
211	119	156	174	239	266	303	331	322	331	340	395	395	414	368	404	395	349	303	294	312	257	230	211	184	128	82	82	0	46	82	
184	73	110	138	193	220	266	285	285	294	303	368	368	386	349	386	386	340	303	294	322	266	248	239	211	156	119	82	46	0	36	
184	46	73	110	156	184	230	257	266	276	294	349	349	377	340	386	395	349	312	303	340	285	276	266	239	184	156	110	82	36	0	
V2
0	381	348	232	365	348	365	348	298	298	265	348	332	365	282	365	381	298	249	249	365	298	332	398	398	315	381	232	381	332	332	
381	0	66	182	215	298	381	448	464	498	531	630	647	713	647	747	763	680	614	614	680	581	581	564	514	415	365	282	215	132	83	
348	66	0	132	149	215	298	365	398	431	464	581	597	664	614	713	730	647	597	597	680	597	597	597	547	448	415	298	282	199	132	
232	182	132	0	132	166	232	265	265	298	332	448	464	514	481	581	597	531	481	498	597	514	531	547	514	415	431	282	315	249	199	
365	215	149	132	0	83	149	232	282	315	381	481	531	597	564	680	713	647	614	630	730	647	664	697	664	564	547	415	431	348	282	
348	298	215	166	83	0	83	149	215	249	315	415	464	531	514	614	664	614	581	597	713	647	680	713	680	581	597	448	481	398	332	
365	381	298	232	149	83	0	83	166	199	265	365	415	481	481	597	647	614	597	614	747	680	713	747	730	647	664	514	547	481	415	
348	448	365	265	232	149	83	0	83	116	199	282	332	415	431	531	581	547	547	581	713	647	697	747	747	664	680	531	597	514	464	
298	464	398	265	282	215	166	83	0	33	99	199	249	315	332	431	498	464	464	498	630	581	630	697	697	614	647	498	581	514	481	
298	498	431	298	315	249	199	116	33	0	66	166	215	282	298	415	464	448	448	481	614	564	630	697	697	614	664	514	597	531	498	
265	531	464	332	381	315	265	199	99	66	0	99	149	215	232	332	398	381	381	431	564	531	597	664	664	597	647	498	614	547	531	
348	630	581	448	481	415	365	282	199	166	99	0	83	149	215	298	365	381	415	464	597	581	647	713	730	680	747	597	713	664	630	
332	647	597	464	531	464	415	332	249	215	149	83	0	66	132	215	282	298	348	398	531	514	581	664	697	647	713	581	713	664	630	
365	713	664	514	597	531	481	415	315	282	215	149	66	0	99	149	215	265	315	365	498	498	581	664	697	664	730	597	747	697	680	
282	647	614	481	564	514	481	431	332	298	232	215	132	99	0	99	149	166	215	265	398	398	464	564	581	564	630	514	664	630	614	
365	747	713	581	680	614	597	531	431	415	332	298	215	149	99	0	66	132	199	249	365	381	464	564	597	597	680	581	730	697	697	
381	763	730	597	713	664	647	581	498	464	398	365	282	215	149	66	0	83	166	215	298	348	431	514	564	564	664	564	713	697	713	
298	680	647	531	647	614	614	547	464	448	381	381	298	265	166	132	83	0	83	116	232	249	332	431	481	464	564	481	630	614	630	
249	614	597	481	614	581	597	547	464	448	381	415	348	315	215	199	166	83	0	49	182	182	265	348	398	381	481	398	547	547	564	
249	614	597	498	630	597	614	581	498	481	431	464	398	365	265	249	215	116	49	0	132	132	215	298	348	348	448	381	531	531	547	
365	680	680	597	730	713	747	713	630	614	564	597	531	498	398	365	298	232	182	132	0	99	149	232	298	348	448	415	564	581	614	
298	581	597	514	647	647	680	647	581	564	531	581	514	498	398	381	348	249	182	132	99	0	83	166	215	249	348	315	464	481	514	
332	581	597	531	664	680	713	697	630	630	597	647	581	581	464	464	431	332	265	215	149	83	0	83	132	199	298	298	415	448	498	
398	564	597	547	697	713	747	747	697	697	664	713	664	664	564	564	514	431	348	298	232	166	83	0	66	149	232	282	381	431	481	
398	514	547	514	664	680	730	747	697	697	664	730	697	697	581	597	564	481	398	348	298	215	132	66	0	99	166	249	332	381	431	
315	415	448	415	564	581	647	664	614	614	597	680	647	664	564	597	564	464	381	348	348	249	199	149	99	0	99	132	232	282	332	
381	365	415	431	547	597	664	680	647	664	647	747	713	730	630	680	664	564	481	448	448	348	298	232	166	99	0	149	149	215	282	
232	282	298	282	415	448	514	531	498	514	498	597	581	597	514	581	564	481	398	381	415	315	298	282	249	132	149	0	149	149	199	
381	215	282	315	431	481	547	597	581	597	614	713	713	747	664	730	713	630	547	531	564	464	415	381	332	232	149	149	0	83	149	
332	132	199	249	348	398	481	514	514	531	547	664	664	697	630	697	697	614	547	531	581	481	448	431	381	282	215	149	83	0	66	
332	83	132	199	282	332	415	464	481	498	531	630	630	680	614	697	713	630	564	547	614	514	498	481	431	332	282	199	149	66	0	
V3
0	142	130	86	136	130	136	130	111	111	99	130	124	136	105	136	142	111	93	93	136	111	124	148	148	117	142	86	142	124	124	
142	0	24	68	80	111	142	167	173	186	198	235	241	266	241	279	285	254	229	229	254	217	217	210	192	155	136	105	80	49	31	
130	24	0	49	55	80	111	136	148	161	173	217	223	248	229	266	272	241	223	223	254	223	223	223	204	167	155	111	105	74	49	
86	68	49	0	49	62	86	99	99	111	124	167	173	192	179	217	223	198	179	186	223	192	198	204	192	155	161	105	117	93	74	
136	80	55	49	0	31	55	86	105	117	142	179	198	223	210	254	266	241	229	235	272	241	248	260	248	210	204	155	161	130	105	
130	111	80	62	31	0	31	55	80	93	117	155	173	198	192	229	248	229	217	223	266	241	254	266	254	217	223	167	179	148	124	
136	142	111	86	55	31	0	31	62	74	99	136	155	179	179	223	241	229	223	229	279	254	266	279	272	241	248	192	204	179	155	
130	167	136	99	86	55	31	0	31	43	74	105	124	155	161	198	217	204	204	217	266	241	260	279	279	248	254	198	223	192	173	
111	173	148	99	105	80	62	31	0	12	37	74	93	117	124	161	186	173	173	186	235	217	235	260	260	229	241	186	217	192	179	
111	186	161	111	117	93	74	43	12	0	24	62	80	105	111	155	173	167	167	179	229	210	235	260	260	229	248	192	223	198	186	
99	198	173	124	142	117	99	74	37	24	0	37	55	80	86	124	148	142	142	161	210	198	223	248	248	223	241	186	229	204	198	
130	235	217	167	179	155	136	105	74	62	37	0	31	55	80	111	136	142	155	173	223	217	241	266	272	254	279	223	266	248	235	
124	241	223	173	198	173	155	124	93	80	55	31	0	24	49	80	105	111	130	148	198	192	217	248	260	241	266	217	266	248	235	
136	266	248	192	223	198	179	155	117	105	80	55	24	0	37	55	80	99	117	136	186	186	217	248	260	248	272	223	279	260	254	
105	241	229	179	210	192	179	161	124	111	86	80	49	37	0	37	55	62	80	99	148	148	173	210	217	210	235	192	248	235	229	
136	279	266	217	254	229	223	198	161	155	124	111	80	55	37	0	24	49	74	93	136	142	173	210	223	223	254	217	272	260	260	
142	285	272	223	266	248	241	217	186	173	148	136	105	80	55	24	0	31	62	80	111	130	161	192	210	210	248	210	266	260	266	
111	254	241	198	241	229	229	204	173	167	142	142	111	99	62	49	31	0	31	43	86	93	124	161	179	173	210	179	235	229	235	
93	229	223	179	229	217	223	204	173	167	142	155	130	117	80	74	62	31	0	18	68	68	99	130	148	142	179	148	204	204	210	
93	229	223	186	235	223	229	217	186	179	161	173	148	136	99	93	80	43	18	0	49	49	80	111	130	130	167	142	198	198	204	
136	254	254	223	272	266	279	266	235	229	210	223	198	186	148	136	111	86	68	49	0	37	55	86	111	130	167	155	210	217	229	
111	217	223	192	241	241	254	241	217	210	198	217	192	186	148	142	130	93	68	49	37	0	31	62	80	93	130	117	173	179	192	
124	217	223	198	248	254	266	260	235	235	223	241	217	217	173	173	161	124	99	80	55	31	0	31	49	74	111	111	155	167	186	
148	210	223	204	260	266	279	279	260	260	248	266	248	248	210	210	192	161	130	111	86	62	31	0	24	55	86	105	142	161	179	
148	192	204	192	248	254	272	279	260	260	248	272	260	260	217	223	210	179	148	130	111	80	49	24	0	37	62	93	124	142	161	
117	155	167	155	210	217	241	248	229	229	223	254	241	248	210	223	210	173	142	130	130	93	74	55	37	0	37	49	86	105	124	
142	136	155	161	204	223	248	254	241	248	241	279	266	272	235	254	248	210	179	167	167	130	111	86	62	37	0	55	55	80	105	
86	105	111	105	155	167	192	198	186	192	186	223	217	223	192	217	210	179	148	142	155	117	111	105	93	49	55	0	55	55	74	
142	80	105	117	161	179	204	223	217	223	229	266	266	279	248	272	266	235	204	198	210	173	155	142	124	86	55	55	0	31	55	
124	49	74	93	130	148	179	192	192	198	204	248	248	260	235	260	260	229	204	198	217	179	167	161	142	105	80	55	31	0	24	
124	31	49	74	105	124	155	173	179	186	198	235	235	254	229	260	266	235	210	204	229	192	186	179	161	124	105	74	55	24	0	
V4
0	225	205	137	215	205	215	205	176	176	156	205	196	215	166	215	225	176	147	147	215	176	196	235	235	186	225	137	225	196	196	
225	0	39	107	127	176	225	264	274	294	313	372	382	421	382	441	450	401	362	362	401	343	343	333	303	245	215	166	127	78	49	
205	39	0	78	88	127	176	215	235	254	274	343	352	392	362	421	431	382	352	352	401	352	352	352	323	264	245	176	166	117	78	
137	107	78	0	78	98	137	156	156	176	196	264	274	303	284	343	352	313	284	294	352	303	313	323	303	245	254	166	186	147	117	
215	127	88	78	0	49	88	137	166	186	225	284	313	352	333	401	421	382	362	372	431	382	392	411	392	333	323	245	254	205	166	
205	176	127	98	49	0	49	88	127	147	186	245	274	313	303	362	392	362	343	352	421	382	401	421	401	343	352	264	284	235	196	
215	225	176	137	88	49	0	49	98	117	156	215	245	284	284	352	382	362	352	362	441	401	421	441	431	382	392	303	323	284	245	
205	264	215	156	137	88	49	0	49	68	117	166	196	245	254	313	343	323	323	343	421	382	411	441	441	392	401	313	352	303	274	
176	274	235	156	166	127	98	49	0	19	58	117	147	186	196	254	294	274	274	294	372	343	372	411	411	362	382	294	343	303	284	
176	294	254	176	186	147	117	68	19	0	39	98	127	166	176	245	274	264	264	284	362	333	372	411	411	362	392	303	352	313	294	
156	313	274	196	225	186	156	117	58	39	0	58	88	127	137	196	235	225	225	254	333	313	352	392	392	352	382	294	362	323	313	
205	372	343	264	284	245	215	166	117	98	58	0	49	88	127	176	215	225	245	274	352	343	382	421	431	401	441	352	421	392	372	
196	382	352	274	313	274	245	196	147	127	88	49	0	39	78	127	166	176	205	235	313	303	343	392	411	382	421	343	421	392	372	
215	421	392	303	352	313	284	245	186	166	127	88	39	0	58	88	127	156	186	215	294	294	343	392	411	392	431	352	441	411	401	
166	382	362	284	333	303	284	254	196	176	137	127	78	58	0	58	88	98	127	156	235	235	274	333	343	333	372	303	392	372	362	
215	441	421	343	401	362	352	313	254	245	196	176	127	88	58	0	39	78	117	147	215	225	274	333	352	352	401	343	431	411	411	
225	450	431	352	421	392	382	343	294	274	235	215	166	127	88	39	0	49	98	127	176	205	254	303	333	333	392	333	421	411	421	
176	401	382	313	382	362	362	323	274	264	225	225	176	156	98	78	49	0	49	68	137	147	196	254	284	274	333	284	372	362	372	
147	362	352	284	362	343	352	323	274	264	225	245	205	186	127	117	98	49	0	29	107	107	156	205	235	225	284	235	323	323	333	
147	362	352	294	372	352	362	343	294	284	254	274	235	215	156	147	127	68	29	0	78	78	127	176	205	205	264	225	313	313	323	
215	401	401	352	431	421	441	421	372	362	333	352	313	294	235	215	176	137	107	78	0	58	88	137	176	205	264	245	333	343	362	
176	343	352	303	382	382	401	382	343	333	313	343	303	294	235	225	205	147	107	78	58	0	49	98	127	147	205	186	274	284	303	
196	343	352	313	392	401	421	411	372	372	352	382	343	343	274	274	254	196	156	127	88	49	0	49	78	117	176	176	245	264	294	
235	333	352	323	411	421	441	441	411	411	392	421	392	392	333	333	303	254	205	176	137	98	49	0	39	88	137	166	225	254	284	
235	303	323	303	392	401	431	441	411	411	392	431	411	411	343	352	333	284	235	205	176	127	78	39	0	58	98	147	196	225	254	
186	245	264	245	333	343	382	392	362	362	352	401	382	392	333	352	333	274	225	205	205	147	117	88	58	0	58	78	137	166	196	
225	215	245	254	323	352	392	401	382	392	382	441	421	431	372	401	392	333	284	264	264	205	176	137	98	58	0	88	88	127	166	
137	166	176	166	245	264	303	313	294	303	294	352	343	352	303	343	333	284	235	225	245	186	176	166	147	78	88	0	88	88	117	
225	127	166	186	254	284	323	352	343	352	362	421	421	441	392	431	421	372	323	313	333	274	245	225	196	137	88	88	0	49	88	
196	78	117	147	205	235	284	303	303	313	323	392	392	411	372	411	411	362	323	313	343	284	264	254	225	166	127	88	49	0	39	
196	49	78	117	166	196	245	274	284	294	313	372	372	401	362	411	421	372	333	323	362	303	294	284	254	196	166	117	88	39	0	
V5
0	142	130	86	136	130	136	130	111	111	99	130	124	136	105	136	142	111	93	93	136	111	124	148	148	117	142	86	142	124	124	
142	0	24	68	80	111	142	167	173	186	198	235	241	266	241	279	285	254	229	229	254	217	217	210	192	155	136	105	80	49	31	
130	24	0	49	55	80	111	136	148	161	173	217	223	248	229	266	272	241	223	223	254	223	223	223	204	167	155	111	105	74	49	
86	68	49	0	49	62	86	99	99	111	124	167	173	192	179	217	223	198	179	186	223	192	198	204	192	155	161	105	117	93	74	
136	80	55	49	0	31	55	86	105	117	142	179	198	223	210	254	266	241	229	235	272	241	248	260	248	210	204	155	161	130	105	
130	111	80	62	31	0	31	55	80	93	117	155	173	198	192	229	248	229	217	223	266	241	254	266	254	217	223	167	179	148	124	
136	142	111	86	55	31	0	31	62	74	99	136	155	179	179	223	241	229	223	229	279	254	266	279	272	241	248	192	204	179	155	
130	167	136	99	86	55	31	0	31	43	74	105	124	155	161	198	217	204	204	217	266	241	260	279	279	248	254	198	223	192	173	
111	173	148	99	105	80	62	31	0	12	37	74	93	117	124	161	186	173	173	186	235	217	235	260	260	229	241	186	217	192	179	
111	186	161	111	117	93	74	43	12	0	24	62	80	105	111	155	173	167	167	179	229	210	235	260	260	229	248	192	223	198	186	
99	198	173	124	142	117	99	74	37	24	0	37	55	80	86	124	148	142	142	161	210	198	223	248	248	223	241	186	229	204	198	
130	235	217	167	179	155	136	105	74	62	37	0	31	55	80	111	136	142	155	173	223	217	241	266	272	254	279	223	266	248	235	
124	241	223	173	198	173	155	124	93	80	55	31	0	24	49	80	105	111	130	148	198	192	217	248	260	241	266	217	266	248	235	
136	266	248	192	223	198	179	155	117	105	80	55	24	0	37	55	80	99	117	136	186	186	217	248	260	248	272	223	279	260	254	
105	241	229	179	210	192	179	161	124	111	86	80	49	37	0	37	55	62	80	99	148	148	173	210	217	210	235	192	248	235	229	
136	279	266	217	254	229	223	198	161	155	124	111	80	55	37	0	24	49	74	93	136	142	173	210	223	223	254	217	272	260	260	
142	285	272	223	266	248	241	217	186	173	148	136	105	80	55	24	0	31	62	80	111	130	161	192	210	210	248	210	266	260	266	
111	254	241	198	241	229	229	204	173	167	142	142	111	99	62	49	31	0	31	43	86	93	124	161	179	173	210	179	235	229	235	
93	229	223	179	229	217	223	204	173	167	142	155	130	117	80	74	62	31	0	18	68	68	99	130	148	142	179	148	204	204	210	
93	229	223	186	235	223	229	217	186	179	161	173	148	136	99	93	80	43	18	0	49	49	80	111	130	130	167	142	198	198	204	
136	254	254	223	272	266	279	266	235	229	210	223	198	186	148	136	111	86	68	49	0	37	55	86	111	130	167	155	210	217	229	
111	217	223	192	241	241	254	241	217	210	198	217	192	186	148	142	130	93	68	49	37	0	31	62	80	93	130	117	173	179	192	
124	217	223	198	248	254	266	260	235	235	223	241	217	217	173	173	161	124	99	80	55	31	0	31	49	74	111	111	155	167	186	
148	210	223	204	260	266	279	279	260	260	248	266	248	248	210	210	192	161	130	111	86	62	31	0	24	55	86	105	142	161	179	
148	192	204	192	248	254	272	279	260	260	248	272	260	260	217	223	210	179	148	130	111	80	49	24	0	37	62	93	124	142	161	
117	155	167	155	210	217	241	248	229	229	223	254	241	248	210	223	210	173	142	130	130	93	74	55	37	0	37	49	86	105	124	
142	136	155	161	204	223	248	254	241	248	241	279	266	272	235	254	248	210	179	167	167	130	111	86	62	37	0	55	55	80	105	
86	105	111	105	155	167	192	198	186	192	186	223	217	223	192	217	210	179	148	142	155	117	111	105	93	49	55	0	55	55	74	
142	80	105	117	161	179	204	223	217	223	229	266	266	279	248	272	266	235	204	198	210	173	155	142	124	86	55	55	0	31	55	
124	49	74	93	130	148	179	192	192	198	204	248	248	260	235	260	260	229	204	198	217	179	167	161	142	105	80	55	31	0	24	
124	31	49	74	105	124	155	173	179	186	198	235	235	254	229	260	266	235	210	204	229	192	186	179	161	124	105	74	55	24	0	
V6
0	391	357	238	374	357	374	357	306	306	272	357	340	374	289	374	391	306	255	255	374	306	340	408	408	323	391	238	391	340	340	
391	0	68	187	221	306	391	459	476	510	544	646	663	731	663	765	782	697	629	629	697	595	595	578	527	425	374	289	221	136	85	
357	68	0	136	153	221	306	374	408	442	476	595	612	680	629	731	748	663	612	612	697	612	612	612	561	459	425	306	289	204	136	
238	187	136	0	136	170	238	272	272	306	340	459	476	527	493	595	612	544	493	510	612	527	544	561	527	425	442	289	323	255	204	
374	221	153	136	0	85	153	238	289	323	391	493	544	612	578	697	731	663	629	646	748	663	680	714	680	578	561	425	442	357	289	
357	306	221	170	85	0	85	153	221	255	323	425	476	544	527	629	680	629	595	612	731	663	697	731	697	595	612	459	493	408	340	
374	391	306	238	153	85	0	85	170	204	272	374	425	493	493	612	663	629	612	629	765	697	731	765	748	663	680	527	561	493	425	
357	459	374	272	238	153	85	0	85	119	204	289	340	425	442	544	595	561	561	595	731	663	714	765	765	680	697	544	612	527	476	
306	476	408	272	289	221	170	85	0	34	102	204	255	323	340	442	510	476	476	510	646	595	646	714	714	629	663	510	595	527	493	
306	510	442	306	323	255	204	119	34	0	68	170	221	289	306	425	476	459	459	493	629	578	646	714	714	629	680	527	612	544	510	
272	544	476	340	391	323	272	204	102	68	0	102	153	221	238	340	408	391	391	442	578	544	612	680	680	612	663	510	629	561	544	
357	646	595	459	493	425	374	289	204	170	102	0	85	153	221	306	374	391	425	476	612	595	663	731	748	697	765	612	731	680	646	
340	663	612	476	544	476	425	340	255	221	153	85	0	68	136	221	289	306	357	408	544	527	595	680	714	663	731	595	731	680	646	
374	731	680	527	612	544	493	425	323	289	221	153	68	0	102	153	221	272	323	374	510	510	595	680	714	680	748	612	765	714	697	
289	663	629	493	578	527	493	442	340	306	238	221	136	102	0	102	153	170	221	272	408	408	476	578	595	578	646	527	680	646	629	
374	765	731	595	697	629	612	544	442	425	340	306	221	153	102	0	68	136	204	255	374	391	476	578	612	612	697	595	748	714	714	
391	782	748	612	731	680	663	595	510	476	408	374	289	221	153	68	0	85	170	221	306	357	442	527	578	578	680	578	731	714	731	
306	697	663	544	663	629	629	561	476	459	391	391	306	272	170	136	85	0	85	119	238	255	340	442	493	476	578	493	646	629	646	
255	629	612	493	629	595	612	561	476	459	391	425	357	323	221	204	170	85	0	51	187	187	272	357	408	391	493	408	561	561	578	
255	629	612	510	646	612	629	595	510	493	442	476	408	374	272	255	221	119	51	0	136	136	221	306	357	357	459	391	544	544	561	
374	697	697	612	748	731	765	731	646	629	578	612	544	510	408	374	306	238	187	136	0	102	153	238	306	357	459	425	578	595	629	
306	595	612	527	663	663	697	663	595	578	544	595	527	510	408	391	357	255	187	136	102	0	85	170	221	255	357	323	476	493	527	
340	595	612	544	680	697	731	714	646	646	612	663	595	595	476	476	442	340	272	221	153	85	0	85	136	204	306	306	425	459	510	
408	578	612	561	714	731	765	765	714	714	680	731	680	680	578	578	527	442	357	306	238	170	85	0	68	153	238	289	391	442	493	
408	527	561	527	680	697	748	765	714	714	680	748	714	714	595	612	578	493	408	357	306	221	136	68	0	102	170	255	340	391	442	
323	425	459	425	578	595	663	680	629	629	612	697	663	680	578	612	578	476	391	357	357	255	204	153	102	0	102	136	238	289	340	
391	374	425	442	561	612	680	697	663	680	663	765	731	748	646	697	680	578	493	459	459	357	306	238	170	102	0	153	153	221	289	
238	289	306	289	425	459	527	544	510	527	510	612	595	612	527	595	578	493	408	391	425	323	306	289	255	136	153	0	153	153	204	
391	221	289	323	442	493	561	612	595	612	629	731	731	765	680	748	731	646	561	544	578	476	425	391	340	238	153	153	0	85	153	
340	136	204	255	357	408	493	527	527	544	561	680	680	714	646	714	714	629	561	544	595	493	459	442	391	289	221	153	85	0	68	
340	85	136	204	289	340	425	476	493	510	544	646	646	697	629	714	731	646	578	561	629	527	510	493	442	340	289	204	153	68	0	
V7
0	225	205	137	215	205	215	205	176	176	156	205	196	215	166	215	225	176	147	147	215	176	196	235	235	186	225	137	225	196	196	
225	0	39	107	127	176	225	264	274	294	313	372	382	421	382	441	450	401	362	362	401	343	343	333	303	245	215	166	127	78	49	
205	39	0	78	88	127	176	215	235	254	274	343	352	392	362	421	431	382	352	352	401	352	352	352	323	264	245	176	166	117	78	
137	107	78	0	78	98	137	156	156	176	196	264	274	303	284	343	352	313	284	294	352	303	313	323	303	245	254	166	186	147	117	
215	127	88	78	0	49	88	137	166	186	225	284	313	352	333	401	421	382	362	372	431	382	392	411	392	333	323	245	254	205	166	
205	176	127	98	49	0	49	88	127	147	186	245	274	313	303	362	392	362	343	352	421	382	401	421	401	343	352	264	284	235	196	
215	225	176	137	88	49	0	49	98	117	156	215	245	284	284	352	382	362	352	362	441	401	421	441	431	382	392	303	323	284	245	
205	264	215	156	137	88	49	0	49	68	117	166	196	245	254	313	343	323	323	343	421	382	411	441	441	392	401	313	352	303	274	
176	274	235	156	166	127	98	49	0	19	58	117	147	186	196	254	294	274	274	294	372	343	372	411	411	362	382	294	343	303	284	
176	294	254	176	186	147	117	68	19	0	39	98	127	166	176	245	274	264	264	284	362	333	372	411	411	362	392	303	352	313	294	
156	313	274	196	225	186	156	117	58	39	0	58	88	127	137	196	235	225	225	254	333	313	352	392	392	352	382	294	362	323	313	
205	372	343	264	284	245	215	166	117	98	58	0	49	88	127	176	215	225	245	274	352	343	382	421	431	401	441	352	421	392	372	
196	382	352	274	313	274	245	196	147	127	88	49	0	39	78	127	166	176	205	235	313	303	343	392	411	382	421	343	421	392	372	
215	421	392	303	352	313	284	245	186	166	127	88	39	0	58	88	127	156	186	215	294	294	343	392	411	392	431	352	441	411	401	
166	382	362	284	333	303	284	254	196	176	137	127	78	58	0	58	88	98	127	156	235	235	274	333	343	333	372	303	392	372	362	
215	441	421	343	401	362	352	313	254	245	196	176	127	88	58	0	39	78	117	147	215	225	274	333	352	352	401	343	431	411	411	
225	450	431	352	421	392	382	343	294	274	235	215	166	127	88	39	0	49	98	127	176	205	254	303	333	333	392	333	421	411	421	
176	401	382	313	382	362	362	323	274	264	225	225	176	156	98	78	49	0	49	68	137	147	196	254	284	274	333	284	372	362	372	
147	362	352	284	362	343	352	323	274	264	225	245	205	186	127	117	98	49	0	29	107	107	156	205	235	225	284	235	323	323	333	
147	362	352	294	372	352	362	343	294	284	254	274	235	215	156	147	127	68	29	0	78	78	127	176	205	205	264	225	313	313	323	
215	401	401	352	431	421	441	421	372	362	333	352	313	294	235	215	176	137	107	78	0	58	88	137	176	205	264	245	333	343	362	
176	343	352	303	382	382	401	382	343	333	313	343	303	294	235	225	205	147	107	78	58	0	49	98	127	147	205	186	274	284	303	
196	343	352	313	392	401	421	411	372	372	352	382	343	343	274	274	254	196	156	127	88	49	0	49	78	117	176	176	245	264	294	
235	333	352	323	411	421	441	441	411	411	392	421	392	392	333	333	303	254	205	176	137	98	49	0	39	88	137	166	225	254	284	
235	303	323	303	392	401	431	441	411	411	392	431	411	411	343	352	333	284	235	205	176	127	78	39	0	58	98	147	196	225	254	
186	245	264	245	333	343	382	392	362	362	352	401	382	392	333	352	333	274	225	205	205	147	117	88	58	0	58	78	137	166	196	
225	215	245	254	323	352	392	401	382	392	382	441	421	431	372	401	392	333	284	264	264	205	176	137	98	58	0	88	88	127	166	
137	166	176	166	245	264	303	313	294	303	294	352	343	352	303	343	333	284	235	225	245	186	176	166	147	78	88	0	88	88	117	
225	127	166	186	254	284	323	352	343	352	362	421	421	441	392	431	421	372	323	313	333	274	245	225	196	137	88	88	0	49	88	
196	78	117	147	205	235	284	303	303	313	323	392	392	411	372	411	411	362	323	313	343	284	264	254	225	166	127	88	49	0	39	
196	49	78	117	166	196	245	274	284	294	313	372	372	401	362	411	421	372	333	323	362	303	294	284	254	196	166	117	88	39	0	
V8
0	188	172	114	180	172	180	172	147	147	131	172	164	180	139	180	188	147	123	123	180	147	164	196	196	155	188	114	188	164	164	
188	0	32	90	106	147	188	221	229	246	262	311	319	352	319	369	377	336	303	303	336	287	287	278	254	205	180	139	106	65	41	
172	32	0	65	73	106	147	180	196	213	229	287	295	328	303	352	360	319	295	295	336	295	295	295	270	221	205	147	139	98	65	
114	90	65	0	65	82	114	131	131	147	164	221	229	254	237	287	295	262	237	246	295	254	262	270	254	205	213	139	155	123	98	
180	106	73	65	0	41	73	114	139	155	188	237	262	295	278	336	352	319	303	311	360	319	328	344	328	278	270	205	213	172	139	
172	147	106	82	41	0	41	73	106	123	155	205	229	262	254	303	328	303	287	295	352	319	336	352	336	287	295	221	237	196	164	
180	188	147	114	73	41	0	41	82	98	131	180	205	237	237	295	319	303	295	303	369	336	352	369	360	319	328	254	270	237	205	
172	221	180	131	114	73	41	0	41	57	98	139	164	205	213	262	287	270	270	287	352	319	344	369	369	328	336	262	295	254	229	
147	229	196	131	139	106	82	41	0	16	49	98	123	155	164	213	246	229	229	246	311	287	311	344	344	303	319	246	287	254	237	
147	246	213	147	155	123	98	57	16	0	32	82	106	139	147	205	229	221	221	237	303	278	311	344	344	303	328	254	295	262	246	
131	262	229	164	188	155	131	98	49	32	0	49	73	106	114	164	196	188	188	213	278	262	295	328	328	295	319	246	303	270	262	
172	311	287	221	237	205	180	139	98	82	49	0	41	73	106	147	180	188	205	229	295	287	319	352	360	336	369	295	352	328	311	
164	319	295	229	262	229	205	164	123	106	73	41	0	32	65	106	139	147	172	196	262	254	287	328	344	319	352	287	352	328	311	
180	352	328	254	295	262	237	205	155	139	106	73	32	0	49	73	106	131	155	180	246	246	287	328	344	328	360	295	369	344	336	
139	319	303	237	278	254	237	213	164	147	114	106	65	49	0	49	73	82	106	131	196	196	229	278	287	278	311	254	328	311	303	
180	369	352	287	336	303	295	262	213	205	164	147	106	73	49	0	32	65	98	123	180	188	229	278	295	295	336	287	360	344	344	
188	377	360	295	352	328	319	287	246	229	196	180	139	106	73	32	0	41	82	106	147	172	213	254	278	278	328	278	352	344	352	
147	336	319	262	319	303	303	270	229	221	188	188	147	131	82	65	41	0	41	57	114	123	164	213	237	229	278	237	311	303	311	
123	303	295	237	303	287	295	270	229	221	188	205	172	155	106	98	82	41	0	24	90	90	131	172	196	188	237	196	270	270	278	
123	303	295	246	311	295	303	287	246	237	213	229	196	180	131	123	106	57	24	0	65	65	106	147	172	172	221	188	262	262	270	
180	336	336	295	360	352	369	352	311	303	278	295	262	246	196	180	147	114	90	65	0	49	73	114	147	172	221	205	278	287	303	
147	287	295	254	319	319	336	319	287	278	262	287	254	246	196	188	172	123	90	65	49	0	41	82	106	123	172	155	229	237	254	
164	287	295	262	328	336	352	344	311	311	295	319	287	287	229	229	213	164	131	106	73	41	0	41	65	98	147	147	205	221	246	
196	278	295	270	344	352	369	369	344	344	328	352	328	328	278	278	254	213	172	147	114	82	41	0	32	73	114	139	188	213	237	
196	254	270	254	328	336	360	369	344	344	328	360	344	344	287	295	278	237	196	172	147	106	65	32	0	49	82	123	164	188	213	
155	205	221	205	278	287	319	328	303	303	295	336	319	328	278	295	278	229	188	172	172	123	98	73	49	0	49	65	114	139	164	
188	180	205	213	270	295	328	336	319	328	319	369	352	360	311	336	328	278	237	221	221	172	147	114	82	49	0	73	73	106	139	
114	139	147	139	205	221	254	262	246	254	246	295	287	295	254	287	278	237	196	188	205	155	147	139	123	65	73	0	73	73	98	
188	106	139	155	213	237	270	295	287	295	303	352	352	369	328	360	352	311	270	262	278	229	205	188	164	114	73	73	0	41	73	
164	65	98	123	172	196	237	254	254	262	270	328	328	344	311	344	344	303	270	262	287	237	221	213	188	139	106	73	41	0	32	
164	41	65	98	139	164	205	229	237	246	262	311	311	336	303	344	352	311	278	270	303	254	246	237	213	164	139	98	73	32	0	
V9
0	161	147	98	154	147	154	147	126	126	112	147	140	154	119	154	161	126	105	105	154	126	140	168	168	133	161	98	161	140	140	
161	0	28	77	91	126	161	189	196	210	224	266	273	301	273	315	322	287	259	259	287	245	245	238	217	175	154	119	91	56	35	
147	28	0	56	63	91	126	154	168	182	196	245	252	280	259	301	308	273	252	252	287	252	252	252	231	189	175	126	119	84	56	
98	77	56	0	56	70	98	112	112	126	140	189	196	217	203	245	252	224	203	210	252	217	224	231	217	175	182	119	133	105	84	
154	91	63	56	0	35	63	98	119	133	161	203	224	252	238	287	301	273	259	266	308	273	280	294	280	238	231	175	182	147	119	
147	126	91	70	35	0	35	63	91	105	133	175	196	224	217	259	280	259	245	252	301	273	287	301	287	245	252	189	203	168	140	
154	161	126	98	63	35	0	35	70	84	112	154	175	203	203	252	273	259	252	259	315	287	301	315	308	273	280	217	231	203	175	
147	189	154	112	98	63	35	0	35	49	84	119	140	175	182	224	245	231	231	245	301	273	294	315	315	280	287	224	252	217	196	
126	196	168	112	119	91	70	35	0	14	42	84	105	133	140	182	210	196	196	210	266	245	266	294	294	259	273	210	245	217	203	
126	210	182	126	133	105	84	49	14	0	28	70	91	119	126	175	196	189	189	203	259	238	266	294	294	259	280	217	252	224	210	
112	224	196	140	161	133	112	84	42	28	0	42	63	91	98	140	168	161	161	182	238	224	252	280	280	252	273	210	259	231	224	
147	266	245	189	203	175	154	119	84	70	42	0	35	63	91	126	154	161	175	196	252	245	273	301	308	287	315	252	301	280	266	
140	273	252	196	224	196	175	140	105	91	63	35	0	28	56	91	119	126	147	168	224	217	245	280	294	273	301	245	301	280	266	
154	301	280	217	252	224	203	175	133	119	91	63	28	0	42	63	91	112	133	154	210	210	245	280	294	280	308	252	315	294	287	
119	273	259	203	238	217	203	182	140	126	98	91	56	42	0	42	63	70	91	112	168	168	196	238	245	238	266	217	280	266	259	
154	315	301	245	287	259	252	224	182	175	140	126	91	63	42	0	28	56	84	105	154	161	196	238	252	252	287	245	308	294	294	
161	322	308	252	301	280	273	245	210	196	168	154	119	91	63	28	0	35	70	91	126	147	182	217	238	238	280	238	301	294	301	
126	287	273	224	273	259	259	231	196	189	161	161	126	112	70	56	35	0	35	49	98	105	140	182	203	196	238	203	266	259	266	
105	259	252	203	259	245	252	231	196	189	161	175	147	133	91	84	70	35	0	21	77	77	112	147	168	161	203	168	231	231	238	
105	259	252	210	266	252	259	245	210	203	182	196	168	154	112	105	91	49	21	0	56	56	91	126	147	147	189	161	224	224	231	
154	287	287	252	308	301	315	301	266	259	238	252	224	210	168	154	126	98	77	56	0	42	63	98	126	147	189	175	238	245	259	
126	245	252	217	273	273	287	273	245	238	224	245	217	210	168	161	147	105	77	56	42	0	35	70	91	105	147	133	196	203	217	
140	245	252	224	280	287	301	294	266	266	252	273	245	245	196	196	182	140	112	91	63	35	0	35	56	84	126	126	175	189	210	
168	238	252	231	294	301	315	315	294	294	280	301	280	280	238	238	217	182	147	126	98	70	35	0	28	63	98	119	161	182	203	
168	217	231	217	280	287	308	315	294	294	280	308	294	294	245	252	238	203	168	147	126	91	56	28	0	42	70	105	140	161	182	
133	175	189	175	238	245	273	280	259	259	252	287	273	280	238	252	238	196	161	147	147	105	84	63	42	0	42	56	98	119	140	
161	154	175	182	231	252	280	287	273	280	273	315	301	308	266	287	280	238	203	189	189	147	126	98	70	42	0	63	63	91	119	
98	119	126	119	175	189	217	224	210	217	210	252	245	252	217	245	238	203	168	161	175	133	126	119	105	56	63	0	63	63	84	
161	91	119	133	182	203	231	252	245	252	259	301	301	315	280	308	301	266	231	224	238	196	175	161	140	98	63	63	0	35	63	
140	56	84	105	147	168	203	217	217	224	231	280	280	294	266	294	294	259	231	224	245	203	189	182	161	119	91	63	35	0	28	
140	35	56	84	119	140	175	196	203	210	224	266	266	287	259	294	301	266	238	231	259	217	210	203	182	140	119	84	63	28	0	
V10
0	386	352	235	369	352	369	352	302	302	268	352	336	369	285	369	386	302	252	252	369	302	336	403	403	319	386	235	386	336	336	
386	0	67	184	218	302	386	453	470	504	537	638	655	722	655	756	772	688	621	621	688	588	588	571	520	420	369	285	218	134	84	
352	67	0	134	151	218	302	369	403	436	470	588	604	672	621	722	739	655	604	604	688	604	604	604	554	453	420	302	285	201	134	
235	184	134	0	134	168	235	268	268	302	336	453	470	520	487	588	604	537	487	504	604	520	537	554	520	420	436	285	319	252	201	
369	218	151	134	0	84	151	235	285	319	386	487	537	604	571	688	722	655	621	638	739	655	672	705	672	571	554	420	436	352	285	
352	302	218	168	84	0	84	151	218	252	319	420	470	537	520	621	672	621	588	604	722	655	688	722	688	588	604	453	487	403	336	
369	386	302	235	151	84	0	84	168	201	268	369	420	487	487	604	655	621	604	621	756	688	722	756	739	655	672	520	554	487	420	
352	453	369	268	235	151	84	0	84	117	201	285	336	420	436	537	588	554	554	588	722	655	705	756	756	672	688	537	604	520	470	
302	470	403	268	285	218	168	84	0	33	100	201	252	319	336	436	504	470	470	504	638	588	638	705	705	621	655	504	588	520	487	
302	504	436	302	319	252	201	117	33	0	67	168	218	285	302	420	470	453	453	487	621	571	638	705	705	621	672	520	604	537	504	
268	537	470	336	386	319	268	201	100	67	0	100	151	218	235	336	403	386	386	436	571	537	604	672	672	604	655	504	621	554	537	
352	638	588	453	487	420	369	285	201	168	100	0	84	151	218	302	369	386	420	470	604	588	655	722	739	688	756	604	722	672	638	
336	655	604	470	537	470	420	336	252	218	151	84	0	67	134	218	285	302	352	403	537	520	588	672	705	655	722	588	722	672	638	
369	722	672	520	604	537	487	420	319	285	218	151	67	0	100	151	218	268	319	369	504	504	588	672	705	672	739	604	756	705	688	
285	655	621	487	571	520	487	436	336	302	235	218	134	100	0	100	151	168	218	268	403	403	470	571	588	571	638	520	672	638	621	
369	756	722	588	688	621	604	537	436	420	336	302	218	151	100	0	67	134	201	252	369	386	470	571	604	604	688	588	739	705	705	
386	772	739	604	722	672	655	588	504	470	403	369	285	218	151	67	0	84	168	218	302	352	436	520	571	571	672	571	722	705	722	
302	688	655	537	655	621	621	554	470	453	386	386	302	268	168	134	84	0	84	117	235	252	336	436	487	470	571	487	638	621	638	
252	621	604	487	621	588	604	554	470	453	386	420	352	319	218	201	168	84	0	50	184	184	268	352	403	386	487	403	554	554	571	
252	621	604	504	638	604	621	588	504	487	436	470	403	369	268	252	218	117	50	0	134	134	218	302	352	352	453	386	537	537	554	
369	688	688	604	739	722	756	722	638	621	571	604	537	504	403	369	302	235	184	134	0	100	151	235	302	352	453	420	571	588	621	
302	588	604	520	655	655	688	655	588	571	537	588	520	504	403	386	352	252	184	134	100	0	84	168	218	252	352	319	470	487	520	
336	588	604	537	672	688	722	705	638	638	604	655	588	588	470	470	436	336	268	218	151	84	0	84	134	201	302	302	420	453	504	
403	571	604	554	705	722	756	756	705	705	672	722	672	672	571	571	520	436	352	302	235	168	84	0	67	151	235	285	386	436	487	
403	520	554	520	672	688	739	756	705	705	672	739	705	705	588	604	571	487	403	352	302	218	134	67	0	100	168	252	336	386	436	
319	420	453	420	571	588	655	672	621	621	604	688	655	672	571	604	571	470	386	352	352	252	201	151	100	0	100	134	235	285	336	
386	369	420	436	554	604	672	688	655	672	655	756	722	739	638	688	672	571	487	453	453	352	302	235	168	100	0	151	151	218	285	
235	285	302	285	420	453	520	537	504	520	504	604	588	604	520	588	571	487	403	386	420	319	302	285	252	134	151	0	151	151	201	
386	218	285	319	436	487	554	604	588	604	621	722	722	756	672	739	722	638	554	537	571	470	420	386	336	235	151	151	0	84	151	
336	134	201	252	352	403	487	520	520	537	554	672	672	705	638	705	705	621	554	537	588	487	453	436	386	285	218	151	84	0	67	
336	84	134	201	285	336	420	470	487	504	537	638	638	688	621	705	722	638	571	554	621	520	504	487	436	336	285	201	151	67	0	
Velocidade_Veiculos
1	1	1	1	1	1	1	1	1	1	1	