M: 2
N: 15
Nun_Veiculos: 5
Capacidade_Total: 388
Demanda_Total: 313
Setup_Min: 1
Setup_Max: 99
Raio: 20
Circulos: 1
Tempo_Processamento_Min: 1
Tempo_Processamento_Max: 49
Demanda_Min: 10
Demanda_Max: 30
Priority_Factor: 0.2
Range_Factor_R: 0.8
U_factor: 2
ALpha: 0.2Replicao: 2
Tempos_Processamentos
0	0	1	0	
0	19	1	27	
0	25	1	14	
0	39	1	46	
0	5	1	43	
0	19	1	8	
0	7	1	16	
0	31	1	48	
0	12	1	1	
0	24	1	19	
0	2	1	2	
0	27	1	30	
0	3	1	10	
0	8	1	35	
0	40	1	43	
0	33	1	43	

Tempos_setup
M0
0	0	0	0	0	0	0	0	0	0	0	0	0	0	0	0	
0	0	32	17	30	40	34	24	37	35	46	42	29	39	26	45	
0	24	0	28	27	15	21	35	43	14	50	10	26	19	23	42	
0	25	15	0	13	23	32	7	20	18	37	25	12	22	9	28	
0	17	12	24	0	15	24	31	29	10	24	22	4	14	1	20	
0	24	16	28	21	0	28	22	28	14	45	26	15	19	22	39	
0	18	13	25	6	16	0	32	30	11	30	23	5	15	2	21	
0	18	13	25	6	16	25	0	13	11	30	23	5	15	2	21	
0	13	11	28	9	19	28	35	0	14	33	21	8	8	5	24	
0	10	2	14	20	5	14	21	31	0	38	12	19	5	16	35	
0	29	27	39	20	14	14	36	16	25	0	37	19	24	16	35	
0	14	6	18	17	5	11	25	33	4	40	0	16	9	13	32	
0	15	8	20	6	11	20	27	35	6	30	18	0	10	7	24	
0	5	37	22	35	31	39	29	42	40	33	47	34	0	31	50	
0	16	11	23	4	14	23	30	28	9	28	21	3	13	0	19	
0	30	22	34	27	6	29	28	34	20	51	18	21	25	28	0	
M1
0	0	0	0	0	0	0	0	0	0	0	0	0	0	0	0	
0	0	22	19	15	10	13	10	23	17	20	19	12	12	14	25	
0	9	0	25	20	12	9	16	28	13	22	28	14	21	19	30	
0	25	34	0	8	19	9	23	28	13	1	25	21	23	19	14	
0	50	54	57	0	44	47	48	66	51	58	41	39	61	57	58	
0	6	16	13	14	0	3	4	22	7	14	25	2	17	13	24	
0	27	29	26	11	21	0	17	19	4	27	28	23	14	10	21	
0	21	12	9	14	24	3	0	22	7	10	31	26	17	13	23	
0	13	23	20	15	7	4	11	0	8	21	27	9	18	14	2	
0	28	25	22	7	22	16	13	15	0	23	42	24	10	6	17	
0	24	34	31	24	18	15	22	32	17	0	38	20	27	23	13	
0	9	19	16	4	3	6	7	25	10	17	0	5	20	16	27	
0	24	15	40	33	27	24	31	41	28	35	43	0	30	32	22	
0	24	15	12	3	18	6	3	11	9	13	34	20	0	2	13	
0	22	19	16	1	16	10	7	9	13	17	36	18	4	0	11	
0	11	21	18	13	5	2	9	21	6	19	25	7	16	12	0	
Tamanho_Tarefas
0	20	19	42	19	13	10	37	4	20	2	27	6	16	40	38	
Data_Entrega
0	118	146	120	132	125	198	180	184	207	124	151	158	131	116	172	
Penalidade_Atraso
0	9	14	5	3	7	14	14	14	7	16	11	14	19	4	20	
Capacidade_Veiculo
53	44	119	60	112	
Custo_Fixo_Veiculo
530	440	1190	600	1120	
Coordenadas_Clientes
x	0	y	0
x	24	y	0
x	15	y	6
x	16	y	18
x	6	y	20
x	-2	y	22
x	-8	y	14
x	-12	y	9
x	-20	y	4
x	-15	y	-3
x	-12	y	-9
x	-7	y	-13
x	-2	y	-24
x	6	y	-20
x	10	y	-12
x	16	y	-7
Tempo_Viagem
0	24	16	24	20	22	16	15	20	15	15	14	24	20	15	17	
24	0	10	19	26	33	34	37	44	39	37	33	33	25	17	10	
16	10	0	12	16	23	24	27	35	31	30	29	34	26	18	13	
24	19	12	0	10	18	24	29	38	37	38	38	45	38	30	25	
20	26	16	10	0	8	15	21	30	31	34	34	44	40	32	28	
22	33	23	18	8	0	10	16	25	28	32	35	46	42	36	34	
16	34	24	24	15	10	0	6	15	18	23	27	38	36	31	31	
15	37	27	29	21	16	6	0	9	12	18	22	34	34	30	32	
20	44	35	38	30	25	15	9	0	8	14	20	32	34	34	37	
15	39	31	37	31	28	18	12	8	0	6	12	24	26	26	31	
15	37	30	38	34	32	23	18	14	6	0	6	18	20	22	28	
14	33	29	38	34	35	27	22	20	12	6	0	12	14	17	23	
24	33	34	45	44	46	38	34	32	24	18	12	0	8	16	23	
20	25	26	38	40	42	36	34	34	26	20	14	8	0	8	15	
15	17	18	30	32	36	31	30	34	26	22	17	16	8	0	7	
17	10	13	25	28	34	31	32	37	31	28	23	23	15	7	0	
Custo_Viagem
V0
0	254	169	254	212	233	169	159	212	159	159	148	254	212	159	180	
254	0	106	201	275	360	360	392	466	413	392	349	371	275	190	106	
169	106	0	127	169	243	254	286	371	328	318	307	360	286	190	137	
254	201	127	0	106	190	254	307	402	392	402	402	477	413	318	265	
212	275	169	106	0	84	159	222	318	328	360	371	466	424	339	296	
233	360	243	190	84	0	106	169	265	296	339	371	487	445	381	360	
169	360	254	254	159	106	0	63	159	190	243	286	402	381	328	328	
159	392	286	307	222	169	63	0	95	127	190	233	360	360	318	339	
212	466	371	402	318	265	159	95	0	84	159	222	349	371	360	392	
159	413	328	392	328	296	190	127	84	0	63	127	254	286	275	328	
159	392	318	402	360	339	243	190	159	63	0	63	190	222	233	296	
148	349	307	402	371	371	286	233	222	127	63	0	127	148	180	243	
254	371	360	477	466	487	402	360	349	254	190	127	0	84	169	254	
212	275	286	413	424	445	381	360	371	286	222	148	84	0	84	169	
159	190	190	318	339	381	328	318	360	275	233	180	169	84	0	74	
180	106	137	265	296	360	328	339	392	328	296	243	254	169	74	0	
V1
0	211	140	211	176	193	140	132	176	132	132	123	211	176	132	149	
211	0	88	167	228	299	299	325	387	343	325	290	308	228	158	88	
140	88	0	105	140	202	211	237	308	272	264	255	299	237	158	114	
211	167	105	0	88	158	211	255	334	325	334	334	396	343	264	220	
176	228	140	88	0	70	132	184	264	272	299	308	387	352	281	246	
193	299	202	158	70	0	88	140	220	246	281	308	404	369	316	299	
140	299	211	211	132	88	0	52	132	158	202	237	334	316	272	272	
132	325	237	255	184	140	52	0	79	105	158	193	299	299	264	281	
176	387	308	334	264	220	132	79	0	70	132	184	290	308	299	325	
132	343	272	325	272	246	158	105	70	0	52	105	211	237	228	272	
132	325	264	334	299	281	202	158	132	52	0	52	158	184	193	246	
123	290	255	334	308	308	237	193	184	105	52	0	105	123	149	202	
211	308	299	396	387	404	334	299	290	211	158	105	0	70	140	211	
176	228	237	343	352	369	316	299	308	237	184	123	70	0	70	140	
132	158	158	264	281	316	272	264	299	228	193	149	140	70	0	61	
149	88	114	220	246	299	272	281	325	272	246	202	211	140	61	0	
V2
0	571	380	571	476	523	380	357	476	357	357	333	571	476	357	404	
571	0	238	452	618	809	809	880	1047	928	880	785	833	618	428	238	
380	238	0	285	380	547	571	642	833	737	714	690	809	642	428	309	
571	452	285	0	238	428	571	690	904	880	904	904	1071	928	714	595	
476	618	380	238	0	190	357	499	714	737	809	833	1047	952	761	666	
523	809	547	428	190	0	238	380	595	666	761	833	1094	999	856	809	
380	809	571	571	357	238	0	142	357	428	547	642	904	856	737	737	
357	880	642	690	499	380	142	0	214	285	428	523	809	809	714	761	
476	1047	833	904	714	595	357	214	0	190	357	499	785	833	809	880	
357	928	737	880	737	666	428	285	190	0	142	285	571	642	618	737	
357	880	714	904	809	761	547	428	357	142	0	142	428	499	523	666	
333	785	690	904	833	833	642	523	499	285	142	0	285	333	404	547	
571	833	809	1071	1047	1094	904	809	785	571	428	285	0	190	380	571	
476	618	642	928	952	999	856	809	833	642	499	333	190	0	190	380	
357	428	428	714	761	856	737	714	809	618	523	404	380	190	0	166	
404	238	309	595	666	809	737	761	880	737	666	547	571	380	166	0	
V3
0	288	192	288	240	264	192	180	240	180	180	168	288	240	180	204	
288	0	120	228	312	408	408	444	528	468	444	396	420	312	216	120	
192	120	0	144	192	276	288	324	420	372	360	348	408	324	216	156	
288	228	144	0	120	216	288	348	456	444	456	456	540	468	360	300	
240	312	192	120	0	96	180	252	360	372	408	420	528	480	384	336	
264	408	276	216	96	0	120	192	300	336	384	420	552	504	432	408	
192	408	288	288	180	120	0	72	180	216	276	324	456	432	372	372	
180	444	324	348	252	192	72	0	108	144	216	264	408	408	360	384	
240	528	420	456	360	300	180	108	0	96	180	252	396	420	408	444	
180	468	372	444	372	336	216	144	96	0	72	144	288	324	312	372	
180	444	360	456	408	384	276	216	180	72	0	72	216	252	264	336	
168	396	348	456	420	420	324	264	252	144	72	0	144	168	204	276	
288	420	408	540	528	552	456	408	396	288	216	144	0	96	192	288	
240	312	324	468	480	504	432	408	420	324	252	168	96	0	96	192	
180	216	216	360	384	432	372	360	408	312	264	204	192	96	0	84	
204	120	156	300	336	408	372	384	444	372	336	276	288	192	84	0	
V4
0	537	358	537	448	492	358	336	448	336	336	313	537	448	336	380	
537	0	224	425	582	761	761	828	985	873	828	739	784	582	403	224	
358	224	0	268	358	515	537	604	784	694	672	649	761	604	403	291	
537	425	268	0	224	403	537	649	851	828	851	851	1008	873	672	560	
448	582	358	224	0	179	336	470	672	694	761	784	985	896	716	627	
492	761	515	403	179	0	224	358	560	627	716	784	1030	940	806	761	
358	761	537	537	336	224	0	134	336	403	515	604	851	806	694	694	
336	828	604	649	470	358	134	0	201	268	403	492	761	761	672	716	
448	985	784	851	672	560	336	201	0	179	336	470	739	784	761	828	
336	873	694	828	694	627	403	268	179	0	134	268	537	604	582	694	
336	828	672	851	761	716	515	403	336	134	0	134	403	470	492	627	
313	739	649	851	784	784	604	492	470	268	134	0	268	313	380	515	
537	784	761	1008	985	1030	851	761	739	537	403	268	0	179	358	537	
448	582	604	873	896	940	806	761	784	604	470	313	179	0	179	358	
336	403	403	672	716	806	694	672	761	582	492	380	358	179	0	156	
380	224	291	560	627	761	694	716	828	694	627	515	537	358	156	0	
Velocidade_Veiculos
1	1	1	1	1	