M: 4
N: 15
Nun_Veiculos: 6
Capacidade_Total: 483
Demanda_Total: 216
Setup_Min: 1
Setup_Max: 9
Raio: 20
Circulos: 1
Tempo_Processamento_Min: 1
Tempo_Processamento_Max: 49
Demanda_Min: 10
Demanda_Max: 30
Priority_Factor: 0.2
Range_Factor_R: 0.8
U_factor: 2
ALpha: 0.2Replicao: 0
Tempos_Processamentos
0	0	1	0	2	0	3	0	
0	11	1	31	2	32	3	43	
0	40	1	29	2	41	3	11	
0	35	1	48	2	49	3	6	
0	17	1	42	2	9	3	16	
0	29	1	47	2	1	3	49	
0	1	1	12	2	33	3	21	
0	20	1	10	2	9	3	20	
0	36	1	1	2	13	3	22	
0	43	1	35	2	13	3	6	
0	18	1	14	2	5	3	3	
0	27	1	29	2	40	3	21	
0	17	1	43	2	2	3	8	
0	19	1	34	2	42	3	31	
0	43	1	30	2	26	3	43	
0	15	1	21	2	12	3	8	

Tempos_setup
M0
0	0	0	0	0	0	0	0	0	0	0	0	0	0	0	0	
0	0	3	6	3	4	5	5	5	5	4	4	5	6	4	5	
0	4	0	3	1	4	3	3	3	3	4	4	2	3	2	4	
0	3	4	0	4	4	4	1	3	3	3	4	3	2	3	1	
0	3	4	4	0	3	2	2	2	2	4	3	3	3	1	4	
0	6	5	5	4	0	6	3	3	5	6	6	6	5	5	6	
0	5	4	5	2	1	0	2	3	4	5	4	4	4	2	6	
0	3	4	3	3	4	3	0	2	2	3	3	4	2	4	4	
0	4	4	2	1	3	3	3	0	2	3	3	3	3	2	3	
0	2	3	2	2	2	2	3	2	0	2	1	2	1	3	2	
0	3	1	3	2	3	3	3	2	4	0	3	3	2	2	1	
0	4	4	4	1	1	3	3	3	3	5	0	4	4	2	5	
0	4	6	5	5	5	5	2	4	4	5	4	0	4	6	6	
0	1	2	1	3	3	2	2	3	4	1	2	4	0	3	2	
0	4	3	3	2	2	1	1	1	3	4	4	2	3	0	4	
0	2	3	2	3	4	3	3	3	5	2	3	2	1	2	0	
M1
0	0	0	0	0	0	0	0	0	0	0	0	0	0	0	0	
0	0	4	4	2	2	7	4	4	4	6	4	3	3	5	5	
0	3	0	2	3	3	5	1	2	3	4	3	1	2	3	1	
0	5	2	0	2	3	3	3	4	4	4	1	3	4	3	3	
0	5	2	4	0	1	7	3	2	5	5	3	3	4	5	3	
0	6	3	5	3	0	6	2	3	5	5	2	4	5	4	4	
0	2	1	3	4	1	0	1	1	3	1	3	2	2	3	2	
0	4	4	3	4	3	4	0	1	3	3	4	2	3	2	2	
0	4	3	2	3	3	5	4	0	3	3	3	1	4	3	2	
0	3	4	4	5	4	3	2	2	0	2	4	3	3	1	4	
0	1	3	3	3	3	2	3	3	2	0	2	2	1	3	4	
0	4	1	3	1	2	6	2	3	3	5	0	2	3	4	2	
0	4	2	1	2	2	4	3	3	5	3	2	0	4	2	3	
0	4	2	2	2	3	4	2	3	1	3	1	1	0	2	3	
0	2	3	3	4	3	2	3	1	3	1	3	2	2	0	3	
0	2	4	3	2	3	6	2	3	5	5	4	2	5	4	0	
M2
0	0	0	0	0	0	0	0	0	0	0	0	0	0	0	0	
0	0	4	1	2	3	6	6	4	4	4	3	5	3	3	5	
0	1	0	2	3	4	4	4	4	3	3	2	3	4	3	5	
0	3	4	0	2	2	5	5	3	3	3	2	5	4	3	4	
0	2	2	3	0	3	6	5	3	2	2	1	3	2	1	3	
0	3	3	4	1	0	7	6	3	3	3	2	4	2	2	3	
0	2	2	3	4	3	0	4	3	2	4	3	3	4	5	1	
0	2	2	3	2	2	4	0	3	4	1	3	3	4	3	1	
0	3	2	4	3	3	6	5	0	4	2	3	5	5	4	5	
0	4	3	3	2	1	4	7	4	0	4	3	5	3	3	4	
0	3	3	4	1	1	6	3	4	3	0	2	3	3	2	4	
0	3	4	4	2	2	5	4	2	1	1	0	4	4	3	4	
0	1	1	2	3	3	3	5	3	3	2	3	0	3	2	4	
0	4	3	2	4	4	7	6	1	3	3	2	4	0	2	4	
0	3	3	3	2	2	5	4	2	1	1	3	2	1	0	2	
0	1	1	2	3	4	5	3	2	4	4	3	2	4	4	0	
M3
0	0	0	0	0	0	0	0	0	0	0	0	0	0	0	0	
0	0	3	3	2	2	2	2	3	1	2	3	1	3	3	1	
0	2	0	1	2	3	3	1	3	3	2	1	2	4	3	3	
0	3	1	0	3	2	2	2	2	3	2	2	1	3	4	2	
0	3	3	3	0	2	3	3	3	2	2	3	2	2	1	2	
0	3	4	4	3	0	3	1	3	4	2	5	3	5	4	2	
0	4	2	3	4	3	0	2	2	3	3	3	2	4	4	3	
0	4	4	3	2	4	2	0	2	3	1	4	4	4	3	4	
0	2	4	4	2	4	4	2	0	1	3	5	3	4	3	3	
0	4	4	4	1	3	3	1	3	0	2	4	3	3	2	3	
0	3	3	4	1	3	1	3	1	2	0	3	3	3	2	3	
0	3	1	2	2	4	3	1	3	4	2	0	3	4	3	4	
0	2	2	2	2	1	1	2	2	3	1	2	0	2	3	3	
0	2	3	4	2	3	2	2	2	3	1	4	3	0	3	3	
0	2	2	2	2	3	2	2	3	1	3	3	2	4	0	1	
0	1	3	3	3	2	1	3	3	2	2	3	1	3	4	0	
Tamanho_Tarefas
0	28	15	13	12	3	3	10	8	11	8	25	6	29	34	11	
Data_Entrega
0	47	56	42	48	61	47	56	38	56	40	43	52	44	49	47	
Penalidade_Atraso
0	10	10	4	6	9	17	20	17	20	7	15	2	1	2	15	
Capacidade_Veiculo
56	84	94	82	75	92	
Custo_Fixo_Veiculo
560	840	940	820	750	920	
Coordenadas_Clientes
x	0	y	0
x	23	y	0
x	18	y	8
x	10	y	11
x	5	y	16
x	-2	y	19
x	-11	y	19
x	-19	y	13
x	-20	y	4
x	-15	y	-3
x	-13	y	-9
x	-8	y	-14
x	-1	y	-14
x	5	y	-15
x	10	y	-11
x	13	y	-6
Tempo_Viagem
0	23	19	14	16	19	21	23	20	15	15	16	14	15	14	14	
23	0	9	17	24	31	38	43	43	38	37	33	27	22	16	11	
19	9	0	8	15	22	30	37	38	34	34	34	29	25	19	14	
14	17	8	0	7	14	22	29	30	28	29	30	27	26	22	17	
16	24	15	7	0	7	16	24	27	27	30	32	30	31	27	23	
19	31	22	14	7	0	9	18	23	25	30	33	33	34	32	29	
21	38	30	22	16	9	0	10	17	22	28	33	34	36	35	34	
23	43	37	29	24	18	10	0	9	16	22	29	32	36	37	37	
20	43	38	30	27	23	17	9	0	8	14	21	25	31	33	34	
15	38	34	28	27	25	22	16	8	0	6	13	17	23	26	28	
15	37	34	29	30	30	28	22	14	6	0	7	13	18	23	26	
16	33	34	30	32	33	33	29	21	13	7	0	7	13	18	22	
14	27	29	27	30	33	34	32	25	17	13	7	0	6	11	16	
15	22	25	26	31	34	36	36	31	23	18	13	6	0	6	11	
14	16	19	22	27	32	35	37	33	26	23	18	11	6	0	5	
14	11	14	17	23	29	34	37	34	28	26	22	16	11	5	0	
Custo_Viagem
V0
0	257	212	156	179	212	235	257	224	168	168	179	156	168	156	156	
257	0	100	190	268	347	425	481	481	425	414	380	302	257	190	123	
212	100	0	89	168	246	347	414	425	380	392	380	324	291	224	156	
156	190	89	0	78	156	246	324	336	313	336	336	302	291	246	190	
179	268	168	78	0	78	179	268	302	302	336	358	336	347	302	257	
212	347	246	156	78	0	100	201	257	280	336	369	369	380	358	324	
235	425	347	246	179	100	0	112	190	246	313	369	380	414	403	380	
257	481	414	324	268	201	112	0	100	179	246	324	358	403	414	414	
224	481	425	336	302	257	190	100	0	89	156	235	291	347	369	380	
168	425	380	313	302	280	246	179	89	0	67	145	190	257	291	313	
168	414	392	336	336	336	313	246	156	67	0	78	145	201	257	291	
179	380	380	336	358	369	369	324	235	145	78	0	78	145	201	246	
156	302	324	302	336	369	380	358	291	190	145	78	0	67	123	179	
168	257	291	291	347	380	414	403	347	257	201	145	67	0	67	134	
156	190	224	246	302	358	403	414	369	291	257	201	123	67	0	56	
156	123	156	190	257	324	380	414	380	313	291	246	179	134	56	0	
V1
0	386	319	235	268	319	352	386	336	252	252	268	235	252	235	235	
386	0	151	285	403	520	638	722	722	638	621	571	453	386	285	184	
319	151	0	134	252	369	520	621	638	571	588	571	487	436	336	235	
235	285	134	0	117	235	369	487	504	470	504	504	453	436	369	285	
268	403	252	117	0	117	268	403	453	453	504	537	504	520	453	386	
319	520	369	235	117	0	151	302	386	420	504	554	554	571	537	487	
352	638	520	369	268	151	0	168	285	369	470	554	571	621	604	571	
386	722	621	487	403	302	168	0	151	268	369	487	537	604	621	621	
336	722	638	504	453	386	285	151	0	134	235	352	436	520	554	571	
252	638	571	470	453	420	369	268	134	0	100	218	285	386	436	470	
252	621	588	504	504	504	470	369	235	100	0	117	218	302	386	436	
268	571	571	504	537	554	554	487	352	218	117	0	117	218	302	369	
235	453	487	453	504	554	571	537	436	285	218	117	0	100	184	268	
252	386	436	436	520	571	621	604	520	386	302	218	100	0	100	201	
235	285	336	369	453	537	604	621	554	436	386	302	184	100	0	84	
235	184	235	285	386	487	571	621	571	470	436	369	268	201	84	0	
V2
0	432	357	263	300	357	394	432	376	282	282	300	263	282	263	263	
432	0	169	319	451	582	714	808	808	714	695	639	507	432	319	206	
357	169	0	150	282	413	582	695	714	639	658	639	545	488	376	263	
263	319	150	0	131	263	413	545	564	526	564	564	507	488	413	319	
300	451	282	131	0	131	300	451	507	507	564	601	564	582	507	432	
357	582	413	263	131	0	169	338	432	470	564	620	620	639	601	545	
394	714	582	413	300	169	0	188	319	413	526	620	639	695	676	639	
432	808	695	545	451	338	188	0	169	300	413	545	601	676	695	695	
376	808	714	564	507	432	319	169	0	150	263	394	488	582	620	639	
282	714	639	526	507	470	413	300	150	0	112	244	319	432	488	526	
282	695	658	564	564	564	526	413	263	112	0	131	244	338	432	488	
300	639	639	564	601	620	620	545	394	244	131	0	131	244	338	413	
263	507	545	507	564	620	639	601	488	319	244	131	0	112	206	300	
282	432	488	488	582	639	695	676	582	432	338	244	112	0	112	225	
263	319	376	413	507	601	676	695	620	488	432	338	206	112	0	94	
263	206	263	319	432	545	639	695	639	526	488	413	300	225	94	0	
V3
0	377	311	229	262	311	344	377	328	246	246	262	229	246	229	229	
377	0	147	278	393	508	623	705	705	623	606	557	442	377	278	180	
311	147	0	131	246	360	508	606	623	557	574	557	475	426	328	229	
229	278	131	0	114	229	360	475	492	459	492	492	442	426	360	278	
262	393	246	114	0	114	262	393	442	442	492	524	492	508	442	377	
311	508	360	229	114	0	147	295	377	410	492	541	541	557	524	475	
344	623	508	360	262	147	0	164	278	360	459	541	557	606	590	557	
377	705	606	475	393	295	164	0	147	262	360	475	524	590	606	606	
328	705	623	492	442	377	278	147	0	131	229	344	426	508	541	557	
246	623	557	459	442	410	360	262	131	0	98	213	278	377	426	459	
246	606	574	492	492	492	459	360	229	98	0	114	213	295	377	426	
262	557	557	492	524	541	541	475	344	213	114	0	114	213	295	360	
229	442	475	442	492	541	557	524	426	278	213	114	0	98	180	262	
246	377	426	426	508	557	606	590	508	377	295	213	98	0	98	196	
229	278	328	360	442	524	590	606	541	426	377	295	180	98	0	82	
229	180	229	278	377	475	557	606	557	459	426	360	262	196	82	0	
V4
0	345	285	210	240	285	315	345	300	225	225	240	210	225	210	210	
345	0	135	255	360	465	570	645	645	570	555	510	405	345	255	165	
285	135	0	120	225	330	465	555	570	510	525	510	435	390	300	210	
210	255	120	0	105	210	330	435	450	420	450	450	405	390	330	255	
240	360	225	105	0	105	240	360	405	405	450	480	450	465	405	345	
285	465	330	210	105	0	135	270	345	375	450	495	495	510	480	435	
315	570	465	330	240	135	0	150	255	330	420	495	510	555	540	510	
345	645	555	435	360	270	150	0	135	240	330	435	480	540	555	555	
300	645	570	450	405	345	255	135	0	120	210	315	390	465	495	510	
225	570	510	420	405	375	330	240	120	0	90	195	255	345	390	420	
225	555	525	450	450	450	420	330	210	90	0	105	195	270	345	390	
240	510	510	450	480	495	495	435	315	195	105	0	105	195	270	330	
210	405	435	405	450	495	510	480	390	255	195	105	0	90	165	240	
225	345	390	390	465	510	555	540	465	345	270	195	90	0	90	180	
210	255	300	330	405	480	540	555	495	390	345	270	165	90	0	75	
210	165	210	255	345	435	510	555	510	420	390	330	240	180	75	0	
V5
0	423	349	257	294	349	386	423	368	276	276	294	257	276	257	257	
423	0	165	312	441	570	699	791	791	699	680	625	496	423	312	202	
349	165	0	147	276	404	570	680	699	625	644	625	533	478	368	257	
257	312	147	0	128	257	404	533	552	515	552	552	496	478	404	312	
294	441	276	128	0	128	294	441	496	496	552	588	552	570	496	423	
349	570	404	257	128	0	165	331	423	460	552	607	607	625	588	533	
386	699	570	404	294	165	0	184	312	404	515	607	625	680	662	625	
423	791	680	533	441	331	184	0	165	294	404	533	588	662	680	680	
368	791	699	552	496	423	312	165	0	147	257	386	478	570	607	625	
276	699	625	515	496	460	404	294	147	0	110	239	312	423	478	515	
276	680	644	552	552	552	515	404	257	110	0	128	239	331	423	478	
294	625	625	552	588	607	607	533	386	239	128	0	128	239	331	404	
257	496	533	496	552	607	625	588	478	312	239	128	0	110	202	294	
276	423	478	478	570	625	680	662	570	423	331	239	110	0	110	220	
257	312	368	404	496	588	662	680	607	478	423	331	202	110	0	92	
257	202	257	312	423	533	625	680	625	515	478	404	294	220	92	0	
Velocidade_Veiculos
1	1	1	1	1	1	