M: 4
N: 15
Nun_Veiculos: 7
Capacidade_Total: 466
Demanda_Total: 256
Setup_Min: 1
Setup_Max: 9
Raio: 20
Circulos: 1
Tempo_Processamento_Min: 1
Tempo_Processamento_Max: 49
Demanda_Min: 10
Demanda_Max: 30
Priority_Factor: 0.2
Range_Factor_R: 0.8
U_factor: 2
ALpha: 0.2Replicao: 4
Tempos_Processamentos
0	0	1	0	2	0	3	0	
0	3	1	33	2	40	3	17	
0	40	1	17	2	10	3	49	
0	23	1	46	2	32	3	41	
0	46	1	30	2	47	3	7	
0	4	1	20	2	38	3	7	
0	18	1	20	2	9	3	11	
0	41	1	26	2	10	3	3	
0	39	1	35	2	18	3	27	
0	21	1	7	2	26	3	37	
0	7	1	16	2	39	3	38	
0	10	1	14	2	24	3	31	
0	29	1	17	2	21	3	27	
0	34	1	27	2	46	3	44	
0	42	1	13	2	45	3	1	
0	5	1	17	2	14	3	45	

Tempos_setup
M0
0	0	0	0	0	0	0	0	0	0	0	0	0	0	0	0	
0	0	1	1	2	4	3	3	1	4	3	2	2	1	3	3	
0	4	0	1	4	3	3	3	3	3	2	1	3	3	3	4	
0	3	3	0	3	4	3	2	2	3	3	3	3	4	2	4	
0	2	1	2	0	2	2	1	1	2	2	2	2	1	1	3	
0	2	3	3	4	0	3	2	2	2	1	3	2	2	5	3	
0	2	2	1	1	3	0	1	2	3	3	3	2	2	2	1	
0	3	3	2	2	4	1	0	2	4	4	2	1	2	3	2	
0	3	4	3	3	3	2	3	0	3	2	1	1	3	4	2	
0	1	2	2	3	5	4	3	2	0	4	3	3	2	4	1	
0	2	3	3	3	1	2	1	3	1	0	3	1	1	4	2	
0	4	4	3	3	5	2	2	4	3	4	0	3	3	4	3	
0	3	3	2	2	4	1	2	3	4	3	4	0	3	3	2	
0	5	4	3	3	5	3	2	4	5	5	4	3	0	4	4	
0	1	2	2	1	2	3	2	2	1	1	1	2	2	0	2	
0	4	5	2	4	4	3	2	2	4	4	3	2	3	4	0	
M1
0	0	0	0	0	0	0	0	0	0	0	0	0	0	0	0	
0	0	3	2	3	2	1	4	4	4	5	5	2	4	3	4	
0	1	0	3	4	3	2	3	4	4	3	4	3	5	4	5	
0	3	4	0	4	3	4	3	2	2	3	4	4	2	2	3	
0	1	1	3	0	3	2	3	3	3	2	2	2	1	2	5	
0	2	1	3	3	0	3	2	2	5	4	4	3	3	1	5	
0	2	2	2	2	1	0	3	3	4	4	4	4	3	2	5	
0	2	4	4	5	3	3	0	5	3	3	2	1	2	4	4	
0	1	4	3	4	3	2	2	0	5	5	4	3	3	4	5	
0	3	2	4	2	2	2	4	4	0	1	2	4	3	3	3	
0	2	1	3	3	2	1	4	4	2	0	1	4	4	3	5	
0	1	3	3	3	3	2	5	5	1	2	0	3	4	4	4	
0	1	3	3	4	2	2	4	4	5	6	6	0	5	3	5	
0	2	2	4	5	4	3	5	4	4	5	3	4	0	5	6	
0	2	2	2	2	1	3	1	1	4	4	3	2	3	0	5	
0	1	4	3	4	3	2	5	5	2	3	2	3	5	4	0	
M2
0	0	0	0	0	0	0	0	0	0	0	0	0	0	0	0	
0	0	1	4	4	1	3	2	4	5	2	3	2	5	2	3	
0	4	0	3	3	1	3	1	4	4	1	2	1	4	1	3	
0	2	3	0	3	3	3	4	4	4	1	4	3	2	4	3	
0	4	3	3	0	4	1	4	4	4	1	4	1	2	2	3	
0	6	3	5	6	0	4	1	5	4	4	2	4	5	2	4	
0	3	3	3	2	4	0	3	4	5	1	4	3	4	4	3	
0	5	2	4	5	3	4	0	4	3	3	1	3	4	1	3	
0	1	2	4	4	2	2	3	0	4	3	4	3	4	1	1	
0	2	3	1	3	3	1	4	1	0	2	4	4	3	2	2	
0	4	4	2	2	4	2	4	3	5	0	3	2	4	4	2	
0	4	4	3	5	5	3	4	3	2	4	0	3	5	3	4	
0	4	5	4	2	5	3	5	4	3	3	6	0	4	4	5	
0	4	4	3	3	5	3	5	3	4	1	4	1	0	3	3	
0	4	1	4	4	2	3	2	3	5	2	3	2	3	0	4	
0	2	2	5	4	2	3	3	1	5	3	4	2	5	2	0	
M3
0	0	0	0	0	0	0	0	0	0	0	0	0	0	0	0	
0	0	3	2	2	2	1	4	4	4	2	4	3	4	3	6	
0	5	0	3	3	3	3	1	4	2	2	2	3	2	1	6	
0	4	4	0	5	4	5	4	3	4	4	3	2	2	3	4	
0	2	3	4	0	3	3	3	2	3	4	2	1	4	4	5	
0	6	1	4	4	0	4	2	4	3	2	3	4	3	2	5	
0	2	2	1	4	1	0	3	4	3	1	3	3	3	2	5	
0	6	1	4	4	4	4	0	5	3	3	3	4	3	2	5	
0	4	5	4	2	4	5	5	0	3	4	4	3	2	3	6	
0	3	2	1	1	1	2	3	3	0	3	3	2	3	3	5	
0	4	3	3	3	3	4	4	3	2	0	2	2	5	1	6	
0	3	2	4	4	1	4	3	2	4	2	0	1	4	3	5	
0	2	3	4	3	2	3	2	1	4	3	1	0	3	4	4	
0	5	3	2	3	3	4	4	3	2	2	2	3	0	1	5	
0	4	2	2	2	2	3	3	3	1	1	1	2	4	0	6	
0	3	1	4	2	4	4	2	3	3	3	3	2	3	2	0	
Tamanho_Tarefas
0	17	20	33	25	13	9	6	23	13	16	13	17	37	3	11	
Data_Entrega
0	61	62	46	63	47	51	60	59	58	51	55	71	51	61	55	
Penalidade_Atraso
0	15	4	3	14	4	17	12	20	17	10	2	14	8	15	2	
Capacidade_Veiculo
79	64	41	68	83	43	88	
Custo_Fixo_Veiculo
790	640	410	680	830	430	880	
Coordenadas_Clientes
x	0	y	0
x	24	y	0
x	15	y	6
x	11	y	12
x	7	y	23
x	-2	y	24
x	-8	y	13
x	-14	y	10
x	-18	y	3
x	-17	y	-3
x	-17	y	-12
x	-9	y	-17
x	-1	y	-18
x	7	y	-23
x	12	y	-13
x	15	y	-6
Tempo_Viagem
0	24	16	16	24	24	15	17	18	17	20	19	18	24	17	16	
24	0	10	17	28	34	34	39	42	41	42	36	30	28	17	10	
16	10	0	7	18	24	24	29	33	33	36	33	28	30	19	12	
16	17	7	0	11	17	19	25	30	31	36	35	32	35	25	18	
24	28	18	11	0	9	18	24	32	35	42	43	41	46	36	29	
24	34	24	17	9	0	12	18	26	30	38	41	42	47	39	34	
15	34	24	19	18	12	0	6	14	18	26	30	31	39	32	29	
17	39	29	25	24	18	6	0	8	13	22	27	30	39	34	33	
18	42	33	30	32	26	14	8	0	6	15	21	27	36	34	34	
17	41	33	31	35	30	18	13	6	0	9	16	21	30	30	32	
20	42	36	36	42	38	26	22	15	9	0	9	17	26	29	32	
19	36	33	35	43	41	30	27	21	16	9	0	8	17	21	26	
18	30	28	32	41	42	31	30	27	21	17	8	0	9	13	20	
24	28	30	35	46	47	39	39	36	30	26	17	9	0	11	18	
17	17	19	25	36	39	32	34	34	30	29	21	13	11	0	7	
16	10	12	18	29	34	29	33	34	32	32	26	20	18	7	0	
Custo_Viagem
V0
0	379	252	252	379	379	237	268	284	268	316	300	284	379	268	252	
379	0	158	268	442	553	537	616	663	647	663	584	474	442	268	158	
252	158	0	110	284	379	379	458	521	521	568	521	442	474	300	189	
252	268	110	0	173	268	300	395	474	489	568	553	505	553	395	284	
379	442	284	173	0	142	284	379	505	553	663	679	647	726	568	474	
379	553	379	268	142	0	189	284	410	474	616	647	663	742	616	537	
237	537	379	300	284	189	0	94	221	284	410	474	489	616	505	458	
268	616	458	395	379	284	94	0	126	205	347	426	474	616	537	521	
284	663	521	474	505	410	221	126	0	94	237	331	426	568	537	537	
268	647	521	489	553	474	284	205	94	0	142	252	331	489	474	505	
316	663	568	568	663	616	410	347	237	142	0	142	268	410	458	505	
300	584	521	553	679	647	474	426	331	252	142	0	126	268	331	410	
284	474	442	505	647	663	489	474	426	331	268	126	0	142	205	316	
379	442	474	553	726	742	616	616	568	489	410	268	142	0	173	284	
268	268	300	395	568	616	505	537	537	474	458	331	205	173	0	110	
252	158	189	284	474	537	458	521	537	505	505	410	316	284	110	0	
V1
0	307	204	204	307	307	192	217	230	217	256	243	230	307	217	204	
307	0	128	217	358	448	435	499	537	524	537	473	384	358	217	128	
204	128	0	89	230	307	307	371	422	422	460	422	358	384	243	153	
204	217	89	0	140	217	243	320	384	396	460	448	409	448	320	230	
307	358	230	140	0	115	230	307	409	448	537	550	524	588	460	384	
307	448	307	217	115	0	153	230	332	384	499	524	537	601	499	435	
192	435	307	243	230	153	0	76	179	230	332	384	396	499	409	371	
217	499	371	320	307	230	76	0	102	166	281	345	384	499	435	422	
230	537	422	384	409	332	179	102	0	76	192	268	345	460	435	435	
217	524	422	396	448	384	230	166	76	0	115	204	268	396	384	409	
256	537	460	460	537	499	332	281	192	115	0	115	217	332	371	409	
243	473	422	448	550	524	384	345	268	204	115	0	102	217	268	332	
230	384	358	409	524	537	396	384	345	268	217	102	0	115	166	256	
307	358	384	448	588	601	499	499	460	396	332	217	115	0	140	230	
217	217	243	320	460	499	409	435	435	384	371	268	166	140	0	89	
204	128	153	230	384	435	371	422	435	409	409	332	256	230	89	0	
V2
0	196	131	131	196	196	123	139	147	139	164	155	147	196	139	131	
196	0	82	139	229	287	278	319	344	336	344	303	246	229	139	82	
131	82	0	57	147	196	196	237	270	270	295	270	229	246	155	98	
131	139	57	0	90	139	155	205	246	254	295	287	262	287	205	147	
196	229	147	90	0	73	147	196	262	287	344	352	336	377	295	246	
196	287	196	139	73	0	98	147	213	246	319	336	344	385	319	278	
123	278	196	155	147	98	0	49	114	147	213	246	254	319	262	237	
139	319	237	205	196	147	49	0	65	106	180	221	246	319	278	270	
147	344	270	246	262	213	114	65	0	49	123	172	221	295	278	278	
139	336	270	254	287	246	147	106	49	0	73	131	172	254	246	262	
164	344	295	295	344	319	213	180	123	73	0	73	139	213	237	262	
155	303	270	287	352	336	246	221	172	131	73	0	65	139	172	213	
147	246	229	262	336	344	254	246	221	172	139	65	0	73	106	164	
196	229	246	287	377	385	319	319	295	254	213	139	73	0	90	147	
139	139	155	205	295	319	262	278	278	246	237	172	106	90	0	57	
131	82	98	147	246	278	237	270	278	262	262	213	164	147	57	0	
V3
0	326	217	217	326	326	204	231	244	231	272	258	244	326	231	217	
326	0	136	231	380	476	462	530	571	557	571	503	408	380	231	136	
217	136	0	95	244	326	326	394	448	448	489	448	380	408	258	163	
217	231	95	0	149	231	258	340	408	421	489	476	435	476	340	244	
326	380	244	149	0	122	244	326	435	476	571	584	557	625	489	408	
326	476	326	231	122	0	163	244	353	408	530	557	571	639	530	462	
204	462	326	258	244	163	0	81	190	244	353	408	421	530	435	394	
231	530	394	340	326	244	81	0	108	176	299	367	408	530	462	448	
244	571	448	408	435	353	190	108	0	81	204	285	367	489	462	462	
231	557	448	421	476	408	244	176	81	0	122	217	285	421	408	435	
272	571	489	489	571	530	353	299	204	122	0	122	231	353	394	435	
258	503	448	476	584	557	408	367	285	217	122	0	108	231	285	353	
244	408	380	435	557	571	421	408	367	285	231	108	0	122	176	272	
326	380	408	476	625	639	530	530	489	421	353	231	122	0	149	244	
231	231	258	340	489	530	435	462	462	408	394	285	176	149	0	95	
217	136	163	244	408	462	394	448	462	435	435	353	272	244	95	0	
V4
0	398	265	265	398	398	249	282	298	282	332	315	298	398	282	265	
398	0	166	282	464	581	564	647	697	680	697	614	498	464	282	166	
265	166	0	116	298	398	398	481	547	547	597	547	464	498	315	199	
265	282	116	0	182	282	315	415	498	514	597	581	531	581	415	298	
398	464	298	182	0	149	298	398	531	581	697	713	680	763	597	498	
398	581	398	282	149	0	199	298	431	498	647	680	697	780	647	564	
249	564	398	315	298	199	0	99	232	298	431	498	514	647	531	481	
282	647	481	415	398	298	99	0	132	215	365	448	498	647	564	547	
298	697	547	498	531	431	232	132	0	99	249	348	448	597	564	564	
282	680	547	514	581	498	298	215	99	0	149	265	348	514	498	531	
332	697	597	597	697	647	431	365	249	149	0	149	282	431	481	531	
315	614	547	581	713	680	498	448	348	265	149	0	132	282	348	431	
298	498	464	531	680	697	514	498	448	348	282	132	0	149	215	332	
398	464	498	581	763	780	647	647	597	514	431	282	149	0	182	298	
282	282	315	415	597	647	531	564	564	498	481	348	215	182	0	116	
265	166	199	298	498	564	481	547	564	531	531	431	332	298	116	0	
V5
0	206	137	137	206	206	129	146	154	146	172	163	154	206	146	137	
206	0	86	146	240	301	292	335	361	352	361	318	258	240	146	86	
137	86	0	60	154	206	206	249	283	283	309	283	240	258	163	103	
137	146	60	0	94	146	163	215	258	266	309	301	275	301	215	154	
206	240	154	94	0	77	154	206	275	301	361	369	352	395	309	258	
206	301	206	146	77	0	103	154	223	258	335	352	361	404	335	292	
129	292	206	163	154	103	0	51	120	154	223	258	266	335	275	249	
146	335	249	215	206	154	51	0	68	111	189	232	258	335	292	283	
154	361	283	258	275	223	120	68	0	51	129	180	232	309	292	292	
146	352	283	266	301	258	154	111	51	0	77	137	180	266	258	275	
172	361	309	309	361	335	223	189	129	77	0	77	146	223	249	275	
163	318	283	301	369	352	258	232	180	137	77	0	68	146	180	223	
154	258	240	275	352	361	266	258	232	180	146	68	0	77	111	172	
206	240	258	301	395	404	335	335	309	266	223	146	77	0	94	154	
146	146	163	215	309	335	275	292	292	258	249	180	111	94	0	60	
137	86	103	154	258	292	249	283	292	275	275	223	172	154	60	0	
V6
0	422	281	281	422	422	264	299	316	299	352	334	316	422	299	281	
422	0	176	299	492	616	598	686	739	721	739	651	528	492	299	176	
281	176	0	123	316	422	422	510	580	580	633	580	492	528	334	211	
281	299	123	0	193	299	334	440	528	545	633	616	563	616	440	316	
422	492	316	193	0	158	316	422	563	616	739	756	721	809	633	528	
422	616	422	299	158	0	211	316	457	528	686	721	739	827	686	598	
264	598	422	334	316	211	0	105	246	316	457	528	545	686	563	510	
299	686	510	440	422	316	105	0	140	228	387	475	528	686	598	580	
316	739	580	528	563	457	246	140	0	105	264	369	475	633	598	598	
299	721	580	545	616	528	316	228	105	0	158	281	369	545	528	563	
352	739	633	633	739	686	457	387	264	158	0	158	299	457	510	563	
334	651	580	616	756	721	528	475	369	281	158	0	140	299	369	457	
316	528	492	563	721	739	545	528	475	369	299	140	0	158	228	352	
422	492	528	616	809	827	686	686	633	545	457	299	158	0	193	316	
299	299	334	440	633	686	563	598	598	528	510	369	228	193	0	123	
281	176	211	316	528	598	510	580	598	563	563	457	352	316	123	0	
Velocidade_Veiculos
1	1	1	1	1	1	1	