M: 4
N: 15
Nun_Veiculos: 7
Capacidade_Total: 411
Demanda_Total: 263
Setup_Min: 1
Setup_Max: 99
Raio: 100
Circulos: 1
Tempo_Processamento_Min: 1
Tempo_Processamento_Max: 49
Demanda_Min: 10
Demanda_Max: 30
Priority_Factor: 0.2
Range_Factor_R: 0.8
U_factor: 2
ALpha: 0.2Replicao: 0
Tempos_Processamentos
0	0	1	0	2	0	3	0	
0	36	1	37	2	48	3	4	
0	16	1	17	2	1	3	41	
0	43	1	10	2	7	3	11	
0	16	1	29	2	37	3	32	
0	1	1	4	2	19	3	43	
0	34	1	42	2	24	3	9	
0	25	1	13	2	9	3	9	
0	26	1	33	2	29	3	20	
0	25	1	8	2	29	3	39	
0	8	1	44	2	43	3	14	
0	21	1	44	2	39	3	11	
0	41	1	22	2	45	3	25	
0	38	1	49	2	42	3	14	
0	42	1	49	2	9	3	49	
0	38	1	2	2	9	3	20	

Tempos_setup
M0
0	0	0	0	0	0	0	0	0	0	0	0	0	0	0	0	
0	0	5	12	19	29	23	15	10	22	35	26	19	31	7	13	
0	27	0	25	32	42	18	10	5	35	30	21	14	26	20	8	
0	2	1	0	21	31	19	11	6	24	31	22	15	27	9	9	
0	7	6	13	0	33	24	16	11	3	31	18	13	23	12	5	
0	8	7	6	12	0	10	17	12	15	18	5	21	10	1	4	
0	24	6	31	38	48	0	16	11	41	12	21	20	26	26	14	
0	22	21	20	41	32	24	0	26	38	20	19	4	24	29	6	
0	27	26	25	34	37	29	5	0	37	25	16	9	21	34	3	
0	4	3	16	12	30	21	13	8	0	33	24	17	29	11	11	
0	26	19	26	45	41	13	9	24	47	0	9	13	14	33	15	
0	17	18	17	36	46	26	22	23	39	13	0	26	5	24	26	
0	18	17	16	37	28	27	27	22	37	28	15	0	20	25	2	
0	14	13	12	31	43	21	17	18	34	8	17	21	0	21	21	
0	7	6	5	12	22	24	16	11	15	36	27	20	32	0	14	
0	30	31	30	36	47	39	35	36	36	26	13	39	18	37	0	
M1
0	0	0	0	0	0	0	0	0	0	0	0	0	0	0	0	
0	0	26	32	32	10	30	20	8	28	31	20	23	18	17	23	
0	20	0	19	26	30	17	31	25	23	17	7	4	5	12	10	
0	1	14	0	12	11	9	20	9	8	6	10	3	8	15	13	
0	14	33	19	0	23	9	23	22	27	9	26	9	24	31	5	
0	17	43	44	25	0	34	37	25	45	34	32	34	35	34	30	
0	5	31	35	37	15	0	25	13	33	29	25	25	23	22	21	
0	30	31	34	29	14	37	0	24	25	30	36	35	34	36	34	
0	29	31	28	29	38	37	44	0	25	30	32	15	30	37	34	
0	18	6	21	4	27	13	19	7	0	5	11	10	9	16	9	
0	23	42	28	9	28	18	14	31	36	0	29	18	27	26	14	
0	13	26	12	20	23	10	25	18	20	11	0	7	20	27	3	
0	30	39	29	26	40	27	41	31	33	27	17	0	15	22	20	
0	15	24	14	22	25	12	27	20	18	13	2	9	0	7	5	
0	16	17	15	15	26	13	28	18	11	14	3	10	1	0	6	
0	12	28	14	17	22	7	22	20	22	8	21	4	19	26	0	
M2
0	0	0	0	0	0	0	0	0	0	0	0	0	0	0	0	
0	0	27	21	23	22	13	10	8	25	36	9	20	8	12	12	
0	31	0	12	14	13	4	6	4	18	36	5	11	12	14	19	
0	41	16	0	30	10	20	21	19	15	35	20	20	17	11	34	
0	50	23	28	0	21	27	6	4	21	39	5	31	28	22	10	
0	31	7	11	21	0	11	13	11	5	25	12	10	7	1	26	
0	27	16	8	10	9	0	13	11	14	32	12	7	8	10	20	
0	44	22	22	35	20	26	0	3	20	38	4	30	27	21	18	
0	46	19	24	33	17	23	2	0	17	35	1	27	24	18	15	
0	33	2	8	16	15	6	8	6	0	29	7	13	11	5	21	
0	17	34	31	31	32	23	20	18	32	0	19	30	18	22	29	
0	50	19	31	33	28	23	13	11	28	43	0	30	28	29	26	
0	42	17	1	31	11	21	6	4	15	25	5	0	18	12	19	
0	32	21	13	15	14	5	18	16	19	28	17	12	0	4	25	
0	38	27	19	21	20	11	24	22	25	24	23	18	6	0	31	
0	49	22	27	20	20	26	5	3	20	38	4	30	27	21	0	
M3
0	0	0	0	0	0	0	0	0	0	0	0	0	0	0	0	
0	0	15	29	38	9	15	32	23	36	21	15	31	34	25	17	
0	26	0	30	29	21	26	21	8	21	17	11	31	19	29	13	
0	17	18	0	15	21	26	7	8	7	17	11	17	23	9	13	
0	15	13	19	0	18	15	6	21	16	14	8	21	8	11	10	
0	32	6	28	29	0	32	26	14	27	23	17	22	25	34	19	
0	22	19	14	25	31	0	21	22	21	31	25	31	33	10	27	
0	20	21	27	8	25	23	0	15	10	21	15	20	16	19	17	
0	18	15	32	21	13	18	13	0	23	9	3	32	28	21	5	
0	10	20	36	17	18	23	18	5	0	14	8	10	25	22	10	
0	24	10	32	26	4	36	30	18	31	0	21	26	29	37	23	
0	15	12	29	25	10	15	17	16	27	6	0	32	31	18	2	
0	21	20	26	7	23	21	13	22	23	19	15	0	15	12	8	
0	7	21	11	20	16	7	18	19	18	18	22	13	0	12	21	
0	12	9	39	38	21	27	30	17	30	22	20	40	28	0	22	
0	13	28	27	35	22	13	27	14	34	23	17	44	42	23	0	
Tamanho_Tarefas
0	10	14	16	21	6	23	14	24	16	20	14	27	18	31	9	
Data_Entrega
0	184	183	178	173	170	182	187	187	188	167	178	192	182	167	171	
Penalidade_Atraso
0	11	12	3	19	18	4	14	6	14	8	9	3	8	19	16	
Capacidade_Veiculo
76	49	32	57	75	86	36	
Custo_Fixo_Veiculo
760	490	320	570	750	860	360	
Coordenadas_Clientes
x	0	y	0
x	115	y	0
x	105	y	46
x	66	y	73
x	29	y	92
x	-9	y	89
x	-42	y	73
x	-83	y	60
x	-107	y	22
x	-75	y	-16
x	-93	y	-68
x	-39	y	-68
x	-10	y	-98
x	32	y	-100
x	60	y	-66
x	114	y	-50
Tempo_Viagem
0	115	114	98	96	89	84	102	109	76	115	78	98	104	89	124	
115	0	47	87	125	152	173	206	223	190	218	168	158	129	85	50	
114	47	0	47	88	121	149	188	213	190	228	183	184	163	120	96	
98	87	47	0	41	76	108	149	180	166	212	175	187	176	139	132	
96	125	88	41	0	38	73	116	152	149	201	173	193	192	161	165	
89	152	121	76	38	0	36	79	118	124	178	159	187	193	169	185	
84	173	149	108	73	36	0	43	82	94	149	141	173	188	172	198	
102	206	188	149	116	79	43	0	44	76	128	135	174	197	190	225	
109	223	213	180	152	118	82	44	0	49	91	112	153	184	188	232	
76	190	190	166	149	124	94	76	49	0	55	63	104	136	143	192	
115	218	228	212	201	178	149	128	91	55	0	54	88	129	153	207	
78	168	183	175	173	159	141	135	112	63	54	0	41	77	99	154	
98	158	184	187	193	187	173	174	153	104	88	41	0	42	76	132	
104	129	163	176	192	193	188	197	184	136	129	77	42	0	44	96	
89	85	120	139	161	169	172	190	188	143	153	99	76	44	0	56	
124	50	96	132	165	185	198	225	232	192	207	154	132	96	56	0	
Custo_Viagem
V0
0	1748	1732	1489	1459	1352	1276	1550	1656	1155	1748	1185	1489	1580	1352	1884	
1748	0	714	1322	1900	2310	2629	3131	3389	2888	3313	2553	2401	1960	1292	760	
1732	714	0	714	1337	1839	2264	2857	3237	2888	3465	2781	2796	2477	1824	1459	
1489	1322	714	0	623	1155	1641	2264	2736	2523	3222	2660	2842	2675	2112	2006	
1459	1900	1337	623	0	577	1109	1763	2310	2264	3055	2629	2933	2918	2447	2508	
1352	2310	1839	1155	577	0	547	1200	1793	1884	2705	2416	2842	2933	2568	2812	
1276	2629	2264	1641	1109	547	0	653	1246	1428	2264	2143	2629	2857	2614	3009	
1550	3131	2857	2264	1763	1200	653	0	668	1155	1945	2052	2644	2994	2888	3420	
1656	3389	3237	2736	2310	1793	1246	668	0	744	1383	1702	2340	2796	2857	3526	
1155	2888	2888	2523	2264	1884	1428	1155	744	0	836	957	1580	2067	2173	2918	
1748	3313	3465	3222	3055	2705	2264	1945	1383	836	0	820	1337	1960	2325	3146	
1185	2553	2781	2660	2629	2416	2143	2052	1702	957	820	0	623	1170	1504	2340	
1489	2401	2796	2842	2933	2842	2629	2644	2340	1580	1337	623	0	638	1155	2006	
1580	1960	2477	2675	2918	2933	2857	2994	2796	2067	1960	1170	638	0	668	1459	
1352	1292	1824	2112	2447	2568	2614	2888	2857	2173	2325	1504	1155	668	0	851	
1884	760	1459	2006	2508	2812	3009	3420	3526	2918	3146	2340	2006	1459	851	0	
V1
0	1127	1117	960	940	872	823	999	1068	744	1127	764	960	1019	872	1215	
1127	0	460	852	1225	1489	1695	2018	2185	1862	2136	1646	1548	1264	833	490	
1117	460	0	460	862	1185	1460	1842	2087	1862	2234	1793	1803	1597	1176	940	
960	852	460	0	401	744	1058	1460	1764	1626	2077	1715	1832	1724	1362	1293	
940	1225	862	401	0	372	715	1136	1489	1460	1969	1695	1891	1881	1577	1617	
872	1489	1185	744	372	0	352	774	1156	1215	1744	1558	1832	1891	1656	1813	
823	1695	1460	1058	715	352	0	421	803	921	1460	1381	1695	1842	1685	1940	
999	2018	1842	1460	1136	774	421	0	431	744	1254	1323	1705	1930	1862	2205	
1068	2185	2087	1764	1489	1156	803	431	0	480	891	1097	1509	1803	1842	2273	
744	1862	1862	1626	1460	1215	921	744	480	0	539	617	1019	1332	1401	1881	
1127	2136	2234	2077	1969	1744	1460	1254	891	539	0	529	862	1264	1499	2028	
764	1646	1793	1715	1695	1558	1381	1323	1097	617	529	0	401	754	970	1509	
960	1548	1803	1832	1891	1832	1695	1705	1509	1019	862	401	0	411	744	1293	
1019	1264	1597	1724	1881	1891	1842	1930	1803	1332	1264	754	411	0	431	940	
872	833	1176	1362	1577	1656	1685	1862	1842	1401	1499	970	744	431	0	548	
1215	490	940	1293	1617	1813	1940	2205	2273	1881	2028	1509	1293	940	548	0	
V2
0	736	729	627	614	569	537	652	697	486	736	499	627	665	569	793	
736	0	300	556	800	972	1107	1318	1427	1216	1395	1075	1011	825	544	320	
729	300	0	300	563	774	953	1203	1363	1216	1459	1171	1177	1043	768	614	
627	556	300	0	262	486	691	953	1152	1062	1356	1120	1196	1126	889	844	
614	800	563	262	0	243	467	742	972	953	1286	1107	1235	1228	1030	1056	
569	972	774	486	243	0	230	505	755	793	1139	1017	1196	1235	1081	1184	
537	1107	953	691	467	230	0	275	524	601	953	902	1107	1203	1100	1267	
652	1318	1203	953	742	505	275	0	281	486	819	864	1113	1260	1216	1440	
697	1427	1363	1152	972	755	524	281	0	313	582	716	985	1177	1203	1484	
486	1216	1216	1062	953	793	601	486	313	0	352	403	665	870	915	1228	
736	1395	1459	1356	1286	1139	953	819	582	352	0	345	563	825	979	1324	
499	1075	1171	1120	1107	1017	902	864	716	403	345	0	262	492	633	985	
627	1011	1177	1196	1235	1196	1107	1113	985	665	563	262	0	268	486	844	
665	825	1043	1126	1228	1235	1203	1260	1177	870	825	492	268	0	281	614	
569	544	768	889	1030	1081	1100	1216	1203	915	979	633	486	281	0	358	
793	320	614	844	1056	1184	1267	1440	1484	1228	1324	985	844	614	358	0	
V3
0	1311	1299	1117	1094	1014	957	1162	1242	866	1311	889	1117	1185	1014	1413	
1311	0	535	991	1425	1732	1972	2348	2542	2166	2485	1915	1801	1470	969	570	
1299	535	0	535	1003	1379	1698	2143	2428	2166	2599	2086	2097	1858	1368	1094	
1117	991	535	0	467	866	1231	1698	2052	1892	2416	1995	2131	2006	1584	1504	
1094	1425	1003	467	0	433	832	1322	1732	1698	2291	1972	2200	2188	1835	1881	
1014	1732	1379	866	433	0	410	900	1345	1413	2029	1812	2131	2200	1926	2109	
957	1972	1698	1231	832	410	0	490	934	1071	1698	1607	1972	2143	1960	2257	
1162	2348	2143	1698	1322	900	490	0	501	866	1459	1539	1983	2245	2166	2565	
1242	2542	2428	2052	1732	1345	934	501	0	558	1037	1276	1755	2097	2143	2644	
866	2166	2166	1892	1698	1413	1071	866	558	0	627	718	1185	1550	1630	2188	
1311	2485	2599	2416	2291	2029	1698	1459	1037	627	0	615	1003	1470	1744	2359	
889	1915	2086	1995	1972	1812	1607	1539	1276	718	615	0	467	877	1128	1755	
1117	1801	2097	2131	2200	2131	1972	1983	1755	1185	1003	467	0	478	866	1504	
1185	1470	1858	2006	2188	2200	2143	2245	2097	1550	1470	877	478	0	501	1094	
1014	969	1368	1584	1835	1926	1960	2166	2143	1630	1744	1128	866	501	0	638	
1413	570	1094	1504	1881	2109	2257	2565	2644	2188	2359	1755	1504	1094	638	0	
V4
0	1725	1710	1470	1440	1335	1260	1530	1635	1140	1725	1170	1470	1560	1335	1860	
1725	0	705	1305	1875	2280	2595	3090	3345	2850	3270	2520	2370	1935	1275	750	
1710	705	0	705	1320	1815	2235	2820	3195	2850	3420	2745	2760	2445	1800	1440	
1470	1305	705	0	615	1140	1620	2235	2700	2490	3180	2625	2805	2640	2085	1980	
1440	1875	1320	615	0	570	1095	1740	2280	2235	3015	2595	2895	2880	2415	2475	
1335	2280	1815	1140	570	0	540	1185	1770	1860	2670	2385	2805	2895	2535	2775	
1260	2595	2235	1620	1095	540	0	645	1230	1410	2235	2115	2595	2820	2580	2970	
1530	3090	2820	2235	1740	1185	645	0	660	1140	1920	2025	2610	2955	2850	3375	
1635	3345	3195	2700	2280	1770	1230	660	0	735	1365	1680	2310	2760	2820	3480	
1140	2850	2850	2490	2235	1860	1410	1140	735	0	825	945	1560	2040	2145	2880	
1725	3270	3420	3180	3015	2670	2235	1920	1365	825	0	810	1320	1935	2295	3105	
1170	2520	2745	2625	2595	2385	2115	2025	1680	945	810	0	615	1155	1485	2310	
1470	2370	2760	2805	2895	2805	2595	2610	2310	1560	1320	615	0	630	1140	1980	
1560	1935	2445	2640	2880	2895	2820	2955	2760	2040	1935	1155	630	0	660	1440	
1335	1275	1800	2085	2415	2535	2580	2850	2820	2145	2295	1485	1140	660	0	840	
1860	750	1440	1980	2475	2775	2970	3375	3480	2880	3105	2310	1980	1440	840	0	
V5
0	1978	1960	1685	1651	1530	1444	1754	1874	1307	1978	1341	1685	1788	1530	2132	
1978	0	808	1496	2150	2614	2975	3543	3835	3268	3749	2889	2717	2218	1462	860	
1960	808	0	808	1513	2081	2562	3233	3663	3268	3921	3147	3164	2803	2064	1651	
1685	1496	808	0	705	1307	1857	2562	3096	2855	3646	3010	3216	3027	2390	2270	
1651	2150	1513	705	0	653	1255	1995	2614	2562	3457	2975	3319	3302	2769	2838	
1530	2614	2081	1307	653	0	619	1358	2029	2132	3061	2734	3216	3319	2906	3182	
1444	2975	2562	1857	1255	619	0	739	1410	1616	2562	2425	2975	3233	2958	3405	
1754	3543	3233	2562	1995	1358	739	0	756	1307	2201	2322	2992	3388	3268	3870	
1874	3835	3663	3096	2614	2029	1410	756	0	842	1565	1926	2648	3164	3233	3990	
1307	3268	3268	2855	2562	2132	1616	1307	842	0	946	1083	1788	2339	2459	3302	
1978	3749	3921	3646	3457	3061	2562	2201	1565	946	0	928	1513	2218	2631	3560	
1341	2889	3147	3010	2975	2734	2425	2322	1926	1083	928	0	705	1324	1702	2648	
1685	2717	3164	3216	3319	3216	2975	2992	2648	1788	1513	705	0	722	1307	2270	
1788	2218	2803	3027	3302	3319	3233	3388	3164	2339	2218	1324	722	0	756	1651	
1530	1462	2064	2390	2769	2906	2958	3268	3233	2459	2631	1702	1307	756	0	963	
2132	860	1651	2270	2838	3182	3405	3870	3990	3302	3560	2648	2270	1651	963	0	
V6
0	828	820	705	691	640	604	734	784	547	828	561	705	748	640	892	
828	0	338	626	900	1094	1245	1483	1605	1368	1569	1209	1137	928	612	360	
820	338	0	338	633	871	1072	1353	1533	1368	1641	1317	1324	1173	864	691	
705	626	338	0	295	547	777	1072	1296	1195	1526	1260	1346	1267	1000	950	
691	900	633	295	0	273	525	835	1094	1072	1447	1245	1389	1382	1159	1188	
640	1094	871	547	273	0	259	568	849	892	1281	1144	1346	1389	1216	1332	
604	1245	1072	777	525	259	0	309	590	676	1072	1015	1245	1353	1238	1425	
734	1483	1353	1072	835	568	309	0	316	547	921	972	1252	1418	1368	1620	
784	1605	1533	1296	1094	849	590	316	0	352	655	806	1108	1324	1353	1670	
547	1368	1368	1195	1072	892	676	547	352	0	396	453	748	979	1029	1382	
828	1569	1641	1526	1447	1281	1072	921	655	396	0	388	633	928	1101	1490	
561	1209	1317	1260	1245	1144	1015	972	806	453	388	0	295	554	712	1108	
705	1137	1324	1346	1389	1346	1245	1252	1108	748	633	295	0	302	547	950	
748	928	1173	1267	1382	1389	1353	1418	1324	979	928	554	302	0	316	691	
640	612	864	1000	1159	1216	1238	1368	1353	1029	1101	712	547	316	0	403	
892	360	691	950	1188	1332	1425	1620	1670	1382	1490	1108	950	691	403	0	
Velocidade_Veiculos
1	1	1	1	1	1	1	