M: 4
N: 10
Nun_Veiculos: 6
Capacidade_Total: 343
Demanda_Total: 166
Setup_Min: 1
Setup_Max: 9
Raio: 20
Circulos: 1
Tempo_Processamento_Min: 1
Tempo_Processamento_Max: 49
Demanda_Min: 10
Demanda_Max: 30
Priority_Factor: 0.2
Range_Factor_R: 0.8
U_factor: 2
ALpha: 0.2Replicao: 2
Tempos_Processamentos
0	0	1	0	2	0	3	0	
0	14	1	33	2	29	3	1	
0	30	1	5	2	11	3	11	
0	3	1	43	2	16	3	29	
0	37	1	24	2	15	3	48	
0	5	1	32	2	9	3	30	
0	42	1	40	2	36	3	32	
0	7	1	33	2	3	3	6	
0	5	1	43	2	38	3	25	
0	20	1	16	2	36	3	32	
0	2	1	49	2	22	3	12	

Tempos_setup
M0
0	0	0	0	0	0	0	0	0	0	0	
0	0	5	3	5	1	6	5	4	4	5	
0	5	0	5	3	3	1	4	2	3	3	
0	2	3	0	3	1	4	2	2	1	2	
0	6	6	4	0	5	5	6	5	5	5	
0	2	4	3	4	0	5	4	3	3	4	
0	4	2	4	2	2	0	3	1	2	2	
0	2	1	1	4	2	2	0	3	2	3	
0	3	1	3	1	1	2	2	0	1	2	
0	3	2	2	2	2	3	1	1	0	1	
0	2	2	3	3	3	3	2	2	1	0	
M1
0	0	0	0	0	0	0	0	0	0	0	
0	0	2	4	2	2	2	3	1	3	2	
0	1	0	3	3	3	3	2	2	2	3	
0	3	2	0	2	2	1	3	1	4	2	
0	3	2	5	0	5	2	4	2	3	1	
0	3	2	5	2	0	2	3	1	4	2	
0	2	1	4	4	4	0	3	3	3	4	
0	1	2	3	3	3	2	0	2	3	1	
0	3	2	5	1	4	1	2	0	3	1	
0	4	3	3	5	3	2	4	4	0	5	
0	2	1	4	2	4	2	3	1	2	0	
M2
0	0	0	0	0	0	0	0	0	0	0	
0	0	3	2	1	3	2	2	1	3	3	
0	5	0	4	1	2	1	3	2	1	2	
0	1	4	0	2	2	3	3	2	4	4	
0	5	7	5	0	3	4	4	3	2	5	
0	4	6	3	5	0	3	5	4	7	6	
0	5	3	4	4	1	0	2	5	4	5	
0	5	3	4	4	4	4	0	5	3	5	
0	3	4	2	4	2	1	1	0	4	2	
0	5	7	4	3	1	4	6	5	0	4	
0	6	6	5	3	2	5	7	6	5	0	
M3
0	0	0	0	0	0	0	0	0	0	0	
0	0	5	3	1	2	4	2	1	2	4	
0	4	0	5	5	3	5	3	5	6	6	
0	2	5	0	3	4	3	2	3	1	4	
0	2	4	2	0	3	3	1	3	3	4	
0	2	4	2	3	0	5	4	3	3	3	
0	4	4	4	2	5	0	1	5	5	5	
0	6	3	6	4	5	7	0	7	6	4	
0	4	5	2	3	4	5	2	0	3	3	
0	2	4	4	2	4	5	1	3	0	3	
0	3	2	5	3	5	6	3	3	2	0	
Tamanho_Tarefas
0	19	7	12	26	11	32	4	17	23	15	
Data_Entrega
0	43	46	41	50	50	46	47	44	53	39	
Penalidade_Atraso
0	15	1	8	18	13	10	3	9	11	10	
Capacidade_Veiculo
35	38	76	62	38	94	
Custo_Fixo_Veiculo
350	380	760	620	380	940	
Coordenadas_Clientes
x	0	y	0
x	24	y	0
x	14	y	10
x	5	y	17
x	-5	y	15
x	-13	y	10
x	-20	y	0
x	-17	y	-13
x	-5	y	-17
x	4	y	-14
x	14	y	-10
Tempo_Viagem
0	24	17	17	15	16	20	21	17	14	17	
24	0	14	25	32	38	44	43	33	24	14	
17	14	0	11	19	27	35	38	33	26	20	
17	25	11	0	10	19	30	37	34	31	28	
15	32	19	10	0	9	21	30	32	29	31	
16	38	27	19	9	0	12	23	28	29	33	
20	44	35	30	21	12	0	13	22	27	35	
21	43	38	37	30	23	13	0	12	21	31	
17	33	33	34	32	28	22	12	0	9	19	
14	24	26	31	29	29	27	21	9	0	10	
17	14	20	28	31	33	35	31	19	10	0	
Custo_Viagem
V0
0	168	119	119	105	112	140	147	119	98	119	
168	0	98	175	224	266	308	301	231	168	98	
119	98	0	77	133	189	245	266	231	182	140	
119	175	77	0	70	133	210	259	245	217	196	
105	224	133	70	0	63	147	210	224	210	217	
112	266	189	133	63	0	84	161	196	203	231	
140	308	245	210	147	84	0	91	154	189	245	
147	301	266	259	210	161	91	0	84	147	217	
119	231	231	245	224	196	154	84	0	63	140	
98	168	182	217	210	203	189	147	63	0	70	
119	98	140	196	217	231	245	217	140	70	0	
V1
0	182	129	129	114	121	152	159	129	106	129	
182	0	106	190	243	288	334	326	250	182	106	
129	106	0	83	144	205	266	288	250	197	152	
129	190	83	0	76	144	228	281	266	235	212	
114	243	144	76	0	68	159	228	243	228	235	
121	288	205	144	68	0	91	174	212	220	250	
152	334	266	228	159	91	0	98	167	205	266	
159	326	288	281	228	174	98	0	91	159	235	
129	250	250	266	243	212	167	91	0	68	152	
106	182	197	235	228	220	205	159	68	0	76	
129	106	152	212	235	250	266	235	152	76	0	
V2
0	364	258	258	228	243	304	319	258	212	258	
364	0	212	380	486	577	668	653	501	364	212	
258	212	0	167	288	410	532	577	501	395	304	
258	380	167	0	152	288	456	562	532	471	425	
228	486	288	152	0	136	319	456	486	456	471	
243	577	410	288	136	0	182	349	425	440	501	
304	668	532	456	319	182	0	197	334	410	532	
319	653	577	562	456	349	197	0	182	319	471	
258	501	501	532	486	425	334	182	0	136	304	
212	364	395	471	456	440	410	319	136	0	152	
258	212	304	425	471	501	532	471	304	152	0	
V3
0	297	210	210	186	198	248	260	210	173	210	
297	0	173	310	396	471	545	533	409	297	173	
210	173	0	136	235	334	434	471	409	322	248	
210	310	136	0	124	235	372	458	434	384	347	
186	396	235	124	0	111	260	372	396	372	384	
198	471	334	235	111	0	148	285	347	359	409	
248	545	434	372	260	148	0	161	272	334	434	
260	533	471	458	372	285	161	0	148	260	384	
210	409	409	434	396	347	272	148	0	111	248	
173	297	322	384	372	359	334	260	111	0	124	
210	173	248	347	384	409	434	384	248	124	0	
V4
0	182	129	129	114	121	152	159	129	106	129	
182	0	106	190	243	288	334	326	250	182	106	
129	106	0	83	144	205	266	288	250	197	152	
129	190	83	0	76	144	228	281	266	235	212	
114	243	144	76	0	68	159	228	243	228	235	
121	288	205	144	68	0	91	174	212	220	250	
152	334	266	228	159	91	0	98	167	205	266	
159	326	288	281	228	174	98	0	91	159	235	
129	250	250	266	243	212	167	91	0	68	152	
106	182	197	235	228	220	205	159	68	0	76	
129	106	152	212	235	250	266	235	152	76	0	
V5
0	451	319	319	282	300	376	394	319	263	319	
451	0	263	470	601	714	827	808	620	451	263	
319	263	0	206	357	507	658	714	620	488	376	
319	470	206	0	188	357	564	695	658	582	526	
282	601	357	188	0	169	394	564	601	564	582	
300	714	507	357	169	0	225	432	526	545	620	
376	827	658	564	394	225	0	244	413	507	658	
394	808	714	695	564	432	244	0	225	394	582	
319	620	620	658	601	526	413	225	0	169	376	
263	451	488	582	564	545	507	394	169	0	188	
319	263	376	526	582	620	658	582	376	188	0	
Velocidade_Veiculos
1	1	1	1	1	1	