M: 2
N: 30
Nun_Veiculos: 12
Capacidade_Total: 848
Demanda_Total: 556
Setup_Min: 1
Setup_Max: 9
Raio: 20
Circulos: 1
Tempo_Processamento_Min: 1
Tempo_Processamento_Max: 49
Demanda_Min: 10
Demanda_Max: 30
Priority_Factor: 0.2
Range_Factor_R: 0.8
U_factor: 2
ALpha: 0.2Replicao: 0
Tempos_Processamentos
0	0	1	0	
0	47	1	36	
0	42	1	13	
0	16	1	19	
0	34	1	29	
0	5	1	26	
0	23	1	7	
0	15	1	30	
0	30	1	13	
0	26	1	38	
0	27	1	18	
0	16	1	28	
0	5	1	28	
0	26	1	25	
0	26	1	4	
0	42	1	17	
0	36	1	5	
0	6	1	2	
0	40	1	21	
0	3	1	11	
0	27	1	32	
0	37	1	8	
0	27	1	44	
0	40	1	1	
0	17	1	33	
0	21	1	11	
0	14	1	21	
0	29	1	4	
0	11	1	35	
0	45	1	17	
0	32	1	49	

Tempos_setup
M0
0	0	0	0	0	0	0	0	0	0	0	0	0	0	0	0	0	0	0	0	0	0	0	0	0	0	0	0	0	0	0	
0	0	2	4	1	2	2	3	2	3	4	3	2	3	3	1	3	3	4	3	3	2	2	3	2	2	2	4	4	4	2	
0	3	0	3	3	3	1	3	2	4	2	3	2	3	1	2	1	2	3	2	2	3	2	3	2	3	4	2	2	4	3	
0	3	2	0	2	2	2	4	3	1	2	4	2	3	3	3	2	1	4	2	2	3	3	3	4	2	2	3	2	1	3	
0	2	1	3	0	3	2	2	1	2	3	2	1	2	2	3	2	2	3	3	2	1	1	2	2	1	1	3	3	3	1	
0	3	2	3	2	0	3	2	2	4	3	3	3	3	1	1	3	3	3	3	2	3	2	3	2	3	1	2	4	4	3	
0	2	3	3	2	2	0	2	2	4	3	3	1	2	1	1	3	3	3	1	2	3	2	3	2	3	3	2	3	3	2	
0	4	3	4	3	1	3	0	3	3	1	3	2	3	2	2	4	4	3	4	3	2	3	4	3	2	2	3	4	3	4	
0	1	1	2	2	3	2	3	0	3	2	1	3	2	2	2	1	1	4	2	3	2	1	3	1	2	3	3	2	3	3	
0	2	1	4	1	3	2	3	2	0	3	3	1	2	2	3	2	3	4	3	2	2	2	3	3	2	2	3	2	2	2	
0	3	3	3	2	2	3	4	3	4	0	3	1	2	3	1	3	4	2	3	2	1	2	3	2	3	3	3	4	3	3	
0	3	3	2	3	3	2	4	3	2	4	0	3	3	3	3	4	1	4	2	2	4	3	3	4	2	4	4	2	3	3	
0	2	2	4	1	2	2	3	2	3	3	3	0	3	2	3	2	3	3	2	1	2	1	2	3	2	2	3	3	4	2	
0	3	2	4	1	3	3	2	2	2	3	3	2	0	2	3	3	3	4	4	2	2	1	3	3	2	2	3	4	1	2	
0	2	2	2	3	2	2	3	1	3	3	2	3	2	0	2	2	2	2	2	1	3	2	2	1	3	3	1	3	3	2	
0	2	2	4	1	1	3	3	2	3	4	2	2	2	2	0	3	3	4	2	3	2	1	3	1	2	2	3	4	3	2	
0	3	3	2	3	2	2	4	3	3	1	3	2	3	2	2	0	1	3	3	3	2	1	4	3	2	3	2	2	3	3	
0	3	3	1	3	3	1	3	3	2	3	4	2	2	2	2	3	0	3	2	3	4	2	3	3	1	3	3	1	2	2	
0	3	3	3	3	2	4	4	2	4	3	3	2	2	3	3	3	3	0	4	3	1	3	4	3	4	3	4	4	3	4	
0	2	2	3	2	3	3	3	1	3	3	2	2	1	1	3	2	2	3	0	2	3	2	3	2	3	3	2	3	2	3	
0	1	1	3	2	3	2	3	3	3	3	4	2	3	2	2	2	3	2	3	0	3	3	1	3	3	2	3	3	4	3	
0	3	3	2	2	3	3	3	2	3	2	3	1	1	3	3	3	3	4	3	2	0	2	3	3	3	3	4	4	2	3	
0	3	3	3	4	2	3	4	2	3	4	3	3	3	1	3	3	2	3	3	2	2	0	3	2	3	3	2	3	4	3	
0	4	4	3	3	3	4	2	3	4	3	4	3	2	4	2	4	3	1	4	4	2	3	0	3	3	1	5	4	3	4	
0	1	1	3	2	2	2	2	3	3	3	3	3	1	2	1	2	2	3	3	3	3	2	2	0	3	3	3	3	2	3	
0	2	2	2	2	3	1	3	2	1	4	3	2	1	2	2	3	3	2	2	3	3	2	4	3	0	3	3	2	2	3	
0	3	3	3	3	3	3	2	2	4	2	3	2	3	3	2	3	2	4	3	3	3	2	4	2	3	0	4	3	4	4	
0	1	3	3	2	1	1	3	2	3	3	1	2	2	2	2	3	2	3	1	3	3	1	2	3	3	2	0	3	3	3	
0	3	3	2	2	3	3	4	2	3	4	3	3	3	1	3	3	3	3	3	2	3	3	3	2	3	3	2	0	3	3	
0	3	3	4	2	3	3	4	2	4	4	3	2	4	3	2	3	3	5	4	3	3	2	4	3	3	3	4	4	0	3	
0	3	3	5	4	2	4	1	4	4	2	4	3	3	3	3	4	4	3	5	4	3	4	2	2	3	3	4	5	4	0	
M1
0	0	0	0	0	0	0	0	0	0	0	0	0	0	0	0	0	0	0	0	0	0	0	0	0	0	0	0	0	0	0	
0	0	2	3	2	4	3	3	2	3	2	3	3	3	3	4	2	2	3	3	2	2	3	3	3	1	1	2	3	1	3	
0	3	0	3	2	4	3	2	3	1	2	3	2	3	2	2	2	3	2	3	1	3	3	4	3	4	3	3	1	2	3	
0	3	3	0	3	1	3	2	3	3	3	2	4	3	2	2	2	3	4	3	4	4	3	4	4	4	3	3	1	2	3	
0	1	2	3	0	4	3	3	1	2	3	2	3	4	3	3	3	3	4	3	3	3	2	4	2	2	2	3	2	2	3	
0	3	3	3	3	0	2	1	3	3	4	3	4	2	2	2	2	3	4	3	3	4	3	3	4	3	3	3	1	3	3	
0	2	2	3	3	4	0	2	2	3	2	2	2	3	3	3	2	1	2	2	2	3	3	3	2	1	3	1	2	1	3	
0	3	2	3	3	3	1	0	3	3	3	3	3	3	2	2	2	2	3	3	2	4	3	4	3	2	3	2	1	2	3	
0	3	3	4	2	4	3	4	0	1	2	2	2	3	4	4	2	3	3	2	2	3	3	4	1	4	3	4	3	2	3	
0	2	2	4	1	4	2	3	2	0	1	2	1	3	4	4	2	2	2	3	1	2	3	3	3	3	3	3	3	1	4	
0	3	1	3	3	4	1	3	3	2	0	3	3	4	3	3	3	2	3	3	2	3	4	3	3	2	4	2	2	2	4	
0	1	2	2	3	2	2	3	3	2	3	0	2	3	3	2	3	3	3	3	2	2	1	2	3	2	1	2	3	2	2	
0	2	2	4	3	5	1	2	3	3	2	3	0	3	4	4	2	2	2	2	3	1	3	2	3	2	3	2	3	1	4	
0	1	2	2	2	3	3	2	3	3	2	2	3	0	2	1	2	2	3	3	2	2	3	3	2	2	2	2	3	1	1	
0	3	3	2	2	3	3	4	3	1	2	3	2	4	0	4	3	3	3	3	2	3	3	4	4	3	4	4	3	2	4	
0	2	3	1	1	2	3	2	2	3	3	3	4	4	3	0	2	3	3	3	2	2	3	4	3	2	1	3	2	3	4	
0	2	2	2	3	3	2	3	4	2	3	3	2	3	3	2	0	3	3	3	3	2	1	4	3	3	3	3	2	3	2	
0	1	3	3	2	3	2	1	3	2	2	2	1	3	3	3	2	0	1	2	2	2	3	3	1	2	2	3	2	2	4	
0	2	3	4	1	4	3	2	2	1	2	2	2	3	4	4	3	3	0	2	2	1	3	4	1	3	3	3	3	2	4	
0	2	3	3	3	4	4	3	3	4	3	2	4	1	3	2	3	3	3	0	2	3	3	4	3	2	3	3	4	2	2	
0	2	1	3	1	4	3	3	2	2	2	3	3	3	3	3	2	2	1	3	0	2	3	3	2	3	3	3	2	1	4	
0	3	3	3	2	4	2	1	3	2	3	3	3	4	3	3	3	2	1	3	3	0	4	3	2	3	4	3	2	3	4	
0	1	1	1	2	2	1	2	3	1	2	2	1	2	2	1	3	2	3	3	2	2	0	3	2	2	2	2	2	2	1	
0	3	2	2	2	3	4	3	3	2	3	3	3	3	3	4	2	4	1	2	3	2	3	0	2	4	4	4	3	3	4	
0	2	3	3	1	3	3	4	2	3	4	1	3	2	4	3	4	3	3	1	2	3	2	3	0	3	2	3	3	3	3	
0	2	2	2	2	3	2	3	1	2	3	2	2	3	2	3	3	3	2	2	1	3	3	2	2	0	3	1	2	2	2	
0	3	3	3	3	4	3	2	2	3	3	3	3	3	3	4	3	3	2	2	2	1	4	3	3	1	0	2	3	3	3	
0	2	3	2	2	3	1	2	3	3	3	1	1	2	2	2	2	2	3	1	3	2	2	3	3	2	2	0	1	2	3	
0	3	3	2	2	3	2	1	2	2	3	2	3	2	1	1	1	3	4	2	3	3	2	4	3	3	2	3	0	3	2	
0	2	1	3	3	4	2	2	4	2	1	2	2	2	3	3	1	1	2	3	2	3	2	2	2	3	3	3	2	0	3	
0	2	2	1	2	2	2	1	2	2	3	1	3	1	1	2	3	3	2	2	1	1	2	3	1	1	2	2	2	2	0	
Tamanho_Tarefas
0	38	15	16	31	9	8	22	17	29	21	22	6	25	9	24	10	3	29	3	28	9	32	20	21	11	17	7	23	18	33	
Data_Entrega
0	274	234	149	273	165	159	195	192	252	286	169	233	190	188	130	208	236	249	178	140	212	182	278	237	264	209	252	196	121	170	
Penalidade_Atraso
0	5	4	13	16	6	9	8	14	20	8	16	11	16	16	12	11	5	1	16	3	13	5	6	14	14	9	15	5	2	12	
Capacidade_Veiculo
85	53	59	71	60	51	76	40	99	41	105	108	
Custo_Fixo_Veiculo
850	530	590	710	600	510	760	400	990	410	1050	1080	
Coordenadas_Clientes
x	0	y	0
x	18	y	0
x	17	y	3
x	17	y	7
x	18	y	13
x	13	y	14
x	11	y	20
x	4	y	14
x	2	y	20
x	-2	y	20
x	-7	y	21
x	-8	y	14
x	-16	y	18
x	-12	y	8
x	-21	y	9
x	-14	y	3
x	-19	y	0
x	-18	y	-3
x	-17	y	-7
x	-14	y	-10
x	-12	y	-13
x	-10	y	-17
x	-7	y	-22
x	-2	y	-24
x	1	y	-16
x	6	y	-19
x	9	y	-15
x	13	y	-14
x	13	y	-9
x	20	y	-9
x	18	y	-3
Tempo_Viagem
0	18	17	18	22	19	22	14	20	20	22	16	24	14	22	14	19	18	18	17	17	19	23	24	16	19	17	19	15	21	18	
18	0	3	7	13	14	20	19	25	27	32	29	37	31	40	32	37	36	35	33	32	32	33	31	23	22	17	14	10	9	3	
17	3	0	4	10	11	17	17	22	25	30	27	35	29	38	31	36	35	35	33	33	33	34	32	24	24	19	17	12	12	6	
18	7	4	0	6	8	14	14	19	22	27	25	33	29	38	31	36	36	36	35	35	36	37	36	28	28	23	21	16	16	10	
22	13	10	6	0	5	9	14	17	21	26	26	34	30	39	33	38	39	40	39	39	41	43	41	33	34	29	27	22	22	16	
19	14	11	8	5	0	6	9	12	16	21	21	29	25	34	29	34	35	36	36	36	38	41	40	32	33	29	28	23	23	17	
22	20	17	14	9	6	0	9	9	13	18	19	27	25	32	30	35	36	38	39	39	41	45	45	37	39	35	34	29	29	23	
14	19	17	14	14	9	9	0	6	8	13	12	20	17	25	21	26	27	29	30	31	33	37	38	30	33	29	29	24	28	22	
20	25	22	19	17	12	9	6	0	4	9	11	18	18	24	23	28	30	33	34	35	38	42	44	36	39	35	35	30	34	28	
20	27	25	22	21	16	13	8	4	0	5	8	14	15	21	20	25	27	30	32	34	37	42	44	36	39	36	37	32	36	30	
22	32	30	27	26	21	18	13	9	5	0	7	9	13	18	18	23	25	28	31	34	38	43	45	37	41	39	40	36	40	34	
16	29	27	25	26	21	19	12	11	8	7	0	8	7	13	12	17	19	22	24	27	31	36	38	31	35	33	35	31	36	31	
24	37	35	33	34	29	27	20	18	14	9	8	0	10	10	15	18	21	25	28	31	35	40	43	37	42	41	43	39	44	39	
14	31	29	29	30	25	25	17	18	15	13	7	10	0	9	5	10	12	15	18	21	25	30	33	27	32	31	33	29	35	31	
22	40	38	38	39	34	32	25	24	21	18	13	10	9	0	9	9	12	16	20	23	27	32	37	33	38	38	40	37	43	40	
14	32	31	31	33	29	30	21	23	20	18	12	15	5	9	0	5	7	10	13	16	20	25	29	24	29	29	31	29	35	32	
19	37	36	36	38	34	35	26	28	25	23	17	18	10	9	5	0	3	7	11	14	18	23	28	25	30	31	34	33	40	37	
18	36	35	36	39	35	36	27	30	27	25	19	21	12	12	7	3	0	4	8	11	15	20	25	23	28	29	32	31	38	36	
18	35	35	36	40	36	38	29	33	30	28	22	25	15	16	10	7	4	0	4	7	11	16	21	20	25	27	30	30	37	35	
17	33	33	35	39	36	39	30	34	32	31	24	28	18	20	13	11	8	4	0	3	7	12	17	16	21	23	27	27	34	32	
17	32	33	35	39	36	39	31	35	34	34	27	31	21	23	16	14	11	7	3	0	4	9	14	13	18	21	25	25	32	31	
19	32	33	36	41	38	41	33	38	37	38	31	35	25	27	20	18	15	11	7	4	0	5	10	11	16	19	23	24	31	31	
23	33	34	37	43	41	45	37	42	42	43	36	40	30	32	25	23	20	16	12	9	5	0	5	10	13	17	21	23	29	30	
24	31	32	36	41	40	45	38	44	44	45	38	43	33	37	29	28	25	21	17	14	10	5	0	8	9	14	17	21	25	28	
16	23	24	28	33	32	37	30	36	36	37	31	37	27	33	24	25	23	20	16	13	11	10	8	0	5	8	12	13	20	20	
19	22	24	28	34	33	39	33	39	39	41	35	42	32	38	29	30	28	25	21	18	16	13	9	5	0	5	8	12	16	19	
17	17	19	23	29	29	35	29	35	36	39	33	41	31	38	29	31	29	27	23	21	19	17	14	8	5	0	4	7	12	14	
19	14	17	21	27	28	34	29	35	37	40	35	43	33	40	31	34	32	30	27	25	23	21	17	12	8	4	0	5	8	12	
15	10	12	16	22	23	29	24	30	32	36	31	39	29	37	29	33	31	30	27	25	24	23	21	13	12	7	5	0	7	7	
21	9	12	16	22	23	29	28	34	36	40	36	44	35	43	35	40	38	37	34	32	31	29	25	20	16	12	8	7	0	6	
18	3	6	10	16	17	23	22	28	30	34	31	39	31	40	32	37	36	35	32	31	31	30	28	20	19	14	12	7	6	0	
Custo_Viagem
V0
0	306	289	306	374	323	374	238	340	340	374	272	408	238	374	238	323	306	306	289	289	323	391	408	272	323	289	323	255	357	306	
306	0	51	119	221	238	357	323	425	476	544	493	646	527	680	544	629	612	595	561	544	544	561	527	391	374	289	238	170	153	51	
289	51	0	68	170	187	306	289	374	425	510	459	612	493	646	527	612	595	595	561	561	561	578	561	408	408	323	289	204	204	102	
306	119	68	0	102	136	238	238	323	391	459	425	578	493	646	527	612	612	612	595	595	612	629	612	476	476	391	357	272	272	170	
374	221	170	102	0	85	153	238	289	357	442	442	578	510	663	561	663	663	680	663	663	697	731	714	561	578	493	459	374	374	272	
323	238	187	136	85	0	102	153	204	272	357	357	493	425	578	493	578	595	612	612	612	646	697	680	544	561	493	476	391	408	289	
374	357	306	238	153	102	0	153	153	221	306	323	459	425	561	510	612	629	646	663	680	714	765	765	629	663	595	578	493	510	408	
238	323	289	238	238	153	153	0	102	136	221	204	340	289	425	357	442	459	493	510	527	578	629	646	510	561	493	493	408	476	374	
340	425	374	323	289	204	153	102	0	68	153	187	306	306	425	391	493	510	561	578	595	646	714	748	612	663	595	595	527	578	476	
340	476	425	391	357	272	221	136	68	0	85	136	238	255	357	340	442	476	510	544	578	629	714	748	612	663	612	629	544	612	510	
374	544	510	459	442	357	306	221	153	85	0	119	153	221	306	323	408	442	493	527	578	646	731	765	629	714	663	680	612	680	578	
272	493	459	425	442	357	323	204	187	136	119	0	136	119	221	204	289	323	374	408	459	527	612	646	527	595	561	595	527	612	527	
408	646	612	578	578	493	459	340	306	238	153	136	0	170	170	255	306	357	425	476	527	595	697	748	646	731	697	731	663	765	663	
238	527	493	493	510	425	425	289	306	255	221	119	170	0	153	85	170	204	255	306	357	425	510	561	459	544	527	561	510	612	527	
374	680	646	646	663	578	561	425	425	357	306	221	170	153	0	153	153	204	272	340	391	476	578	646	561	646	646	697	646	748	680	
238	544	527	527	561	493	510	357	391	340	323	204	255	85	153	0	85	119	170	221	272	340	425	493	408	493	493	527	493	612	544	
323	629	612	612	663	578	612	442	493	442	408	289	306	170	153	85	0	51	119	187	238	323	425	493	425	527	527	578	561	680	629	
306	612	595	612	663	595	629	459	510	476	442	323	357	204	204	119	51	0	68	136	187	272	357	442	391	476	493	544	527	646	612	
306	595	595	612	680	612	646	493	561	510	493	374	425	255	272	170	119	68	0	68	119	204	306	374	340	425	459	510	510	629	595	
289	561	561	595	663	612	663	510	578	544	527	408	476	306	340	221	187	136	68	0	51	136	221	306	272	357	391	459	459	578	544	
289	544	561	595	663	612	680	527	595	578	578	459	527	357	391	272	238	187	119	51	0	68	170	238	221	306	357	425	425	544	527	
323	544	561	612	697	646	714	578	646	629	646	527	595	425	476	340	323	272	204	136	68	0	85	170	187	272	323	391	408	527	527	
391	561	578	629	731	697	765	629	714	714	731	612	697	510	578	425	425	357	306	221	170	85	0	85	170	221	289	357	391	493	527	
408	527	561	612	714	680	765	646	748	748	765	646	748	561	646	493	493	442	374	306	238	170	85	0	136	153	238	306	357	442	493	
272	391	408	476	561	544	629	510	612	612	629	527	646	459	561	408	425	391	340	272	221	187	170	136	0	85	136	204	221	340	357	
323	374	408	476	578	561	663	561	663	663	714	595	731	544	646	493	527	476	425	357	306	272	221	153	85	0	85	136	204	289	340	
289	289	323	391	493	493	595	493	595	612	663	561	697	527	646	493	527	493	459	391	357	323	289	238	136	85	0	68	119	204	255	
323	238	289	357	459	476	578	493	595	629	680	595	731	561	697	527	578	544	510	459	425	391	357	306	204	136	68	0	85	136	204	
255	170	204	272	374	391	493	408	527	544	612	527	663	510	646	493	561	527	510	459	425	408	391	357	221	204	119	85	0	119	119	
357	153	204	272	374	408	510	476	578	612	680	612	765	612	748	612	680	646	629	578	544	527	493	442	340	289	204	136	119	0	102	
306	51	102	170	272	289	408	374	476	510	578	527	663	527	680	544	629	612	595	544	527	527	527	493	357	340	255	204	119	102	0	
V1
0	190	180	190	233	201	233	148	212	212	233	169	254	148	233	148	201	190	190	180	180	201	243	254	169	201	180	201	159	222	190	
190	0	31	74	137	148	222	201	265	296	339	307	402	328	424	339	392	381	371	349	339	339	349	328	243	233	180	148	106	95	31	
180	31	0	42	106	116	190	180	233	265	318	286	381	307	402	328	381	371	371	349	349	349	360	349	254	254	201	180	127	127	63	
190	74	42	0	63	84	148	148	201	243	286	265	360	307	402	328	381	381	381	371	371	381	392	381	296	296	243	222	169	169	106	
233	137	106	63	0	53	95	148	180	222	275	275	360	318	413	349	413	413	424	413	413	434	455	445	349	360	307	286	233	233	169	
201	148	116	84	53	0	63	95	127	169	222	222	307	265	360	307	360	371	381	381	381	402	434	424	339	349	307	296	243	254	180	
233	222	190	148	95	63	0	95	95	137	190	201	286	265	349	318	381	392	402	413	424	445	477	477	392	413	371	360	307	318	254	
148	201	180	148	148	95	95	0	63	84	137	127	212	180	265	222	275	286	307	318	328	360	392	402	318	349	307	307	254	296	233	
212	265	233	201	180	127	95	63	0	42	95	116	190	190	265	243	307	318	349	360	371	402	445	466	381	413	371	371	328	360	296	
212	296	265	243	222	169	137	84	42	0	53	84	148	159	222	212	275	296	318	339	360	392	445	466	381	413	381	392	339	381	318	
233	339	318	286	275	222	190	137	95	53	0	74	95	137	190	201	254	275	307	328	360	402	455	477	392	445	413	424	381	424	360	
169	307	286	265	275	222	201	127	116	84	74	0	84	74	137	127	180	201	233	254	286	328	381	402	328	371	349	371	328	381	328	
254	402	381	360	360	307	286	212	190	148	95	84	0	106	106	159	190	222	265	296	328	371	434	466	402	455	434	455	413	477	413	
148	328	307	307	318	265	265	180	190	159	137	74	106	0	95	53	106	127	159	190	222	265	318	349	286	339	328	349	318	381	328	
233	424	402	402	413	360	349	265	265	222	190	137	106	95	0	95	95	127	169	212	243	296	360	402	349	402	402	434	402	466	424	
148	339	328	328	349	307	318	222	243	212	201	127	159	53	95	0	53	74	106	137	169	212	265	307	254	307	307	328	307	381	339	
201	392	381	381	413	360	381	275	307	275	254	180	190	106	95	53	0	31	74	116	148	201	265	307	265	328	328	360	349	424	392	
190	381	371	381	413	371	392	286	318	296	275	201	222	127	127	74	31	0	42	84	116	169	222	275	243	296	307	339	328	402	381	
190	371	371	381	424	381	402	307	349	318	307	233	265	159	169	106	74	42	0	42	74	127	190	233	212	265	286	318	318	392	371	
180	349	349	371	413	381	413	318	360	339	328	254	296	190	212	137	116	84	42	0	31	84	137	190	169	222	243	286	286	360	339	
180	339	349	371	413	381	424	328	371	360	360	286	328	222	243	169	148	116	74	31	0	42	106	148	137	190	222	265	265	339	328	
201	339	349	381	434	402	445	360	402	392	402	328	371	265	296	212	201	169	127	84	42	0	53	106	116	169	201	243	254	328	328	
243	349	360	392	455	434	477	392	445	445	455	381	434	318	360	265	265	222	190	137	106	53	0	53	106	137	180	222	243	307	328	
254	328	349	381	445	424	477	402	466	466	477	402	466	349	402	307	307	275	233	190	148	106	53	0	84	95	148	190	222	275	307	
169	243	254	296	349	339	392	318	381	381	392	328	402	286	349	254	265	243	212	169	137	116	106	84	0	53	84	127	137	212	222	
201	233	254	296	360	349	413	349	413	413	445	371	455	339	402	307	328	296	265	222	190	169	137	95	53	0	53	84	127	180	212	
180	180	201	243	307	307	371	307	371	381	413	349	434	328	402	307	328	307	286	243	222	201	180	148	84	53	0	42	74	127	159	
201	148	180	222	286	296	360	307	371	392	424	371	455	349	434	328	360	339	318	286	265	243	222	190	127	84	42	0	53	84	127	
159	106	127	169	233	243	307	254	328	339	381	328	413	318	402	307	349	328	318	286	265	254	243	222	137	127	74	53	0	74	74	
222	95	127	169	233	254	318	296	360	381	424	381	477	381	466	381	424	402	392	360	339	328	307	275	212	180	127	84	74	0	63	
190	31	63	106	169	180	254	233	296	318	360	328	413	328	424	339	392	381	371	339	328	328	328	307	222	212	159	127	74	63	0	
V2
0	212	200	212	259	224	259	165	236	236	259	188	283	165	259	165	224	212	212	200	200	224	271	283	188	224	200	224	177	247	212	
212	0	35	82	153	165	247	224	295	330	377	342	448	365	472	377	436	424	413	389	377	377	389	365	271	259	200	165	118	106	35	
200	35	0	47	118	129	212	200	259	295	354	318	424	342	448	365	424	413	413	389	389	389	401	389	283	283	224	200	141	141	70	
212	82	47	0	70	94	165	165	224	271	318	295	401	342	448	365	424	424	424	413	413	424	436	424	330	330	271	247	188	188	118	
259	153	118	70	0	59	106	165	200	247	306	306	401	354	460	389	460	460	472	460	460	483	507	495	389	401	342	318	259	259	188	
224	165	129	94	59	0	70	106	141	188	247	247	342	295	401	342	401	413	424	424	424	448	483	472	377	389	342	330	271	283	200	
259	247	212	165	106	70	0	106	106	153	212	224	318	295	389	354	424	436	448	460	472	495	531	531	436	460	413	401	342	354	283	
165	224	200	165	165	106	106	0	70	94	153	141	236	200	295	247	306	318	342	354	365	401	436	448	354	389	342	342	283	330	259	
236	295	259	224	200	141	106	70	0	47	106	129	212	212	295	271	342	354	389	401	413	448	495	519	424	460	413	413	365	401	330	
236	330	295	271	247	188	153	94	47	0	59	94	165	177	247	236	306	330	354	377	401	436	495	519	424	460	424	436	377	424	354	
259	377	354	318	306	247	212	153	106	59	0	82	106	153	212	224	283	306	342	365	401	448	507	531	436	495	460	472	424	472	401	
188	342	318	295	306	247	224	141	129	94	82	0	94	82	153	141	200	224	259	283	318	365	424	448	365	413	389	413	365	424	365	
283	448	424	401	401	342	318	236	212	165	106	94	0	118	118	177	212	247	295	330	365	413	483	519	448	507	483	507	460	531	460	
165	365	342	342	354	295	295	200	212	177	153	82	118	0	106	59	118	141	177	212	247	295	354	389	318	377	365	389	354	424	365	
259	472	448	448	460	401	389	295	295	247	212	153	118	106	0	106	106	141	188	236	271	330	401	448	389	448	448	483	448	519	472	
165	377	365	365	389	342	354	247	271	236	224	141	177	59	106	0	59	82	118	153	188	236	295	342	283	342	342	365	342	424	377	
224	436	424	424	460	401	424	306	342	306	283	200	212	118	106	59	0	35	82	129	165	224	295	342	295	365	365	401	389	472	436	
212	424	413	424	460	413	436	318	354	330	306	224	247	141	141	82	35	0	47	94	129	188	247	306	271	330	342	377	365	448	424	
212	413	413	424	472	424	448	342	389	354	342	259	295	177	188	118	82	47	0	47	82	141	212	259	236	295	318	354	354	436	413	
200	389	389	413	460	424	460	354	401	377	365	283	330	212	236	153	129	94	47	0	35	94	153	212	188	247	271	318	318	401	377	
200	377	389	413	460	424	472	365	413	401	401	318	365	247	271	188	165	129	82	35	0	47	118	165	153	212	247	295	295	377	365	
224	377	389	424	483	448	495	401	448	436	448	365	413	295	330	236	224	188	141	94	47	0	59	118	129	188	224	271	283	365	365	
271	389	401	436	507	483	531	436	495	495	507	424	483	354	401	295	295	247	212	153	118	59	0	59	118	153	200	247	271	342	365	
283	365	389	424	495	472	531	448	519	519	531	448	519	389	448	342	342	306	259	212	165	118	59	0	94	106	165	212	247	306	342	
188	271	283	330	389	377	436	354	424	424	436	365	448	318	389	283	295	271	236	188	153	129	118	94	0	59	94	141	153	236	247	
224	259	283	330	401	389	460	389	460	460	495	413	507	377	448	342	365	330	295	247	212	188	153	106	59	0	59	94	141	200	236	
200	200	224	271	342	342	413	342	413	424	460	389	483	365	448	342	365	342	318	271	247	224	200	165	94	59	0	47	82	141	177	
224	165	200	247	318	330	401	342	413	436	472	413	507	389	483	365	401	377	354	318	295	271	247	212	141	94	47	0	59	94	141	
177	118	141	188	259	271	342	283	365	377	424	365	460	354	448	342	389	365	354	318	295	283	271	247	153	141	82	59	0	82	82	
247	106	141	188	259	283	354	330	401	424	472	424	531	424	519	424	472	448	436	401	377	365	342	306	236	200	141	94	82	0	70	
212	35	70	118	188	200	283	259	330	354	401	365	460	365	472	377	436	424	413	377	365	365	365	342	247	236	177	141	82	70	0	
V3
0	255	241	255	312	269	312	198	284	284	312	227	340	198	312	198	269	255	255	241	241	269	326	340	227	269	241	269	213	298	255	
255	0	42	99	184	198	298	269	355	397	454	411	539	440	568	454	525	511	497	468	454	454	468	440	326	312	241	198	142	127	42	
241	42	0	56	142	156	255	241	312	355	426	383	511	411	539	440	511	497	497	468	468	468	482	468	340	340	269	241	170	170	85	
255	99	56	0	85	113	198	198	269	326	383	355	482	411	539	440	511	511	511	497	497	511	525	511	397	397	326	298	227	227	142	
312	184	142	85	0	71	127	198	241	298	369	369	482	426	553	468	553	553	568	553	553	582	610	596	468	482	411	383	312	312	227	
269	198	156	113	71	0	85	127	170	227	298	298	411	355	482	411	482	497	511	511	511	539	582	568	454	468	411	397	326	340	241	
312	298	255	198	127	85	0	127	127	184	255	269	383	355	468	426	511	525	539	553	568	596	639	639	525	553	497	482	411	426	340	
198	269	241	198	198	127	127	0	85	113	184	170	284	241	355	298	369	383	411	426	440	482	525	539	426	468	411	411	340	397	312	
284	355	312	269	241	170	127	85	0	56	127	156	255	255	355	326	411	426	468	482	497	539	596	624	511	553	497	497	440	482	397	
284	397	355	326	298	227	184	113	56	0	71	113	198	213	298	284	369	397	426	454	482	525	596	624	511	553	511	525	454	511	426	
312	454	426	383	369	298	255	184	127	71	0	99	127	184	255	269	340	369	411	440	482	539	610	639	525	596	553	568	511	568	482	
227	411	383	355	369	298	269	170	156	113	99	0	113	99	184	170	241	269	312	340	383	440	511	539	440	497	468	497	440	511	440	
340	539	511	482	482	411	383	284	255	198	127	113	0	142	142	213	255	298	355	397	440	497	582	624	539	610	582	610	553	639	553	
198	440	411	411	426	355	355	241	255	213	184	99	142	0	127	71	142	170	213	255	298	355	426	468	383	454	440	468	426	511	440	
312	568	539	539	553	482	468	355	355	298	255	184	142	127	0	127	127	170	227	284	326	397	482	539	468	539	539	582	539	624	568	
198	454	440	440	468	411	426	298	326	284	269	170	213	71	127	0	71	99	142	184	227	284	355	411	340	411	411	440	411	511	454	
269	525	511	511	553	482	511	369	411	369	340	241	255	142	127	71	0	42	99	156	198	269	355	411	355	440	440	482	468	568	525	
255	511	497	511	553	497	525	383	426	397	369	269	298	170	170	99	42	0	56	113	156	227	298	369	326	397	411	454	440	539	511	
255	497	497	511	568	511	539	411	468	426	411	312	355	213	227	142	99	56	0	56	99	170	255	312	284	355	383	426	426	525	497	
241	468	468	497	553	511	553	426	482	454	440	340	397	255	284	184	156	113	56	0	42	113	184	255	227	298	326	383	383	482	454	
241	454	468	497	553	511	568	440	497	482	482	383	440	298	326	227	198	156	99	42	0	56	142	198	184	255	298	355	355	454	440	
269	454	468	511	582	539	596	482	539	525	539	440	497	355	397	284	269	227	170	113	56	0	71	142	156	227	269	326	340	440	440	
326	468	482	525	610	582	639	525	596	596	610	511	582	426	482	355	355	298	255	184	142	71	0	71	142	184	241	298	326	411	440	
340	440	468	511	596	568	639	539	624	624	639	539	624	468	539	411	411	369	312	255	198	142	71	0	113	127	198	255	298	369	411	
227	326	340	397	468	454	525	426	511	511	525	440	539	383	468	340	355	326	284	227	184	156	142	113	0	71	113	170	184	284	298	
269	312	340	397	482	468	553	468	553	553	596	497	610	454	539	411	440	397	355	298	255	227	184	127	71	0	71	113	170	241	284	
241	241	269	326	411	411	497	411	497	511	553	468	582	440	539	411	440	411	383	326	298	269	241	198	113	71	0	56	99	170	213	
269	198	241	298	383	397	482	411	497	525	568	497	610	468	582	440	482	454	426	383	355	326	298	255	170	113	56	0	71	113	170	
213	142	170	227	312	326	411	340	440	454	511	440	553	426	539	411	468	440	426	383	355	340	326	298	184	170	99	71	0	99	99	
298	127	170	227	312	340	426	397	482	511	568	511	639	511	624	511	568	539	525	482	454	440	411	369	284	241	170	113	99	0	85	
255	42	85	142	227	241	340	312	397	426	482	440	553	440	568	454	525	511	497	454	440	440	440	411	298	284	213	170	99	85	0	
V4
0	216	204	216	264	228	264	168	240	240	264	192	288	168	264	168	228	216	216	204	204	228	276	288	192	228	204	228	180	252	216	
216	0	36	84	156	168	252	228	300	336	384	348	456	372	480	384	444	432	420	396	384	384	396	372	276	264	204	168	120	108	36	
204	36	0	48	120	132	216	204	264	300	360	324	432	348	456	372	432	420	420	396	396	396	408	396	288	288	228	204	144	144	72	
216	84	48	0	72	96	168	168	228	276	324	300	408	348	456	372	432	432	432	420	420	432	444	432	336	336	276	252	192	192	120	
264	156	120	72	0	60	108	168	204	252	312	312	408	360	468	396	468	468	480	468	468	492	516	504	396	408	348	324	264	264	192	
228	168	132	96	60	0	72	108	144	192	252	252	348	300	408	348	408	420	432	432	432	456	492	480	384	396	348	336	276	288	204	
264	252	216	168	108	72	0	108	108	156	216	228	324	300	396	360	432	444	456	468	480	504	540	540	444	468	420	408	348	360	288	
168	228	204	168	168	108	108	0	72	96	156	144	240	204	300	252	312	324	348	360	372	408	444	456	360	396	348	348	288	336	264	
240	300	264	228	204	144	108	72	0	48	108	132	216	216	300	276	348	360	396	408	420	456	504	528	432	468	420	420	372	408	336	
240	336	300	276	252	192	156	96	48	0	60	96	168	180	252	240	312	336	360	384	408	444	504	528	432	468	432	444	384	432	360	
264	384	360	324	312	252	216	156	108	60	0	84	108	156	216	228	288	312	348	372	408	456	516	540	444	504	468	480	432	480	408	
192	348	324	300	312	252	228	144	132	96	84	0	96	84	156	144	204	228	264	288	324	372	432	456	372	420	396	420	372	432	372	
288	456	432	408	408	348	324	240	216	168	108	96	0	120	120	180	216	252	300	336	372	420	492	528	456	516	492	516	468	540	468	
168	372	348	348	360	300	300	204	216	180	156	84	120	0	108	60	120	144	180	216	252	300	360	396	324	384	372	396	360	432	372	
264	480	456	456	468	408	396	300	300	252	216	156	120	108	0	108	108	144	192	240	276	336	408	456	396	456	456	492	456	528	480	
168	384	372	372	396	348	360	252	276	240	228	144	180	60	108	0	60	84	120	156	192	240	300	348	288	348	348	372	348	432	384	
228	444	432	432	468	408	432	312	348	312	288	204	216	120	108	60	0	36	84	132	168	228	300	348	300	372	372	408	396	480	444	
216	432	420	432	468	420	444	324	360	336	312	228	252	144	144	84	36	0	48	96	132	192	252	312	276	336	348	384	372	456	432	
216	420	420	432	480	432	456	348	396	360	348	264	300	180	192	120	84	48	0	48	84	144	216	264	240	300	324	360	360	444	420	
204	396	396	420	468	432	468	360	408	384	372	288	336	216	240	156	132	96	48	0	36	96	156	216	192	252	276	324	324	408	384	
204	384	396	420	468	432	480	372	420	408	408	324	372	252	276	192	168	132	84	36	0	48	120	168	156	216	252	300	300	384	372	
228	384	396	432	492	456	504	408	456	444	456	372	420	300	336	240	228	192	144	96	48	0	60	120	132	192	228	276	288	372	372	
276	396	408	444	516	492	540	444	504	504	516	432	492	360	408	300	300	252	216	156	120	60	0	60	120	156	204	252	276	348	372	
288	372	396	432	504	480	540	456	528	528	540	456	528	396	456	348	348	312	264	216	168	120	60	0	96	108	168	216	252	312	348	
192	276	288	336	396	384	444	360	432	432	444	372	456	324	396	288	300	276	240	192	156	132	120	96	0	60	96	144	156	240	252	
228	264	288	336	408	396	468	396	468	468	504	420	516	384	456	348	372	336	300	252	216	192	156	108	60	0	60	96	144	204	240	
204	204	228	276	348	348	420	348	420	432	468	396	492	372	456	348	372	348	324	276	252	228	204	168	96	60	0	48	84	144	180	
228	168	204	252	324	336	408	348	420	444	480	420	516	396	492	372	408	384	360	324	300	276	252	216	144	96	48	0	60	96	144	
180	120	144	192	264	276	348	288	372	384	432	372	468	360	456	348	396	372	360	324	300	288	276	252	156	144	84	60	0	84	84	
252	108	144	192	264	288	360	336	408	432	480	432	540	432	528	432	480	456	444	408	384	372	348	312	240	204	144	96	84	0	72	
216	36	72	120	192	204	288	264	336	360	408	372	468	372	480	384	444	432	420	384	372	372	372	348	252	240	180	144	84	72	0	
V5
0	183	173	183	224	193	224	142	204	204	224	163	244	142	224	142	193	183	183	173	173	193	234	244	163	193	173	193	153	214	183	
183	0	30	71	132	142	214	193	255	285	326	295	387	316	408	326	377	367	357	336	326	326	336	316	234	224	173	142	102	91	30	
173	30	0	40	102	112	183	173	224	255	306	275	367	295	387	316	367	357	357	336	336	336	346	336	244	244	193	173	122	122	61	
183	71	40	0	61	81	142	142	193	234	275	255	346	295	387	316	367	367	367	357	357	367	377	367	285	285	234	214	163	163	102	
224	132	102	61	0	51	91	142	173	214	265	265	346	306	397	336	397	397	408	397	397	418	438	428	336	346	295	275	224	224	163	
193	142	112	81	51	0	61	91	122	163	214	214	295	255	346	295	346	357	367	367	367	387	418	408	326	336	295	285	234	244	173	
224	214	183	142	91	61	0	91	91	132	183	193	275	255	336	306	367	377	387	397	408	428	459	459	377	397	357	346	295	306	244	
142	193	173	142	142	91	91	0	61	81	132	122	204	173	255	214	265	275	295	306	316	346	377	387	306	336	295	295	244	285	224	
204	255	224	193	173	122	91	61	0	40	91	112	183	183	255	234	295	306	336	346	357	387	428	448	367	397	357	357	316	346	285	
204	285	255	234	214	163	132	81	40	0	51	81	142	153	214	204	265	285	306	326	346	377	428	448	367	397	367	377	326	367	306	
224	326	306	275	265	214	183	132	91	51	0	71	91	132	183	193	244	265	295	316	346	387	438	459	377	428	397	408	367	408	346	
163	295	275	255	265	214	193	122	112	81	71	0	81	71	132	122	173	193	224	244	275	316	367	387	316	357	336	357	316	367	316	
244	387	367	346	346	295	275	204	183	142	91	81	0	102	102	153	183	214	255	285	316	357	418	448	387	438	418	438	397	459	397	
142	316	295	295	306	255	255	173	183	153	132	71	102	0	91	51	102	122	153	183	214	255	306	336	275	326	316	336	306	367	316	
224	408	387	387	397	346	336	255	255	214	183	132	102	91	0	91	91	122	163	204	234	285	346	387	336	387	387	418	387	448	408	
142	326	316	316	336	295	306	214	234	204	193	122	153	51	91	0	51	71	102	132	163	204	255	295	244	295	295	316	295	367	326	
193	377	367	367	397	346	367	265	295	265	244	173	183	102	91	51	0	30	71	112	142	193	255	295	255	316	316	346	336	408	377	
183	367	357	367	397	357	377	275	306	285	265	193	214	122	122	71	30	0	40	81	112	163	214	265	234	285	295	326	316	387	367	
183	357	357	367	408	367	387	295	336	306	295	224	255	153	163	102	71	40	0	40	71	122	183	224	204	255	275	306	306	377	357	
173	336	336	357	397	367	397	306	346	326	316	244	285	183	204	132	112	81	40	0	30	81	132	183	163	214	234	275	275	346	326	
173	326	336	357	397	367	408	316	357	346	346	275	316	214	234	163	142	112	71	30	0	40	102	142	132	183	214	255	255	326	316	
193	326	336	367	418	387	428	346	387	377	387	316	357	255	285	204	193	163	122	81	40	0	51	102	112	163	193	234	244	316	316	
234	336	346	377	438	418	459	377	428	428	438	367	418	306	346	255	255	214	183	132	102	51	0	51	102	132	173	214	234	295	316	
244	316	336	367	428	408	459	387	448	448	459	387	448	336	387	295	295	265	224	183	142	102	51	0	81	91	142	183	214	265	295	
163	234	244	285	336	326	377	306	367	367	377	316	387	275	336	244	255	234	204	163	132	112	102	81	0	51	81	122	132	204	214	
193	224	244	285	346	336	397	336	397	397	428	357	438	326	387	295	316	285	255	214	183	163	132	91	51	0	51	81	122	173	204	
173	173	193	234	295	295	357	295	357	367	397	336	418	316	387	295	316	295	275	234	214	193	173	142	81	51	0	40	71	122	153	
193	142	173	214	275	285	346	295	357	377	408	357	438	336	418	316	346	326	306	275	255	234	214	183	122	81	40	0	51	81	122	
153	102	122	163	224	234	295	244	316	326	367	316	397	306	387	295	336	316	306	275	255	244	234	214	132	122	71	51	0	71	71	
214	91	122	163	224	244	306	285	346	367	408	367	459	367	448	367	408	387	377	346	326	316	295	265	204	173	122	81	71	0	61	
183	30	61	102	163	173	244	224	285	306	346	316	397	316	408	326	377	367	357	326	316	316	316	295	214	204	153	122	71	61	0	
V6
0	273	258	273	334	288	334	212	304	304	334	243	364	212	334	212	288	273	273	258	258	288	349	364	243	288	258	288	228	319	273	
273	0	45	106	197	212	319	288	380	425	486	440	577	471	608	486	562	547	532	501	486	486	501	471	349	334	258	212	152	136	45	
258	45	0	60	152	167	273	258	334	380	456	410	547	440	577	471	547	532	532	501	501	501	516	501	364	364	288	258	182	182	91	
273	106	60	0	91	121	212	212	288	349	410	380	516	440	577	471	547	547	547	532	532	547	562	547	425	425	349	319	243	243	152	
334	197	152	91	0	76	136	212	258	319	395	395	516	456	592	501	592	592	608	592	592	623	653	638	501	516	440	410	334	334	243	
288	212	167	121	76	0	91	136	182	243	319	319	440	380	516	440	516	532	547	547	547	577	623	608	486	501	440	425	349	364	258	
334	319	273	212	136	91	0	136	136	197	273	288	410	380	501	456	547	562	577	592	608	638	684	684	562	592	532	516	440	456	364	
212	288	258	212	212	136	136	0	91	121	197	182	304	258	380	319	395	410	440	456	471	516	562	577	456	501	440	440	364	425	334	
304	380	334	288	258	182	136	91	0	60	136	167	273	273	380	349	440	456	501	516	532	577	638	668	547	592	532	532	471	516	425	
304	425	380	349	319	243	197	121	60	0	76	121	212	228	319	304	395	425	456	486	516	562	638	668	547	592	547	562	486	547	456	
334	486	456	410	395	319	273	197	136	76	0	106	136	197	273	288	364	395	440	471	516	577	653	684	562	638	592	608	547	608	516	
243	440	410	380	395	319	288	182	167	121	106	0	121	106	197	182	258	288	334	364	410	471	547	577	471	532	501	532	471	547	471	
364	577	547	516	516	440	410	304	273	212	136	121	0	152	152	228	273	319	380	425	471	532	623	668	577	653	623	653	592	684	592	
212	471	440	440	456	380	380	258	273	228	197	106	152	0	136	76	152	182	228	273	319	380	456	501	410	486	471	501	456	547	471	
334	608	577	577	592	516	501	380	380	319	273	197	152	136	0	136	136	182	243	304	349	425	516	577	501	577	577	623	577	668	608	
212	486	471	471	501	440	456	319	349	304	288	182	228	76	136	0	76	106	152	197	243	304	380	440	364	440	440	471	440	547	486	
288	562	547	547	592	516	547	395	440	395	364	258	273	152	136	76	0	45	106	167	212	288	380	440	380	471	471	516	501	608	562	
273	547	532	547	592	532	562	410	456	425	395	288	319	182	182	106	45	0	60	121	167	243	319	395	349	425	440	486	471	577	547	
273	532	532	547	608	547	577	440	501	456	440	334	380	228	243	152	106	60	0	60	106	182	273	334	304	380	410	456	456	562	532	
258	501	501	532	592	547	592	456	516	486	471	364	425	273	304	197	167	121	60	0	45	121	197	273	243	319	349	410	410	516	486	
258	486	501	532	592	547	608	471	532	516	516	410	471	319	349	243	212	167	106	45	0	60	152	212	197	273	319	380	380	486	471	
288	486	501	547	623	577	638	516	577	562	577	471	532	380	425	304	288	243	182	121	60	0	76	152	167	243	288	349	364	471	471	
349	501	516	562	653	623	684	562	638	638	653	547	623	456	516	380	380	319	273	197	152	76	0	76	152	197	258	319	349	440	471	
364	471	501	547	638	608	684	577	668	668	684	577	668	501	577	440	440	395	334	273	212	152	76	0	121	136	212	273	319	395	440	
243	349	364	425	501	486	562	456	547	547	562	471	577	410	501	364	380	349	304	243	197	167	152	121	0	76	121	182	197	304	319	
288	334	364	425	516	501	592	501	592	592	638	532	653	486	577	440	471	425	380	319	273	243	197	136	76	0	76	121	182	258	304	
258	258	288	349	440	440	532	440	532	547	592	501	623	471	577	440	471	440	410	349	319	288	258	212	121	76	0	60	106	182	228	
288	212	258	319	410	425	516	440	532	562	608	532	653	501	623	471	516	486	456	410	380	349	319	273	182	121	60	0	76	121	182	
228	152	182	243	334	349	440	364	471	486	547	471	592	456	577	440	501	471	456	410	380	364	349	319	197	182	106	76	0	106	106	
319	136	182	243	334	364	456	425	516	547	608	547	684	547	668	547	608	577	562	516	486	471	440	395	304	258	182	121	106	0	91	
273	45	91	152	243	258	364	334	425	456	516	471	592	471	608	486	562	547	532	486	471	471	471	440	319	304	228	182	106	91	0	
V7
0	144	136	144	176	152	176	112	160	160	176	128	192	112	176	112	152	144	144	136	136	152	184	192	128	152	136	152	120	168	144	
144	0	24	56	104	112	168	152	200	224	256	232	304	248	320	256	296	288	280	264	256	256	264	248	184	176	136	112	80	72	24	
136	24	0	32	80	88	144	136	176	200	240	216	288	232	304	248	288	280	280	264	264	264	272	264	192	192	152	136	96	96	48	
144	56	32	0	48	64	112	112	152	184	216	200	272	232	304	248	288	288	288	280	280	288	296	288	224	224	184	168	128	128	80	
176	104	80	48	0	40	72	112	136	168	208	208	272	240	312	264	312	312	320	312	312	328	344	336	264	272	232	216	176	176	128	
152	112	88	64	40	0	48	72	96	128	168	168	232	200	272	232	272	280	288	288	288	304	328	320	256	264	232	224	184	192	136	
176	168	144	112	72	48	0	72	72	104	144	152	216	200	264	240	288	296	304	312	320	336	360	360	296	312	280	272	232	240	192	
112	152	136	112	112	72	72	0	48	64	104	96	160	136	200	168	208	216	232	240	248	272	296	304	240	264	232	232	192	224	176	
160	200	176	152	136	96	72	48	0	32	72	88	144	144	200	184	232	240	264	272	280	304	336	352	288	312	280	280	248	272	224	
160	224	200	184	168	128	104	64	32	0	40	64	112	120	168	160	208	224	240	256	272	296	336	352	288	312	288	296	256	288	240	
176	256	240	216	208	168	144	104	72	40	0	56	72	104	144	152	192	208	232	248	272	304	344	360	296	336	312	320	288	320	272	
128	232	216	200	208	168	152	96	88	64	56	0	64	56	104	96	136	152	176	192	216	248	288	304	248	280	264	280	248	288	248	
192	304	288	272	272	232	216	160	144	112	72	64	0	80	80	120	144	168	200	224	248	280	328	352	304	344	328	344	312	360	312	
112	248	232	232	240	200	200	136	144	120	104	56	80	0	72	40	80	96	120	144	168	200	240	264	216	256	248	264	240	288	248	
176	320	304	304	312	272	264	200	200	168	144	104	80	72	0	72	72	96	128	160	184	224	272	304	264	304	304	328	304	352	320	
112	256	248	248	264	232	240	168	184	160	152	96	120	40	72	0	40	56	80	104	128	160	200	232	192	232	232	248	232	288	256	
152	296	288	288	312	272	288	208	232	208	192	136	144	80	72	40	0	24	56	88	112	152	200	232	200	248	248	272	264	320	296	
144	288	280	288	312	280	296	216	240	224	208	152	168	96	96	56	24	0	32	64	88	128	168	208	184	224	232	256	248	304	288	
144	280	280	288	320	288	304	232	264	240	232	176	200	120	128	80	56	32	0	32	56	96	144	176	160	200	216	240	240	296	280	
136	264	264	280	312	288	312	240	272	256	248	192	224	144	160	104	88	64	32	0	24	64	104	144	128	168	184	216	216	272	256	
136	256	264	280	312	288	320	248	280	272	272	216	248	168	184	128	112	88	56	24	0	32	80	112	104	144	168	200	200	256	248	
152	256	264	288	328	304	336	272	304	296	304	248	280	200	224	160	152	128	96	64	32	0	40	80	88	128	152	184	192	248	248	
184	264	272	296	344	328	360	296	336	336	344	288	328	240	272	200	200	168	144	104	80	40	0	40	80	104	136	168	184	232	248	
192	248	264	288	336	320	360	304	352	352	360	304	352	264	304	232	232	208	176	144	112	80	40	0	64	72	112	144	168	208	232	
128	184	192	224	264	256	296	240	288	288	296	248	304	216	264	192	200	184	160	128	104	88	80	64	0	40	64	96	104	160	168	
152	176	192	224	272	264	312	264	312	312	336	280	344	256	304	232	248	224	200	168	144	128	104	72	40	0	40	64	96	136	160	
136	136	152	184	232	232	280	232	280	288	312	264	328	248	304	232	248	232	216	184	168	152	136	112	64	40	0	32	56	96	120	
152	112	136	168	216	224	272	232	280	296	320	280	344	264	328	248	272	256	240	216	200	184	168	144	96	64	32	0	40	64	96	
120	80	96	128	176	184	232	192	248	256	288	248	312	240	304	232	264	248	240	216	200	192	184	168	104	96	56	40	0	56	56	
168	72	96	128	176	192	240	224	272	288	320	288	360	288	352	288	320	304	296	272	256	248	232	208	160	136	96	64	56	0	48	
144	24	48	80	128	136	192	176	224	240	272	248	312	248	320	256	296	288	280	256	248	248	248	232	168	160	120	96	56	48	0	
V8
0	356	336	356	435	376	435	277	396	396	435	316	475	277	435	277	376	356	356	336	336	376	455	475	316	376	336	376	297	415	356	
356	0	59	138	257	277	415	376	495	554	633	574	752	613	792	633	732	712	693	653	633	633	653	613	455	435	336	277	198	178	59	
336	59	0	79	198	217	356	336	435	495	594	534	712	574	752	613	712	693	693	653	653	653	673	653	475	475	376	336	237	237	118	
356	138	79	0	118	158	277	277	376	455	534	495	673	574	752	613	712	712	712	693	693	712	732	712	554	554	455	415	316	316	198	
435	257	198	118	0	99	178	277	336	415	514	514	673	594	772	653	772	772	792	772	772	811	851	831	653	673	574	534	435	435	316	
376	277	217	158	99	0	118	178	237	316	415	415	574	495	673	574	673	693	712	712	712	752	811	792	633	653	574	554	455	475	336	
435	415	356	277	178	118	0	178	178	257	356	376	534	495	653	594	712	732	752	772	792	831	891	891	732	772	693	673	574	594	475	
277	376	336	277	277	178	178	0	118	158	257	237	396	336	495	415	514	534	574	594	613	673	732	752	594	653	574	574	475	554	435	
396	495	435	376	336	237	178	118	0	79	178	217	356	356	495	455	574	594	653	673	693	752	831	871	712	772	693	693	613	673	554	
396	554	495	455	415	316	257	158	79	0	99	158	277	297	415	396	514	554	594	633	673	732	831	871	712	772	712	732	633	712	594	
435	633	594	534	514	415	356	257	178	99	0	138	178	257	356	376	475	514	574	613	673	752	851	891	732	831	772	792	712	792	673	
316	574	534	495	514	415	376	237	217	158	138	0	158	138	257	237	336	376	435	475	534	613	712	752	613	693	653	693	613	712	613	
475	752	712	673	673	574	534	396	356	277	178	158	0	198	198	297	356	415	495	554	613	693	811	871	752	851	811	851	772	891	772	
277	613	574	574	594	495	495	336	356	297	257	138	198	0	178	99	198	237	297	356	415	495	594	653	534	633	613	653	594	712	613	
435	792	752	752	772	673	653	495	495	415	356	257	198	178	0	178	178	237	316	396	455	554	673	752	653	752	752	811	752	871	792	
277	633	613	613	653	574	594	415	455	396	376	237	297	99	178	0	99	138	198	257	316	396	495	574	475	574	574	613	574	712	633	
376	732	712	712	772	673	712	514	574	514	475	336	356	198	178	99	0	59	138	217	277	376	495	574	495	613	613	673	653	792	732	
356	712	693	712	772	693	732	534	594	554	514	376	415	237	237	138	59	0	79	158	217	316	415	514	455	554	574	633	613	752	712	
356	693	693	712	792	712	752	574	653	594	574	435	495	297	316	198	138	79	0	79	138	237	356	435	396	495	534	594	594	732	693	
336	653	653	693	772	712	772	594	673	633	613	475	554	356	396	257	217	158	79	0	59	158	257	356	316	415	455	534	534	673	633	
336	633	653	693	772	712	792	613	693	673	673	534	613	415	455	316	277	217	138	59	0	79	198	277	257	356	415	495	495	633	613	
376	633	653	712	811	752	831	673	752	732	752	613	693	495	554	396	376	316	237	158	79	0	99	198	217	316	376	455	475	613	613	
455	653	673	732	851	811	891	732	831	831	851	712	811	594	673	495	495	415	356	257	198	99	0	99	198	257	336	415	455	574	613	
475	613	653	712	831	792	891	752	871	871	891	752	871	653	752	574	574	514	435	356	277	198	99	0	158	178	277	356	415	514	574	
316	455	475	554	653	633	732	594	712	712	732	613	752	534	653	475	495	455	396	316	257	217	198	158	0	99	158	237	257	396	415	
376	435	475	554	673	653	772	653	772	772	831	693	851	633	752	574	613	554	495	415	356	316	257	178	99	0	99	158	237	336	396	
336	336	376	455	574	574	693	574	693	712	772	653	811	613	752	574	613	574	534	455	415	376	336	277	158	99	0	79	138	237	297	
376	277	336	415	534	554	673	574	693	732	792	693	851	653	811	613	673	633	594	534	495	455	415	356	237	158	79	0	99	158	237	
297	198	237	316	435	455	574	475	613	633	712	613	772	594	752	574	653	613	594	534	495	475	455	415	257	237	138	99	0	138	138	
415	178	237	316	435	475	594	554	673	712	792	712	891	712	871	712	792	752	732	673	633	613	574	514	396	336	237	158	138	0	118	
356	59	118	198	316	336	475	435	554	594	673	613	772	613	792	633	732	712	693	633	613	613	613	574	415	396	297	237	138	118	0	
V9
0	147	139	147	180	155	180	114	164	164	180	131	196	114	180	114	155	147	147	139	139	155	188	196	131	155	139	155	123	172	147	
147	0	24	57	106	114	172	155	205	229	262	237	311	254	328	262	303	295	287	270	262	262	270	254	188	180	139	114	82	73	24	
139	24	0	32	82	90	147	139	180	205	246	221	295	237	311	254	295	287	287	270	270	270	278	270	196	196	155	139	98	98	49	
147	57	32	0	49	65	114	114	155	188	221	205	278	237	311	254	295	295	295	287	287	295	303	295	229	229	188	172	131	131	82	
180	106	82	49	0	41	73	114	139	172	213	213	278	246	319	270	319	319	328	319	319	336	352	344	270	278	237	221	180	180	131	
155	114	90	65	41	0	49	73	98	131	172	172	237	205	278	237	278	287	295	295	295	311	336	328	262	270	237	229	188	196	139	
180	172	147	114	73	49	0	73	73	106	147	155	221	205	270	246	295	303	311	319	328	344	369	369	303	319	287	278	237	246	196	
114	155	139	114	114	73	73	0	49	65	106	98	164	139	205	172	213	221	237	246	254	278	303	311	246	270	237	237	196	229	180	
164	205	180	155	139	98	73	49	0	32	73	90	147	147	205	188	237	246	270	278	287	311	344	360	295	319	287	287	254	278	229	
164	229	205	188	172	131	106	65	32	0	41	65	114	123	172	164	213	229	246	262	278	303	344	360	295	319	295	303	262	295	246	
180	262	246	221	213	172	147	106	73	41	0	57	73	106	147	155	196	213	237	254	278	311	352	369	303	344	319	328	295	328	278	
131	237	221	205	213	172	155	98	90	65	57	0	65	57	106	98	139	155	180	196	221	254	295	311	254	287	270	287	254	295	254	
196	311	295	278	278	237	221	164	147	114	73	65	0	82	82	123	147	172	205	229	254	287	336	360	311	352	336	352	319	369	319	
114	254	237	237	246	205	205	139	147	123	106	57	82	0	73	41	82	98	123	147	172	205	246	270	221	262	254	270	246	295	254	
180	328	311	311	319	278	270	205	205	172	147	106	82	73	0	73	73	98	131	164	188	229	278	311	270	311	311	336	311	360	328	
114	262	254	254	270	237	246	172	188	164	155	98	123	41	73	0	41	57	82	106	131	164	205	237	196	237	237	254	237	295	262	
155	303	295	295	319	278	295	213	237	213	196	139	147	82	73	41	0	24	57	90	114	155	205	237	205	254	254	278	270	328	303	
147	295	287	295	319	287	303	221	246	229	213	155	172	98	98	57	24	0	32	65	90	131	172	213	188	229	237	262	254	311	295	
147	287	287	295	328	295	311	237	270	246	237	180	205	123	131	82	57	32	0	32	57	98	147	180	164	205	221	246	246	303	287	
139	270	270	287	319	295	319	246	278	262	254	196	229	147	164	106	90	65	32	0	24	65	106	147	131	172	188	221	221	278	262	
139	262	270	287	319	295	328	254	287	278	278	221	254	172	188	131	114	90	57	24	0	32	82	114	106	147	172	205	205	262	254	
155	262	270	295	336	311	344	278	311	303	311	254	287	205	229	164	155	131	98	65	32	0	41	82	90	131	155	188	196	254	254	
188	270	278	303	352	336	369	303	344	344	352	295	336	246	278	205	205	172	147	106	82	41	0	41	82	106	139	172	188	237	254	
196	254	270	295	344	328	369	311	360	360	369	311	360	270	311	237	237	213	180	147	114	82	41	0	65	73	114	147	172	213	237	
131	188	196	229	270	262	303	246	295	295	303	254	311	221	270	196	205	188	164	131	106	90	82	65	0	41	65	98	106	164	172	
155	180	196	229	278	270	319	270	319	319	344	287	352	262	311	237	254	229	205	172	147	131	106	73	41	0	41	65	98	139	164	
139	139	155	188	237	237	287	237	287	295	319	270	336	254	311	237	254	237	221	188	172	155	139	114	65	41	0	32	57	98	123	
155	114	139	172	221	229	278	237	287	303	328	287	352	270	336	254	278	262	246	221	205	188	172	147	98	65	32	0	41	65	98	
123	82	98	131	180	188	237	196	254	262	295	254	319	246	311	237	270	254	246	221	205	196	188	172	106	98	57	41	0	57	57	
172	73	98	131	180	196	246	229	278	295	328	295	369	295	360	295	328	311	303	278	262	254	237	213	164	139	98	65	57	0	49	
147	24	49	82	131	139	196	180	229	246	278	254	319	254	328	262	303	295	287	262	254	254	254	237	172	164	123	98	57	49	0	
V10
0	378	357	378	462	399	462	294	420	420	462	336	504	294	462	294	399	378	378	357	357	399	483	504	336	399	357	399	315	441	378	
378	0	63	147	273	294	441	399	525	588	672	609	798	651	840	672	777	756	735	693	672	672	693	651	483	462	357	294	210	189	63	
357	63	0	84	210	231	378	357	462	525	630	567	756	609	798	651	756	735	735	693	693	693	714	693	504	504	399	357	252	252	126	
378	147	84	0	126	168	294	294	399	483	567	525	714	609	798	651	756	756	756	735	735	756	777	756	588	588	483	441	336	336	210	
462	273	210	126	0	105	189	294	357	441	546	546	714	630	819	693	819	819	840	819	819	861	903	882	693	714	609	567	462	462	336	
399	294	231	168	105	0	126	189	252	336	441	441	609	525	714	609	714	735	756	756	756	798	861	840	672	693	609	588	483	504	357	
462	441	378	294	189	126	0	189	189	273	378	399	567	525	693	630	756	777	798	819	840	882	945	945	777	819	735	714	609	630	504	
294	399	357	294	294	189	189	0	126	168	273	252	420	357	525	441	546	567	609	630	651	714	777	798	630	693	609	609	504	588	462	
420	525	462	399	357	252	189	126	0	84	189	231	378	378	525	483	609	630	693	714	735	798	882	924	756	819	735	735	651	714	588	
420	588	525	483	441	336	273	168	84	0	105	168	294	315	441	420	546	588	630	672	714	777	882	924	756	819	756	777	672	756	630	
462	672	630	567	546	441	378	273	189	105	0	147	189	273	378	399	504	546	609	651	714	798	903	945	777	882	819	840	756	840	714	
336	609	567	525	546	441	399	252	231	168	147	0	168	147	273	252	357	399	462	504	567	651	756	798	651	735	693	735	651	756	651	
504	798	756	714	714	609	567	420	378	294	189	168	0	210	210	315	378	441	525	588	651	735	861	924	798	903	861	903	819	945	819	
294	651	609	609	630	525	525	357	378	315	273	147	210	0	189	105	210	252	315	378	441	525	630	693	567	672	651	693	630	756	651	
462	840	798	798	819	714	693	525	525	441	378	273	210	189	0	189	189	252	336	420	483	588	714	798	693	798	798	861	798	924	840	
294	672	651	651	693	609	630	441	483	420	399	252	315	105	189	0	105	147	210	273	336	420	525	609	504	609	609	651	609	756	672	
399	777	756	756	819	714	756	546	609	546	504	357	378	210	189	105	0	63	147	231	294	399	525	609	525	651	651	714	693	840	777	
378	756	735	756	819	735	777	567	630	588	546	399	441	252	252	147	63	0	84	168	231	336	441	546	483	588	609	672	651	798	756	
378	735	735	756	840	756	798	609	693	630	609	462	525	315	336	210	147	84	0	84	147	252	378	462	420	525	567	630	630	777	735	
357	693	693	735	819	756	819	630	714	672	651	504	588	378	420	273	231	168	84	0	63	168	273	378	336	441	483	567	567	714	672	
357	672	693	735	819	756	840	651	735	714	714	567	651	441	483	336	294	231	147	63	0	84	210	294	273	378	441	525	525	672	651	
399	672	693	756	861	798	882	714	798	777	798	651	735	525	588	420	399	336	252	168	84	0	105	210	231	336	399	483	504	651	651	
483	693	714	777	903	861	945	777	882	882	903	756	861	630	714	525	525	441	378	273	210	105	0	105	210	273	357	441	483	609	651	
504	651	693	756	882	840	945	798	924	924	945	798	924	693	798	609	609	546	462	378	294	210	105	0	168	189	294	378	441	546	609	
336	483	504	588	693	672	777	630	756	756	777	651	798	567	693	504	525	483	420	336	273	231	210	168	0	105	168	252	273	420	441	
399	462	504	588	714	693	819	693	819	819	882	735	903	672	798	609	651	588	525	441	378	336	273	189	105	0	105	168	252	357	420	
357	357	399	483	609	609	735	609	735	756	819	693	861	651	798	609	651	609	567	483	441	399	357	294	168	105	0	84	147	252	315	
399	294	357	441	567	588	714	609	735	777	840	735	903	693	861	651	714	672	630	567	525	483	441	378	252	168	84	0	105	168	252	
315	210	252	336	462	483	609	504	651	672	756	651	819	630	798	609	693	651	630	567	525	504	483	441	273	252	147	105	0	147	147	
441	189	252	336	462	504	630	588	714	756	840	756	945	756	924	756	840	798	777	714	672	651	609	546	420	357	252	168	147	0	126	
378	63	126	210	336	357	504	462	588	630	714	651	819	651	840	672	777	756	735	672	651	651	651	609	441	420	315	252	147	126	0	
V11
0	388	367	388	475	410	475	302	432	432	475	345	518	302	475	302	410	388	388	367	367	410	496	518	345	410	367	410	324	453	388	
388	0	64	151	280	302	453	410	540	604	691	626	820	669	864	691	799	777	756	712	691	691	712	669	496	475	367	302	216	194	64	
367	64	0	86	216	237	388	367	475	540	648	583	777	626	820	669	777	756	756	712	712	712	734	712	518	518	410	367	259	259	129	
388	151	86	0	129	172	302	302	410	496	583	540	734	626	820	669	777	777	777	756	756	777	799	777	604	604	496	453	345	345	216	
475	280	216	129	0	108	194	302	367	453	561	561	734	648	842	712	842	842	864	842	842	885	928	907	712	734	626	583	475	475	345	
410	302	237	172	108	0	129	194	259	345	453	453	626	540	734	626	734	756	777	777	777	820	885	864	691	712	626	604	496	518	367	
475	453	388	302	194	129	0	194	194	280	388	410	583	540	712	648	777	799	820	842	864	907	972	972	799	842	756	734	626	648	518	
302	410	367	302	302	194	194	0	129	172	280	259	432	367	540	453	561	583	626	648	669	734	799	820	648	712	626	626	518	604	475	
432	540	475	410	367	259	194	129	0	86	194	237	388	388	540	496	626	648	712	734	756	820	907	950	777	842	756	756	669	734	604	
432	604	540	496	453	345	280	172	86	0	108	172	302	324	453	432	561	604	648	691	734	799	907	950	777	842	777	799	691	777	648	
475	691	648	583	561	453	388	280	194	108	0	151	194	280	388	410	518	561	626	669	734	820	928	972	799	907	842	864	777	864	734	
345	626	583	540	561	453	410	259	237	172	151	0	172	151	280	259	367	410	475	518	583	669	777	820	669	756	712	756	669	777	669	
518	820	777	734	734	626	583	432	388	302	194	172	0	216	216	324	388	453	540	604	669	756	885	950	820	928	885	928	842	972	842	
302	669	626	626	648	540	540	367	388	324	280	151	216	0	194	108	216	259	324	388	453	540	648	712	583	691	669	712	648	777	669	
475	864	820	820	842	734	712	540	540	453	388	280	216	194	0	194	194	259	345	432	496	604	734	820	712	820	820	885	820	950	864	
302	691	669	669	712	626	648	453	496	432	410	259	324	108	194	0	108	151	216	280	345	432	540	626	518	626	626	669	626	777	691	
410	799	777	777	842	734	777	561	626	561	518	367	388	216	194	108	0	64	151	237	302	410	540	626	540	669	669	734	712	864	799	
388	777	756	777	842	756	799	583	648	604	561	410	453	259	259	151	64	0	86	172	237	345	453	561	496	604	626	691	669	820	777	
388	756	756	777	864	777	820	626	712	648	626	475	540	324	345	216	151	86	0	86	151	259	388	475	432	540	583	648	648	799	756	
367	712	712	756	842	777	842	648	734	691	669	518	604	388	432	280	237	172	86	0	64	172	280	388	345	453	496	583	583	734	691	
367	691	712	756	842	777	864	669	756	734	734	583	669	453	496	345	302	237	151	64	0	86	216	302	280	388	453	540	540	691	669	
410	691	712	777	885	820	907	734	820	799	820	669	756	540	604	432	410	345	259	172	86	0	108	216	237	345	410	496	518	669	669	
496	712	734	799	928	885	972	799	907	907	928	777	885	648	734	540	540	453	388	280	216	108	0	108	216	280	367	453	496	626	669	
518	669	712	777	907	864	972	820	950	950	972	820	950	712	820	626	626	561	475	388	302	216	108	0	172	194	302	388	453	561	626	
345	496	518	604	712	691	799	648	777	777	799	669	820	583	712	518	540	496	432	345	280	237	216	172	0	108	172	259	280	432	453	
410	475	518	604	734	712	842	712	842	842	907	756	928	691	820	626	669	604	540	453	388	345	280	194	108	0	108	172	259	367	432	
367	367	410	496	626	626	756	626	756	777	842	712	885	669	820	626	669	626	583	496	453	410	367	302	172	108	0	86	151	259	324	
410	302	367	453	583	604	734	626	756	799	864	756	928	712	885	669	734	691	648	583	540	496	453	388	259	172	86	0	108	172	259	
324	216	259	345	475	496	626	518	669	691	777	669	842	648	820	626	712	669	648	583	540	518	496	453	280	259	151	108	0	151	151	
453	194	259	345	475	518	648	604	734	777	864	777	972	777	950	777	864	820	799	734	691	669	626	561	432	367	259	172	151	0	129	
388	64	129	216	345	367	518	475	604	648	734	669	842	669	864	691	799	777	756	691	669	669	669	626	453	432	324	259	151	129	0	
Velocidade_Veiculos
1	1	1	1	1	1	1	1	1	1	1	1	