M: 2
N: 30
Nun_Veiculos: 10
Capacidade_Total: 844
Demanda_Total: 554
Setup_Min: 1
Setup_Max: 9
Raio: 20
Circulos: 1
Tempo_Processamento_Min: 1
Tempo_Processamento_Max: 49
Demanda_Min: 10
Demanda_Max: 30
Priority_Factor: 0.2
Range_Factor_R: 0.8
U_factor: 2
ALpha: 0.2Replicao: 4
Tempos_Processamentos
0	0	1	0	
0	17	1	25	
0	42	1	9	
0	21	1	24	
0	9	1	12	
0	27	1	8	
0	27	1	11	
0	28	1	22	
0	18	1	46	
0	41	1	5	
0	20	1	25	
0	27	1	2	
0	37	1	17	
0	48	1	33	
0	4	1	24	
0	15	1	12	
0	7	1	7	
0	15	1	18	
0	38	1	19	
0	39	1	37	
0	21	1	30	
0	6	1	43	
0	9	1	36	
0	27	1	4	
0	18	1	39	
0	37	1	12	
0	47	1	36	
0	10	1	41	
0	1	1	15	
0	38	1	11	
0	6	1	42	

Tempos_setup
M0
0	0	0	0	0	0	0	0	0	0	0	0	0	0	0	0	0	0	0	0	0	0	0	0	0	0	0	0	0	0	0	
0	0	3	2	2	4	4	2	1	2	1	3	3	3	3	2	4	4	1	1	2	3	4	2	2	2	2	2	3	2	3	
0	1	0	3	3	5	5	3	2	3	2	3	4	3	4	3	4	5	2	2	3	3	4	3	2	2	3	3	4	3	3	
0	2	4	0	3	2	4	4	3	2	3	2	3	3	5	3	4	3	3	3	4	4	2	4	4	3	3	4	4	4	3	
0	3	2	4	0	4	2	4	4	4	2	3	3	3	3	1	4	3	3	3	3	4	3	3	3	3	2	3	4	2	4	
0	3	4	2	3	0	5	3	4	3	3	3	4	3	4	3	3	4	1	2	4	2	4	3	4	1	3	2	4	2	2	
0	1	2	3	2	3	0	2	2	3	2	1	3	2	1	2	2	1	2	1	1	2	2	2	1	2	2	3	4	1	2	
0	3	4	4	2	3	4	0	4	2	4	3	3	1	3	3	3	3	2	3	2	1	2	1	3	4	2	3	3	2	3	
0	1	2	3	3	3	3	2	0	3	2	3	4	3	3	3	4	4	2	2	2	3	4	1	3	2	3	1	3	3	4	
0	1	2	3	1	4	3	3	2	0	2	2	2	2	3	2	4	4	2	2	3	3	3	3	3	3	1	2	3	3	1	
0	3	4	3	2	4	4	4	2	4	0	4	3	3	2	3	4	3	4	4	3	3	3	2	4	2	4	3	2	1	4	
0	3	2	3	2	5	2	3	2	3	3	0	4	2	3	2	2	2	3	3	3	3	1	3	3	3	3	2	3	3	3	
0	4	4	3	3	2	4	3	4	3	3	2	0	2	2	4	3	4	2	3	3	2	3	3	4	2	1	2	3	3	1	
0	4	3	3	2	4	4	3	4	3	3	2	2	0	3	2	2	2	1	2	3	3	1	2	3	3	1	2	2	1	3	
0	3	4	2	3	4	2	3	3	3	1	3	3	4	0	3	3	3	4	2	3	2	4	3	3	1	2	2	3	2	3	
0	2	1	3	3	4	5	3	3	3	1	3	2	2	3	0	4	3	2	3	3	4	2	3	3	3	1	2	3	2	3	
0	2	4	1	2	3	3	3	3	2	2	3	4	3	1	3	0	2	3	3	3	1	3	2	2	2	3	2	4	3	3	
0	3	4	2	2	4	4	1	3	2	3	3	3	2	2	3	1	0	3	2	2	1	3	2	2	3	3	3	4	1	2	
0	4	3	4	2	4	4	4	4	4	3	4	3	2	4	2	4	3	0	1	3	3	3	3	4	3	2	3	3	2	4	
0	3	2	3	1	3	3	3	4	3	2	3	2	3	3	1	4	4	3	0	2	2	3	3	3	3	1	2	3	3	3	
0	2	3	2	2	2	3	1	3	2	2	1	3	2	3	2	3	3	3	1	0	1	2	2	1	3	2	2	4	3	2	
0	2	3	3	1	3	3	3	3	1	3	3	3	2	4	2	4	4	3	3	2	0	3	1	3	3	2	2	3	3	2	
0	3	2	3	3	4	3	2	3	2	2	1	3	2	3	1	2	1	3	3	3	2	0	2	2	4	2	3	2	2	3	
0	3	4	3	3	2	4	2	4	3	3	2	3	2	4	3	4	3	3	2	1	2	3	0	2	3	3	2	2	2	3	
0	4	4	3	3	4	4	3	4	3	3	2	2	1	3	3	3	3	2	3	3	3	2	3	0	3	1	2	3	2	1	
0	3	4	1	2	3	4	2	4	2	4	3	3	3	3	3	2	4	3	4	3	1	3	2	4	0	3	1	4	1	2	
0	3	5	2	4	3	4	2	4	4	3	3	1	3	2	4	4	3	2	3	2	3	4	2	3	2	0	1	2	3	2	
0	4	4	2	3	3	4	1	3	3	3	4	4	2	2	4	3	4	3	4	3	2	3	2	4	1	3	0	4	2	3	
0	3	3	2	3	3	5	2	3	2	3	3	1	3	3	4	2	1	3	3	3	2	4	3	2	3	2	3	0	2	2	
0	3	3	4	1	3	3	3	4	4	3	3	2	3	4	2	4	3	4	3	2	3	2	1	3	4	3	3	3	0	3	
0	3	3	2	3	3	3	4	3	2	2	1	2	1	3	3	3	3	2	3	4	2	2	3	4	4	2	3	3	2	0	
M1
0	0	0	0	0	0	0	0	0	0	0	0	0	0	0	0	0	0	0	0	0	0	0	0	0	0	0	0	0	0	0	
0	0	3	3	3	3	2	2	3	1	2	3	4	2	2	3	2	4	3	2	2	3	1	3	2	3	3	2	3	3	3	
0	1	0	4	2	4	3	3	1	2	3	3	3	3	3	3	3	2	2	3	3	4	2	3	3	4	4	3	2	4	2	
0	3	3	0	2	3	2	2	4	2	2	3	1	1	3	2	3	3	1	2	2	2	3	1	3	3	1	4	3	3	3	
0	3	4	4	0	2	3	1	4	3	3	3	2	3	4	1	3	2	4	3	2	4	2	4	3	4	3	3	4	2	2	
0	1	4	2	2	0	3	3	3	2	3	4	2	3	2	3	2	4	3	3	3	2	2	3	3	4	3	3	4	3	4	
0	4	3	3	1	3	0	2	2	1	3	3	2	3	2	2	3	3	1	3	2	2	2	2	1	2	1	3	2	3	3	
0	2	3	3	3	1	3	0	3	3	2	3	3	3	3	3	2	4	4	2	2	3	1	4	2	3	3	2	3	1	3	
0	3	4	3	4	4	3	3	0	3	4	2	4	3	4	3	4	2	4	3	3	4	4	3	2	3	4	5	3	4	4	
0	4	4	4	4	3	3	3	2	0	2	3	3	3	1	2	3	3	2	3	3	2	2	3	3	4	2	3	4	2	3	
0	2	4	2	3	3	3	2	4	3	0	1	3	2	3	4	3	3	3	3	2	3	3	2	2	3	3	3	2	3	1	
0	3	4	1	3	2	3	3	3	2	2	0	2	2	2	3	3	2	2	2	2	3	2	1	3	3	2	3	1	2	2	
0	3	4	2	1	3	3	2	4	3	1	2	0	1	3	2	4	2	3	2	3	4	3	2	3	4	3	4	3	3	2	
0	3	3	1	3	3	3	2	3	2	3	2	2	0	2	3	4	3	2	1	3	3	3	1	3	3	2	4	2	3	3	
0	3	3	3	3	2	3	2	1	3	1	2	2	2	0	1	2	2	4	2	2	3	1	3	2	3	3	2	3	1	2	
0	2	4	3	2	2	2	2	4	2	2	2	1	2	3	0	3	1	3	2	1	3	3	3	2	3	2	3	3	1	1	
0	3	3	3	3	2	3	3	4	3	3	3	2	3	3	1	0	2	4	2	2	4	3	4	2	3	3	2	3	1	2	
0	1	3	2	2	2	1	1	3	1	2	1	2	2	2	1	3	0	2	1	2	3	2	2	2	3	2	3	2	2	2	
0	3	4	4	2	2	1	3	3	2	3	3	2	3	3	1	2	2	0	2	2	3	3	1	2	2	2	4	3	2	2	
0	2	2	2	3	3	3	3	2	3	2	3	2	1	1	2	3	2	3	0	2	4	2	2	2	3	3	3	1	2	2	
0	2	4	2	3	1	2	2	4	3	3	1	3	1	3	3	3	3	2	2	0	2	3	2	3	4	1	4	2	3	3	
0	4	5	2	2	3	4	2	5	4	2	3	3	3	4	3	4	4	3	3	4	0	3	3	4	4	1	4	3	2	3	
0	3	2	2	2	2	3	1	3	2	1	2	3	2	2	2	1	3	3	1	1	3	0	3	1	2	2	1	2	2	2	
0	3	3	3	3	3	2	4	3	1	3	2	3	2	2	3	3	3	3	1	2	3	3	0	3	2	3	4	2	3	3	
0	3	2	3	3	2	3	3	3	1	3	2	4	2	2	3	3	4	3	3	1	2	3	2	0	1	2	3	3	2	4	
0	4	3	3	2	4	2	3	4	3	3	4	4	2	3	3	2	4	3	2	3	1	3	3	2	0	2	2	3	3	4	
0	3	4	2	3	2	4	1	4	4	3	3	3	3	3	4	3	3	3	3	3	1	2	3	3	4	0	3	2	2	3	
0	2	1	1	1	3	3	2	2	3	2	3	2	2	3	2	2	3	2	2	2	3	1	2	2	3	2	0	2	3	2	
0	2	3	3	2	3	2	2	2	2	1	2	1	2	1	2	3	1	3	2	3	4	2	2	3	4	3	2	0	2	1	
0	2	5	3	3	1	2	4	4	3	4	4	3	4	3	4	3	5	3	3	4	3	3	4	3	2	3	4	4	0	3	
0	4	3	2	2	3	2	3	4	3	3	1	3	1	3	3	2	3	3	2	2	3	3	2	3	4	3	2	2	3	0	
Tamanho_Tarefas
0	17	25	22	9	11	11	23	26	17	22	4	18	35	4	13	7	16	22	37	24	23	10	12	26	12	36	23	7	21	21	
Data_Entrega
0	281	265	182	217	192	188	247	205	246	129	154	128	264	181	234	165	272	234	193	262	221	126	167	243	161	163	158	165	121	183	
Penalidade_Atraso
0	6	9	15	19	6	9	8	9	6	9	5	6	19	12	7	18	9	12	14	20	7	13	11	14	19	14	9	16	1	1	
Capacidade_Veiculo
102	108	91	100	91	100	47	106	58	41	
Custo_Fixo_Veiculo
1020	1080	910	1000	910	1000	470	1060	580	410	
Coordenadas_Clientes
x	0	y	0
x	19	y	0
x	18	y	3
x	15	y	7
x	19	y	14
x	11	y	12
x	7	y	13
x	5	y	15
x	1	y	18
x	-2	y	20
x	-6	y	20
x	-11	y	20
x	-16	y	17
x	-16	y	12
x	-16	y	7
x	-22	y	4
x	-18	y	0
x	-18	y	-3
x	-14	y	-6
x	-19	y	-14
x	-13	y	-14
x	-12	y	-21
x	-6	y	-20
x	-1	y	-18
x	1	y	-16
x	7	y	-23
x	9	y	-15
x	16	y	-18
x	12	y	-9
x	22	y	-10
x	17	y	-3
Tempo_Viagem
0	19	18	16	23	16	14	15	18	20	20	22	23	20	17	22	18	18	15	23	19	24	20	18	16	24	17	24	15	24	17	
19	0	3	8	14	14	17	19	24	27	31	35	38	37	35	41	37	37	33	40	34	36	30	25	23	24	16	18	10	10	3	
18	3	0	5	11	11	14	16	21	24	28	32	36	35	34	40	36	36	33	40	35	38	32	27	25	27	19	21	13	13	6	
16	8	5	0	8	6	10	12	17	20	24	28	32	31	31	37	33	34	31	39	35	38	33	28	26	30	22	25	16	18	10	
23	14	11	8	0	8	12	14	18	21	25	30	35	35	35	41	39	40	38	46	42	46	41	36	34	38	30	32	24	24	17	
16	14	11	6	8	0	4	6	11	14	18	22	27	27	27	33	31	32	30	39	35	40	36	31	29	35	27	30	21	24	16	
14	17	14	10	12	4	0	2	7	10	14	18	23	23	23	29	28	29	28	37	33	38	34	31	29	36	28	31	22	26	18	
15	19	16	12	14	6	2	0	5	8	12	16	21	21	22	28	27	29	28	37	34	39	35	33	31	38	30	33	24	28	20	
18	24	21	17	18	11	7	5	0	3	7	12	17	18	20	26	26	28	28	37	34	41	38	36	34	41	33	38	29	33	25	
20	27	24	20	21	14	10	8	3	0	4	9	14	16	19	25	25	28	28	37	35	42	40	38	36	43	36	41	32	36	28	
20	31	28	24	25	18	14	12	7	4	0	5	10	12	16	22	23	25	27	36	34	41	40	38	36	44	37	43	34	40	32	
22	35	32	28	30	22	18	16	12	9	5	0	5	9	13	19	20	23	26	34	34	41	40	39	37	46	39	46	37	44	36	
23	38	36	32	35	27	23	21	17	14	10	5	0	5	10	14	17	20	23	31	31	38	38	38	37	46	40	47	38	46	38	
20	37	35	31	35	27	23	21	18	16	12	9	5	0	5	10	12	15	18	26	26	33	33	33	32	41	36	43	35	43	36	
17	35	34	31	35	27	23	22	20	19	16	13	10	5	0	6	7	10	13	21	21	28	28	29	28	37	33	40	32	41	34	
22	41	40	37	41	33	29	28	26	25	22	19	14	10	6	0	5	8	12	18	19	26	28	29	29	38	35	42	36	46	39	
18	37	36	33	39	31	28	27	26	25	23	20	17	12	7	5	0	3	7	14	14	21	23	24	24	33	30	37	31	41	35	
18	37	36	34	40	32	29	29	28	28	25	23	20	15	10	8	3	0	5	11	12	18	20	22	23	31	29	36	30	40	35	
15	33	33	31	38	30	28	28	28	28	27	26	23	18	13	12	7	5	0	9	8	15	16	17	18	26	24	31	26	36	31	
23	40	40	39	46	39	37	37	37	37	36	34	31	26	21	18	14	11	9	0	6	9	14	18	20	27	28	35	31	41	37	
19	34	35	35	42	35	33	34	34	35	34	34	31	26	21	19	14	12	8	6	0	7	9	12	14	21	22	29	25	35	31	
24	36	38	38	46	40	38	39	41	42	41	41	38	33	28	26	21	18	15	9	7	0	6	11	13	19	21	28	26	34	33	
20	30	32	33	41	36	34	35	38	40	40	40	38	33	28	28	23	20	16	14	9	6	0	5	7	13	15	22	20	28	27	
18	25	27	28	36	31	31	33	36	38	38	39	38	33	29	29	24	22	17	18	12	11	5	0	2	9	10	17	15	23	22	
16	23	25	26	34	29	29	31	34	36	36	37	37	32	28	29	24	23	18	20	14	13	7	2	0	9	8	15	13	21	20	
24	24	27	30	38	35	36	38	41	43	44	46	46	41	37	38	33	31	26	27	21	19	13	9	9	0	8	10	14	19	21	
17	16	19	22	30	27	28	30	33	36	37	39	40	36	33	35	30	29	24	28	22	21	15	10	8	8	0	7	6	13	13	
24	18	21	25	32	30	31	33	38	41	43	46	47	43	40	42	37	36	31	35	29	28	22	17	15	10	7	0	9	10	15	
15	10	13	16	24	21	22	24	29	32	34	37	38	35	32	36	31	30	26	31	25	26	20	15	13	14	6	9	0	10	7	
24	10	13	18	24	24	26	28	33	36	40	44	46	43	41	46	41	40	36	41	35	34	28	23	21	19	13	10	10	0	8	
17	3	6	10	17	16	18	20	25	28	32	36	38	36	34	39	35	35	31	37	31	33	27	22	20	21	13	15	7	8	0	
Custo_Viagem
V0
0	387	367	326	469	326	285	306	367	408	408	448	469	408	346	448	367	367	306	469	387	489	408	367	326	489	346	489	306	489	346	
387	0	61	163	285	285	346	408	510	591	652	734	775	754	714	836	754	754	673	816	693	754	652	530	489	510	367	367	224	204	61	
367	61	0	102	224	224	285	346	448	530	591	673	734	714	693	816	734	734	673	816	714	775	673	571	510	571	408	428	265	265	122	
326	163	102	0	163	122	204	244	346	428	489	591	652	632	632	754	673	693	632	795	714	775	693	591	530	632	448	510	326	367	204	
469	285	224	163	0	163	244	285	367	428	510	612	714	714	714	856	795	816	775	958	856	938	856	754	693	775	612	652	489	489	346	
326	285	224	122	163	0	81	122	224	306	367	469	550	550	550	673	632	652	612	795	714	816	734	652	591	714	550	612	428	489	326	
285	346	285	204	244	81	0	40	142	224	285	387	469	469	469	612	571	591	571	754	673	775	714	652	591	734	571	652	448	550	367	
306	408	346	244	285	122	40	0	102	163	244	326	428	428	448	591	550	591	571	754	693	795	734	673	632	775	612	693	510	612	428	
367	510	448	346	367	224	142	102	0	61	142	244	346	367	408	530	530	571	571	754	693	836	775	734	693	836	673	795	591	714	530	
408	591	530	428	428	306	224	163	61	0	81	183	285	326	387	510	510	571	571	775	714	856	816	775	734	877	734	856	652	775	591	
408	652	591	489	510	367	285	244	142	81	0	102	204	244	326	448	469	510	550	734	693	836	816	775	734	897	775	877	693	836	652	
448	734	673	591	612	469	387	326	244	183	102	0	102	183	265	387	428	489	530	693	693	836	816	795	754	938	816	938	754	897	734	
469	775	734	652	714	550	469	428	346	285	204	102	0	102	204	285	346	408	469	632	632	775	775	775	754	938	816	958	775	938	775	
408	754	714	632	714	550	469	428	367	326	244	183	102	0	102	204	244	306	367	530	530	673	673	673	652	836	734	877	714	877	734	
346	714	693	632	714	550	469	448	408	387	326	265	204	102	0	122	142	204	265	428	428	571	571	591	571	754	673	816	652	836	693	
448	836	816	754	856	673	612	591	530	510	448	387	285	204	122	0	102	163	244	367	408	530	571	612	612	795	734	877	734	938	795	
367	754	734	673	795	632	571	550	530	510	469	428	346	244	142	102	0	61	142	285	285	428	469	489	489	673	612	775	632	836	714	
367	754	734	693	816	652	591	591	571	571	510	489	408	306	204	163	61	0	102	224	244	367	408	448	469	652	591	754	612	816	714	
306	673	673	632	775	612	571	571	571	571	550	530	469	367	265	244	142	102	0	183	163	306	326	346	367	550	489	652	530	734	632	
469	816	816	795	958	795	754	754	754	775	734	693	632	530	428	367	285	224	183	0	122	183	285	367	408	550	571	714	632	836	754	
387	693	714	714	856	714	673	693	693	714	693	693	632	530	428	408	285	244	163	122	0	142	183	244	285	428	448	591	510	714	632	
489	754	775	775	938	816	775	795	836	856	836	836	775	673	571	530	428	367	306	183	142	0	122	224	265	387	428	571	530	714	693	
408	652	673	693	856	734	714	734	775	816	816	816	775	673	571	571	469	408	326	285	183	122	0	102	163	265	306	448	428	591	571	
367	530	571	591	754	652	652	673	734	775	775	795	775	673	591	612	489	448	346	367	244	224	102	0	40	183	204	346	306	489	469	
326	489	510	530	693	591	591	632	693	734	734	754	754	652	571	612	489	469	367	408	285	265	163	40	0	183	163	306	265	428	408	
489	510	571	632	775	714	734	775	836	877	897	938	938	836	754	795	673	652	550	550	428	387	265	183	183	0	163	204	285	387	448	
346	367	408	448	612	550	571	612	673	734	775	816	816	734	673	734	612	591	489	571	448	428	306	204	163	163	0	142	122	265	285	
489	367	428	510	652	612	652	693	795	856	877	938	958	877	816	877	775	754	652	714	591	571	448	346	306	204	142	0	183	204	306	
306	224	265	326	489	428	448	510	591	652	693	754	775	714	652	734	632	612	530	632	510	530	428	306	265	285	122	183	0	204	142	
489	204	265	367	489	489	550	612	714	775	836	897	938	877	836	938	836	816	734	836	714	714	591	489	428	387	265	204	204	0	163	
346	61	122	204	346	326	367	428	530	591	652	734	775	734	693	795	714	714	632	754	632	693	571	469	408	448	285	306	142	163	0	
V1
0	410	388	345	496	345	302	324	388	432	432	475	496	432	367	475	388	388	324	496	410	518	432	388	345	518	367	518	324	518	367	
410	0	64	172	302	302	367	432	540	626	691	777	820	799	756	885	799	799	712	864	734	799	691	561	518	540	388	388	237	216	64	
388	64	0	108	237	237	302	367	475	561	626	712	777	756	734	864	777	777	712	864	756	820	712	604	540	604	432	453	280	280	129	
345	172	108	0	172	129	216	259	367	453	518	626	691	669	669	799	712	734	669	842	756	820	734	626	561	669	475	540	345	388	216	
496	302	237	172	0	172	259	302	388	453	540	648	756	756	756	907	842	864	820	1015	907	993	907	799	734	820	648	691	518	518	367	
345	302	237	129	172	0	86	129	237	324	388	496	583	583	583	712	669	691	648	842	756	864	777	691	626	756	583	648	453	518	345	
302	367	302	216	259	86	0	43	151	237	302	410	496	496	496	648	604	626	604	799	712	820	756	691	626	777	604	691	475	583	388	
324	432	367	259	302	129	43	0	108	172	259	345	453	453	475	626	583	626	604	799	734	842	777	712	669	820	648	734	540	648	453	
388	540	475	367	388	237	151	108	0	64	151	259	367	388	432	561	561	604	604	799	734	885	820	777	734	885	712	842	626	756	561	
432	626	561	453	453	324	237	172	64	0	86	194	302	345	410	540	540	604	604	820	756	907	864	820	777	928	777	907	691	820	626	
432	691	626	518	540	388	302	259	151	86	0	108	216	259	345	475	496	540	583	777	734	885	864	820	777	950	820	928	734	885	691	
475	777	712	626	648	496	410	345	259	194	108	0	108	194	280	410	453	518	561	734	734	885	864	842	799	993	864	993	799	950	777	
496	820	777	691	756	583	496	453	367	302	216	108	0	108	216	302	367	432	496	669	669	820	820	820	799	993	864	1015	820	993	820	
432	799	756	669	756	583	496	453	388	345	259	194	108	0	108	216	259	324	388	561	561	712	712	712	691	885	777	928	756	928	777	
367	756	734	669	756	583	496	475	432	410	345	280	216	108	0	129	151	216	280	453	453	604	604	626	604	799	712	864	691	885	734	
475	885	864	799	907	712	648	626	561	540	475	410	302	216	129	0	108	172	259	388	432	561	604	648	648	842	777	928	777	993	842	
388	799	777	712	842	669	604	583	561	540	496	453	367	259	151	108	0	64	151	302	302	453	496	518	518	712	648	820	669	885	756	
388	799	777	734	864	691	626	626	604	604	540	518	432	324	216	172	64	0	108	237	259	388	432	475	496	691	626	799	648	864	756	
324	712	712	669	820	648	604	604	604	604	583	561	496	388	280	259	151	108	0	194	172	324	345	367	388	583	518	691	561	777	669	
496	864	864	842	1015	842	799	799	799	820	777	734	669	561	453	388	302	237	194	0	129	194	302	388	432	583	604	756	669	885	799	
410	734	756	756	907	756	712	734	734	756	734	734	669	561	453	432	302	259	172	129	0	151	194	259	302	453	475	626	540	756	669	
518	799	820	820	993	864	820	842	885	907	885	885	820	712	604	561	453	388	324	194	151	0	129	237	280	410	453	604	561	756	734	
432	691	712	734	907	777	756	777	820	864	864	864	820	712	604	604	496	432	345	302	194	129	0	108	172	280	324	475	453	626	604	
388	561	604	626	799	691	691	712	777	820	820	842	820	712	626	648	518	475	367	388	259	237	108	0	43	194	216	367	324	518	496	
345	518	540	561	734	626	626	669	734	777	777	799	799	691	604	648	518	496	388	432	302	280	172	43	0	194	172	324	280	453	432	
518	540	604	669	820	756	777	820	885	928	950	993	993	885	799	842	712	691	583	583	453	410	280	194	194	0	172	216	302	410	475	
367	388	432	475	648	583	604	648	712	777	820	864	864	777	712	777	648	626	518	604	475	453	324	216	172	172	0	151	129	280	302	
518	388	453	540	691	648	691	734	842	907	928	993	1015	928	864	928	820	799	691	756	626	604	475	367	324	216	151	0	194	216	324	
324	237	280	345	518	453	475	540	626	691	734	799	820	756	691	777	669	648	561	669	540	561	453	324	280	302	129	194	0	216	151	
518	216	280	388	518	518	583	648	756	820	885	950	993	928	885	993	885	864	777	885	756	756	626	518	453	410	280	216	216	0	172	
367	64	129	216	367	345	388	453	561	626	691	777	820	777	734	842	756	756	669	799	669	734	604	496	432	475	302	324	151	172	0	
V2
0	345	327	291	418	291	254	273	327	364	364	400	418	364	309	400	327	327	273	418	345	436	364	327	291	436	309	436	273	436	309	
345	0	54	145	254	254	309	364	455	527	582	655	691	673	637	746	673	673	600	728	618	673	582	473	436	455	327	327	200	182	54	
327	54	0	91	200	200	254	309	400	473	527	600	655	637	618	728	655	655	600	728	637	691	600	509	455	509	364	382	236	236	109	
291	145	91	0	145	109	182	218	309	382	436	527	582	564	564	673	600	618	564	709	637	691	618	527	473	564	400	455	291	327	182	
418	254	200	145	0	145	218	254	327	382	455	546	637	637	637	764	709	728	691	855	764	837	764	673	618	691	546	582	436	436	309	
291	254	200	109	145	0	72	109	200	273	327	418	491	491	491	600	564	582	546	709	637	728	655	582	527	637	491	546	382	436	291	
254	309	254	182	218	72	0	36	127	200	254	345	418	418	418	546	509	527	509	673	600	691	637	582	527	655	509	582	400	491	327	
273	364	309	218	254	109	36	0	91	145	218	291	382	382	400	527	491	527	509	673	618	709	655	600	564	691	546	618	455	546	382	
327	455	400	309	327	200	127	91	0	54	127	218	309	327	364	473	473	509	509	673	618	746	691	655	618	746	600	709	527	637	473	
364	527	473	382	382	273	200	145	54	0	72	163	254	291	345	455	455	509	509	691	637	764	728	691	655	782	655	764	582	691	527	
364	582	527	436	455	327	254	218	127	72	0	91	182	218	291	400	418	455	491	655	618	746	728	691	655	800	691	782	618	746	582	
400	655	600	527	546	418	345	291	218	163	91	0	91	163	236	345	382	436	473	618	618	746	728	709	673	837	728	837	673	800	655	
418	691	655	582	637	491	418	382	309	254	182	91	0	91	182	254	309	364	418	564	564	691	691	691	673	837	728	855	691	837	691	
364	673	637	564	637	491	418	382	327	291	218	163	91	0	91	182	218	273	327	473	473	600	600	600	582	746	655	782	637	782	655	
309	637	618	564	637	491	418	400	364	345	291	236	182	91	0	109	127	182	236	382	382	509	509	527	509	673	600	728	582	746	618	
400	746	728	673	764	600	546	527	473	455	400	345	254	182	109	0	91	145	218	327	364	473	509	546	546	709	655	782	655	837	709	
327	673	655	600	709	564	509	491	473	455	418	382	309	218	127	91	0	54	127	254	254	382	418	436	436	600	546	691	564	746	637	
327	673	655	618	728	582	527	527	509	509	455	436	364	273	182	145	54	0	91	200	218	327	364	400	418	582	527	673	546	728	637	
273	600	600	564	691	546	509	509	509	509	491	473	418	327	236	218	127	91	0	163	145	273	291	309	327	491	436	582	473	655	564	
418	728	728	709	855	709	673	673	673	691	655	618	564	473	382	327	254	200	163	0	109	163	254	327	364	491	509	637	564	746	673	
345	618	637	637	764	637	600	618	618	637	618	618	564	473	382	364	254	218	145	109	0	127	163	218	254	382	400	527	455	637	564	
436	673	691	691	837	728	691	709	746	764	746	746	691	600	509	473	382	327	273	163	127	0	109	200	236	345	382	509	473	637	618	
364	582	600	618	764	655	637	655	691	728	728	728	691	600	509	509	418	364	291	254	163	109	0	91	145	236	273	400	382	527	509	
327	473	509	527	673	582	582	600	655	691	691	709	691	600	527	546	436	400	309	327	218	200	91	0	36	163	182	309	273	436	418	
291	436	455	473	618	527	527	564	618	655	655	673	673	582	509	546	436	418	327	364	254	236	145	36	0	163	145	273	236	382	364	
436	455	509	564	691	637	655	691	746	782	800	837	837	746	673	709	600	582	491	491	382	345	236	163	163	0	145	182	254	345	400	
309	327	364	400	546	491	509	546	600	655	691	728	728	655	600	655	546	527	436	509	400	382	273	182	145	145	0	127	109	236	254	
436	327	382	455	582	546	582	618	709	764	782	837	855	782	728	782	691	673	582	637	527	509	400	309	273	182	127	0	163	182	273	
273	200	236	291	436	382	400	455	527	582	618	673	691	637	582	655	564	546	473	564	455	473	382	273	236	254	109	163	0	182	127	
436	182	236	327	436	436	491	546	637	691	746	800	837	782	746	837	746	728	655	746	637	637	527	436	382	345	236	182	182	0	145	
309	54	109	182	309	291	327	382	473	527	582	655	691	655	618	709	637	637	564	673	564	618	509	418	364	400	254	273	127	145	0	
V3
0	380	360	320	460	320	280	300	360	400	400	440	460	400	340	440	360	360	300	460	380	480	400	360	320	480	340	480	300	480	340	
380	0	60	160	280	280	340	400	500	580	640	720	760	740	700	820	740	740	660	800	680	740	640	520	480	500	360	360	220	200	60	
360	60	0	100	220	220	280	340	440	520	580	660	720	700	680	800	720	720	660	800	700	760	660	560	500	560	400	420	260	260	120	
320	160	100	0	160	120	200	240	340	420	480	580	640	620	620	740	660	680	620	780	700	760	680	580	520	620	440	500	320	360	200	
460	280	220	160	0	160	240	280	360	420	500	600	700	700	700	840	780	800	760	940	840	920	840	740	680	760	600	640	480	480	340	
320	280	220	120	160	0	80	120	220	300	360	460	540	540	540	660	620	640	600	780	700	800	720	640	580	700	540	600	420	480	320	
280	340	280	200	240	80	0	40	140	220	280	380	460	460	460	600	560	580	560	740	660	760	700	640	580	720	560	640	440	540	360	
300	400	340	240	280	120	40	0	100	160	240	320	420	420	440	580	540	580	560	740	680	780	720	660	620	760	600	680	500	600	420	
360	500	440	340	360	220	140	100	0	60	140	240	340	360	400	520	520	560	560	740	680	820	760	720	680	820	660	780	580	700	520	
400	580	520	420	420	300	220	160	60	0	80	180	280	320	380	500	500	560	560	760	700	840	800	760	720	860	720	840	640	760	580	
400	640	580	480	500	360	280	240	140	80	0	100	200	240	320	440	460	500	540	720	680	820	800	760	720	880	760	860	680	820	640	
440	720	660	580	600	460	380	320	240	180	100	0	100	180	260	380	420	480	520	680	680	820	800	780	740	920	800	920	740	880	720	
460	760	720	640	700	540	460	420	340	280	200	100	0	100	200	280	340	400	460	620	620	760	760	760	740	920	800	940	760	920	760	
400	740	700	620	700	540	460	420	360	320	240	180	100	0	100	200	240	300	360	520	520	660	660	660	640	820	720	860	700	860	720	
340	700	680	620	700	540	460	440	400	380	320	260	200	100	0	120	140	200	260	420	420	560	560	580	560	740	660	800	640	820	680	
440	820	800	740	840	660	600	580	520	500	440	380	280	200	120	0	100	160	240	360	400	520	560	600	600	780	720	860	720	920	780	
360	740	720	660	780	620	560	540	520	500	460	420	340	240	140	100	0	60	140	280	280	420	460	480	480	660	600	760	620	820	700	
360	740	720	680	800	640	580	580	560	560	500	480	400	300	200	160	60	0	100	220	240	360	400	440	460	640	580	740	600	800	700	
300	660	660	620	760	600	560	560	560	560	540	520	460	360	260	240	140	100	0	180	160	300	320	340	360	540	480	640	520	720	620	
460	800	800	780	940	780	740	740	740	760	720	680	620	520	420	360	280	220	180	0	120	180	280	360	400	540	560	700	620	820	740	
380	680	700	700	840	700	660	680	680	700	680	680	620	520	420	400	280	240	160	120	0	140	180	240	280	420	440	580	500	700	620	
480	740	760	760	920	800	760	780	820	840	820	820	760	660	560	520	420	360	300	180	140	0	120	220	260	380	420	560	520	700	680	
400	640	660	680	840	720	700	720	760	800	800	800	760	660	560	560	460	400	320	280	180	120	0	100	160	260	300	440	420	580	560	
360	520	560	580	740	640	640	660	720	760	760	780	760	660	580	600	480	440	340	360	240	220	100	0	40	180	200	340	300	480	460	
320	480	500	520	680	580	580	620	680	720	720	740	740	640	560	600	480	460	360	400	280	260	160	40	0	180	160	300	260	420	400	
480	500	560	620	760	700	720	760	820	860	880	920	920	820	740	780	660	640	540	540	420	380	260	180	180	0	160	200	280	380	440	
340	360	400	440	600	540	560	600	660	720	760	800	800	720	660	720	600	580	480	560	440	420	300	200	160	160	0	140	120	260	280	
480	360	420	500	640	600	640	680	780	840	860	920	940	860	800	860	760	740	640	700	580	560	440	340	300	200	140	0	180	200	300	
300	220	260	320	480	420	440	500	580	640	680	740	760	700	640	720	620	600	520	620	500	520	420	300	260	280	120	180	0	200	140	
480	200	260	360	480	480	540	600	700	760	820	880	920	860	820	920	820	800	720	820	700	700	580	480	420	380	260	200	200	0	160	
340	60	120	200	340	320	360	420	520	580	640	720	760	720	680	780	700	700	620	740	620	680	560	460	400	440	280	300	140	160	0	
V4
0	345	327	291	418	291	254	273	327	364	364	400	418	364	309	400	327	327	273	418	345	436	364	327	291	436	309	436	273	436	309	
345	0	54	145	254	254	309	364	455	527	582	655	691	673	637	746	673	673	600	728	618	673	582	473	436	455	327	327	200	182	54	
327	54	0	91	200	200	254	309	400	473	527	600	655	637	618	728	655	655	600	728	637	691	600	509	455	509	364	382	236	236	109	
291	145	91	0	145	109	182	218	309	382	436	527	582	564	564	673	600	618	564	709	637	691	618	527	473	564	400	455	291	327	182	
418	254	200	145	0	145	218	254	327	382	455	546	637	637	637	764	709	728	691	855	764	837	764	673	618	691	546	582	436	436	309	
291	254	200	109	145	0	72	109	200	273	327	418	491	491	491	600	564	582	546	709	637	728	655	582	527	637	491	546	382	436	291	
254	309	254	182	218	72	0	36	127	200	254	345	418	418	418	546	509	527	509	673	600	691	637	582	527	655	509	582	400	491	327	
273	364	309	218	254	109	36	0	91	145	218	291	382	382	400	527	491	527	509	673	618	709	655	600	564	691	546	618	455	546	382	
327	455	400	309	327	200	127	91	0	54	127	218	309	327	364	473	473	509	509	673	618	746	691	655	618	746	600	709	527	637	473	
364	527	473	382	382	273	200	145	54	0	72	163	254	291	345	455	455	509	509	691	637	764	728	691	655	782	655	764	582	691	527	
364	582	527	436	455	327	254	218	127	72	0	91	182	218	291	400	418	455	491	655	618	746	728	691	655	800	691	782	618	746	582	
400	655	600	527	546	418	345	291	218	163	91	0	91	163	236	345	382	436	473	618	618	746	728	709	673	837	728	837	673	800	655	
418	691	655	582	637	491	418	382	309	254	182	91	0	91	182	254	309	364	418	564	564	691	691	691	673	837	728	855	691	837	691	
364	673	637	564	637	491	418	382	327	291	218	163	91	0	91	182	218	273	327	473	473	600	600	600	582	746	655	782	637	782	655	
309	637	618	564	637	491	418	400	364	345	291	236	182	91	0	109	127	182	236	382	382	509	509	527	509	673	600	728	582	746	618	
400	746	728	673	764	600	546	527	473	455	400	345	254	182	109	0	91	145	218	327	364	473	509	546	546	709	655	782	655	837	709	
327	673	655	600	709	564	509	491	473	455	418	382	309	218	127	91	0	54	127	254	254	382	418	436	436	600	546	691	564	746	637	
327	673	655	618	728	582	527	527	509	509	455	436	364	273	182	145	54	0	91	200	218	327	364	400	418	582	527	673	546	728	637	
273	600	600	564	691	546	509	509	509	509	491	473	418	327	236	218	127	91	0	163	145	273	291	309	327	491	436	582	473	655	564	
418	728	728	709	855	709	673	673	673	691	655	618	564	473	382	327	254	200	163	0	109	163	254	327	364	491	509	637	564	746	673	
345	618	637	637	764	637	600	618	618	637	618	618	564	473	382	364	254	218	145	109	0	127	163	218	254	382	400	527	455	637	564	
436	673	691	691	837	728	691	709	746	764	746	746	691	600	509	473	382	327	273	163	127	0	109	200	236	345	382	509	473	637	618	
364	582	600	618	764	655	637	655	691	728	728	728	691	600	509	509	418	364	291	254	163	109	0	91	145	236	273	400	382	527	509	
327	473	509	527	673	582	582	600	655	691	691	709	691	600	527	546	436	400	309	327	218	200	91	0	36	163	182	309	273	436	418	
291	436	455	473	618	527	527	564	618	655	655	673	673	582	509	546	436	418	327	364	254	236	145	36	0	163	145	273	236	382	364	
436	455	509	564	691	637	655	691	746	782	800	837	837	746	673	709	600	582	491	491	382	345	236	163	163	0	145	182	254	345	400	
309	327	364	400	546	491	509	546	600	655	691	728	728	655	600	655	546	527	436	509	400	382	273	182	145	145	0	127	109	236	254	
436	327	382	455	582	546	582	618	709	764	782	837	855	782	728	782	691	673	582	637	527	509	400	309	273	182	127	0	163	182	273	
273	200	236	291	436	382	400	455	527	582	618	673	691	637	582	655	564	546	473	564	455	473	382	273	236	254	109	163	0	182	127	
436	182	236	327	436	436	491	546	637	691	746	800	837	782	746	837	746	728	655	746	637	637	527	436	382	345	236	182	182	0	145	
309	54	109	182	309	291	327	382	473	527	582	655	691	655	618	709	637	637	564	673	564	618	509	418	364	400	254	273	127	145	0	
V5
0	380	360	320	460	320	280	300	360	400	400	440	460	400	340	440	360	360	300	460	380	480	400	360	320	480	340	480	300	480	340	
380	0	60	160	280	280	340	400	500	580	640	720	760	740	700	820	740	740	660	800	680	740	640	520	480	500	360	360	220	200	60	
360	60	0	100	220	220	280	340	440	520	580	660	720	700	680	800	720	720	660	800	700	760	660	560	500	560	400	420	260	260	120	
320	160	100	0	160	120	200	240	340	420	480	580	640	620	620	740	660	680	620	780	700	760	680	580	520	620	440	500	320	360	200	
460	280	220	160	0	160	240	280	360	420	500	600	700	700	700	840	780	800	760	940	840	920	840	740	680	760	600	640	480	480	340	
320	280	220	120	160	0	80	120	220	300	360	460	540	540	540	660	620	640	600	780	700	800	720	640	580	700	540	600	420	480	320	
280	340	280	200	240	80	0	40	140	220	280	380	460	460	460	600	560	580	560	740	660	760	700	640	580	720	560	640	440	540	360	
300	400	340	240	280	120	40	0	100	160	240	320	420	420	440	580	540	580	560	740	680	780	720	660	620	760	600	680	500	600	420	
360	500	440	340	360	220	140	100	0	60	140	240	340	360	400	520	520	560	560	740	680	820	760	720	680	820	660	780	580	700	520	
400	580	520	420	420	300	220	160	60	0	80	180	280	320	380	500	500	560	560	760	700	840	800	760	720	860	720	840	640	760	580	
400	640	580	480	500	360	280	240	140	80	0	100	200	240	320	440	460	500	540	720	680	820	800	760	720	880	760	860	680	820	640	
440	720	660	580	600	460	380	320	240	180	100	0	100	180	260	380	420	480	520	680	680	820	800	780	740	920	800	920	740	880	720	
460	760	720	640	700	540	460	420	340	280	200	100	0	100	200	280	340	400	460	620	620	760	760	760	740	920	800	940	760	920	760	
400	740	700	620	700	540	460	420	360	320	240	180	100	0	100	200	240	300	360	520	520	660	660	660	640	820	720	860	700	860	720	
340	700	680	620	700	540	460	440	400	380	320	260	200	100	0	120	140	200	260	420	420	560	560	580	560	740	660	800	640	820	680	
440	820	800	740	840	660	600	580	520	500	440	380	280	200	120	0	100	160	240	360	400	520	560	600	600	780	720	860	720	920	780	
360	740	720	660	780	620	560	540	520	500	460	420	340	240	140	100	0	60	140	280	280	420	460	480	480	660	600	760	620	820	700	
360	740	720	680	800	640	580	580	560	560	500	480	400	300	200	160	60	0	100	220	240	360	400	440	460	640	580	740	600	800	700	
300	660	660	620	760	600	560	560	560	560	540	520	460	360	260	240	140	100	0	180	160	300	320	340	360	540	480	640	520	720	620	
460	800	800	780	940	780	740	740	740	760	720	680	620	520	420	360	280	220	180	0	120	180	280	360	400	540	560	700	620	820	740	
380	680	700	700	840	700	660	680	680	700	680	680	620	520	420	400	280	240	160	120	0	140	180	240	280	420	440	580	500	700	620	
480	740	760	760	920	800	760	780	820	840	820	820	760	660	560	520	420	360	300	180	140	0	120	220	260	380	420	560	520	700	680	
400	640	660	680	840	720	700	720	760	800	800	800	760	660	560	560	460	400	320	280	180	120	0	100	160	260	300	440	420	580	560	
360	520	560	580	740	640	640	660	720	760	760	780	760	660	580	600	480	440	340	360	240	220	100	0	40	180	200	340	300	480	460	
320	480	500	520	680	580	580	620	680	720	720	740	740	640	560	600	480	460	360	400	280	260	160	40	0	180	160	300	260	420	400	
480	500	560	620	760	700	720	760	820	860	880	920	920	820	740	780	660	640	540	540	420	380	260	180	180	0	160	200	280	380	440	
340	360	400	440	600	540	560	600	660	720	760	800	800	720	660	720	600	580	480	560	440	420	300	200	160	160	0	140	120	260	280	
480	360	420	500	640	600	640	680	780	840	860	920	940	860	800	860	760	740	640	700	580	560	440	340	300	200	140	0	180	200	300	
300	220	260	320	480	420	440	500	580	640	680	740	760	700	640	720	620	600	520	620	500	520	420	300	260	280	120	180	0	200	140	
480	200	260	360	480	480	540	600	700	760	820	880	920	860	820	920	820	800	720	820	700	700	580	480	420	380	260	200	200	0	160	
340	60	120	200	340	320	360	420	520	580	640	720	760	720	680	780	700	700	620	740	620	680	560	460	400	440	280	300	140	160	0	
V6
0	178	169	150	216	150	131	141	169	188	188	206	216	188	159	206	169	169	141	216	178	225	188	169	150	225	159	225	141	225	159	
178	0	28	75	131	131	159	188	235	272	300	338	357	347	329	385	347	347	310	376	319	347	300	244	225	235	169	169	103	94	28	
169	28	0	47	103	103	131	159	206	244	272	310	338	329	319	376	338	338	310	376	329	357	310	263	235	263	188	197	122	122	56	
150	75	47	0	75	56	94	112	159	197	225	272	300	291	291	347	310	319	291	366	329	357	319	272	244	291	206	235	150	169	94	
216	131	103	75	0	75	112	131	169	197	235	282	329	329	329	394	366	376	357	441	394	432	394	347	319	357	282	300	225	225	159	
150	131	103	56	75	0	37	56	103	141	169	216	253	253	253	310	291	300	282	366	329	376	338	300	272	329	253	282	197	225	150	
131	159	131	94	112	37	0	18	65	103	131	178	216	216	216	282	263	272	263	347	310	357	329	300	272	338	263	300	206	253	169	
141	188	159	112	131	56	18	0	47	75	112	150	197	197	206	272	253	272	263	347	319	366	338	310	291	357	282	319	235	282	197	
169	235	206	159	169	103	65	47	0	28	65	112	159	169	188	244	244	263	263	347	319	385	357	338	319	385	310	366	272	329	244	
188	272	244	197	197	141	103	75	28	0	37	84	131	150	178	235	235	263	263	357	329	394	376	357	338	404	338	394	300	357	272	
188	300	272	225	235	169	131	112	65	37	0	47	94	112	150	206	216	235	253	338	319	385	376	357	338	413	357	404	319	385	300	
206	338	310	272	282	216	178	150	112	84	47	0	47	84	122	178	197	225	244	319	319	385	376	366	347	432	376	432	347	413	338	
216	357	338	300	329	253	216	197	159	131	94	47	0	47	94	131	159	188	216	291	291	357	357	357	347	432	376	441	357	432	357	
188	347	329	291	329	253	216	197	169	150	112	84	47	0	47	94	112	141	169	244	244	310	310	310	300	385	338	404	329	404	338	
159	329	319	291	329	253	216	206	188	178	150	122	94	47	0	56	65	94	122	197	197	263	263	272	263	347	310	376	300	385	319	
206	385	376	347	394	310	282	272	244	235	206	178	131	94	56	0	47	75	112	169	188	244	263	282	282	366	338	404	338	432	366	
169	347	338	310	366	291	263	253	244	235	216	197	159	112	65	47	0	28	65	131	131	197	216	225	225	310	282	357	291	385	329	
169	347	338	319	376	300	272	272	263	263	235	225	188	141	94	75	28	0	47	103	112	169	188	206	216	300	272	347	282	376	329	
141	310	310	291	357	282	263	263	263	263	253	244	216	169	122	112	65	47	0	84	75	141	150	159	169	253	225	300	244	338	291	
216	376	376	366	441	366	347	347	347	357	338	319	291	244	197	169	131	103	84	0	56	84	131	169	188	253	263	329	291	385	347	
178	319	329	329	394	329	310	319	319	329	319	319	291	244	197	188	131	112	75	56	0	65	84	112	131	197	206	272	235	329	291	
225	347	357	357	432	376	357	366	385	394	385	385	357	310	263	244	197	169	141	84	65	0	56	103	122	178	197	263	244	329	319	
188	300	310	319	394	338	329	338	357	376	376	376	357	310	263	263	216	188	150	131	84	56	0	47	75	122	141	206	197	272	263	
169	244	263	272	347	300	300	310	338	357	357	366	357	310	272	282	225	206	159	169	112	103	47	0	18	84	94	159	141	225	216	
150	225	235	244	319	272	272	291	319	338	338	347	347	300	263	282	225	216	169	188	131	122	75	18	0	84	75	141	122	197	188	
225	235	263	291	357	329	338	357	385	404	413	432	432	385	347	366	310	300	253	253	197	178	122	84	84	0	75	94	131	178	206	
159	169	188	206	282	253	263	282	310	338	357	376	376	338	310	338	282	272	225	263	206	197	141	94	75	75	0	65	56	122	131	
225	169	197	235	300	282	300	319	366	394	404	432	441	404	376	404	357	347	300	329	272	263	206	159	141	94	65	0	84	94	141	
141	103	122	150	225	197	206	235	272	300	319	347	357	329	300	338	291	282	244	291	235	244	197	141	122	131	56	84	0	94	65	
225	94	122	169	225	225	253	282	329	357	385	413	432	404	385	432	385	376	338	385	329	329	272	225	197	178	122	94	94	0	75	
159	28	56	94	159	150	169	197	244	272	300	338	357	338	319	366	329	329	291	347	291	319	263	216	188	206	131	141	65	75	0	
V7
0	402	381	339	487	339	296	318	381	424	424	466	487	424	360	466	381	381	318	487	402	508	424	381	339	508	360	508	318	508	360	
402	0	63	169	296	296	360	424	530	614	678	763	805	784	742	869	784	784	699	848	720	784	678	551	508	530	381	381	233	212	63	
381	63	0	106	233	233	296	360	466	551	614	699	763	742	720	848	763	763	699	848	742	805	699	593	530	593	424	445	275	275	127	
339	169	106	0	169	127	212	254	360	445	508	614	678	657	657	784	699	720	657	826	742	805	720	614	551	657	466	530	339	381	212	
487	296	233	169	0	169	254	296	381	445	530	636	742	742	742	890	826	848	805	996	890	975	890	784	720	805	636	678	508	508	360	
339	296	233	127	169	0	84	127	233	318	381	487	572	572	572	699	657	678	636	826	742	848	763	678	614	742	572	636	445	508	339	
296	360	296	212	254	84	0	42	148	233	296	402	487	487	487	636	593	614	593	784	699	805	742	678	614	763	593	678	466	572	381	
318	424	360	254	296	127	42	0	106	169	254	339	445	445	466	614	572	614	593	784	720	826	763	699	657	805	636	720	530	636	445	
381	530	466	360	381	233	148	106	0	63	148	254	360	381	424	551	551	593	593	784	720	869	805	763	720	869	699	826	614	742	551	
424	614	551	445	445	318	233	169	63	0	84	190	296	339	402	530	530	593	593	805	742	890	848	805	763	911	763	890	678	805	614	
424	678	614	508	530	381	296	254	148	84	0	106	212	254	339	466	487	530	572	763	720	869	848	805	763	932	805	911	720	869	678	
466	763	699	614	636	487	402	339	254	190	106	0	106	190	275	402	445	508	551	720	720	869	848	826	784	975	848	975	784	932	763	
487	805	763	678	742	572	487	445	360	296	212	106	0	106	212	296	360	424	487	657	657	805	805	805	784	975	848	996	805	975	805	
424	784	742	657	742	572	487	445	381	339	254	190	106	0	106	212	254	318	381	551	551	699	699	699	678	869	763	911	742	911	763	
360	742	720	657	742	572	487	466	424	402	339	275	212	106	0	127	148	212	275	445	445	593	593	614	593	784	699	848	678	869	720	
466	869	848	784	890	699	636	614	551	530	466	402	296	212	127	0	106	169	254	381	424	551	593	636	636	826	763	911	763	975	826	
381	784	763	699	826	657	593	572	551	530	487	445	360	254	148	106	0	63	148	296	296	445	487	508	508	699	636	805	657	869	742	
381	784	763	720	848	678	614	614	593	593	530	508	424	318	212	169	63	0	106	233	254	381	424	466	487	678	614	784	636	848	742	
318	699	699	657	805	636	593	593	593	593	572	551	487	381	275	254	148	106	0	190	169	318	339	360	381	572	508	678	551	763	657	
487	848	848	826	996	826	784	784	784	805	763	720	657	551	445	381	296	233	190	0	127	190	296	381	424	572	593	742	657	869	784	
402	720	742	742	890	742	699	720	720	742	720	720	657	551	445	424	296	254	169	127	0	148	190	254	296	445	466	614	530	742	657	
508	784	805	805	975	848	805	826	869	890	869	869	805	699	593	551	445	381	318	190	148	0	127	233	275	402	445	593	551	742	720	
424	678	699	720	890	763	742	763	805	848	848	848	805	699	593	593	487	424	339	296	190	127	0	106	169	275	318	466	445	614	593	
381	551	593	614	784	678	678	699	763	805	805	826	805	699	614	636	508	466	360	381	254	233	106	0	42	190	212	360	318	508	487	
339	508	530	551	720	614	614	657	720	763	763	784	784	678	593	636	508	487	381	424	296	275	169	42	0	190	169	318	275	445	424	
508	530	593	657	805	742	763	805	869	911	932	975	975	869	784	826	699	678	572	572	445	402	275	190	190	0	169	212	296	402	466	
360	381	424	466	636	572	593	636	699	763	805	848	848	763	699	763	636	614	508	593	466	445	318	212	169	169	0	148	127	275	296	
508	381	445	530	678	636	678	720	826	890	911	975	996	911	848	911	805	784	678	742	614	593	466	360	318	212	148	0	190	212	318	
318	233	275	339	508	445	466	530	614	678	720	784	805	742	678	763	657	636	551	657	530	551	445	318	275	296	127	190	0	212	148	
508	212	275	381	508	508	572	636	742	805	869	932	975	911	869	975	869	848	763	869	742	742	614	508	445	402	275	212	212	0	169	
360	63	127	212	360	339	381	445	551	614	678	763	805	763	720	826	742	742	657	784	657	720	593	487	424	466	296	318	148	169	0	
V8
0	220	208	185	266	185	162	174	208	232	232	255	266	232	197	255	208	208	174	266	220	278	232	208	185	278	197	278	174	278	197	
220	0	34	92	162	162	197	232	290	336	371	417	440	429	406	475	429	429	382	464	394	429	371	301	278	290	208	208	127	116	34	
208	34	0	58	127	127	162	197	255	301	336	382	417	406	394	464	417	417	382	464	406	440	382	324	290	324	232	243	150	150	69	
185	92	58	0	92	69	116	139	197	243	278	336	371	359	359	429	382	394	359	452	406	440	394	336	301	359	255	290	185	208	116	
266	162	127	92	0	92	139	162	208	243	290	348	406	406	406	487	452	464	440	545	487	533	487	429	394	440	348	371	278	278	197	
185	162	127	69	92	0	46	69	127	174	208	266	313	313	313	382	359	371	348	452	406	464	417	371	336	406	313	348	243	278	185	
162	197	162	116	139	46	0	23	81	127	162	220	266	266	266	348	324	336	324	429	382	440	406	371	336	417	324	371	255	313	208	
174	232	197	139	162	69	23	0	58	92	139	185	243	243	255	336	313	336	324	429	394	452	417	382	359	440	348	394	290	348	243	
208	290	255	197	208	127	81	58	0	34	81	139	197	208	232	301	301	324	324	429	394	475	440	417	394	475	382	452	336	406	301	
232	336	301	243	243	174	127	92	34	0	46	104	162	185	220	290	290	324	324	440	406	487	464	440	417	498	417	487	371	440	336	
232	371	336	278	290	208	162	139	81	46	0	58	116	139	185	255	266	290	313	417	394	475	464	440	417	510	440	498	394	475	371	
255	417	382	336	348	266	220	185	139	104	58	0	58	104	150	220	243	278	301	394	394	475	464	452	429	533	464	533	429	510	417	
266	440	417	371	406	313	266	243	197	162	116	58	0	58	116	162	197	232	266	359	359	440	440	440	429	533	464	545	440	533	440	
232	429	406	359	406	313	266	243	208	185	139	104	58	0	58	116	139	174	208	301	301	382	382	382	371	475	417	498	406	498	417	
197	406	394	359	406	313	266	255	232	220	185	150	116	58	0	69	81	116	150	243	243	324	324	336	324	429	382	464	371	475	394	
255	475	464	429	487	382	348	336	301	290	255	220	162	116	69	0	58	92	139	208	232	301	324	348	348	452	417	498	417	533	452	
208	429	417	382	452	359	324	313	301	290	266	243	197	139	81	58	0	34	81	162	162	243	266	278	278	382	348	440	359	475	406	
208	429	417	394	464	371	336	336	324	324	290	278	232	174	116	92	34	0	58	127	139	208	232	255	266	371	336	429	348	464	406	
174	382	382	359	440	348	324	324	324	324	313	301	266	208	150	139	81	58	0	104	92	174	185	197	208	313	278	371	301	417	359	
266	464	464	452	545	452	429	429	429	440	417	394	359	301	243	208	162	127	104	0	69	104	162	208	232	313	324	406	359	475	429	
220	394	406	406	487	406	382	394	394	406	394	394	359	301	243	232	162	139	92	69	0	81	104	139	162	243	255	336	290	406	359	
278	429	440	440	533	464	440	452	475	487	475	475	440	382	324	301	243	208	174	104	81	0	69	127	150	220	243	324	301	406	394	
232	371	382	394	487	417	406	417	440	464	464	464	440	382	324	324	266	232	185	162	104	69	0	58	92	150	174	255	243	336	324	
208	301	324	336	429	371	371	382	417	440	440	452	440	382	336	348	278	255	197	208	139	127	58	0	23	104	116	197	174	278	266	
185	278	290	301	394	336	336	359	394	417	417	429	429	371	324	348	278	266	208	232	162	150	92	23	0	104	92	174	150	243	232	
278	290	324	359	440	406	417	440	475	498	510	533	533	475	429	452	382	371	313	313	243	220	150	104	104	0	92	116	162	220	255	
197	208	232	255	348	313	324	348	382	417	440	464	464	417	382	417	348	336	278	324	255	243	174	116	92	92	0	81	69	150	162	
278	208	243	290	371	348	371	394	452	487	498	533	545	498	464	498	440	429	371	406	336	324	255	197	174	116	81	0	104	116	174	
174	127	150	185	278	243	255	290	336	371	394	429	440	406	371	417	359	348	301	359	290	301	243	174	150	162	69	104	0	116	81	
278	116	150	208	278	278	313	348	406	440	475	510	533	498	475	533	475	464	417	475	406	406	336	278	243	220	150	116	116	0	92	
197	34	69	116	197	185	208	243	301	336	371	417	440	417	394	452	406	406	359	429	359	394	324	266	232	255	162	174	81	92	0	
V9
0	155	147	131	188	131	114	123	147	164	164	180	188	164	139	180	147	147	123	188	155	196	164	147	131	196	139	196	123	196	139	
155	0	24	65	114	114	139	164	205	237	262	295	311	303	287	336	303	303	270	328	278	303	262	213	196	205	147	147	90	82	24	
147	24	0	41	90	90	114	139	180	213	237	270	295	287	278	328	295	295	270	328	287	311	270	229	205	229	164	172	106	106	49	
131	65	41	0	65	49	82	98	139	172	196	237	262	254	254	303	270	278	254	319	287	311	278	237	213	254	180	205	131	147	82	
188	114	90	65	0	65	98	114	147	172	205	246	287	287	287	344	319	328	311	385	344	377	344	303	278	311	246	262	196	196	139	
131	114	90	49	65	0	32	49	90	123	147	188	221	221	221	270	254	262	246	319	287	328	295	262	237	287	221	246	172	196	131	
114	139	114	82	98	32	0	16	57	90	114	155	188	188	188	246	229	237	229	303	270	311	287	262	237	295	229	262	180	221	147	
123	164	139	98	114	49	16	0	41	65	98	131	172	172	180	237	221	237	229	303	278	319	295	270	254	311	246	278	205	246	172	
147	205	180	139	147	90	57	41	0	24	57	98	139	147	164	213	213	229	229	303	278	336	311	295	278	336	270	319	237	287	213	
164	237	213	172	172	123	90	65	24	0	32	73	114	131	155	205	205	229	229	311	287	344	328	311	295	352	295	344	262	311	237	
164	262	237	196	205	147	114	98	57	32	0	41	82	98	131	180	188	205	221	295	278	336	328	311	295	360	311	352	278	336	262	
180	295	270	237	246	188	155	131	98	73	41	0	41	73	106	155	172	196	213	278	278	336	328	319	303	377	328	377	303	360	295	
188	311	295	262	287	221	188	172	139	114	82	41	0	41	82	114	139	164	188	254	254	311	311	311	303	377	328	385	311	377	311	
164	303	287	254	287	221	188	172	147	131	98	73	41	0	41	82	98	123	147	213	213	270	270	270	262	336	295	352	287	352	295	
139	287	278	254	287	221	188	180	164	155	131	106	82	41	0	49	57	82	106	172	172	229	229	237	229	303	270	328	262	336	278	
180	336	328	303	344	270	246	237	213	205	180	155	114	82	49	0	41	65	98	147	164	213	229	246	246	319	295	352	295	377	319	
147	303	295	270	319	254	229	221	213	205	188	172	139	98	57	41	0	24	57	114	114	172	188	196	196	270	246	311	254	336	287	
147	303	295	278	328	262	237	237	229	229	205	196	164	123	82	65	24	0	41	90	98	147	164	180	188	262	237	303	246	328	287	
123	270	270	254	311	246	229	229	229	229	221	213	188	147	106	98	57	41	0	73	65	123	131	139	147	221	196	262	213	295	254	
188	328	328	319	385	319	303	303	303	311	295	278	254	213	172	147	114	90	73	0	49	73	114	147	164	221	229	287	254	336	303	
155	278	287	287	344	287	270	278	278	287	278	278	254	213	172	164	114	98	65	49	0	57	73	98	114	172	180	237	205	287	254	
196	303	311	311	377	328	311	319	336	344	336	336	311	270	229	213	172	147	123	73	57	0	49	90	106	155	172	229	213	287	278	
164	262	270	278	344	295	287	295	311	328	328	328	311	270	229	229	188	164	131	114	73	49	0	41	65	106	123	180	172	237	229	
147	213	229	237	303	262	262	270	295	311	311	319	311	270	237	246	196	180	139	147	98	90	41	0	16	73	82	139	123	196	188	
131	196	205	213	278	237	237	254	278	295	295	303	303	262	229	246	196	188	147	164	114	106	65	16	0	73	65	123	106	172	164	
196	205	229	254	311	287	295	311	336	352	360	377	377	336	303	319	270	262	221	221	172	155	106	73	73	0	65	82	114	155	180	
139	147	164	180	246	221	229	246	270	295	311	328	328	295	270	295	246	237	196	229	180	172	123	82	65	65	0	57	49	106	114	
196	147	172	205	262	246	262	278	319	344	352	377	385	352	328	352	311	303	262	287	237	229	180	139	123	82	57	0	73	82	123	
123	90	106	131	196	172	180	205	237	262	278	303	311	287	262	295	254	246	213	254	205	213	172	123	106	114	49	73	0	82	57	
196	82	106	147	196	196	221	246	287	311	336	360	377	352	336	377	336	328	295	336	287	287	237	196	172	155	106	82	82	0	65	
139	24	49	82	139	131	147	172	213	237	262	295	311	295	278	319	287	287	254	303	254	278	229	188	164	180	114	123	57	65	0	
Velocidade_Veiculos
1	1	1	1	1	1	1	1	1	1	