M: 2
N: 30
Nun_Veiculos: 9
Capacidade_Total: 792
Demanda_Total: 617
Setup_Min: 1
Setup_Max: 9
Raio: 20
Circulos: 1
Tempo_Processamento_Min: 1
Tempo_Processamento_Max: 49
Demanda_Min: 10
Demanda_Max: 30
Priority_Factor: 0.2
Range_Factor_R: 0.8
U_factor: 2
ALpha: 0.2Replicao: 4
Tempos_Processamentos
0	0	1	0	
0	20	1	32	
0	3	1	11	
0	20	1	31	
0	19	1	10	
0	39	1	12	
0	19	1	44	
0	8	1	14	
0	16	1	1	
0	30	1	22	
0	6	1	43	
0	19	1	18	
0	14	1	48	
0	17	1	23	
0	16	1	4	
0	22	1	31	
0	16	1	37	
0	16	1	6	
0	33	1	28	
0	19	1	7	
0	4	1	27	
0	26	1	26	
0	41	1	26	
0	34	1	33	
0	25	1	47	
0	33	1	47	
0	30	1	49	
0	40	1	49	
0	10	1	29	
0	38	1	25	
0	26	1	29	

Tempos_setup
M0
0	0	0	0	0	0	0	0	0	0	0	0	0	0	0	0	0	0	0	0	0	0	0	0	0	0	0	0	0	0	0	
0	0	2	2	3	1	3	2	1	2	3	2	4	3	3	3	2	3	3	3	2	3	3	4	2	4	3	4	2	3	3	
0	4	0	3	3	3	2	3	2	3	3	3	2	2	2	2	3	1	1	3	3	3	1	3	3	3	2	3	3	3	3	
0	2	2	0	2	3	1	2	3	1	2	3	3	2	2	3	3	1	3	3	2	2	2	2	3	2	2	2	3	1	2	
0	3	2	2	0	3	3	2	2	2	3	2	2	2	2	3	3	3	1	3	3	1	3	3	3	4	1	1	2	3	2	
0	2	2	3	2	0	2	1	3	2	2	2	3	2	2	3	3	3	3	2	2	2	3	3	1	3	2	3	1	4	2	
0	4	2	3	3	2	0	3	2	3	4	3	3	2	3	2	3	1	3	3	1	3	1	3	3	3	4	3	3	4	3	
0	2	2	3	3	3	3	0	3	2	1	1	3	3	3	2	2	3	3	1	3	2	2	2	2	2	3	3	2	3	1	
0	3	2	1	3	2	2	3	0	2	3	3	3	2	2	2	1	2	3	3	1	3	3	3	1	3	2	3	3	2	3	
0	3	2	4	3	3	3	1	3	0	1	2	3	2	3	3	3	1	3	2	2	2	3	2	3	3	3	4	2	4	2	
0	4	3	3	3	3	3	2	2	1	0	3	2	3	2	2	3	2	4	3	3	3	4	1	2	2	2	3	3	3	3	
0	4	1	2	4	4	3	3	3	2	1	0	3	3	3	3	4	2	2	4	4	4	2	2	3	3	3	4	4	3	4	
0	2	2	3	3	3	4	3	3	2	1	3	0	2	2	3	3	3	2	3	2	2	3	1	3	3	2	2	3	1	3	
0	2	2	3	1	1	3	1	3	3	2	1	3	0	3	3	3	3	2	1	3	2	2	3	2	3	2	2	2	3	2	
0	4	3	3	4	3	3	4	2	3	3	3	4	3	0	2	1	2	4	4	3	4	4	3	2	4	3	3	4	4	4	
0	2	3	4	3	1	3	2	3	1	2	3	3	3	2	0	3	2	4	3	2	2	4	3	2	4	3	1	2	4	3	
0	3	3	2	4	2	2	3	1	2	2	4	4	3	2	1	0	3	4	4	2	3	3	3	2	4	3	2	3	3	4	
0	3	1	3	2	2	3	2	3	4	3	2	2	1	2	3	3	0	2	2	3	3	2	3	3	2	3	3	2	3	3	
0	3	3	3	4	3	4	3	3	3	2	4	1	3	1	3	2	3	0	4	3	3	3	2	3	4	2	3	3	2	3	
0	1	3	3	3	2	3	1	2	3	2	2	3	3	3	2	3	4	4	0	3	2	1	3	2	3	3	2	2	2	1	
0	3	1	4	3	1	3	2	3	3	3	3	3	3	3	3	4	2	2	3	0	3	2	4	2	4	3	4	2	4	3	
0	3	2	2	2	2	3	2	1	2	2	1	1	1	2	3	2	3	3	2	2	0	3	2	2	4	3	3	3	2	3	
0	3	3	2	4	2	3	3	1	2	3	3	3	3	3	1	2	3	4	4	2	2	0	4	2	4	3	2	3	3	4	
0	3	3	3	3	4	3	4	2	3	2	4	1	3	1	3	2	3	3	3	3	3	3	0	3	3	3	2	3	2	2	
0	4	2	2	2	4	3	2	4	3	3	3	2	3	3	3	4	3	3	3	3	3	3	3	0	3	1	3	2	3	2	
0	3	3	1	1	3	1	3	2	2	2	3	1	3	3	3	3	2	2	3	2	2	2	2	3	0	2	2	3	2	2	
0	3	1	1	2	3	2	1	3	2	2	2	3	2	2	2	3	2	2	2	2	2	2	3	2	3	0	2	1	2	1	
0	2	3	3	3	3	4	2	2	1	2	2	2	2	3	4	3	2	4	3	3	1	4	3	3	4	4	0	3	3	3	
0	3	1	2	1	2	1	2	2	3	3	2	2	1	1	2	2	2	2	2	1	1	2	3	2	4	1	2	0	3	1	
0	1	1	2	3	2	3	2	2	2	3	2	2	2	1	2	2	2	2	3	3	1	2	3	3	4	1	1	2	0	2	
0	3	2	3	2	2	2	3	2	2	3	2	2	2	2	1	3	3	3	3	2	1	1	3	1	4	2	2	1	3	0	
M1
0	0	0	0	0	0	0	0	0	0	0	0	0	0	0	0	0	0	0	0	0	0	0	0	0	0	0	0	0	0	0	
0	0	3	3	3	2	2	4	1	3	3	2	2	2	3	3	3	3	1	3	3	3	3	2	2	2	3	3	4	2	3	
0	2	0	4	3	3	3	4	2	1	3	3	1	3	3	3	4	3	3	2	2	4	3	3	2	4	3	3	2	4	2	
0	3	1	0	3	3	4	3	3	2	3	4	2	2	2	1	3	3	3	3	2	2	3	4	3	3	3	3	3	3	2	
0	2	2	1	0	4	4	3	3	2	4	4	2	3	3	2	4	4	3	4	3	2	4	4	4	3	4	4	4	4	3	
0	1	2	2	4	0	3	3	2	3	1	2	3	2	2	1	2	1	2	3	2	2	2	3	1	3	3	2	2	3	2	
0	4	3	2	2	4	0	2	4	3	4	3	4	4	3	3	2	3	4	3	4	4	2	2	3	4	3	4	4	2	3	
0	3	3	2	3	3	2	0	3	3	3	2	3	2	4	2	3	3	4	4	2	3	4	1	4	4	2	3	2	3	3	
0	2	2	3	3	1	1	3	0	2	2	1	3	1	3	2	2	2	3	3	2	3	2	3	1	3	2	2	3	2	3	
0	1	4	3	3	3	3	4	2	0	4	2	3	3	3	2	4	2	2	2	3	3	3	2	3	3	3	3	3	3	3	
0	1	2	3	3	3	2	3	2	2	0	1	2	1	2	3	1	2	2	3	2	2	1	3	1	2	2	2	3	2	2	
0	3	3	3	3	2	3	4	2	3	2	0	3	2	2	3	3	1	3	3	4	3	2	2	3	2	3	1	2	3	2	
0	2	3	4	3	2	2	3	1	3	2	2	0	2	3	2	3	2	3	4	1	3	2	4	2	3	2	2	3	3	1	
0	2	3	3	2	2	2	2	1	1	2	2	2	0	2	3	1	2	3	2	3	3	3	3	2	3	1	3	2	1	2	
0	3	2	4	3	2	2	2	1	3	3	2	1	2	0	2	3	2	4	4	2	1	3	3	2	2	3	3	3	3	2	
0	3	2	3	3	2	3	2	2	2	2	3	3	2	2	0	3	2	2	4	1	1	2	3	3	2	3	2	3	3	1	
0	2	2	2	2	2	3	2	2	3	2	3	2	2	2	3	0	1	3	3	3	3	2	3	3	3	1	2	2	3	3	
0	2	2	3	3	1	2	3	1	2	2	2	2	1	1	2	2	0	3	2	3	2	1	4	2	2	2	1	1	2	2	
0	3	2	2	3	3	2	3	2	3	3	2	1	3	3	2	4	3	0	4	2	3	3	1	2	4	2	3	4	4	2	
0	2	3	2	1	2	1	3	2	3	2	3	2	2	2	3	3	1	3	0	3	3	2	3	3	3	3	2	1	3	2	
0	2	3	3	3	1	3	3	2	2	2	3	3	1	2	1	2	2	3	3	0	2	3	4	2	2	2	1	3	2	2	
0	3	1	3	2	2	2	1	2	2	2	3	2	3	3	3	3	2	3	3	3	0	2	2	3	1	3	3	3	4	1	
0	3	3	2	3	2	1	3	2	2	3	2	2	3	1	3	3	3	4	4	3	2	0	3	3	2	4	2	2	3	3	
0	2	2	1	2	3	1	2	3	3	2	1	2	3	3	1	3	2	3	4	2	2	3	0	3	3	1	2	3	3	2	
0	3	1	3	4	2	2	4	2	2	3	3	2	2	2	2	3	1	4	3	1	3	1	4	0	3	3	2	2	3	3	
0	2	3	2	1	1	1	3	3	3	2	3	3	3	3	2	3	2	2	4	3	3	3	3	2	0	4	3	3	3	3	
0	1	2	2	1	3	3	1	2	3	1	2	1	2	3	2	2	3	2	4	2	2	2	2	2	2	0	3	3	3	2	
0	3	3	3	2	2	2	3	2	4	2	3	2	3	1	3	3	2	2	4	3	2	2	3	3	1	4	0	3	4	1	
0	2	3	4	3	3	3	3	2	3	1	2	3	2	3	4	2	2	3	3	3	3	2	4	2	3	2	2	0	2	1	
0	2	3	3	2	2	2	3	2	1	3	3	2	3	1	3	4	2	2	1	3	2	2	3	3	3	4	3	2	0	3	
0	2	3	3	4	2	2	2	1	3	1	2	3	2	2	3	2	1	3	3	3	3	1	3	2	3	3	2	2	3	0	
Tamanho_Tarefas
0	20	4	22	11	19	31	11	4	22	6	18	15	18	9	25	20	7	29	9	12	26	31	33	29	39	37	40	14	30	26	
Data_Entrega
0	143	201	273	337	256	222	215	245	337	308	200	233	277	292	341	351	154	237	337	232	251	332	286	271	206	175	332	315	200	170	
Penalidade_Atraso
0	11	20	14	9	19	14	3	2	19	12	6	4	8	11	7	14	9	11	10	7	6	14	14	14	4	20	7	1	17	15	
Capacidade_Veiculo
55	118	100	83	63	116	104	45	108	
Custo_Fixo_Veiculo
550	1180	1000	830	630	1160	1040	450	1080	
Coordenadas_Clientes
x	0	y	0
x	22	y	0
x	22	y	4
x	20	y	9
x	19	y	14
x	14	y	15
x	9	y	16
x	7	y	23
x	2	y	20
x	-1	y	17
x	-7	y	22
x	-9	y	16
x	-13	y	15
x	-18	y	13
x	-20	y	9
x	-23	y	4
x	-15	y	0
x	-23	y	-4
x	-17	y	-7
x	-15	y	-11
x	-16	y	-17
x	-8	y	-15
x	-4	y	-15
x	-2	y	-22
x	2	y	-23
x	6	y	-18
x	8	y	-14
x	14	y	-15
x	13	y	-9
x	16	y	-7
x	16	y	-3
Tempo_Viagem
0	22	22	21	23	20	18	24	20	17	23	18	19	22	21	23	15	23	18	18	23	17	15	22	23	18	16	20	15	17	16	
22	0	4	9	14	17	20	27	28	28	35	34	38	42	42	45	37	45	39	38	40	32	29	31	29	23	19	17	12	9	6	
22	4	0	5	10	13	17	23	25	26	33	33	36	41	42	45	37	45	40	39	43	35	32	34	32	26	22	20	15	12	9	
21	9	5	0	5	8	13	18	21	22	29	29	33	38	40	43	36	44	39	39	44	36	33	37	35	29	25	24	18	16	12	
23	14	10	5	0	5	10	15	18	20	27	28	32	37	39	43	36	44	41	41	46	39	37	41	40	34	30	29	23	21	17	
20	17	13	8	5	0	5	10	13	15	22	23	27	32	34	38	32	40	38	38	43	37	34	40	39	33	29	30	24	22	18	
18	20	17	13	10	5	0	7	8	10	17	18	22	27	29	34	28	36	34	36	41	35	33	39	39	34	30	31	25	24	20	
24	27	23	18	15	10	7	0	5	9	14	16	20	25	29	34	31	39	37	40	46	40	39	45	46	41	37	38	32	31	27	
20	28	25	21	18	13	8	5	0	4	9	11	15	20	24	29	26	34	32	35	41	36	35	42	43	38	34	37	31	30	26	
17	28	26	22	20	15	10	9	4	0	7	8	12	17	20	25	22	30	28	31	37	32	32	39	40	35	32	35	29	29	26	
23	35	33	29	27	22	17	14	9	7	0	6	9	14	18	23	23	30	30	33	39	37	37	44	45	41	39	42	36	36	33	
18	34	33	29	28	23	18	16	11	8	6	0	4	9	13	18	17	24	24	27	33	31	31	38	40	36	34	38	33	33	31	
19	38	36	33	32	27	22	20	15	12	9	4	0	5	9	14	15	21	22	26	32	30	31	38	40	37	35	39	34	36	34	
22	42	41	38	37	32	27	25	20	17	14	9	5	0	4	9	13	17	20	24	30	29	31	38	41	39	37	42	37	39	37	
21	42	42	40	39	34	29	29	24	20	18	13	9	4	0	5	10	13	16	20	26	26	28	35	38	37	36	41	36	38	37	
23	45	45	43	43	38	34	34	29	25	23	18	14	9	5	0	8	8	12	16	22	24	26	33	36	35	34	40	37	39	39	
15	37	37	36	36	32	28	31	26	22	23	17	15	13	10	8	0	8	7	11	17	16	18	25	28	27	26	32	29	31	31	
23	45	45	44	44	40	36	39	34	30	30	24	21	17	13	8	8	0	6	10	14	18	21	27	30	31	31	37	36	39	39	
18	39	40	39	41	38	34	37	32	28	30	24	22	20	16	12	7	6	0	4	10	12	15	21	24	25	25	31	30	33	33	
18	38	39	39	41	38	36	40	35	31	33	27	26	24	20	16	11	10	4	0	6	8	11	17	20	21	23	29	28	31	32	
23	40	43	44	46	43	41	46	41	37	39	33	32	30	26	22	17	14	10	6	0	8	12	14	18	22	24	30	29	32	34	
17	32	35	36	39	37	35	40	36	32	37	31	30	29	26	24	16	18	12	8	8	0	4	9	12	14	16	22	21	24	26	
15	29	32	33	37	34	33	39	35	32	37	31	31	31	28	26	18	21	15	11	12	4	0	7	10	10	12	18	18	21	23	
22	31	34	37	41	40	39	45	42	39	44	38	38	38	35	33	25	27	21	17	14	9	7	0	4	8	12	16	19	22	25	
23	29	32	35	40	39	39	46	43	40	45	40	40	41	38	36	28	30	24	20	18	12	10	4	0	6	10	14	17	20	23	
18	23	26	29	34	33	34	41	38	35	41	36	37	39	37	35	27	31	25	21	22	14	10	8	6	0	4	8	11	14	17	
16	19	22	25	30	29	30	37	34	32	39	34	35	37	36	34	26	31	25	23	24	16	12	12	10	4	0	6	7	10	13	
20	17	20	24	29	30	31	38	37	35	42	38	39	42	41	40	32	37	31	29	30	22	18	16	14	8	6	0	6	8	12	
15	12	15	18	23	24	25	32	31	29	36	33	34	37	36	37	29	36	30	28	29	21	18	19	17	11	7	6	0	3	6	
17	9	12	16	21	22	24	31	30	29	36	33	36	39	38	39	31	39	33	31	32	24	21	22	20	14	10	8	3	0	4	
16	6	9	12	17	18	20	27	26	26	33	31	34	37	37	39	31	39	33	32	34	26	23	25	23	17	13	12	6	4	0	
Custo_Viagem
V0
0	242	242	231	253	220	198	264	220	187	253	198	209	242	231	253	165	253	198	198	253	187	165	242	253	198	176	220	165	187	176	
242	0	44	99	154	187	220	297	308	308	396	374	418	462	462	495	407	495	429	418	451	363	330	352	330	264	209	187	132	99	66	
242	44	0	55	110	143	187	264	275	286	374	363	396	451	462	495	407	495	440	429	473	385	352	385	363	297	242	220	165	132	99	
231	99	55	0	55	88	143	209	231	242	319	319	363	418	440	473	396	484	440	440	484	396	363	418	396	330	275	264	209	176	132	
253	154	110	55	0	55	110	165	198	220	297	308	352	407	429	473	396	495	451	462	506	429	407	451	440	374	330	319	253	231	187	
220	187	143	88	55	0	55	110	143	165	242	253	297	352	374	418	352	451	418	418	473	407	374	440	429	363	319	330	264	242	198	
198	220	187	143	110	55	0	77	88	110	187	198	242	297	319	374	308	407	374	396	451	385	363	429	429	374	330	341	275	264	220	
264	297	264	209	165	110	77	0	55	110	154	187	231	286	330	385	341	440	418	440	506	440	429	495	506	451	407	418	352	341	297	
220	308	275	231	198	143	88	55	0	44	99	121	165	231	264	319	286	374	363	385	451	396	385	462	473	418	374	407	341	330	286	
187	308	286	242	220	165	110	110	44	0	77	88	132	187	220	275	242	330	308	341	407	352	352	429	440	385	352	385	319	319	286	
253	396	374	319	297	242	187	154	99	77	0	66	99	154	198	264	253	330	330	363	440	407	407	484	495	462	429	462	396	407	363	
198	374	363	319	308	253	198	187	121	88	66	0	44	99	143	198	187	264	264	297	363	341	341	418	440	407	374	418	363	363	341	
209	418	396	363	352	297	242	231	165	132	99	44	0	55	99	154	165	231	242	286	352	330	341	418	440	418	385	440	385	396	374	
242	462	451	418	407	352	297	286	231	187	154	99	55	0	44	110	143	187	220	264	330	319	341	418	451	429	407	462	418	429	407	
231	462	462	440	429	374	319	330	264	220	198	143	99	44	0	55	110	143	176	220	286	286	308	385	418	407	396	451	407	429	407	
253	495	495	473	473	418	374	385	319	275	264	198	154	110	55	0	88	88	132	187	242	264	286	363	396	396	385	451	418	440	429	
165	407	407	396	396	352	308	341	286	242	253	187	165	143	110	88	0	88	77	121	187	176	198	275	308	297	286	352	319	341	341	
253	495	495	484	495	451	407	440	374	330	330	264	231	187	143	88	88	0	66	110	154	198	231	297	341	352	352	418	396	429	429	
198	429	440	440	451	418	374	418	363	308	330	264	242	220	176	132	77	66	0	44	110	132	165	231	264	275	275	352	330	363	363	
198	418	429	440	462	418	396	440	385	341	363	297	286	264	220	187	121	110	44	0	66	88	121	187	220	242	253	319	308	341	352	
253	451	473	484	506	473	451	506	451	407	440	363	352	330	286	242	187	154	110	66	0	88	132	154	198	242	264	330	330	363	374	
187	363	385	396	429	407	385	440	396	352	407	341	330	319	286	264	176	198	132	88	88	0	44	99	132	154	176	242	231	275	286	
165	330	352	363	407	374	363	429	385	352	407	341	341	341	308	286	198	231	165	121	132	44	0	77	110	110	132	198	198	231	253	
242	352	385	418	451	440	429	495	462	429	484	418	418	418	385	363	275	297	231	187	154	99	77	0	44	88	132	187	209	253	286	
253	330	363	396	440	429	429	506	473	440	495	440	440	451	418	396	308	341	264	220	198	132	110	44	0	66	110	154	187	231	264	
198	264	297	330	374	363	374	451	418	385	462	407	418	429	407	396	297	352	275	242	242	154	110	88	66	0	44	88	121	154	198	
176	209	242	275	330	319	330	407	374	352	429	374	385	407	396	385	286	352	275	253	264	176	132	132	110	44	0	66	77	110	143	
220	187	220	264	319	330	341	418	407	385	462	418	440	462	451	451	352	418	352	319	330	242	198	187	154	88	66	0	66	88	132	
165	132	165	209	253	264	275	352	341	319	396	363	385	418	407	418	319	396	330	308	330	231	198	209	187	121	77	66	0	33	66	
187	99	132	176	231	242	264	341	330	319	407	363	396	429	429	440	341	429	363	341	363	275	231	253	231	154	110	88	33	0	44	
176	66	99	132	187	198	220	297	286	286	363	341	374	407	407	429	341	429	363	352	374	286	253	286	264	198	143	132	66	44	0	
V1
0	519	519	495	542	472	424	566	472	401	542	424	448	519	495	542	354	542	424	424	542	401	354	519	542	424	377	472	354	401	377	
519	0	94	212	330	401	472	637	660	660	849	802	896	991	991	1062	873	1062	920	896	967	778	708	755	708	566	448	401	283	212	141	
519	94	0	118	236	306	401	566	590	613	802	778	849	967	991	1062	873	1062	944	920	1014	826	755	826	778	637	519	472	354	283	212	
495	212	118	0	118	188	306	448	495	519	684	684	778	896	944	1014	849	1038	944	944	1038	849	778	896	849	708	590	566	448	377	283	
542	330	236	118	0	118	236	354	424	472	637	660	755	873	920	1014	849	1062	967	991	1085	920	873	967	944	802	708	684	542	495	401	
472	401	306	188	118	0	118	236	306	354	519	542	637	755	802	896	755	967	896	896	1014	873	802	944	920	778	684	708	566	519	424	
424	472	401	306	236	118	0	165	188	236	401	424	519	637	684	802	660	873	802	849	967	826	778	920	920	802	708	731	590	566	472	
566	637	566	448	354	236	165	0	118	236	330	401	495	613	708	826	731	944	896	944	1085	944	920	1062	1085	967	873	896	755	731	637	
472	660	590	495	424	306	188	118	0	94	212	259	354	495	566	684	613	802	778	826	967	849	826	991	1014	896	802	873	731	708	613	
401	660	613	519	472	354	236	236	94	0	165	188	283	401	472	590	519	708	660	731	873	755	755	920	944	826	755	826	684	684	613	
542	849	802	684	637	519	401	330	212	165	0	141	212	330	424	566	542	708	708	778	944	873	873	1038	1062	991	920	991	849	873	778	
424	802	778	684	660	542	424	401	259	188	141	0	94	212	306	424	401	566	566	637	778	731	731	896	944	873	802	896	778	778	731	
448	896	849	778	755	637	519	495	354	283	212	94	0	118	212	330	354	495	519	613	755	708	731	896	944	896	826	944	826	849	802	
519	991	967	896	873	755	637	613	495	401	330	212	118	0	94	236	306	401	472	566	708	684	731	896	967	920	873	991	896	920	873	
495	991	991	944	920	802	684	708	566	472	424	306	212	94	0	118	236	306	377	472	613	613	660	826	896	873	849	967	873	920	873	
542	1062	1062	1014	1014	896	802	826	684	590	566	424	330	236	118	0	188	188	283	401	519	566	613	778	849	849	826	967	896	944	920	
354	873	873	849	849	755	660	731	613	519	542	401	354	306	236	188	0	188	165	259	401	377	424	590	660	637	613	755	684	731	731	
542	1062	1062	1038	1062	967	873	944	802	708	708	566	495	401	306	188	188	0	141	236	330	424	495	637	731	755	755	896	849	920	920	
424	920	944	944	967	896	802	896	778	660	708	566	519	472	377	283	165	141	0	94	236	283	354	495	566	590	590	755	708	778	778	
424	896	920	944	991	896	849	944	826	731	778	637	613	566	472	401	259	236	94	0	141	188	259	401	472	519	542	684	660	731	755	
542	967	1014	1038	1085	1014	967	1085	967	873	944	778	755	708	613	519	401	330	236	141	0	188	283	330	424	519	566	708	708	778	802	
401	778	826	849	920	873	826	944	849	755	873	731	708	684	613	566	377	424	283	188	188	0	94	212	283	330	377	519	495	590	613	
354	708	755	778	873	802	778	920	826	755	873	731	731	731	660	613	424	495	354	259	283	94	0	165	236	236	283	424	424	495	542	
519	755	826	896	967	944	920	1062	991	920	1038	896	896	896	826	778	590	637	495	401	330	212	165	0	94	188	283	401	448	542	613	
542	708	778	849	944	920	920	1085	1014	944	1062	944	944	967	896	849	660	731	566	472	424	283	236	94	0	141	236	330	401	495	566	
424	566	637	708	802	778	802	967	896	826	991	873	896	920	873	849	637	755	590	519	519	330	236	188	141	0	94	188	259	330	424	
377	448	519	590	708	684	708	873	802	755	920	802	826	873	849	826	613	755	590	542	566	377	283	283	236	94	0	141	165	236	306	
472	401	472	566	684	708	731	896	873	826	991	896	944	991	967	967	755	896	755	684	708	519	424	401	330	188	141	0	141	188	283	
354	283	354	448	542	566	590	755	731	684	849	778	826	896	873	896	684	849	708	660	708	495	424	448	401	259	165	141	0	70	141	
401	212	283	377	495	519	566	731	708	684	873	778	849	920	920	944	731	920	778	731	778	590	495	542	495	330	236	188	70	0	94	
377	141	212	283	401	424	472	637	613	613	778	731	802	873	873	920	731	920	778	755	802	613	542	613	566	424	306	283	141	94	0	
V2
0	440	440	420	460	400	360	480	400	340	460	360	380	440	420	460	300	460	360	360	460	340	300	440	460	360	320	400	300	340	320	
440	0	80	180	280	340	400	540	560	560	720	680	760	840	840	900	740	900	780	760	820	660	600	640	600	480	380	340	240	180	120	
440	80	0	100	200	260	340	480	500	520	680	660	720	820	840	900	740	900	800	780	860	700	640	700	660	540	440	400	300	240	180	
420	180	100	0	100	160	260	380	420	440	580	580	660	760	800	860	720	880	800	800	880	720	660	760	720	600	500	480	380	320	240	
460	280	200	100	0	100	200	300	360	400	540	560	640	740	780	860	720	900	820	840	920	780	740	820	800	680	600	580	460	420	340	
400	340	260	160	100	0	100	200	260	300	440	460	540	640	680	760	640	820	760	760	860	740	680	800	780	660	580	600	480	440	360	
360	400	340	260	200	100	0	140	160	200	340	360	440	540	580	680	560	740	680	720	820	700	660	780	780	680	600	620	500	480	400	
480	540	480	380	300	200	140	0	100	200	280	340	420	520	600	700	620	800	760	800	920	800	780	900	920	820	740	760	640	620	540	
400	560	500	420	360	260	160	100	0	80	180	220	300	420	480	580	520	680	660	700	820	720	700	840	860	760	680	740	620	600	520	
340	560	520	440	400	300	200	200	80	0	140	160	240	340	400	500	440	600	560	620	740	640	640	780	800	700	640	700	580	580	520	
460	720	680	580	540	440	340	280	180	140	0	120	180	280	360	480	460	600	600	660	800	740	740	880	900	840	780	840	720	740	660	
360	680	660	580	560	460	360	340	220	160	120	0	80	180	260	360	340	480	480	540	660	620	620	760	800	740	680	760	660	660	620	
380	760	720	660	640	540	440	420	300	240	180	80	0	100	180	280	300	420	440	520	640	600	620	760	800	760	700	800	700	720	680	
440	840	820	760	740	640	540	520	420	340	280	180	100	0	80	200	260	340	400	480	600	580	620	760	820	780	740	840	760	780	740	
420	840	840	800	780	680	580	600	480	400	360	260	180	80	0	100	200	260	320	400	520	520	560	700	760	740	720	820	740	780	740	
460	900	900	860	860	760	680	700	580	500	480	360	280	200	100	0	160	160	240	340	440	480	520	660	720	720	700	820	760	800	780	
300	740	740	720	720	640	560	620	520	440	460	340	300	260	200	160	0	160	140	220	340	320	360	500	560	540	520	640	580	620	620	
460	900	900	880	900	820	740	800	680	600	600	480	420	340	260	160	160	0	120	200	280	360	420	540	620	640	640	760	720	780	780	
360	780	800	800	820	760	680	760	660	560	600	480	440	400	320	240	140	120	0	80	200	240	300	420	480	500	500	640	600	660	660	
360	760	780	800	840	760	720	800	700	620	660	540	520	480	400	340	220	200	80	0	120	160	220	340	400	440	460	580	560	620	640	
460	820	860	880	920	860	820	920	820	740	800	660	640	600	520	440	340	280	200	120	0	160	240	280	360	440	480	600	600	660	680	
340	660	700	720	780	740	700	800	720	640	740	620	600	580	520	480	320	360	240	160	160	0	80	180	240	280	320	440	420	500	520	
300	600	640	660	740	680	660	780	700	640	740	620	620	620	560	520	360	420	300	220	240	80	0	140	200	200	240	360	360	420	460	
440	640	700	760	820	800	780	900	840	780	880	760	760	760	700	660	500	540	420	340	280	180	140	0	80	160	240	340	380	460	520	
460	600	660	720	800	780	780	920	860	800	900	800	800	820	760	720	560	620	480	400	360	240	200	80	0	120	200	280	340	420	480	
360	480	540	600	680	660	680	820	760	700	840	740	760	780	740	720	540	640	500	440	440	280	200	160	120	0	80	160	220	280	360	
320	380	440	500	600	580	600	740	680	640	780	680	700	740	720	700	520	640	500	460	480	320	240	240	200	80	0	120	140	200	260	
400	340	400	480	580	600	620	760	740	700	840	760	800	840	820	820	640	760	640	580	600	440	360	340	280	160	120	0	120	160	240	
300	240	300	380	460	480	500	640	620	580	720	660	700	760	740	760	580	720	600	560	600	420	360	380	340	220	140	120	0	60	120	
340	180	240	320	420	440	480	620	600	580	740	660	720	780	780	800	620	780	660	620	660	500	420	460	420	280	200	160	60	0	80	
320	120	180	240	340	360	400	540	520	520	660	620	680	740	740	780	620	780	660	640	680	520	460	520	480	360	260	240	120	80	0	
V3
0	365	365	348	381	332	298	398	332	282	381	298	315	365	348	381	249	381	298	298	381	282	249	365	381	298	265	332	249	282	265	
365	0	66	149	232	282	332	448	464	464	597	564	630	697	697	747	614	747	647	630	680	547	498	531	498	398	315	282	199	149	99	
365	66	0	83	166	215	282	398	415	431	564	547	597	680	697	747	614	747	664	647	713	581	531	581	547	448	365	332	249	199	149	
348	149	83	0	83	132	215	315	348	365	481	481	547	630	664	713	597	730	664	664	730	597	547	630	597	498	415	398	315	265	199	
381	232	166	83	0	83	166	249	298	332	448	464	531	614	647	713	597	747	680	697	763	647	614	680	664	564	498	481	381	348	282	
332	282	215	132	83	0	83	166	215	249	365	381	448	531	564	630	531	680	630	630	713	614	564	664	647	547	481	498	398	365	298	
298	332	282	215	166	83	0	116	132	166	282	298	365	448	481	564	464	614	564	597	680	581	547	647	647	564	498	514	415	398	332	
398	448	398	315	249	166	116	0	83	166	232	282	348	431	498	581	514	664	630	664	763	664	647	747	763	680	614	630	531	514	448	
332	464	415	348	298	215	132	83	0	66	149	182	249	348	398	481	431	564	547	581	680	597	581	697	713	630	564	614	514	498	431	
282	464	431	365	332	249	166	166	66	0	116	132	199	282	332	415	365	498	464	514	614	531	531	647	664	581	531	581	481	481	431	
381	597	564	481	448	365	282	232	149	116	0	99	149	232	298	398	381	498	498	547	664	614	614	730	747	697	647	697	597	614	547	
298	564	547	481	464	381	298	282	182	132	99	0	66	149	215	298	282	398	398	448	547	514	514	630	664	614	564	630	547	547	514	
315	630	597	547	531	448	365	348	249	199	149	66	0	83	149	232	249	348	365	431	531	498	514	630	664	630	581	664	581	597	564	
365	697	680	630	614	531	448	431	348	282	232	149	83	0	66	166	215	282	332	398	498	481	514	630	680	647	614	697	630	647	614	
348	697	697	664	647	564	481	498	398	332	298	215	149	66	0	83	166	215	265	332	431	431	464	581	630	614	597	680	614	647	614	
381	747	747	713	713	630	564	581	481	415	398	298	232	166	83	0	132	132	199	282	365	398	431	547	597	597	581	680	630	664	647	
249	614	614	597	597	531	464	514	431	365	381	282	249	215	166	132	0	132	116	182	282	265	298	415	464	448	431	531	481	514	514	
381	747	747	730	747	680	614	664	564	498	498	398	348	282	215	132	132	0	99	166	232	298	348	448	514	531	531	630	597	647	647	
298	647	664	664	680	630	564	630	547	464	498	398	365	332	265	199	116	99	0	66	166	199	249	348	398	415	415	531	498	547	547	
298	630	647	664	697	630	597	664	581	514	547	448	431	398	332	282	182	166	66	0	99	132	182	282	332	365	381	481	464	514	531	
381	680	713	730	763	713	680	763	680	614	664	547	531	498	431	365	282	232	166	99	0	132	199	232	298	365	398	498	498	547	564	
282	547	581	597	647	614	581	664	597	531	614	514	498	481	431	398	265	298	199	132	132	0	66	149	199	232	265	365	348	415	431	
249	498	531	547	614	564	547	647	581	531	614	514	514	514	464	431	298	348	249	182	199	66	0	116	166	166	199	298	298	348	381	
365	531	581	630	680	664	647	747	697	647	730	630	630	630	581	547	415	448	348	282	232	149	116	0	66	132	199	282	315	381	431	
381	498	547	597	664	647	647	763	713	664	747	664	664	680	630	597	464	514	398	332	298	199	166	66	0	99	166	232	282	348	398	
298	398	448	498	564	547	564	680	630	581	697	614	630	647	614	597	448	531	415	365	365	232	166	132	99	0	66	132	182	232	298	
265	315	365	415	498	481	498	614	564	531	647	564	581	614	597	581	431	531	415	381	398	265	199	199	166	66	0	99	116	166	215	
332	282	332	398	481	498	514	630	614	581	697	630	664	697	680	680	531	630	531	481	498	365	298	282	232	132	99	0	99	132	199	
249	199	249	315	381	398	415	531	514	481	597	547	581	630	614	630	481	597	498	464	498	348	298	315	282	182	116	99	0	49	99	
282	149	199	265	348	365	398	514	498	481	614	547	597	647	647	664	514	647	547	514	547	415	348	381	348	232	166	132	49	0	66	
265	99	149	199	282	298	332	448	431	431	547	514	564	614	614	647	514	647	547	531	564	431	381	431	398	298	215	199	99	66	0	
V4
0	277	277	264	289	252	226	302	252	214	289	226	239	277	264	289	189	289	226	226	289	214	189	277	289	226	201	252	189	214	201	
277	0	50	113	176	214	252	340	352	352	453	428	478	529	529	567	466	567	491	478	516	415	378	403	378	302	239	214	151	113	75	
277	50	0	63	126	163	214	302	315	327	428	415	453	516	529	567	466	567	504	491	541	441	403	441	415	340	277	252	189	151	113	
264	113	63	0	63	100	163	239	264	277	365	365	415	478	504	541	453	554	504	504	554	453	415	478	453	378	315	302	239	201	151	
289	176	126	63	0	63	126	189	226	252	340	352	403	466	491	541	453	567	516	529	579	491	466	516	504	428	378	365	289	264	214	
252	214	163	100	63	0	63	126	163	189	277	289	340	403	428	478	403	516	478	478	541	466	428	504	491	415	365	378	302	277	226	
226	252	214	163	126	63	0	88	100	126	214	226	277	340	365	428	352	466	428	453	516	441	415	491	491	428	378	390	315	302	252	
302	340	302	239	189	126	88	0	63	126	176	214	264	327	378	441	390	504	478	504	579	504	491	567	579	516	466	478	403	390	340	
252	352	315	264	226	163	100	63	0	50	113	138	189	264	302	365	327	428	415	441	516	453	441	529	541	478	428	466	390	378	327	
214	352	327	277	252	189	126	126	50	0	88	100	151	214	252	315	277	378	352	390	466	403	403	491	504	441	403	441	365	365	327	
289	453	428	365	340	277	214	176	113	88	0	75	113	176	226	302	289	378	378	415	504	466	466	554	567	529	491	529	453	466	415	
226	428	415	365	352	289	226	214	138	100	75	0	50	113	163	226	214	302	302	340	415	390	390	478	504	466	428	478	415	415	390	
239	478	453	415	403	340	277	264	189	151	113	50	0	63	113	176	189	264	277	327	403	378	390	478	504	478	441	504	441	453	428	
277	529	516	478	466	403	340	327	264	214	176	113	63	0	50	126	163	214	252	302	378	365	390	478	516	491	466	529	478	491	466	
264	529	529	504	491	428	365	378	302	252	226	163	113	50	0	63	126	163	201	252	327	327	352	441	478	466	453	516	466	491	466	
289	567	567	541	541	478	428	441	365	315	302	226	176	126	63	0	100	100	151	214	277	302	327	415	453	453	441	516	478	504	491	
189	466	466	453	453	403	352	390	327	277	289	214	189	163	126	100	0	100	88	138	214	201	226	315	352	340	327	403	365	390	390	
289	567	567	554	567	516	466	504	428	378	378	302	264	214	163	100	100	0	75	126	176	226	264	340	390	403	403	478	453	491	491	
226	491	504	504	516	478	428	478	415	352	378	302	277	252	201	151	88	75	0	50	126	151	189	264	302	315	315	403	378	415	415	
226	478	491	504	529	478	453	504	441	390	415	340	327	302	252	214	138	126	50	0	75	100	138	214	252	277	289	365	352	390	403	
289	516	541	554	579	541	516	579	516	466	504	415	403	378	327	277	214	176	126	75	0	100	151	176	226	277	302	378	378	415	428	
214	415	441	453	491	466	441	504	453	403	466	390	378	365	327	302	201	226	151	100	100	0	50	113	151	176	201	277	264	315	327	
189	378	403	415	466	428	415	491	441	403	466	390	390	390	352	327	226	264	189	138	151	50	0	88	126	126	151	226	226	264	289	
277	403	441	478	516	504	491	567	529	491	554	478	478	478	441	415	315	340	264	214	176	113	88	0	50	100	151	214	239	289	327	
289	378	415	453	504	491	491	579	541	504	567	504	504	516	478	453	352	390	302	252	226	151	126	50	0	75	126	176	214	264	302	
226	302	340	378	428	415	428	516	478	441	529	466	478	491	466	453	340	403	315	277	277	176	126	100	75	0	50	100	138	176	226	
201	239	277	315	378	365	378	466	428	403	491	428	441	466	453	441	327	403	315	289	302	201	151	151	126	50	0	75	88	126	163	
252	214	252	302	365	378	390	478	466	441	529	478	504	529	516	516	403	478	403	365	378	277	226	214	176	100	75	0	75	100	151	
189	151	189	239	289	302	315	403	390	365	453	415	441	478	466	478	365	453	378	352	378	264	226	239	214	138	88	75	0	37	75	
214	113	151	201	264	277	302	390	378	365	466	415	453	491	491	504	390	491	415	390	415	315	264	289	264	176	126	100	37	0	50	
201	75	113	151	214	226	252	340	327	327	415	390	428	466	466	491	390	491	415	403	428	327	289	327	302	226	163	151	75	50	0	
V5
0	510	510	487	533	464	417	556	464	394	533	417	440	510	487	533	348	533	417	417	533	394	348	510	533	417	371	464	348	394	371	
510	0	92	208	324	394	464	626	649	649	835	788	881	974	974	1044	858	1044	904	881	951	765	696	742	696	556	440	394	278	208	139	
510	92	0	116	232	301	394	556	580	603	788	765	835	951	974	1044	858	1044	928	904	997	812	742	812	765	626	510	464	348	278	208	
487	208	116	0	116	185	301	440	487	510	672	672	765	881	928	997	835	1020	928	928	1020	835	765	881	835	696	580	556	440	371	278	
533	324	232	116	0	116	232	348	417	464	626	649	742	858	904	997	835	1044	951	974	1067	904	858	951	928	788	696	672	533	487	394	
464	394	301	185	116	0	116	232	301	348	510	533	626	742	788	881	742	951	881	881	997	858	788	928	904	765	672	696	556	510	417	
417	464	394	301	232	116	0	162	185	232	394	417	510	626	672	788	649	858	788	835	951	812	765	904	904	788	696	719	580	556	464	
556	626	556	440	348	232	162	0	116	232	324	394	487	603	696	812	719	928	881	928	1067	928	904	1044	1067	951	858	881	742	719	626	
464	649	580	487	417	301	185	116	0	92	208	255	348	487	556	672	603	788	765	812	951	835	812	974	997	881	788	858	719	696	603	
394	649	603	510	464	348	232	232	92	0	162	185	278	394	464	580	510	696	649	719	858	742	742	904	928	812	742	812	672	672	603	
533	835	788	672	626	510	394	324	208	162	0	139	208	324	417	556	533	696	696	765	928	858	858	1020	1044	974	904	974	835	858	765	
417	788	765	672	649	533	417	394	255	185	139	0	92	208	301	417	394	556	556	626	765	719	719	881	928	858	788	881	765	765	719	
440	881	835	765	742	626	510	487	348	278	208	92	0	116	208	324	348	487	510	603	742	696	719	881	928	881	812	928	812	835	788	
510	974	951	881	858	742	626	603	487	394	324	208	116	0	92	232	301	394	464	556	696	672	719	881	951	904	858	974	881	904	858	
487	974	974	928	904	788	672	696	556	464	417	301	208	92	0	116	232	301	371	464	603	603	649	812	881	858	835	951	858	904	858	
533	1044	1044	997	997	881	788	812	672	580	556	417	324	232	116	0	185	185	278	394	510	556	603	765	835	835	812	951	881	928	904	
348	858	858	835	835	742	649	719	603	510	533	394	348	301	232	185	0	185	162	255	394	371	417	580	649	626	603	742	672	719	719	
533	1044	1044	1020	1044	951	858	928	788	696	696	556	487	394	301	185	185	0	139	232	324	417	487	626	719	742	742	881	835	904	904	
417	904	928	928	951	881	788	881	765	649	696	556	510	464	371	278	162	139	0	92	232	278	348	487	556	580	580	742	696	765	765	
417	881	904	928	974	881	835	928	812	719	765	626	603	556	464	394	255	232	92	0	139	185	255	394	464	510	533	672	649	719	742	
533	951	997	1020	1067	997	951	1067	951	858	928	765	742	696	603	510	394	324	232	139	0	185	278	324	417	510	556	696	696	765	788	
394	765	812	835	904	858	812	928	835	742	858	719	696	672	603	556	371	417	278	185	185	0	92	208	278	324	371	510	487	580	603	
348	696	742	765	858	788	765	904	812	742	858	719	719	719	649	603	417	487	348	255	278	92	0	162	232	232	278	417	417	487	533	
510	742	812	881	951	928	904	1044	974	904	1020	881	881	881	812	765	580	626	487	394	324	208	162	0	92	185	278	394	440	533	603	
533	696	765	835	928	904	904	1067	997	928	1044	928	928	951	881	835	649	719	556	464	417	278	232	92	0	139	232	324	394	487	556	
417	556	626	696	788	765	788	951	881	812	974	858	881	904	858	835	626	742	580	510	510	324	232	185	139	0	92	185	255	324	417	
371	440	510	580	696	672	696	858	788	742	904	788	812	858	835	812	603	742	580	533	556	371	278	278	232	92	0	139	162	232	301	
464	394	464	556	672	696	719	881	858	812	974	881	928	974	951	951	742	881	742	672	696	510	417	394	324	185	139	0	139	185	278	
348	278	348	440	533	556	580	742	719	672	835	765	812	881	858	881	672	835	696	649	696	487	417	440	394	255	162	139	0	69	139	
394	208	278	371	487	510	556	719	696	672	858	765	835	904	904	928	719	904	765	719	765	580	487	533	487	324	232	185	69	0	92	
371	139	208	278	394	417	464	626	603	603	765	719	788	858	858	904	719	904	765	742	788	603	533	603	556	417	301	278	139	92	0	
V6
0	457	457	436	478	416	374	499	416	353	478	374	395	457	436	478	312	478	374	374	478	353	312	457	478	374	332	416	312	353	332	
457	0	83	187	291	353	416	561	582	582	748	707	790	873	873	936	769	936	811	790	852	686	624	665	624	499	395	353	249	187	124	
457	83	0	104	208	270	353	499	520	540	707	686	748	852	873	936	769	936	832	811	894	728	665	728	686	561	457	416	312	249	187	
436	187	104	0	104	166	270	395	436	457	603	603	686	790	832	894	748	915	832	832	915	748	686	790	748	624	520	499	395	332	249	
478	291	208	104	0	104	208	312	374	416	561	582	665	769	811	894	748	936	852	873	956	811	769	852	832	707	624	603	478	436	353	
416	353	270	166	104	0	104	208	270	312	457	478	561	665	707	790	665	852	790	790	894	769	707	832	811	686	603	624	499	457	374	
374	416	353	270	208	104	0	145	166	208	353	374	457	561	603	707	582	769	707	748	852	728	686	811	811	707	624	644	520	499	416	
499	561	499	395	312	208	145	0	104	208	291	353	436	540	624	728	644	832	790	832	956	832	811	936	956	852	769	790	665	644	561	
416	582	520	436	374	270	166	104	0	83	187	228	312	436	499	603	540	707	686	728	852	748	728	873	894	790	707	769	644	624	540	
353	582	540	457	416	312	208	208	83	0	145	166	249	353	416	520	457	624	582	644	769	665	665	811	832	728	665	728	603	603	540	
478	748	707	603	561	457	353	291	187	145	0	124	187	291	374	499	478	624	624	686	832	769	769	915	936	873	811	873	748	769	686	
374	707	686	603	582	478	374	353	228	166	124	0	83	187	270	374	353	499	499	561	686	644	644	790	832	769	707	790	686	686	644	
395	790	748	686	665	561	457	436	312	249	187	83	0	104	187	291	312	436	457	540	665	624	644	790	832	790	728	832	728	748	707	
457	873	852	790	769	665	561	540	436	353	291	187	104	0	83	208	270	353	416	499	624	603	644	790	852	811	769	873	790	811	769	
436	873	873	832	811	707	603	624	499	416	374	270	187	83	0	104	208	270	332	416	540	540	582	728	790	769	748	852	769	811	769	
478	936	936	894	894	790	707	728	603	520	499	374	291	208	104	0	166	166	249	353	457	499	540	686	748	748	728	852	790	832	811	
312	769	769	748	748	665	582	644	540	457	478	353	312	270	208	166	0	166	145	228	353	332	374	520	582	561	540	665	603	644	644	
478	936	936	915	936	852	769	832	707	624	624	499	436	353	270	166	166	0	124	208	291	374	436	561	644	665	665	790	748	811	811	
374	811	832	832	852	790	707	790	686	582	624	499	457	416	332	249	145	124	0	83	208	249	312	436	499	520	520	665	624	686	686	
374	790	811	832	873	790	748	832	728	644	686	561	540	499	416	353	228	208	83	0	124	166	228	353	416	457	478	603	582	644	665	
478	852	894	915	956	894	852	956	852	769	832	686	665	624	540	457	353	291	208	124	0	166	249	291	374	457	499	624	624	686	707	
353	686	728	748	811	769	728	832	748	665	769	644	624	603	540	499	332	374	249	166	166	0	83	187	249	291	332	457	436	520	540	
312	624	665	686	769	707	686	811	728	665	769	644	644	644	582	540	374	436	312	228	249	83	0	145	208	208	249	374	374	436	478	
457	665	728	790	852	832	811	936	873	811	915	790	790	790	728	686	520	561	436	353	291	187	145	0	83	166	249	353	395	478	540	
478	624	686	748	832	811	811	956	894	832	936	832	832	852	790	748	582	644	499	416	374	249	208	83	0	124	208	291	353	436	499	
374	499	561	624	707	686	707	852	790	728	873	769	790	811	769	748	561	665	520	457	457	291	208	166	124	0	83	166	228	291	374	
332	395	457	520	624	603	624	769	707	665	811	707	728	769	748	728	540	665	520	478	499	332	249	249	208	83	0	124	145	208	270	
416	353	416	499	603	624	644	790	769	728	873	790	832	873	852	852	665	790	665	603	624	457	374	353	291	166	124	0	124	166	249	
312	249	312	395	478	499	520	665	644	603	748	686	728	790	769	790	603	748	624	582	624	436	374	395	353	228	145	124	0	62	124	
353	187	249	332	436	457	499	644	624	603	769	686	748	811	811	832	644	811	686	644	686	520	436	478	436	291	208	166	62	0	83	
332	124	187	249	353	374	416	561	540	540	686	644	707	769	769	811	644	811	686	665	707	540	478	540	499	374	270	249	124	83	0	
V7
0	198	198	189	207	180	162	216	180	153	207	162	171	198	189	207	135	207	162	162	207	153	135	198	207	162	144	180	135	153	144	
198	0	36	81	126	153	180	243	252	252	324	306	342	378	378	405	333	405	351	342	369	297	270	288	270	216	171	153	108	81	54	
198	36	0	45	90	117	153	216	225	234	306	297	324	369	378	405	333	405	360	351	387	315	288	315	297	243	198	180	135	108	81	
189	81	45	0	45	72	117	171	189	198	261	261	297	342	360	387	324	396	360	360	396	324	297	342	324	270	225	216	171	144	108	
207	126	90	45	0	45	90	135	162	180	243	252	288	333	351	387	324	405	369	378	414	351	333	369	360	306	270	261	207	189	153	
180	153	117	72	45	0	45	90	117	135	198	207	243	288	306	342	288	369	342	342	387	333	306	360	351	297	261	270	216	198	162	
162	180	153	117	90	45	0	63	72	90	153	162	198	243	261	306	252	333	306	324	369	315	297	351	351	306	270	279	225	216	180	
216	243	216	171	135	90	63	0	45	90	126	153	189	234	270	315	279	360	342	360	414	360	351	405	414	369	333	342	288	279	243	
180	252	225	189	162	117	72	45	0	36	81	99	135	189	216	261	234	306	297	315	369	324	315	378	387	342	306	333	279	270	234	
153	252	234	198	180	135	90	90	36	0	63	72	108	153	180	225	198	270	252	279	333	288	288	351	360	315	288	315	261	261	234	
207	324	306	261	243	198	153	126	81	63	0	54	81	126	162	216	207	270	270	297	360	333	333	396	405	378	351	378	324	333	297	
162	306	297	261	252	207	162	153	99	72	54	0	36	81	117	162	153	216	216	243	297	279	279	342	360	333	306	342	297	297	279	
171	342	324	297	288	243	198	189	135	108	81	36	0	45	81	126	135	189	198	234	288	270	279	342	360	342	315	360	315	324	306	
198	378	369	342	333	288	243	234	189	153	126	81	45	0	36	90	117	153	180	216	270	261	279	342	369	351	333	378	342	351	333	
189	378	378	360	351	306	261	270	216	180	162	117	81	36	0	45	90	117	144	180	234	234	252	315	342	333	324	369	333	351	333	
207	405	405	387	387	342	306	315	261	225	216	162	126	90	45	0	72	72	108	153	198	216	234	297	324	324	315	369	342	360	351	
135	333	333	324	324	288	252	279	234	198	207	153	135	117	90	72	0	72	63	99	153	144	162	225	252	243	234	288	261	279	279	
207	405	405	396	405	369	333	360	306	270	270	216	189	153	117	72	72	0	54	90	126	162	189	243	279	288	288	342	324	351	351	
162	351	360	360	369	342	306	342	297	252	270	216	198	180	144	108	63	54	0	36	90	108	135	189	216	225	225	288	270	297	297	
162	342	351	360	378	342	324	360	315	279	297	243	234	216	180	153	99	90	36	0	54	72	99	153	180	198	207	261	252	279	288	
207	369	387	396	414	387	369	414	369	333	360	297	288	270	234	198	153	126	90	54	0	72	108	126	162	198	216	270	270	297	306	
153	297	315	324	351	333	315	360	324	288	333	279	270	261	234	216	144	162	108	72	72	0	36	81	108	126	144	198	189	225	234	
135	270	288	297	333	306	297	351	315	288	333	279	279	279	252	234	162	189	135	99	108	36	0	63	90	90	108	162	162	189	207	
198	288	315	342	369	360	351	405	378	351	396	342	342	342	315	297	225	243	189	153	126	81	63	0	36	72	108	153	171	207	234	
207	270	297	324	360	351	351	414	387	360	405	360	360	369	342	324	252	279	216	180	162	108	90	36	0	54	90	126	153	189	216	
162	216	243	270	306	297	306	369	342	315	378	333	342	351	333	324	243	288	225	198	198	126	90	72	54	0	36	72	99	126	162	
144	171	198	225	270	261	270	333	306	288	351	306	315	333	324	315	234	288	225	207	216	144	108	108	90	36	0	54	63	90	117	
180	153	180	216	261	270	279	342	333	315	378	342	360	378	369	369	288	342	288	261	270	198	162	153	126	72	54	0	54	72	108	
135	108	135	171	207	216	225	288	279	261	324	297	315	342	333	342	261	324	270	252	270	189	162	171	153	99	63	54	0	27	54	
153	81	108	144	189	198	216	279	270	261	333	297	324	351	351	360	279	351	297	279	297	225	189	207	189	126	90	72	27	0	36	
144	54	81	108	153	162	180	243	234	234	297	279	306	333	333	351	279	351	297	288	306	234	207	234	216	162	117	108	54	36	0	
V8
0	475	475	453	496	432	388	518	432	367	496	388	410	475	453	496	324	496	388	388	496	367	324	475	496	388	345	432	324	367	345	
475	0	86	194	302	367	432	583	604	604	777	734	820	907	907	972	799	972	842	820	885	712	648	691	648	518	410	367	259	194	129	
475	86	0	108	216	280	367	518	540	561	734	712	777	885	907	972	799	972	864	842	928	756	691	756	712	583	475	432	324	259	194	
453	194	108	0	108	172	280	410	453	475	626	626	712	820	864	928	777	950	864	864	950	777	712	820	777	648	540	518	410	345	259	
496	302	216	108	0	108	216	324	388	432	583	604	691	799	842	928	777	972	885	907	993	842	799	885	864	734	648	626	496	453	367	
432	367	280	172	108	0	108	216	280	324	475	496	583	691	734	820	691	885	820	820	928	799	734	864	842	712	626	648	518	475	388	
388	432	367	280	216	108	0	151	172	216	367	388	475	583	626	734	604	799	734	777	885	756	712	842	842	734	648	669	540	518	432	
518	583	518	410	324	216	151	0	108	216	302	367	453	561	648	756	669	864	820	864	993	864	842	972	993	885	799	820	691	669	583	
432	604	540	453	388	280	172	108	0	86	194	237	324	453	518	626	561	734	712	756	885	777	756	907	928	820	734	799	669	648	561	
367	604	561	475	432	324	216	216	86	0	151	172	259	367	432	540	475	648	604	669	799	691	691	842	864	756	691	756	626	626	561	
496	777	734	626	583	475	367	302	194	151	0	129	194	302	388	518	496	648	648	712	864	799	799	950	972	907	842	907	777	799	712	
388	734	712	626	604	496	388	367	237	172	129	0	86	194	280	388	367	518	518	583	712	669	669	820	864	799	734	820	712	712	669	
410	820	777	712	691	583	475	453	324	259	194	86	0	108	194	302	324	453	475	561	691	648	669	820	864	820	756	864	756	777	734	
475	907	885	820	799	691	583	561	453	367	302	194	108	0	86	216	280	367	432	518	648	626	669	820	885	842	799	907	820	842	799	
453	907	907	864	842	734	626	648	518	432	388	280	194	86	0	108	216	280	345	432	561	561	604	756	820	799	777	885	799	842	799	
496	972	972	928	928	820	734	756	626	540	518	388	302	216	108	0	172	172	259	367	475	518	561	712	777	777	756	885	820	864	842	
324	799	799	777	777	691	604	669	561	475	496	367	324	280	216	172	0	172	151	237	367	345	388	540	604	583	561	691	626	669	669	
496	972	972	950	972	885	799	864	734	648	648	518	453	367	280	172	172	0	129	216	302	388	453	583	669	691	691	820	777	842	842	
388	842	864	864	885	820	734	820	712	604	648	518	475	432	345	259	151	129	0	86	216	259	324	453	518	540	540	691	648	712	712	
388	820	842	864	907	820	777	864	756	669	712	583	561	518	432	367	237	216	86	0	129	172	237	367	432	475	496	626	604	669	691	
496	885	928	950	993	928	885	993	885	799	864	712	691	648	561	475	367	302	216	129	0	172	259	302	388	475	518	648	648	712	734	
367	712	756	777	842	799	756	864	777	691	799	669	648	626	561	518	345	388	259	172	172	0	86	194	259	302	345	475	453	540	561	
324	648	691	712	799	734	712	842	756	691	799	669	669	669	604	561	388	453	324	237	259	86	0	151	216	216	259	388	388	453	496	
475	691	756	820	885	864	842	972	907	842	950	820	820	820	756	712	540	583	453	367	302	194	151	0	86	172	259	367	410	496	561	
496	648	712	777	864	842	842	993	928	864	972	864	864	885	820	777	604	669	518	432	388	259	216	86	0	129	216	302	367	453	518	
388	518	583	648	734	712	734	885	820	756	907	799	820	842	799	777	583	691	540	475	475	302	216	172	129	0	86	172	237	302	388	
345	410	475	540	648	626	648	799	734	691	842	734	756	799	777	756	561	691	540	496	518	345	259	259	216	86	0	129	151	216	280	
432	367	432	518	626	648	669	820	799	756	907	820	864	907	885	885	691	820	691	626	648	475	388	367	302	172	129	0	129	172	259	
324	259	324	410	496	518	540	691	669	626	777	712	756	820	799	820	626	777	648	604	648	453	388	410	367	237	151	129	0	64	129	
367	194	259	345	453	475	518	669	648	626	799	712	777	842	842	864	669	842	712	669	712	540	453	496	453	302	216	172	64	0	86	
345	129	194	259	367	388	432	583	561	561	712	669	734	799	799	842	669	842	712	691	734	561	496	561	518	388	280	259	129	86	0	
Velocidade_Veiculos
1	1	1	1	1	1	1	1	1	