M: 2
N: 30
Nun_Veiculos: 10
Capacidade_Total: 945
Demanda_Total: 603
Setup_Min: 1
Setup_Max: 99
Raio: 20
Circulos: 1
Tempo_Processamento_Min: 1
Tempo_Processamento_Max: 49
Demanda_Min: 10
Demanda_Max: 30
Priority_Factor: 0.2
Range_Factor_R: 0.8
U_factor: 2
ALpha: 0.2Replicao: 1
Tempos_Processamentos
0	0	1	0	
0	32	1	10	
0	32	1	45	
0	14	1	49	
0	35	1	3	
0	43	1	23	
0	10	1	39	
0	6	1	30	
0	16	1	33	
0	49	1	18	
0	35	1	9	
0	22	1	12	
0	23	1	13	
0	35	1	48	
0	12	1	43	
0	45	1	32	
0	21	1	1	
0	42	1	48	
0	38	1	2	
0	7	1	34	
0	46	1	6	
0	20	1	2	
0	48	1	39	
0	31	1	13	
0	35	1	14	
0	10	1	1	
0	26	1	22	
0	43	1	1	
0	24	1	2	
0	37	1	46	
0	6	1	46	

Tempos_setup
M0
0	0	0	0	0	0	0	0	0	0	0	0	0	0	0	0	0	0	0	0	0	0	0	0	0	0	0	0	0	0	0	
0	0	11	14	10	14	11	12	13	16	2	15	6	7	13	10	16	9	17	5	3	11	17	14	7	12	13	8	4	13	6	
0	6	0	3	10	11	9	11	12	12	8	13	4	6	13	5	15	12	8	6	7	10	15	4	8	11	2	7	5	3	7	
0	4	9	0	14	18	15	16	11	20	6	15	10	11	17	7	20	13	17	9	7	15	17	13	11	16	11	12	2	12	10	
0	12	15	15	0	18	14	15	15	9	8	19	11	10	3	8	19	15	23	5	9	14	21	4	7	15	16	11	10	13	6	
0	13	12	15	5	0	14	4	14	13	13	10	3	11	8	13	20	1	9	6	14	7	11	9	8	15	14	11	5	14	7	
0	6	12	3	8	16	0	8	3	17	8	7	7	6	11	5	15	15	20	3	7	10	9	12	5	4	2	7	5	3	4	
0	9	16	12	1	19	11	0	12	10	9	16	11	7	4	9	16	16	12	2	10	11	18	5	4	12	13	8	11	13	3	
0	14	13	14	6	24	11	5	0	14	14	4	4	12	9	14	21	21	17	7	15	11	6	10	9	12	13	8	6	13	8	
0	3	14	17	13	17	14	15	16	0	5	17	9	10	16	13	19	12	20	8	6	14	19	17	10	15	16	11	7	16	9	
0	14	9	12	8	12	12	13	11	14	0	13	4	8	11	11	17	7	15	3	1	12	15	12	5	13	11	9	2	11	4	
0	12	16	10	7	23	7	15	10	16	14	0	7	13	10	12	21	21	24	10	13	7	2	11	12	8	9	4	9	9	11	
0	13	9	12	16	20	16	16	11	10	15	9	0	15	19	14	24	21	17	15	16	16	11	13	17	17	11	13	2	12	16	
0	9	10	7	4	16	4	5	7	13	10	11	4	0	7	3	9	17	17	4	5	4	13	8	6	5	6	1	6	6	5	
0	9	12	12	7	17	11	12	12	6	5	16	8	7	0	5	16	12	20	2	6	11	18	1	4	12	13	8	7	13	3	
0	13	7	10	8	13	8	9	11	17	14	15	8	4	11	0	13	14	15	4	2	8	17	11	6	9	9	5	10	10	5	
0	15	10	13	7	13	13	14	12	15	1	14	5	9	10	12	0	8	13	4	2	13	16	11	6	14	12	10	3	12	4	
0	15	11	14	13	22	13	18	13	12	17	11	2	17	16	16	22	0	8	15	14	6	13	15	17	14	13	10	4	13	15	
0	12	18	9	12	22	6	14	9	17	14	13	13	12	11	11	21	21	0	7	13	16	15	12	9	10	8	13	11	9	8	
0	14	15	10	5	21	9	10	10	14	13	14	9	5	8	8	14	20	22	0	10	9	16	9	2	10	11	6	11	11	1	
0	16	16	12	7	11	11	12	12	16	15	16	11	7	10	10	16	12	20	2	0	11	18	11	4	12	13	8	9	13	3	
0	22	24	20	11	19	19	13	20	20	17	24	19	15	14	18	16	20	25	10	8	0	26	15	12	20	21	16	17	21	11	
0	19	23	17	14	22	14	22	17	23	20	7	14	18	17	19	19	23	31	13	11	14	0	18	15	15	16	11	16	16	14	
0	16	11	12	7	17	11	12	12	16	15	16	8	7	10	4	16	18	19	2	6	11	18	0	4	12	13	8	10	13	3	
0	12	17	8	3	21	17	13	8	12	11	12	12	13	6	11	22	18	25	8	12	17	14	7	0	18	19	14	10	16	6	
0	4	14	5	12	18	12	13	15	20	6	13	10	8	15	7	14	13	17	9	7	9	15	10	11	0	4	9	7	1	10	
0	4	10	1	8	14	8	9	11	17	6	13	8	4	11	3	13	13	18	7	5	8	15	10	9	9	0	5	3	1	8	
0	8	12	6	3	19	3	11	6	12	10	10	3	9	6	8	18	17	20	6	10	3	12	7	8	4	5	0	5	5	7	
0	13	7	10	15	18	16	14	9	19	15	13	11	13	18	12	22	19	15	13	14	17	15	11	15	18	9	14	0	10	14	
0	3	14	7	13	17	14	15	16	19	5	16	9	10	16	13	19	12	20	8	6	14	18	9	10	15	16	11	7	0	9	
0	20	20	17	14	27	14	18	17	21	22	20	11	13	17	14	22	28	28	9	16	17	22	18	11	18	16	14	13	17	0	
M1
0	0	0	0	0	0	0	0	0	0	0	0	0	0	0	0	0	0	0	0	0	0	0	0	0	0	0	0	0	0	0	
0	0	14	13	13	14	14	5	14	19	26	12	19	10	10	16	17	10	8	17	16	10	13	11	20	21	2	16	23	20	6	
0	18	0	12	8	22	18	23	19	15	18	13	18	17	12	2	8	21	26	14	12	26	27	15	6	22	20	2	17	18	24	
0	18	5	0	13	21	19	23	21	20	16	13	6	20	17	7	13	26	26	19	17	17	16	15	11	11	20	7	22	23	13	
0	14	4	16	0	23	16	19	17	17	19	9	19	9	16	6	11	15	22	9	10	22	25	11	10	20	16	6	10	11	20	
0	20	20	25	21	0	34	25	29	30	32	17	26	16	24	22	24	16	20	23	24	25	12	17	21	27	8	22	31	32	24	
0	18	27	27	24	31	0	23	25	25	23	17	27	24	18	20	23	23	26	10	11	27	26	19	27	21	20	17	31	19	23	
0	12	13	8	13	10	13	0	10	14	24	7	14	12	5	15	17	19	3	13	12	6	8	9	19	19	14	11	20	15	18	
0	11	20	15	17	20	15	16	0	18	16	10	21	16	12	13	16	16	19	3	4	20	12	12	20	25	13	10	24	12	16	
0	10	15	15	16	17	12	15	13	0	18	12	13	12	19	17	7	11	18	13	14	13	12	7	21	7	12	17	6	7	9	
0	22	17	12	21	31	18	27	24	15	0	23	18	23	12	11	8	22	30	27	28	27	27	22	23	22	24	2	17	18	24	
0	5	15	10	18	17	19	10	15	15	21	0	16	15	15	17	21	15	13	8	9	13	18	2	21	21	7	15	21	17	11	
0	12	13	15	9	15	13	17	15	22	28	7	0	14	17	15	20	22	20	15	16	11	10	9	19	5	14	15	19	20	7	
0	12	23	25	19	14	23	17	13	29	29	17	10	0	16	25	22	22	20	16	17	16	16	19	29	11	14	16	29	25	13	
0	14	13	16	9	28	21	19	16	19	21	18	22	15	0	15	12	14	22	18	19	24	25	20	19	20	16	6	19	10	20	
0	28	23	21	30	33	27	33	32	24	16	23	26	19	21	0	17	19	36	31	32	31	35	25	29	30	24	11	26	27	28	
0	14	18	25	26	26	15	19	16	30	21	15	25	15	22	20	0	14	22	19	20	24	24	17	24	19	16	20	9	10	20	
0	13	4	16	12	15	22	18	14	19	22	17	11	1	8	6	12	0	21	17	16	12	17	19	10	12	15	6	21	18	14	
0	9	16	14	12	21	23	12	19	19	25	4	13	19	17	18	22	19	0	12	13	17	20	6	22	18	11	16	22	21	15	
0	8	17	17	14	22	20	13	15	15	13	7	23	14	9	10	13	13	16	0	1	18	21	9	17	22	10	7	21	9	14	
0	12	16	16	13	26	19	17	14	14	12	22	22	13	8	18	12	12	20	17	0	22	25	12	16	21	14	6	20	8	18	
0	11	11	16	7	4	19	16	4	20	18	11	18	10	14	13	18	18	19	7	6	0	6	8	17	21	12	12	17	14	12	
0	10	20	15	23	18	24	15	17	20	25	5	14	4	20	22	12	20	18	13	13	18	0	7	26	15	12	19	21	21	16	
0	3	13	8	16	17	17	8	13	13	19	13	14	13	13	15	19	13	11	6	7	13	16	0	19	19	5	13	19	15	9	
0	16	6	18	2	16	18	21	19	10	18	11	21	11	14	8	13	17	24	11	6	23	22	13	0	17	18	8	12	13	19	
0	15	13	16	9	10	19	20	10	25	24	10	6	9	12	15	17	24	23	13	12	6	5	12	19	0	17	15	19	20	2	
0	12	12	17	20	23	26	17	22	22	24	16	19	9	16	14	20	8	12	15	16	20	25	9	18	20	0	14	28	24	18	
0	20	15	10	19	30	16	25	22	13	16	21	16	21	10	17	6	20	28	25	26	26	25	20	21	20	22	0	15	16	22	
0	5	9	16	17	19	6	10	7	21	12	6	16	6	13	11	1	5	13	10	11	15	18	8	15	17	7	11	0	1	11	
0	4	8	17	16	18	11	9	6	23	11	16	15	5	12	10	16	4	12	9	10	14	17	15	14	16	6	10	25	0	10	
0	15	11	20	7	8	23	20	8	24	22	15	22	14	18	13	18	22	23	11	10	4	10	12	17	20	16	13	17	18	0	
Tamanho_Tarefas
0	19	32	14	9	32	23	7	16	30	13	14	18	39	13	32	3	44	20	15	24	10	41	16	19	2	22	18	13	38	7	
Data_Entrega
0	230	217	208	270	266	203	216	272	189	320	315	202	141	144	317	283	140	302	218	303	236	250	199	262	267	242	162	187	181	286	
Penalidade_Atraso
0	14	8	15	19	9	12	12	5	9	19	4	14	15	12	20	9	15	2	13	2	5	7	6	5	16	8	6	12	14	7	
Capacidade_Veiculo
132	109	112	111	104	70	58	127	72	50	
Custo_Fixo_Veiculo
1320	1090	1120	1110	1040	700	580	1270	720	500	
Coordenadas_Clientes
x	0	y	0
x	21	y	0
x	19	y	4
x	16	y	7
x	12	y	9
x	16	y	18
x	9	y	17
x	4	y	14
x	2	y	20
x	-2	y	21
x	-7	y	22
x	-10	y	18
x	-11	y	12
x	-17	y	12
x	-21	y	9
x	-19	y	4
x	-24	y	0
x	-20	y	-4
x	-22	y	-9
x	-20	y	-14
x	-10	y	-11
x	-10	y	-17
x	-5	y	-16
x	-2	y	-20
x	2	y	-22
x	5	y	-16
x	8	y	-14
x	12	y	-13
x	17	y	-12
x	15	y	-6
x	16	y	-3
Tempo_Viagem
0	21	19	17	15	24	19	14	20	21	23	20	16	20	22	19	24	20	23	24	14	19	16	20	22	16	16	17	20	16	16	
21	0	4	8	12	18	20	21	26	30	34	35	34	39	42	40	45	41	43	42	32	34	29	29	27	21	18	15	12	8	5	
19	4	0	4	8	14	16	17	22	26	30	31	31	36	40	38	43	39	42	42	32	35	31	31	29	23	20	17	16	10	7	
17	8	4	0	4	11	12	13	18	22	26	27	27	33	37	35	40	37	40	41	31	35	31	32	31	25	22	20	19	13	10	
15	12	8	4	0	9	8	9	14	18	22	23	23	29	33	31	37	34	38	39	29	34	30	32	31	25	23	22	21	15	12	
24	18	14	11	9	0	7	12	14	18	23	26	27	33	37	37	43	42	46	48	38	43	39	41	40	34	32	31	30	24	21	
19	20	16	12	8	7	0	5	7	11	16	19	20	26	30	30	36	35	39	41	33	38	35	38	39	33	31	30	29	23	20	
14	21	17	13	9	12	5	0	6	9	13	14	15	21	25	25	31	30	34	36	28	33	30	34	36	30	28	28	28	22	20	
20	26	22	18	14	14	7	6	0	4	9	12	15	20	25	26	32	32	37	40	33	38	36	40	42	36	34	34	34	28	26	
21	30	26	22	18	18	11	9	4	0	5	8	12	17	22	23	29	30	35	39	32	38	37	41	43	37	36	36	37	31	29	
23	34	30	26	22	23	16	13	9	5	0	5	10	14	19	21	27	28	33	37	33	39	38	42	44	39	39	39	41	35	33	
20	35	31	27	23	26	19	14	12	8	5	0	6	9	14	16	22	24	29	33	29	35	34	38	41	36	36	37	40	34	33	
16	34	31	27	23	27	20	15	15	12	10	6	0	6	10	11	17	18	23	27	23	29	28	33	36	32	32	33	36	31	30	
20	39	36	33	29	33	26	21	20	17	14	9	6	0	5	8	13	16	21	26	24	29	30	35	38	35	36	37	40	36	36	
22	42	40	37	33	37	30	25	25	22	19	14	10	5	0	5	9	13	18	23	22	27	29	34	38	36	37	39	42	38	38	
19	40	38	35	31	37	30	25	26	23	21	16	11	8	5	0	6	8	13	18	17	22	24	29	33	31	32	35	39	35	35	
24	45	43	40	37	43	36	31	32	29	27	22	17	13	9	6	0	5	9	14	17	21	24	29	33	32	34	38	42	39	40	
20	41	39	37	34	42	35	30	32	30	28	24	18	16	13	8	5	0	5	10	12	16	19	24	28	27	29	33	37	35	36	
23	43	42	40	38	46	39	34	37	35	33	29	23	21	18	13	9	5	0	5	12	14	18	22	26	27	30	34	39	37	38	
24	42	42	41	39	48	41	36	40	39	37	33	27	26	23	18	14	10	5	0	10	10	15	18	22	25	28	32	37	35	37	
14	32	32	31	29	38	33	28	33	32	33	29	23	24	22	17	17	12	12	10	0	6	7	12	16	15	18	22	27	25	27	
19	34	35	35	34	43	38	33	38	38	39	35	29	29	27	22	21	16	14	10	6	0	5	8	12	15	18	22	27	27	29	
16	29	31	31	30	39	35	30	36	37	38	34	28	30	29	24	24	19	18	15	7	5	0	5	9	10	13	17	22	22	24	
20	29	31	32	32	41	38	34	40	41	42	38	33	35	34	29	29	24	22	18	12	8	5	0	4	8	11	15	20	21	24	
22	27	29	31	31	40	39	36	42	43	44	41	36	38	38	33	33	28	26	22	16	12	9	4	0	6	9	13	18	19	22	
16	21	23	25	25	34	33	30	36	37	39	36	32	35	36	31	32	27	27	25	15	15	10	8	6	0	3	7	12	13	16	
16	18	20	22	23	32	31	28	34	36	39	36	32	36	37	32	34	29	30	28	18	18	13	11	9	3	0	4	9	10	13	
17	15	17	20	22	31	30	28	34	36	39	37	33	37	39	35	38	33	34	32	22	22	17	15	13	7	4	0	5	7	10	
20	12	16	19	21	30	29	28	34	37	41	40	36	40	42	39	42	37	39	37	27	27	22	20	18	12	9	5	0	6	9	
16	8	10	13	15	24	23	22	28	31	35	34	31	36	38	35	39	35	37	35	25	27	22	21	19	13	10	7	6	0	3	
16	5	7	10	12	21	20	20	26	29	33	33	30	36	38	35	40	36	38	37	27	29	24	24	22	16	13	10	9	3	0	
Custo_Viagem
V0
0	554	501	448	396	633	501	369	528	554	607	528	422	528	580	501	633	528	607	633	369	501	422	528	580	422	422	448	528	422	422	
554	0	105	211	316	475	528	580	712	818	924	924	897	1029	1108	1056	1188	1082	1135	1135	844	924	792	792	765	580	501	396	316	211	132	
501	105	0	105	211	369	422	475	607	712	818	844	818	950	1056	1003	1135	1029	1135	1108	844	924	818	818	818	633	554	475	422	264	184	
448	211	105	0	105	290	316	343	501	580	712	739	712	871	976	924	1056	976	1082	1082	818	924	818	844	844	660	580	528	501	343	264	
396	316	211	105	0	237	211	237	369	475	607	607	607	765	871	818	976	897	1003	1029	765	897	792	844	844	660	607	580	554	396	316	
633	475	369	290	237	0	184	316	369	475	607	686	712	871	1003	976	1135	1108	1214	1267	1003	1135	1029	1108	1108	924	844	818	792	633	554	
501	528	422	316	211	184	0	132	184	290	422	501	528	686	818	792	976	924	1056	1108	871	1003	924	1003	1029	871	818	792	792	607	554	
369	580	475	343	237	316	132	0	158	237	343	369	396	554	660	660	818	792	897	950	739	897	818	897	950	792	739	739	765	580	528	
528	712	607	501	369	369	184	158	0	105	237	316	396	528	660	686	844	844	976	1056	871	1003	950	1056	1108	950	897	897	924	765	686	
554	818	712	580	475	475	290	237	105	0	132	211	316	448	580	633	792	792	950	1029	844	1003	976	1082	1135	976	950	950	1003	818	792	
607	924	818	712	607	607	422	343	237	132	0	132	264	369	501	554	712	765	897	1003	871	1029	1003	1108	1161	1029	1029	1029	1082	924	871	
528	924	844	739	607	686	501	369	316	211	132	0	158	237	369	422	580	633	765	871	765	924	897	1003	1082	976	950	1003	1056	897	871	
422	897	818	712	607	712	528	396	396	316	264	158	0	158	264	290	448	475	607	712	607	765	739	871	950	844	844	871	950	818	792	
528	1029	950	871	765	871	686	554	528	448	369	237	158	0	132	211	343	422	554	686	633	765	792	924	1003	924	950	1003	1082	950	950	
580	1108	1056	976	871	1003	818	660	660	580	501	369	264	132	0	132	237	343	475	607	580	739	765	897	1003	950	976	1029	1135	1029	1003	
501	1056	1003	924	818	976	792	660	686	633	554	422	290	211	132	0	158	211	343	475	448	580	633	765	871	818	844	924	1029	924	924	
633	1188	1135	1056	976	1135	976	818	844	792	712	580	448	343	237	158	0	132	237	369	448	580	633	765	897	871	897	1003	1108	1029	1056	
528	1082	1029	976	897	1108	924	792	844	792	765	633	475	422	343	211	132	0	132	264	316	422	501	633	739	712	765	871	976	924	950	
607	1135	1135	1082	1003	1214	1056	897	976	950	897	765	607	554	475	343	237	132	0	132	316	369	475	580	712	712	792	897	1029	976	1003	
633	1135	1108	1082	1029	1267	1108	950	1056	1029	1003	871	712	686	607	475	369	264	132	0	264	264	396	475	607	660	739	844	976	924	976	
369	844	844	818	765	1003	871	739	871	844	871	765	607	633	580	448	448	316	316	264	0	158	184	316	422	396	475	580	712	660	712	
501	924	924	924	897	1135	1003	897	1003	1003	1029	924	765	765	739	580	580	422	369	264	158	0	132	211	343	396	475	580	712	712	765	
422	792	818	818	792	1029	924	818	950	976	1003	897	739	792	765	633	633	501	475	396	184	132	0	132	237	264	343	448	580	580	633	
528	792	818	844	844	1108	1003	897	1056	1082	1108	1003	871	924	897	765	765	633	580	475	316	211	132	0	105	211	290	396	528	580	633	
580	765	818	844	844	1108	1029	950	1108	1135	1161	1082	950	1003	1003	871	897	739	712	607	422	343	237	105	0	158	264	343	475	528	607	
422	580	633	660	660	924	871	792	950	976	1029	976	844	924	950	818	871	712	712	660	396	396	264	211	158	0	79	184	316	369	448	
422	501	554	580	607	844	818	739	897	950	1029	950	844	950	976	844	897	765	792	739	475	475	343	290	264	79	0	105	237	264	343	
448	396	475	528	580	818	792	739	897	950	1029	1003	871	1003	1029	924	1003	871	897	844	580	580	448	396	343	184	105	0	132	184	264	
528	316	422	501	554	792	792	765	924	1003	1082	1056	950	1082	1135	1029	1108	976	1029	976	712	712	580	528	475	316	237	132	0	158	237	
422	211	264	343	396	633	607	580	765	818	924	897	818	950	1029	924	1029	924	976	924	660	712	580	580	528	369	264	184	158	0	79	
422	132	184	264	316	554	554	528	686	792	871	871	792	950	1003	924	1056	950	1003	976	712	765	633	633	607	448	343	264	237	79	0	
V1
0	457	414	370	327	523	414	305	436	457	501	436	348	436	479	414	523	436	501	523	305	414	348	436	479	348	348	370	436	348	348	
457	0	87	174	261	392	436	479	588	675	763	763	741	850	915	872	981	893	937	937	697	763	654	654	632	479	414	327	261	174	109	
414	87	0	87	174	305	348	392	501	588	675	697	675	784	872	828	937	850	937	915	697	763	675	675	675	523	457	392	348	218	152	
370	174	87	0	87	239	261	283	414	479	588	610	588	719	806	763	872	806	893	893	675	763	675	697	697	545	479	436	414	283	218	
327	261	174	87	0	196	174	196	305	392	501	501	501	632	719	675	806	741	828	850	632	741	654	697	697	545	501	479	457	327	261	
523	392	305	239	196	0	152	261	305	392	501	566	588	719	828	806	937	915	1002	1046	828	937	850	915	915	763	697	675	654	523	457	
414	436	348	261	174	152	0	109	152	239	348	414	436	566	675	654	806	763	872	915	719	828	763	828	850	719	675	654	654	501	457	
305	479	392	283	196	261	109	0	130	196	283	305	327	457	545	545	675	654	741	784	610	741	675	741	784	654	610	610	632	479	436	
436	588	501	414	305	305	152	130	0	87	196	261	327	436	545	566	697	697	806	872	719	828	784	872	915	784	741	741	763	632	566	
457	675	588	479	392	392	239	196	87	0	109	174	261	370	479	523	654	654	784	850	697	828	806	893	937	806	784	784	828	675	654	
501	763	675	588	501	501	348	283	196	109	0	109	218	305	414	457	588	632	741	828	719	850	828	915	959	850	850	850	893	763	719	
436	763	697	610	501	566	414	305	261	174	109	0	130	196	305	348	479	523	632	719	632	763	741	828	893	806	784	828	872	741	719	
348	741	675	588	501	588	436	327	327	261	218	130	0	130	218	239	370	392	501	588	501	632	610	719	784	697	697	719	784	675	654	
436	850	784	719	632	719	566	457	436	370	305	196	130	0	109	174	283	348	457	566	523	632	654	763	828	763	784	828	893	784	784	
479	915	872	806	719	828	675	545	545	479	414	305	218	109	0	109	196	283	392	501	479	610	632	741	828	784	806	850	937	850	828	
414	872	828	763	675	806	654	545	566	523	457	348	239	174	109	0	130	174	283	392	370	479	523	632	719	675	697	763	850	763	763	
523	981	937	872	806	937	806	675	697	654	588	479	370	283	196	130	0	109	196	305	370	479	523	632	741	719	741	828	915	850	872	
436	893	850	806	741	915	763	654	697	654	632	523	392	348	283	174	109	0	109	218	261	348	414	523	610	588	632	719	806	763	784	
501	937	937	893	828	1002	872	741	806	784	741	632	501	457	392	283	196	109	0	109	261	305	392	479	588	588	654	741	850	806	828	
523	937	915	893	850	1046	915	784	872	850	828	719	588	566	501	392	305	218	109	0	218	218	327	392	501	545	610	697	806	763	806	
305	697	697	675	632	828	719	610	719	697	719	632	501	523	479	370	370	261	261	218	0	130	152	261	348	327	392	479	588	545	588	
414	763	763	763	741	937	828	741	828	828	850	763	632	632	610	479	479	348	305	218	130	0	109	174	283	327	392	479	588	588	632	
348	654	675	675	654	850	763	675	784	806	828	741	610	654	632	523	523	414	392	327	152	109	0	109	196	218	283	370	479	479	523	
436	654	675	697	697	915	828	741	872	893	915	828	719	763	741	632	632	523	479	392	261	174	109	0	87	174	239	327	436	479	523	
479	632	675	697	697	915	850	784	915	937	959	893	784	828	828	719	741	610	588	501	348	283	196	87	0	130	218	283	392	436	501	
348	479	523	545	545	763	719	654	784	806	850	806	697	763	784	675	719	588	588	545	327	327	218	174	130	0	65	152	261	305	370	
348	414	457	479	501	697	675	610	741	784	850	784	697	784	806	697	741	632	654	610	392	392	283	239	218	65	0	87	196	218	283	
370	327	392	436	479	675	654	610	741	784	850	828	719	828	850	763	828	719	741	697	479	479	370	327	283	152	87	0	109	152	218	
436	261	348	414	457	654	654	632	763	828	893	872	784	893	937	850	915	806	850	806	588	588	479	436	392	261	196	109	0	130	196	
348	174	218	283	327	523	501	479	632	675	763	741	675	784	850	763	850	763	806	763	545	588	479	479	436	305	218	152	130	0	65	
348	109	152	218	261	457	457	436	566	654	719	719	654	784	828	763	872	784	828	806	588	632	523	523	501	370	283	218	196	65	0	
V2
0	470	425	380	336	537	425	313	448	470	515	448	358	448	492	425	537	448	515	537	313	425	358	448	492	358	358	380	448	358	358	
470	0	89	179	268	403	448	492	604	694	784	784	761	873	940	896	1008	918	963	963	716	784	672	672	649	492	425	336	268	179	112	
425	89	0	89	179	313	358	403	515	604	694	716	694	806	896	851	963	873	963	940	716	784	694	694	694	537	470	403	358	224	156	
380	179	89	0	89	246	268	291	425	492	604	627	604	739	828	784	896	828	918	918	694	784	694	716	716	560	492	448	425	291	224	
336	268	179	89	0	201	179	201	313	403	515	515	515	649	739	694	828	761	851	873	649	761	672	716	716	560	515	492	470	336	268	
537	403	313	246	201	0	156	268	313	403	515	582	604	739	851	828	963	940	1030	1075	851	963	873	940	940	784	716	694	672	537	470	
425	448	358	268	179	156	0	112	156	246	358	425	448	582	694	672	828	784	896	940	739	851	784	851	873	739	694	672	672	515	470	
313	492	403	291	201	268	112	0	134	201	291	313	336	470	560	560	694	672	761	806	627	761	694	761	806	672	627	627	649	492	448	
448	604	515	425	313	313	156	134	0	89	201	268	336	448	560	582	716	716	828	896	739	851	806	896	940	806	761	761	784	649	582	
470	694	604	492	403	403	246	201	89	0	112	179	268	380	492	537	672	672	806	873	716	851	828	918	963	828	806	806	851	694	672	
515	784	694	604	515	515	358	291	201	112	0	112	224	313	425	470	604	649	761	851	739	873	851	940	985	873	873	873	918	784	739	
448	784	716	627	515	582	425	313	268	179	112	0	134	201	313	358	492	537	649	739	649	784	761	851	918	828	806	851	896	761	739	
358	761	694	604	515	604	448	336	336	268	224	134	0	134	224	246	380	403	515	604	515	649	627	739	806	716	716	739	806	694	672	
448	873	806	739	649	739	582	470	448	380	313	201	134	0	112	179	291	358	470	582	537	649	672	784	851	784	806	851	918	806	806	
492	940	896	828	739	851	694	560	560	492	425	313	224	112	0	112	201	291	403	515	492	627	649	761	851	806	828	873	963	873	851	
425	896	851	784	694	828	672	560	582	537	470	358	246	179	112	0	134	179	291	403	380	492	537	649	739	694	716	784	873	784	784	
537	1008	963	896	828	963	828	694	716	672	604	492	380	291	201	134	0	112	201	313	380	492	537	649	761	739	761	851	940	873	896	
448	918	873	828	761	940	784	672	716	672	649	537	403	358	291	179	112	0	112	224	268	358	425	537	627	604	649	739	828	784	806	
515	963	963	918	851	1030	896	761	828	806	761	649	515	470	403	291	201	112	0	112	268	313	403	492	604	604	672	761	873	828	851	
537	963	940	918	873	1075	940	806	896	873	851	739	604	582	515	403	313	224	112	0	224	224	336	403	515	560	627	716	828	784	828	
313	716	716	694	649	851	739	627	739	716	739	649	515	537	492	380	380	268	268	224	0	134	156	268	358	336	403	492	604	560	604	
425	784	784	784	761	963	851	761	851	851	873	784	649	649	627	492	492	358	313	224	134	0	112	179	291	336	403	492	604	604	649	
358	672	694	694	672	873	784	694	806	828	851	761	627	672	649	537	537	425	403	336	156	112	0	112	201	224	291	380	492	492	537	
448	672	694	716	716	940	851	761	896	918	940	851	739	784	761	649	649	537	492	403	268	179	112	0	89	179	246	336	448	492	537	
492	649	694	716	716	940	873	806	940	963	985	918	806	851	851	739	761	627	604	515	358	291	201	89	0	134	224	291	403	448	515	
358	492	537	560	560	784	739	672	806	828	873	828	716	784	806	694	739	604	604	560	336	336	224	179	134	0	67	156	268	313	380	
358	425	470	492	515	716	694	627	761	806	873	806	716	806	828	716	761	649	672	627	403	403	291	246	224	67	0	89	201	224	291	
380	336	403	448	492	694	672	627	761	806	873	851	739	851	873	784	851	739	761	716	492	492	380	336	291	156	89	0	112	156	224	
448	268	358	425	470	672	672	649	784	851	918	896	806	918	963	873	940	828	873	828	604	604	492	448	403	268	201	112	0	134	201	
358	179	224	291	336	537	515	492	649	694	784	761	694	806	873	784	873	784	828	784	560	604	492	492	448	313	224	156	134	0	67	
358	112	156	224	268	470	470	448	582	672	739	739	672	806	851	784	896	806	851	828	604	649	537	537	515	380	291	224	201	67	0	
V3
0	466	421	377	333	532	421	310	444	466	510	444	355	444	488	421	532	444	510	532	310	421	355	444	488	355	355	377	444	355	355	
466	0	88	177	266	399	444	488	599	688	777	777	754	865	932	888	999	910	954	954	710	777	666	666	643	488	421	333	266	177	111	
421	88	0	88	177	310	355	399	510	599	688	710	688	799	888	843	954	865	954	932	710	777	688	688	688	532	466	399	355	222	155	
377	177	88	0	88	244	266	288	421	488	599	621	599	732	821	777	888	821	910	910	688	777	688	710	710	555	488	444	421	288	222	
333	266	177	88	0	199	177	199	310	399	510	510	510	643	732	688	821	754	843	865	643	754	666	710	710	555	510	488	466	333	266	
532	399	310	244	199	0	155	266	310	399	510	577	599	732	843	821	954	932	1021	1065	843	954	865	932	932	777	710	688	666	532	466	
421	444	355	266	177	155	0	111	155	244	355	421	444	577	688	666	821	777	888	932	732	843	777	843	865	732	688	666	666	510	466	
310	488	399	288	199	266	111	0	133	199	288	310	333	466	555	555	688	666	754	799	621	754	688	754	799	666	621	621	643	488	444	
444	599	510	421	310	310	155	133	0	88	199	266	333	444	555	577	710	710	821	888	732	843	799	888	932	799	754	754	777	643	577	
466	688	599	488	399	399	244	199	88	0	111	177	266	377	488	532	666	666	799	865	710	843	821	910	954	821	799	799	843	688	666	
510	777	688	599	510	510	355	288	199	111	0	111	222	310	421	466	599	643	754	843	732	865	843	932	976	865	865	865	910	777	732	
444	777	710	621	510	577	421	310	266	177	111	0	133	199	310	355	488	532	643	732	643	777	754	843	910	821	799	843	888	754	732	
355	754	688	599	510	599	444	333	333	266	222	133	0	133	222	244	377	399	510	599	510	643	621	732	799	710	710	732	799	688	666	
444	865	799	732	643	732	577	466	444	377	310	199	133	0	111	177	288	355	466	577	532	643	666	777	843	777	799	843	910	799	799	
488	932	888	821	732	843	688	555	555	488	421	310	222	111	0	111	199	288	399	510	488	621	643	754	843	799	821	865	954	865	843	
421	888	843	777	688	821	666	555	577	532	466	355	244	177	111	0	133	177	288	399	377	488	532	643	732	688	710	777	865	777	777	
532	999	954	888	821	954	821	688	710	666	599	488	377	288	199	133	0	111	199	310	377	488	532	643	754	732	754	843	932	865	888	
444	910	865	821	754	932	777	666	710	666	643	532	399	355	288	177	111	0	111	222	266	355	421	532	621	599	643	732	821	777	799	
510	954	954	910	843	1021	888	754	821	799	754	643	510	466	399	288	199	111	0	111	266	310	399	488	599	599	666	754	865	821	843	
532	954	932	910	865	1065	932	799	888	865	843	732	599	577	510	399	310	222	111	0	222	222	333	399	510	555	621	710	821	777	821	
310	710	710	688	643	843	732	621	732	710	732	643	510	532	488	377	377	266	266	222	0	133	155	266	355	333	399	488	599	555	599	
421	777	777	777	754	954	843	754	843	843	865	777	643	643	621	488	488	355	310	222	133	0	111	177	288	333	399	488	599	599	643	
355	666	688	688	666	865	777	688	799	821	843	754	621	666	643	532	532	421	399	333	155	111	0	111	199	222	288	377	488	488	532	
444	666	688	710	710	932	843	754	888	910	932	843	732	777	754	643	643	532	488	399	266	177	111	0	88	177	244	333	444	488	532	
488	643	688	710	710	932	865	799	932	954	976	910	799	843	843	732	754	621	599	510	355	288	199	88	0	133	222	288	399	444	510	
355	488	532	555	555	777	732	666	799	821	865	821	710	777	799	688	732	599	599	555	333	333	222	177	133	0	66	155	266	310	377	
355	421	466	488	510	710	688	621	754	799	865	799	710	799	821	710	754	643	666	621	399	399	288	244	222	66	0	88	199	222	288	
377	333	399	444	488	688	666	621	754	799	865	843	732	843	865	777	843	732	754	710	488	488	377	333	288	155	88	0	111	155	222	
444	266	355	421	466	666	666	643	777	843	910	888	799	910	954	865	932	821	865	821	599	599	488	444	399	266	199	111	0	133	199	
355	177	222	288	333	532	510	488	643	688	777	754	688	799	865	777	865	777	821	777	555	599	488	488	444	310	222	155	133	0	66	
355	111	155	222	266	466	466	444	577	666	732	732	666	799	843	777	888	799	843	821	599	643	532	532	510	377	288	222	199	66	0	
V4
0	436	395	353	312	499	395	291	416	436	478	416	332	416	457	395	499	416	478	499	291	395	332	416	457	332	332	353	416	332	332	
436	0	83	166	249	374	416	457	561	644	728	728	707	811	873	832	936	852	894	894	665	728	624	624	603	457	395	312	249	166	104	
395	83	0	83	166	291	332	374	478	561	644	665	644	748	832	790	894	811	894	873	665	728	644	644	644	499	436	374	332	208	145	
353	166	83	0	83	228	249	270	395	457	561	582	561	686	769	728	832	769	852	852	644	728	644	665	665	520	457	416	395	270	208	
312	249	166	83	0	187	166	187	291	374	478	478	478	603	686	644	769	707	790	811	603	707	624	665	665	520	478	457	436	312	249	
499	374	291	228	187	0	145	249	291	374	478	540	561	686	790	769	894	873	956	998	790	894	811	873	873	728	665	644	624	499	436	
395	416	332	249	166	145	0	104	145	228	332	395	416	540	644	624	769	728	832	873	686	790	728	790	811	686	644	624	624	478	436	
291	457	374	270	187	249	104	0	124	187	270	291	312	436	520	520	644	624	707	748	582	707	644	707	748	624	582	582	603	457	416	
416	561	478	395	291	291	145	124	0	83	187	249	312	416	520	540	665	665	769	832	686	790	748	832	873	748	707	707	728	603	540	
436	644	561	457	374	374	228	187	83	0	104	166	249	353	457	499	624	624	748	811	665	790	769	852	894	769	748	748	790	644	624	
478	728	644	561	478	478	332	270	187	104	0	104	208	291	395	436	561	603	707	790	686	811	790	873	915	811	811	811	852	728	686	
416	728	665	582	478	540	395	291	249	166	104	0	124	187	291	332	457	499	603	686	603	728	707	790	852	769	748	790	832	707	686	
332	707	644	561	478	561	416	312	312	249	208	124	0	124	208	228	353	374	478	561	478	603	582	686	748	665	665	686	748	644	624	
416	811	748	686	603	686	540	436	416	353	291	187	124	0	104	166	270	332	436	540	499	603	624	728	790	728	748	790	852	748	748	
457	873	832	769	686	790	644	520	520	457	395	291	208	104	0	104	187	270	374	478	457	582	603	707	790	748	769	811	894	811	790	
395	832	790	728	644	769	624	520	540	499	436	332	228	166	104	0	124	166	270	374	353	457	499	603	686	644	665	728	811	728	728	
499	936	894	832	769	894	769	644	665	624	561	457	353	270	187	124	0	104	187	291	353	457	499	603	707	686	707	790	873	811	832	
416	852	811	769	707	873	728	624	665	624	603	499	374	332	270	166	104	0	104	208	249	332	395	499	582	561	603	686	769	728	748	
478	894	894	852	790	956	832	707	769	748	707	603	478	436	374	270	187	104	0	104	249	291	374	457	561	561	624	707	811	769	790	
499	894	873	852	811	998	873	748	832	811	790	686	561	540	478	374	291	208	104	0	208	208	312	374	478	520	582	665	769	728	769	
291	665	665	644	603	790	686	582	686	665	686	603	478	499	457	353	353	249	249	208	0	124	145	249	332	312	374	457	561	520	561	
395	728	728	728	707	894	790	707	790	790	811	728	603	603	582	457	457	332	291	208	124	0	104	166	270	312	374	457	561	561	603	
332	624	644	644	624	811	728	644	748	769	790	707	582	624	603	499	499	395	374	312	145	104	0	104	187	208	270	353	457	457	499	
416	624	644	665	665	873	790	707	832	852	873	790	686	728	707	603	603	499	457	374	249	166	104	0	83	166	228	312	416	457	499	
457	603	644	665	665	873	811	748	873	894	915	852	748	790	790	686	707	582	561	478	332	270	187	83	0	124	208	270	374	416	478	
332	457	499	520	520	728	686	624	748	769	811	769	665	728	748	644	686	561	561	520	312	312	208	166	124	0	62	145	249	291	353	
332	395	436	457	478	665	644	582	707	748	811	748	665	748	769	665	707	603	624	582	374	374	270	228	208	62	0	83	187	208	270	
353	312	374	416	457	644	624	582	707	748	811	790	686	790	811	728	790	686	707	665	457	457	353	312	270	145	83	0	104	145	208	
416	249	332	395	436	624	624	603	728	790	852	832	748	852	894	811	873	769	811	769	561	561	457	416	374	249	187	104	0	124	187	
332	166	208	270	312	499	478	457	603	644	728	707	644	748	811	728	811	728	769	728	520	561	457	457	416	291	208	145	124	0	62	
332	104	145	208	249	436	436	416	540	624	686	686	624	748	790	728	832	748	790	769	561	603	499	499	478	353	270	208	187	62	0	
V5
0	294	266	238	210	336	266	196	280	294	322	280	224	280	308	266	336	280	322	336	196	266	224	280	308	224	224	238	280	224	224	
294	0	56	112	168	252	280	308	378	434	490	490	476	546	588	560	630	574	602	602	448	490	420	420	406	308	266	210	168	112	70	
266	56	0	56	112	196	224	252	322	378	434	448	434	504	560	532	602	546	602	588	448	490	434	434	434	336	294	252	224	140	98	
238	112	56	0	56	154	168	182	266	308	378	392	378	462	518	490	560	518	574	574	434	490	434	448	448	350	308	280	266	182	140	
210	168	112	56	0	126	112	126	196	252	322	322	322	406	462	434	518	476	532	546	406	476	420	448	448	350	322	308	294	210	168	
336	252	196	154	126	0	98	168	196	252	322	364	378	462	532	518	602	588	644	672	532	602	546	588	588	490	448	434	420	336	294	
266	280	224	168	112	98	0	70	98	154	224	266	280	364	434	420	518	490	560	588	462	532	490	532	546	462	434	420	420	322	294	
196	308	252	182	126	168	70	0	84	126	182	196	210	294	350	350	434	420	476	504	392	476	434	476	504	420	392	392	406	308	280	
280	378	322	266	196	196	98	84	0	56	126	168	210	280	350	364	448	448	518	560	462	532	504	560	588	504	476	476	490	406	364	
294	434	378	308	252	252	154	126	56	0	70	112	168	238	308	336	420	420	504	546	448	532	518	574	602	518	504	504	532	434	420	
322	490	434	378	322	322	224	182	126	70	0	70	140	196	266	294	378	406	476	532	462	546	532	588	616	546	546	546	574	490	462	
280	490	448	392	322	364	266	196	168	112	70	0	84	126	196	224	308	336	406	462	406	490	476	532	574	518	504	532	560	476	462	
224	476	434	378	322	378	280	210	210	168	140	84	0	84	140	154	238	252	322	378	322	406	392	462	504	448	448	462	504	434	420	
280	546	504	462	406	462	364	294	280	238	196	126	84	0	70	112	182	224	294	364	336	406	420	490	532	490	504	532	574	504	504	
308	588	560	518	462	532	434	350	350	308	266	196	140	70	0	70	126	182	252	322	308	392	406	476	532	504	518	546	602	546	532	
266	560	532	490	434	518	420	350	364	336	294	224	154	112	70	0	84	112	182	252	238	308	336	406	462	434	448	490	546	490	490	
336	630	602	560	518	602	518	434	448	420	378	308	238	182	126	84	0	70	126	196	238	308	336	406	476	462	476	532	588	546	560	
280	574	546	518	476	588	490	420	448	420	406	336	252	224	182	112	70	0	70	140	168	224	266	336	392	378	406	462	518	490	504	
322	602	602	574	532	644	560	476	518	504	476	406	322	294	252	182	126	70	0	70	168	196	252	308	378	378	420	476	546	518	532	
336	602	588	574	546	672	588	504	560	546	532	462	378	364	322	252	196	140	70	0	140	140	210	252	322	350	392	448	518	490	518	
196	448	448	434	406	532	462	392	462	448	462	406	322	336	308	238	238	168	168	140	0	84	98	168	224	210	252	308	378	350	378	
266	490	490	490	476	602	532	476	532	532	546	490	406	406	392	308	308	224	196	140	84	0	70	112	182	210	252	308	378	378	406	
224	420	434	434	420	546	490	434	504	518	532	476	392	420	406	336	336	266	252	210	98	70	0	70	126	140	182	238	308	308	336	
280	420	434	448	448	588	532	476	560	574	588	532	462	490	476	406	406	336	308	252	168	112	70	0	56	112	154	210	280	308	336	
308	406	434	448	448	588	546	504	588	602	616	574	504	532	532	462	476	392	378	322	224	182	126	56	0	84	140	182	252	280	322	
224	308	336	350	350	490	462	420	504	518	546	518	448	490	504	434	462	378	378	350	210	210	140	112	84	0	42	98	168	196	238	
224	266	294	308	322	448	434	392	476	504	546	504	448	504	518	448	476	406	420	392	252	252	182	154	140	42	0	56	126	140	182	
238	210	252	280	308	434	420	392	476	504	546	532	462	532	546	490	532	462	476	448	308	308	238	210	182	98	56	0	70	98	140	
280	168	224	266	294	420	420	406	490	532	574	560	504	574	602	546	588	518	546	518	378	378	308	280	252	168	126	70	0	84	126	
224	112	140	182	210	336	322	308	406	434	490	476	434	504	546	490	546	490	518	490	350	378	308	308	280	196	140	98	84	0	42	
224	70	98	140	168	294	294	280	364	420	462	462	420	504	532	490	560	504	532	518	378	406	336	336	322	238	182	140	126	42	0	
V6
0	243	220	197	174	278	220	162	232	243	266	232	185	232	255	220	278	232	266	278	162	220	185	232	255	185	185	197	232	185	185	
243	0	46	92	139	208	232	255	313	359	406	406	394	452	487	464	522	475	498	498	371	406	348	348	336	255	220	174	139	92	58	
220	46	0	46	92	162	185	208	266	313	359	371	359	417	464	440	498	452	498	487	371	406	359	359	359	278	243	208	185	116	81	
197	92	46	0	46	127	139	150	220	255	313	324	313	382	429	406	464	429	475	475	359	406	359	371	371	290	255	232	220	150	116	
174	139	92	46	0	104	92	104	162	208	266	266	266	336	382	359	429	394	440	452	336	394	348	371	371	290	266	255	243	174	139	
278	208	162	127	104	0	81	139	162	208	266	301	313	382	440	429	498	487	533	556	440	498	452	487	487	406	371	359	348	278	243	
220	232	185	139	92	81	0	58	81	127	185	220	232	301	359	348	429	406	464	487	382	440	406	440	452	382	359	348	348	266	243	
162	255	208	150	104	139	58	0	69	104	150	162	174	243	290	290	359	348	394	417	324	394	359	394	417	348	324	324	336	255	232	
232	313	266	220	162	162	81	69	0	46	104	139	174	232	290	301	371	371	429	464	382	440	417	464	487	417	394	394	406	336	301	
243	359	313	255	208	208	127	104	46	0	58	92	139	197	255	278	348	348	417	452	371	440	429	475	498	429	417	417	440	359	348	
266	406	359	313	266	266	185	150	104	58	0	58	116	162	220	243	313	336	394	440	382	452	440	487	510	452	452	452	475	406	382	
232	406	371	324	266	301	220	162	139	92	58	0	69	104	162	185	255	278	336	382	336	406	394	440	475	429	417	440	464	394	382	
185	394	359	313	266	313	232	174	174	139	116	69	0	69	116	127	197	208	266	313	266	336	324	382	417	371	371	382	417	359	348	
232	452	417	382	336	382	301	243	232	197	162	104	69	0	58	92	150	185	243	301	278	336	348	406	440	406	417	440	475	417	417	
255	487	464	429	382	440	359	290	290	255	220	162	116	58	0	58	104	150	208	266	255	324	336	394	440	417	429	452	498	452	440	
220	464	440	406	359	429	348	290	301	278	243	185	127	92	58	0	69	92	150	208	197	255	278	336	382	359	371	406	452	406	406	
278	522	498	464	429	498	429	359	371	348	313	255	197	150	104	69	0	58	104	162	197	255	278	336	394	382	394	440	487	452	464	
232	475	452	429	394	487	406	348	371	348	336	278	208	185	150	92	58	0	58	116	139	185	220	278	324	313	336	382	429	406	417	
266	498	498	475	440	533	464	394	429	417	394	336	266	243	208	150	104	58	0	58	139	162	208	255	313	313	348	394	452	429	440	
278	498	487	475	452	556	487	417	464	452	440	382	313	301	266	208	162	116	58	0	116	116	174	208	266	290	324	371	429	406	429	
162	371	371	359	336	440	382	324	382	371	382	336	266	278	255	197	197	139	139	116	0	69	81	139	185	174	208	255	313	290	313	
220	406	406	406	394	498	440	394	440	440	452	406	336	336	324	255	255	185	162	116	69	0	58	92	150	174	208	255	313	313	336	
185	348	359	359	348	452	406	359	417	429	440	394	324	348	336	278	278	220	208	174	81	58	0	58	104	116	150	197	255	255	278	
232	348	359	371	371	487	440	394	464	475	487	440	382	406	394	336	336	278	255	208	139	92	58	0	46	92	127	174	232	255	278	
255	336	359	371	371	487	452	417	487	498	510	475	417	440	440	382	394	324	313	266	185	150	104	46	0	69	116	150	208	232	266	
185	255	278	290	290	406	382	348	417	429	452	429	371	406	417	359	382	313	313	290	174	174	116	92	69	0	34	81	139	162	197	
185	220	243	255	266	371	359	324	394	417	452	417	371	417	429	371	394	336	348	324	208	208	150	127	116	34	0	46	104	116	150	
197	174	208	232	255	359	348	324	394	417	452	440	382	440	452	406	440	382	394	371	255	255	197	174	150	81	46	0	58	81	116	
232	139	185	220	243	348	348	336	406	440	475	464	417	475	498	452	487	429	452	429	313	313	255	232	208	139	104	58	0	69	104	
185	92	116	150	174	278	266	255	336	359	406	394	359	417	452	406	452	406	429	406	290	313	255	255	232	162	116	81	69	0	34	
185	58	81	116	139	243	243	232	301	348	382	382	348	417	440	406	464	417	440	429	313	336	278	278	266	197	150	116	104	34	0	
V7
0	533	482	431	381	609	482	355	508	533	584	508	406	508	558	482	609	508	584	609	355	482	406	508	558	406	406	431	508	406	406	
533	0	101	203	304	457	508	558	685	787	889	889	863	990	1066	1016	1143	1041	1092	1092	812	889	762	762	736	558	482	381	304	203	127	
482	101	0	101	203	355	406	457	584	685	787	812	787	914	1016	965	1092	990	1092	1066	812	889	787	787	787	609	533	457	406	254	177	
431	203	101	0	101	279	304	330	482	558	685	711	685	838	939	889	1016	939	1041	1041	787	889	787	812	812	635	558	508	482	330	254	
381	304	203	101	0	228	203	228	355	457	584	584	584	736	838	787	939	863	965	990	736	863	762	812	812	635	584	558	533	381	304	
609	457	355	279	228	0	177	304	355	457	584	660	685	838	965	939	1092	1066	1168	1219	965	1092	990	1066	1066	889	812	787	762	609	533	
482	508	406	304	203	177	0	127	177	279	406	482	508	660	787	762	939	889	1016	1066	838	965	889	965	990	838	787	762	762	584	533	
355	558	457	330	228	304	127	0	152	228	330	355	381	533	635	635	787	762	863	914	711	863	787	863	914	762	711	711	736	558	508	
508	685	584	482	355	355	177	152	0	101	228	304	381	508	635	660	812	812	939	1016	838	965	914	1016	1066	914	863	863	889	736	660	
533	787	685	558	457	457	279	228	101	0	127	203	304	431	558	609	762	762	914	990	812	965	939	1041	1092	939	914	914	965	787	762	
584	889	787	685	584	584	406	330	228	127	0	127	254	355	482	533	685	736	863	965	838	990	965	1066	1117	990	990	990	1041	889	838	
508	889	812	711	584	660	482	355	304	203	127	0	152	228	355	406	558	609	736	838	736	889	863	965	1041	939	914	965	1016	863	838	
406	863	787	685	584	685	508	381	381	304	254	152	0	152	254	279	431	457	584	685	584	736	711	838	914	812	812	838	914	787	762	
508	990	914	838	736	838	660	533	508	431	355	228	152	0	127	203	330	406	533	660	609	736	762	889	965	889	914	965	1041	914	914	
558	1066	1016	939	838	965	787	635	635	558	482	355	254	127	0	127	228	330	457	584	558	711	736	863	965	914	939	990	1092	990	965	
482	1016	965	889	787	939	762	635	660	609	533	406	279	203	127	0	152	203	330	457	431	558	609	736	838	787	812	889	990	889	889	
609	1143	1092	1016	939	1092	939	787	812	762	685	558	431	330	228	152	0	127	228	355	431	558	609	736	863	838	863	965	1066	990	1016	
508	1041	990	939	863	1066	889	762	812	762	736	609	457	406	330	203	127	0	127	254	304	406	482	609	711	685	736	838	939	889	914	
584	1092	1092	1041	965	1168	1016	863	939	914	863	736	584	533	457	330	228	127	0	127	304	355	457	558	685	685	762	863	990	939	965	
609	1092	1066	1041	990	1219	1066	914	1016	990	965	838	685	660	584	457	355	254	127	0	254	254	381	457	584	635	711	812	939	889	939	
355	812	812	787	736	965	838	711	838	812	838	736	584	609	558	431	431	304	304	254	0	152	177	304	406	381	457	558	685	635	685	
482	889	889	889	863	1092	965	863	965	965	990	889	736	736	711	558	558	406	355	254	152	0	127	203	330	381	457	558	685	685	736	
406	762	787	787	762	990	889	787	914	939	965	863	711	762	736	609	609	482	457	381	177	127	0	127	228	254	330	431	558	558	609	
508	762	787	812	812	1066	965	863	1016	1041	1066	965	838	889	863	736	736	609	558	457	304	203	127	0	101	203	279	381	508	558	609	
558	736	787	812	812	1066	990	914	1066	1092	1117	1041	914	965	965	838	863	711	685	584	406	330	228	101	0	152	254	330	457	508	584	
406	558	609	635	635	889	838	762	914	939	990	939	812	889	914	787	838	685	685	635	381	381	254	203	152	0	76	177	304	355	431	
406	482	533	558	584	812	787	711	863	914	990	914	812	914	939	812	863	736	762	711	457	457	330	279	254	76	0	101	228	254	330	
431	381	457	508	558	787	762	711	863	914	990	965	838	965	990	889	965	838	863	812	558	558	431	381	330	177	101	0	127	177	254	
508	304	406	482	533	762	762	736	889	965	1041	1016	914	1041	1092	990	1066	939	990	939	685	685	558	508	457	304	228	127	0	152	228	
406	203	254	330	381	609	584	558	736	787	889	863	787	914	990	889	990	889	939	889	635	685	558	558	508	355	254	177	152	0	76	
406	127	177	254	304	533	533	508	660	762	838	838	762	914	965	889	1016	914	965	939	685	736	609	609	584	431	330	254	228	76	0	
V8
0	302	273	244	216	345	273	201	288	302	331	288	230	288	316	273	345	288	331	345	201	273	230	288	316	230	230	244	288	230	230	
302	0	57	115	172	259	288	316	388	446	504	504	489	561	604	576	648	590	619	619	460	504	432	432	417	316	273	216	172	115	72	
273	57	0	57	115	201	230	259	331	388	446	460	446	518	576	547	619	561	619	604	460	504	446	446	446	345	302	259	230	144	100	
244	115	57	0	57	158	172	187	273	316	388	403	388	475	532	504	576	532	590	590	446	504	446	460	460	360	316	288	273	187	144	
216	172	115	57	0	129	115	129	201	259	331	331	331	417	475	446	532	489	547	561	417	489	432	460	460	360	331	316	302	216	172	
345	259	201	158	129	0	100	172	201	259	331	374	388	475	547	532	619	604	662	691	547	619	561	604	604	504	460	446	432	345	302	
273	288	230	172	115	100	0	72	100	158	230	273	288	374	446	432	532	504	576	604	475	547	504	547	561	475	446	432	432	331	302	
201	316	259	187	129	172	72	0	86	129	187	201	216	302	360	360	446	432	489	518	403	489	446	489	518	432	403	403	417	316	288	
288	388	331	273	201	201	100	86	0	57	129	172	216	288	360	374	460	460	532	576	475	547	518	576	604	518	489	489	504	417	374	
302	446	388	316	259	259	158	129	57	0	72	115	172	244	316	345	432	432	518	561	460	547	532	590	619	532	518	518	547	446	432	
331	504	446	388	331	331	230	187	129	72	0	72	144	201	273	302	388	417	489	547	475	561	547	604	633	561	561	561	590	504	475	
288	504	460	403	331	374	273	201	172	115	72	0	86	129	201	230	316	345	417	475	417	504	489	547	590	532	518	547	576	489	475	
230	489	446	388	331	388	288	216	216	172	144	86	0	86	144	158	244	259	331	388	331	417	403	475	518	460	460	475	518	446	432	
288	561	518	475	417	475	374	302	288	244	201	129	86	0	72	115	187	230	302	374	345	417	432	504	547	504	518	547	590	518	518	
316	604	576	532	475	547	446	360	360	316	273	201	144	72	0	72	129	187	259	331	316	403	417	489	547	518	532	561	619	561	547	
273	576	547	504	446	532	432	360	374	345	302	230	158	115	72	0	86	115	187	259	244	316	345	417	475	446	460	504	561	504	504	
345	648	619	576	532	619	532	446	460	432	388	316	244	187	129	86	0	72	129	201	244	316	345	417	489	475	489	547	604	561	576	
288	590	561	532	489	604	504	432	460	432	417	345	259	230	187	115	72	0	72	144	172	230	273	345	403	388	417	475	532	504	518	
331	619	619	590	547	662	576	489	532	518	489	417	331	302	259	187	129	72	0	72	172	201	259	316	388	388	432	489	561	532	547	
345	619	604	590	561	691	604	518	576	561	547	475	388	374	331	259	201	144	72	0	144	144	216	259	331	360	403	460	532	504	532	
201	460	460	446	417	547	475	403	475	460	475	417	331	345	316	244	244	172	172	144	0	86	100	172	230	216	259	316	388	360	388	
273	504	504	504	489	619	547	489	547	547	561	504	417	417	403	316	316	230	201	144	86	0	72	115	187	216	259	316	388	388	417	
230	432	446	446	432	561	504	446	518	532	547	489	403	432	417	345	345	273	259	216	100	72	0	72	129	144	187	244	316	316	345	
288	432	446	460	460	604	547	489	576	590	604	547	475	504	489	417	417	345	316	259	172	115	72	0	57	115	158	216	288	316	345	
316	417	446	460	460	604	561	518	604	619	633	590	518	547	547	475	489	403	388	331	230	187	129	57	0	86	144	187	259	288	331	
230	316	345	360	360	504	475	432	518	532	561	532	460	504	518	446	475	388	388	360	216	216	144	115	86	0	43	100	172	201	244	
230	273	302	316	331	460	446	403	489	518	561	518	460	518	532	460	489	417	432	403	259	259	187	158	144	43	0	57	129	144	187	
244	216	259	288	316	446	432	403	489	518	561	547	475	547	561	504	547	475	489	460	316	316	244	216	187	100	57	0	72	100	144	
288	172	230	273	302	432	432	417	504	547	590	576	518	590	619	561	604	532	561	532	388	388	316	288	259	172	129	72	0	86	129	
230	115	144	187	216	345	331	316	417	446	504	489	446	518	561	504	561	504	532	504	360	388	316	316	288	201	144	100	86	0	43	
230	72	100	144	172	302	302	288	374	432	475	475	432	518	547	504	576	518	547	532	388	417	345	345	331	244	187	144	129	43	0	
V9
0	210	190	170	150	240	190	140	200	210	230	200	160	200	220	190	240	200	230	240	140	190	160	200	220	160	160	170	200	160	160	
210	0	40	80	120	180	200	220	270	310	350	350	340	390	420	400	450	410	430	430	320	350	300	300	290	220	190	150	120	80	50	
190	40	0	40	80	140	160	180	230	270	310	320	310	360	400	380	430	390	430	420	320	350	310	310	310	240	210	180	160	100	70	
170	80	40	0	40	110	120	130	190	220	270	280	270	330	370	350	400	370	410	410	310	350	310	320	320	250	220	200	190	130	100	
150	120	80	40	0	90	80	90	140	180	230	230	230	290	330	310	370	340	380	390	290	340	300	320	320	250	230	220	210	150	120	
240	180	140	110	90	0	70	120	140	180	230	260	270	330	380	370	430	420	460	480	380	430	390	420	420	350	320	310	300	240	210	
190	200	160	120	80	70	0	50	70	110	160	190	200	260	310	300	370	350	400	420	330	380	350	380	390	330	310	300	300	230	210	
140	220	180	130	90	120	50	0	60	90	130	140	150	210	250	250	310	300	340	360	280	340	310	340	360	300	280	280	290	220	200	
200	270	230	190	140	140	70	60	0	40	90	120	150	200	250	260	320	320	370	400	330	380	360	400	420	360	340	340	350	290	260	
210	310	270	220	180	180	110	90	40	0	50	80	120	170	220	240	300	300	360	390	320	380	370	410	430	370	360	360	380	310	300	
230	350	310	270	230	230	160	130	90	50	0	50	100	140	190	210	270	290	340	380	330	390	380	420	440	390	390	390	410	350	330	
200	350	320	280	230	260	190	140	120	80	50	0	60	90	140	160	220	240	290	330	290	350	340	380	410	370	360	380	400	340	330	
160	340	310	270	230	270	200	150	150	120	100	60	0	60	100	110	170	180	230	270	230	290	280	330	360	320	320	330	360	310	300	
200	390	360	330	290	330	260	210	200	170	140	90	60	0	50	80	130	160	210	260	240	290	300	350	380	350	360	380	410	360	360	
220	420	400	370	330	380	310	250	250	220	190	140	100	50	0	50	90	130	180	230	220	280	290	340	380	360	370	390	430	390	380	
190	400	380	350	310	370	300	250	260	240	210	160	110	80	50	0	60	80	130	180	170	220	240	290	330	310	320	350	390	350	350	
240	450	430	400	370	430	370	310	320	300	270	220	170	130	90	60	0	50	90	140	170	220	240	290	340	330	340	380	420	390	400	
200	410	390	370	340	420	350	300	320	300	290	240	180	160	130	80	50	0	50	100	120	160	190	240	280	270	290	330	370	350	360	
230	430	430	410	380	460	400	340	370	360	340	290	230	210	180	130	90	50	0	50	120	140	180	220	270	270	300	340	390	370	380	
240	430	420	410	390	480	420	360	400	390	380	330	270	260	230	180	140	100	50	0	100	100	150	180	230	250	280	320	370	350	370	
140	320	320	310	290	380	330	280	330	320	330	290	230	240	220	170	170	120	120	100	0	60	70	120	160	150	180	220	270	250	270	
190	350	350	350	340	430	380	340	380	380	390	350	290	290	280	220	220	160	140	100	60	0	50	80	130	150	180	220	270	270	290	
160	300	310	310	300	390	350	310	360	370	380	340	280	300	290	240	240	190	180	150	70	50	0	50	90	100	130	170	220	220	240	
200	300	310	320	320	420	380	340	400	410	420	380	330	350	340	290	290	240	220	180	120	80	50	0	40	80	110	150	200	220	240	
220	290	310	320	320	420	390	360	420	430	440	410	360	380	380	330	340	280	270	230	160	130	90	40	0	60	100	130	180	200	230	
160	220	240	250	250	350	330	300	360	370	390	370	320	350	360	310	330	270	270	250	150	150	100	80	60	0	30	70	120	140	170	
160	190	210	220	230	320	310	280	340	360	390	360	320	360	370	320	340	290	300	280	180	180	130	110	100	30	0	40	90	100	130	
170	150	180	200	220	310	300	280	340	360	390	380	330	380	390	350	380	330	340	320	220	220	170	150	130	70	40	0	50	70	100	
200	120	160	190	210	300	300	290	350	380	410	400	360	410	430	390	420	370	390	370	270	270	220	200	180	120	90	50	0	60	90	
160	80	100	130	150	240	230	220	290	310	350	340	310	360	390	350	390	350	370	350	250	270	220	220	200	140	100	70	60	0	30	
160	50	70	100	120	210	210	200	260	300	330	330	300	360	380	350	400	360	380	370	270	290	240	240	230	170	130	100	90	30	0	
Velocidade_Veiculos
1	1	1	1	1	1	1	1	1	1	