M: 2
N: 30
Nun_Veiculos: 16
Capacidade_Total: 1390
Demanda_Total: 730
Setup_Min: 1
Setup_Max: 99
Raio: 100
Circulos: 1
Tempo_Processamento_Min: 1
Tempo_Processamento_Max: 49
Demanda_Min: 10
Demanda_Max: 30
Priority_Factor: 0.2
Range_Factor_R: 0.8
U_factor: 2
ALpha: 0.2Replicao: 1
Tempos_Processamentos
0	0	1	0	
0	15	1	49	
0	32	1	49	
0	27	1	49	
0	10	1	6	
0	43	1	31	
0	44	1	34	
0	31	1	48	
0	17	1	16	
0	35	1	22	
0	28	1	31	
0	7	1	16	
0	41	1	34	
0	28	1	16	
0	23	1	27	
0	35	1	45	
0	47	1	10	
0	23	1	33	
0	24	1	49	
0	23	1	22	
0	26	1	18	
0	47	1	16	
0	36	1	43	
0	40	1	16	
0	30	1	28	
0	8	1	30	
0	24	1	24	
0	29	1	8	
0	46	1	25	
0	1	1	10	
0	43	1	32	

Tempos_setup
M0
0	0	0	0	0	0	0	0	0	0	0	0	0	0	0	0	0	0	0	0	0	0	0	0	0	0	0	0	0	0	0	
0	0	13	17	12	17	12	5	11	14	13	10	10	17	4	13	10	14	17	12	15	19	11	9	15	10	16	15	23	17	15	
0	11	0	5	5	5	11	1	7	7	9	9	6	10	7	4	6	7	10	6	14	10	7	5	11	6	3	11	11	13	2	
0	15	4	0	9	9	15	5	11	11	12	13	1	14	11	8	10	9	11	6	18	14	2	9	15	3	7	8	15	16	6	
0	12	10	6	0	5	11	2	8	2	10	9	7	5	8	12	7	2	5	6	14	8	8	6	12	7	4	12	11	14	12	
0	14	15	11	10	0	6	4	10	12	11	4	12	15	10	7	9	12	6	1	9	5	8	8	9	2	14	7	6	15	17	
0	20	9	5	11	14	0	10	8	13	10	7	6	16	16	1	11	13	16	11	12	17	7	14	16	8	12	13	20	17	11	
0	10	17	13	7	12	18	0	6	9	8	16	14	12	6	10	5	9	12	7	14	14	14	4	10	5	11	10	18	12	19	
0	24	20	16	15	12	16	16	0	17	2	14	17	20	20	12	18	17	11	13	8	13	17	20	21	7	19	12	18	9	19	
0	22	11	15	16	15	10	12	18	0	19	8	8	21	18	11	15	12	18	13	13	6	9	16	20	10	14	15	21	18	13	
0	22	23	19	20	10	14	14	20	22	0	12	20	25	18	15	19	22	16	11	6	11	15	18	19	12	18	17	16	7	17	
0	22	11	7	13	10	2	12	10	15	12	0	8	18	18	3	13	15	16	11	5	10	7	16	18	10	14	15	16	19	13	
0	14	3	8	8	8	14	4	10	10	11	12	0	13	10	7	9	8	10	5	17	13	1	8	14	2	6	7	14	15	5	
0	16	7	12	12	6	11	8	14	7	15	10	13	0	12	11	11	3	3	7	15	11	14	10	15	8	10	13	10	17	9	
0	4	17	21	16	21	16	9	9	18	11	14	14	21	0	17	14	18	20	16	17	22	15	13	19	14	20	19	27	18	19	
0	19	8	4	13	13	19	9	15	15	16	17	5	18	15	0	14	13	15	10	22	18	6	13	19	7	11	12	19	20	10	
0	11	20	16	12	15	20	14	16	14	18	19	17	17	7	12	0	12	8	16	14	19	18	5	5	15	16	9	15	17	22	
0	17	18	14	10	3	9	7	13	12	14	7	15	15	13	10	12	0	9	4	12	8	11	11	12	5	14	10	9	18	20	
0	15	21	17	22	19	12	20	20	24	12	19	18	27	11	13	10	16	0	20	18	23	19	9	15	20	24	19	7	18	23	
0	14	17	13	19	14	17	12	18	21	17	18	14	24	16	9	15	21	5	0	14	19	7	14	20	16	20	21	12	23	19	
0	19	20	16	15	5	11	9	15	17	15	9	17	20	15	12	14	17	11	6	0	5	13	13	14	7	19	12	11	20	22	
0	20	29	25	21	24	29	23	19	23	21	28	26	26	16	21	9	21	17	12	23	0	19	14	14	24	25	18	24	26	26	
0	18	21	17	14	18	16	16	22	16	21	22	18	19	20	13	19	16	9	4	18	22	0	18	24	20	18	25	16	27	23	
0	6	15	11	13	10	16	11	11	15	13	14	12	18	2	7	1	7	9	11	15	15	13	0	6	12	17	10	16	18	17	
0	18	17	13	7	12	15	9	15	9	15	16	14	12	14	16	13	9	3	13	21	15	15	12	0	11	11	4	10	12	19	
0	20	13	9	8	13	19	10	16	10	9	17	10	13	16	5	15	10	13	10	15	16	11	14	20	0	12	5	19	13	15	
0	17	6	2	11	11	17	7	13	13	6	15	3	16	13	10	12	11	13	8	12	16	4	11	17	5	0	10	17	13	8	
0	15	13	9	3	8	14	5	11	5	13	12	10	8	11	12	10	5	8	9	17	11	11	9	15	7	7	0	14	8	15	
0	25	14	10	16	15	5	15	13	18	5	12	11	21	21	6	16	18	17	16	11	16	12	19	21	13	17	18	0	11	16	
0	31	23	19	25	17	14	21	20	27	22	21	20	30	27	15	25	27	23	18	26	22	21	25	26	19	26	24	23	0	25	
0	15	7	3	3	3	9	5	11	5	7	7	4	8	11	10	10	5	8	4	12	8	5	9	12	5	1	10	9	14	0	
M1
0	0	0	0	0	0	0	0	0	0	0	0	0	0	0	0	0	0	0	0	0	0	0	0	0	0	0	0	0	0	0	
0	0	11	10	8	7	12	10	11	22	3	2	7	12	20	10	13	1	16	13	17	16	25	24	16	9	22	19	13	13	23	
0	22	0	15	18	23	22	4	10	13	20	23	20	24	15	13	24	21	7	24	9	18	26	19	24	15	19	24	2	20	21	
0	16	1	0	19	23	21	4	10	14	18	18	10	20	15	13	19	17	8	21	10	19	15	19	20	16	19	9	3	21	21	
0	24	17	23	0	24	4	16	18	18	10	9	24	6	14	13	22	23	16	20	18	12	35	18	8	20	25	23	18	20	24	
0	8	11	17	1	0	5	8	12	15	11	10	8	7	15	14	6	9	9	14	11	13	28	19	9	17	21	24	12	6	16	
0	20	16	26	14	23	0	15	21	14	7	22	20	5	13	10	18	20	12	22	14	8	31	17	4	16	22	19	17	19	20	
0	24	12	11	20	19	22	0	6	25	16	19	21	21	11	9	22	25	19	20	21	23	26	15	20	27	21	20	14	17	23	
0	18	6	5	20	25	24	9	0	19	13	13	15	17	13	18	16	19	13	22	15	24	20	17	22	21	24	14	8	19	26	
0	9	7	17	5	16	9	11	17	0	12	11	13	11	16	18	11	10	6	14	8	17	25	12	13	2	16	26	9	14	17	
0	24	24	30	7	24	11	22	25	25	0	16	22	13	21	7	22	13	23	27	25	19	42	25	15	27	19	30	25	22	21	
0	23	21	20	8	15	12	14	19	20	1	0	15	14	22	8	21	14	17	11	19	14	35	26	16	22	20	20	12	21	22	
0	11	10	9	19	18	23	13	4	16	13	13	0	10	17	13	9	12	10	13	10	14	24	21	10	18	22	18	12	23	19	
0	18	11	21	13	22	17	10	16	23	6	20	18	0	8	7	16	19	17	17	19	20	34	12	17	17	19	30	12	14	21	
0	22	14	13	12	14	11	2	8	18	5	21	22	10	0	11	20	18	16	9	13	12	26	4	9	16	23	22	16	6	25	
0	17	27	26	16	17	20	17	21	24	9	19	17	16	20	0	15	18	18	23	20	20	37	24	16	26	12	35	19	15	14	
0	2	12	11	10	9	14	11	6	9	5	4	2	1	9	8	0	3	3	8	5	11	22	13	12	11	15	20	13	15	10	
0	20	19	18	13	12	17	9	13	25	18	22	9	12	20	18	18	0	19	22	19	23	33	24	19	27	30	27	21	18	28	
0	15	13	15	11	17	15	12	18	6	15	17	19	17	10	21	17	16	0	19	2	18	19	14	19	8	12	24	15	16	14	
0	15	10	9	14	22	18	13	19	9	14	17	15	12	17	17	13	16	7	0	9	3	24	21	11	11	19	18	12	23	21	
0	18	25	28	23	25	27	19	25	18	21	20	25	28	30	28	29	19	24	29	0	29	17	24	31	20	21	37	27	26	23	
0	12	13	19	11	19	15	16	16	6	11	14	12	9	14	14	10	13	4	18	6	0	23	18	8	8	16	28	15	20	18	
0	1	12	11	9	8	13	2	8	18	4	3	8	11	13	11	14	2	16	14	13	12	0	16	17	8	4	20	11	14	6	
0	18	15	14	8	10	7	4	10	14	1	17	18	12	15	8	16	14	12	5	9	8	22	0	11	12	20	23	17	2	22	
0	16	12	22	10	19	14	11	17	10	3	18	16	1	9	6	14	16	8	18	10	4	27	13	0	12	18	31	13	15	16	
0	27	15	15	19	19	21	12	18	21	17	28	21	24	23	21	25	26	15	12	17	15	29	27	23	0	14	24	10	25	16	
0	13	16	16	5	5	9	9	11	14	3	14	7	11	19	10	11	14	12	15	9	8	26	22	13	16	0	25	7	11	2	
0	12	10	10	16	19	18	14	5	17	9	14	1	11	18	14	10	13	11	12	11	15	25	22	11	19	23	0	12	13	20	
0	20	14	13	16	21	20	2	8	11	18	21	23	22	13	11	22	19	5	22	7	23	24	17	22	13	17	22	0	18	19	
0	16	14	13	9	8	5	2	8	19	12	18	16	10	13	11	14	17	17	22	19	13	25	17	9	21	23	22	16	0	24	
0	11	14	14	3	3	7	7	9	12	1	12	5	9	17	8	9	12	10	17	12	6	29	20	11	14	20	23	5	9	0	
Tamanho_Tarefas
0	19	37	37	7	35	35	32	16	26	28	8	34	16	23	39	23	25	28	22	22	18	37	19	28	13	24	13	29	2	35	
Data_Entrega
0	355	546	526	311	342	345	411	453	541	356	439	397	431	321	524	462	420	540	362	280	428	280	365	542	464	478	509	411	279	547	
Penalidade_Atraso
0	20	1	2	15	20	8	19	5	19	12	16	14	8	13	15	14	3	11	1	17	3	16	14	6	7	1	6	18	16	4	
Capacidade_Veiculo
49	97	108	97	69	45	112	65	88	68	68	107	76	114	110	117	
Custo_Fixo_Veiculo
490	970	1080	970	690	450	1120	650	880	680	680	1070	760	1140	1100	1170	
Coordenadas_Clientes
x	0	y	0
x	91	y	0
x	116	y	24
x	73	y	32
x	85	y	62
x	80	y	89
x	38	y	66
x	27	y	83
x	10	y	103
x	-11	y	105
x	-28	y	87
x	-49	y	84
x	-82	y	92
x	-101	y	73
x	-73	y	32
x	-79	y	16
x	-89	y	0
x	-80	y	-17
x	-81	y	-36
x	-94	y	-68
x	-60	y	-67
x	-49	y	-86
x	-35	y	-108
x	-10	y	-104
x	9	y	-89
x	34	y	-107
x	38	y	-66
x	71	y	-79
x	67	y	-48
x	87	y	-39
x	93	y	-19
Tempo_Viagem
0	91	118	79	105	119	76	87	103	105	91	97	123	124	79	80	89	81	88	116	89	98	113	104	89	112	76	106	82	95	94	
91	0	34	36	62	89	84	104	130	146	147	163	195	205	167	170	180	171	175	197	165	164	165	144	121	120	84	81	53	39	19	
118	34	0	43	49	74	88	106	132	149	157	175	208	221	189	195	206	199	205	229	198	198	199	178	155	153	118	111	86	68	48	
79	36	43	0	32	57	48	68	94	110	115	132	165	178	146	152	165	160	167	194	165	169	176	159	136	144	104	111	80	72	54	
105	62	49	32	0	27	47	61	85	104	115	135	168	186	160	170	184	182	192	221	194	199	208	191	168	176	136	141	111	101	81	
119	89	74	57	27	0	47	53	71	92	108	129	162	181	163	174	190	191	203	234	208	217	228	212	191	201	160	168	137	128	108	
76	84	88	48	47	47	0	20	46	62	69	88	121	139	116	127	143	144	156	188	165	174	188	176	157	173	132	148	117	115	101	
87	104	106	68	61	53	20	0	26	43	55	76	109	128	112	125	142	146	160	193	173	185	200	190	172	190	149	167	136	135	121	
103	130	132	94	85	71	46	26	0	21	41	61	92	114	109	124	142	150	166	200	183	197	215	207	192	211	171	191	161	161	147	
105	146	149	110	104	92	62	43	21	0	24	43	72	95	95	111	129	140	157	191	178	194	214	209	194	216	177	201	171	174	161	
91	147	157	115	115	108	69	55	41	24	0	21	54	74	71	87	105	116	133	167	157	174	195	191	179	203	166	193	165	170	160	
97	163	175	132	135	129	88	76	61	43	21	0	33	53	57	74	92	105	124	157	151	170	192	192	182	208	173	202	175	183	175	
123	195	208	165	168	162	121	109	92	72	54	33	0	26	60	76	92	109	128	160	159	180	205	208	202	230	198	229	204	213	207	
124	205	221	178	186	181	139	128	114	95	74	53	26	0	49	61	73	92	109	141	145	166	192	198	195	224	196	229	206	218	214	
79	167	189	146	160	163	116	112	109	95	71	57	60	49	0	17	35	49	68	101	99	120	145	149	146	175	148	181	161	174	173	
80	170	195	152	170	174	127	125	124	111	87	74	76	61	17	0	18	33	52	85	85	106	131	138	137	167	142	177	159	174	174	
89	180	206	165	184	190	143	142	142	129	105	92	92	73	35	18	0	19	36	68	72	93	119	130	132	162	143	178	163	180	182	
81	171	199	160	182	191	144	146	150	140	116	105	109	92	49	33	19	0	19	52	53	74	100	111	114	144	127	162	150	168	173	
88	175	205	167	192	203	156	160	166	157	133	124	128	109	68	52	36	19	0	34	37	58	84	98	104	134	122	157	148	168	174	
116	197	229	194	221	234	188	193	200	191	167	157	160	141	101	85	68	52	34	0	34	48	71	90	105	133	132	165	162	183	193	
89	165	198	165	194	208	165	173	183	178	157	151	159	145	99	85	72	53	37	34	0	21	47	62	72	102	98	131	128	149	160	
98	164	198	169	199	217	174	185	197	194	174	170	180	166	120	106	93	74	58	48	21	0	26	42	58	85	89	120	122	143	157	
113	165	199	176	208	228	188	200	215	214	195	192	205	192	145	131	119	100	84	71	47	26	0	25	47	69	84	109	118	139	155	
104	144	178	159	191	212	176	190	207	209	191	192	208	198	149	138	130	111	98	90	62	42	25	0	24	44	61	84	95	116	133	
89	121	155	136	168	191	157	172	192	194	179	182	202	195	146	137	132	114	104	105	72	58	47	24	0	30	37	62	71	92	109	
112	120	153	144	176	201	173	190	211	216	203	208	230	224	175	167	162	144	134	133	102	85	69	44	30	0	41	46	67	86	105	
76	84	118	104	136	160	132	149	171	177	166	173	198	196	148	142	143	127	122	132	98	89	84	61	37	41	0	35	34	55	72	
106	81	111	111	141	168	148	167	191	201	193	202	229	229	181	177	178	162	157	165	131	120	109	84	62	46	35	0	31	43	63	
82	53	86	80	111	137	117	136	161	171	165	175	204	206	161	159	163	150	148	162	128	122	118	95	71	67	34	31	0	21	38	
95	39	68	72	101	128	115	135	161	174	170	183	213	218	174	174	180	168	168	183	149	143	139	116	92	86	55	43	21	0	20	
94	19	48	54	81	108	101	121	147	161	160	175	207	214	173	174	182	173	174	193	160	157	155	133	109	105	72	63	38	20	0	
Custo_Viagem
V0
0	891	1156	774	1029	1166	744	852	1009	1029	891	950	1205	1215	774	784	872	793	862	1136	872	960	1107	1019	872	1097	744	1038	803	931	921	
891	0	333	352	607	872	823	1019	1283	1430	1440	1597	1911	2009	1636	1666	1764	1675	1715	1930	1617	1607	1617	1411	1185	1185	823	793	519	382	186	
1156	333	0	421	480	725	862	1038	1293	1470	1538	1715	2048	2175	1852	1911	2018	1960	2009	2244	1940	1940	1960	1754	1519	1509	1166	1097	852	676	470	
774	352	421	0	313	558	470	666	921	1087	1127	1293	1626	1744	1430	1489	1617	1568	1646	1901	1617	1656	1724	1558	1332	1411	1019	1087	784	705	529	
1029	607	480	313	0	264	460	597	833	1029	1127	1323	1656	1822	1568	1666	1803	1783	1881	2165	1901	1950	2038	1871	1656	1724	1332	1381	1087	989	793	
1166	872	725	558	264	0	460	519	695	901	1058	1264	1587	1773	1597	1705	1871	1871	1989	2293	2048	2126	2234	2077	1871	1969	1568	1646	1342	1254	1058	
744	823	862	470	460	460	0	196	450	607	676	862	1195	1362	1136	1244	1401	1411	1528	1842	1617	1715	1842	1724	1538	1695	1293	1450	1146	1127	989	
852	1019	1038	666	597	519	196	0	254	421	539	744	1068	1254	1097	1225	1391	1430	1568	1891	1695	1813	1960	1862	1685	1862	1460	1636	1332	1323	1185	
1009	1283	1293	921	833	695	450	254	0	205	401	597	901	1117	1068	1215	1391	1470	1626	1960	1793	1930	2107	2028	1881	2067	1675	1871	1577	1577	1440	
1029	1430	1470	1087	1029	901	607	421	205	0	235	421	705	931	931	1097	1274	1372	1538	1871	1744	1901	2097	2048	1911	2116	1734	1969	1675	1705	1577	
891	1440	1538	1127	1127	1058	676	539	401	235	0	205	529	725	695	852	1038	1136	1303	1646	1538	1705	1911	1871	1754	1989	1626	1891	1617	1666	1568	
950	1597	1715	1293	1323	1264	862	744	597	421	205	0	323	519	558	725	911	1029	1215	1548	1479	1666	1881	1881	1783	2038	1695	1979	1715	1793	1715	
1205	1911	2048	1626	1656	1587	1195	1068	901	705	529	323	0	254	588	744	901	1068	1254	1568	1568	1773	2009	2038	1979	2254	1940	2244	1999	2087	2028	
1215	2009	2175	1744	1822	1773	1362	1254	1117	931	725	519	254	0	480	597	715	901	1078	1381	1421	1636	1881	1950	1911	2205	1920	2244	2028	2136	2097	
774	1636	1852	1430	1568	1597	1136	1097	1068	931	695	558	588	480	0	166	343	480	666	999	970	1176	1421	1460	1430	1715	1450	1773	1577	1715	1695	
784	1666	1911	1489	1666	1705	1244	1225	1215	1097	852	725	744	597	166	0	176	323	509	833	833	1038	1283	1352	1342	1636	1391	1734	1558	1705	1715	
872	1764	2018	1617	1803	1871	1401	1391	1391	1274	1038	911	901	715	343	176	0	186	352	666	715	921	1176	1274	1293	1597	1401	1744	1597	1764	1783	
793	1675	1960	1568	1783	1871	1411	1430	1470	1372	1136	1029	1068	901	480	323	186	0	186	509	519	735	989	1087	1117	1421	1244	1597	1470	1646	1695	
862	1715	2009	1646	1881	1989	1528	1568	1626	1538	1303	1215	1254	1078	666	509	352	186	0	333	362	578	833	960	1019	1323	1195	1538	1450	1646	1705	
1136	1930	2244	1901	2165	2293	1842	1891	1960	1871	1646	1548	1568	1381	999	833	666	509	333	0	333	470	695	891	1029	1303	1293	1617	1587	1793	1891	
872	1617	1940	1617	1901	2048	1617	1695	1793	1744	1538	1479	1568	1421	970	833	715	519	362	333	0	205	470	607	705	999	960	1283	1254	1460	1568	
960	1607	1940	1656	1950	2126	1715	1813	1930	1901	1705	1666	1773	1636	1176	1038	921	735	578	470	205	0	254	411	568	833	872	1176	1195	1401	1538	
1107	1617	1960	1724	2038	2234	1842	1960	2107	2097	1911	1881	2009	1881	1421	1283	1176	989	833	695	470	254	0	245	460	676	823	1068	1156	1372	1519	
1019	1411	1754	1558	1871	2077	1724	1862	2028	2048	1871	1881	2038	1950	1460	1352	1274	1087	960	891	607	411	245	0	235	431	597	823	931	1136	1303	
872	1185	1519	1332	1656	1871	1538	1685	1881	1911	1754	1783	1979	1911	1430	1342	1293	1117	1019	1029	705	568	460	235	0	294	362	607	695	901	1068	
1097	1185	1509	1411	1724	1969	1695	1862	2067	2116	1989	2038	2254	2205	1715	1636	1597	1421	1323	1303	999	833	676	431	294	0	401	450	656	842	1029	
744	823	1166	1019	1332	1568	1293	1460	1675	1734	1626	1695	1940	1920	1450	1391	1401	1244	1195	1293	960	872	823	597	362	401	0	343	333	539	705	
1038	793	1097	1087	1381	1646	1450	1636	1871	1969	1891	1979	2244	2244	1773	1734	1744	1597	1538	1617	1283	1176	1068	823	607	450	343	0	303	421	617	
803	519	852	784	1087	1342	1146	1332	1577	1675	1617	1715	1999	2028	1577	1558	1597	1470	1450	1587	1254	1195	1156	931	695	656	333	303	0	205	372	
931	382	676	705	989	1254	1127	1323	1577	1705	1666	1793	2087	2136	1715	1705	1764	1646	1646	1793	1460	1401	1372	1136	901	842	539	421	205	0	196	
921	186	470	529	793	1058	989	1185	1440	1577	1568	1715	2028	2097	1695	1715	1783	1695	1705	1891	1568	1538	1519	1303	1068	1029	705	617	372	196	0	
V1
0	1765	2289	1532	2037	2308	1474	1687	1998	2037	1765	1881	2386	2405	1532	1552	1726	1571	1707	2250	1726	1901	2192	2017	1726	2172	1474	2056	1590	1843	1823	
1765	0	659	698	1202	1726	1629	2017	2541	2832	2851	3162	3783	3977	3239	3298	3492	3317	3395	3821	3201	3181	3201	2793	2347	2347	1629	1571	1028	756	368	
2289	659	0	834	950	1435	1707	2056	2560	2910	3045	3395	4054	4306	3666	3783	3996	3880	3977	4442	3841	3841	3880	3472	3007	2987	2308	2172	1687	1338	931	
1532	698	834	0	620	1105	931	1319	1823	2153	2231	2560	3220	3453	2832	2948	3201	3104	3259	3763	3201	3278	3414	3084	2638	2793	2017	2153	1552	1396	1047	
2037	1202	950	620	0	523	911	1183	1649	2037	2231	2619	3278	3608	3104	3298	3569	3530	3724	4287	3763	3860	4035	3705	3278	3414	2638	2735	2153	1959	1571	
2308	1726	1435	1105	523	0	911	1028	1377	1784	2095	2502	3142	3511	3162	3375	3705	3705	3938	4539	4054	4209	4423	4112	3705	3899	3104	3259	2657	2483	2095	
1474	1629	1707	931	911	911	0	388	892	1202	1338	1707	2366	2696	2250	2463	2774	2793	3026	3647	3201	3395	3647	3414	3045	3356	2560	2871	2269	2231	1959	
1687	2017	2056	1319	1183	1028	388	0	504	834	1067	1474	2114	2483	2172	2425	2754	2832	3104	3744	3356	3589	3880	3686	3336	3686	2890	3239	2638	2619	2347	
1998	2541	2560	1823	1649	1377	892	504	0	407	795	1183	1784	2211	2114	2405	2754	2910	3220	3880	3550	3821	4171	4015	3724	4093	3317	3705	3123	3123	2851	
2037	2832	2910	2153	2037	1784	1202	834	407	0	465	834	1396	1843	1843	2172	2522	2716	3045	3705	3453	3763	4151	4054	3783	4190	3433	3899	3317	3375	3123	
1765	2851	3045	2231	2231	2095	1338	1067	795	465	0	407	1047	1435	1377	1687	2056	2250	2580	3259	3045	3375	3783	3705	3472	3938	3220	3744	3201	3298	3104	
1881	3162	3395	2560	2619	2502	1707	1474	1183	834	407	0	640	1028	1105	1435	1804	2037	2405	3065	2929	3298	3724	3724	3530	4035	3356	3918	3395	3550	3395	
2386	3783	4054	3220	3278	3142	2366	2114	1784	1396	1047	640	0	504	1164	1474	1784	2114	2483	3104	3104	3511	3977	4035	3918	4462	3841	4442	3957	4132	4015	
2405	3977	4306	3453	3608	3511	2696	2483	2211	1843	1435	1028	504	0	950	1183	1416	1784	2134	2735	2813	3239	3724	3860	3783	4365	3802	4442	4015	4229	4151	
1532	3239	3666	2832	3104	3162	2250	2172	2114	1843	1377	1105	1164	950	0	329	679	950	1319	1978	1920	2328	2813	2890	2832	3395	2871	3511	3123	3395	3356	
1552	3298	3783	2948	3298	3375	2463	2425	2405	2172	1687	1435	1474	1183	329	0	349	640	1008	1649	1649	2056	2541	2677	2657	3239	2754	3433	3084	3375	3395	
1726	3492	3996	3201	3569	3705	2774	2754	2754	2522	2056	1804	1784	1416	679	349	0	368	698	1319	1416	1823	2328	2522	2560	3162	2774	3453	3162	3492	3530	
1571	3317	3880	3104	3530	3705	2793	2832	2910	2716	2250	2037	2114	1784	950	640	368	0	368	1008	1028	1455	1959	2153	2211	2813	2463	3162	2910	3259	3356	
1707	3395	3977	3259	3724	3938	3026	3104	3220	3045	2580	2405	2483	2134	1319	1008	698	368	0	659	717	1144	1649	1901	2017	2619	2366	3045	2871	3259	3375	
2250	3821	4442	3763	4287	4539	3647	3744	3880	3705	3259	3065	3104	2735	1978	1649	1319	1008	659	0	659	931	1377	1765	2037	2580	2560	3201	3142	3550	3744	
1726	3201	3841	3201	3763	4054	3201	3356	3550	3453	3045	2929	3104	2813	1920	1649	1416	1028	717	659	0	407	931	1202	1396	1978	1901	2541	2483	2890	3104	
1901	3181	3841	3278	3860	4209	3395	3589	3821	3763	3375	3298	3511	3239	2328	2056	1823	1455	1144	931	407	0	504	814	1125	1649	1726	2328	2366	2774	3045	
2192	3201	3880	3414	4035	4423	3647	3880	4171	4151	3783	3724	3977	3724	2813	2541	2328	1959	1649	1377	931	504	0	485	911	1338	1629	2114	2289	2716	3007	
2017	2793	3472	3084	3705	4112	3414	3686	4015	4054	3705	3724	4035	3860	2890	2677	2522	2153	1901	1765	1202	814	485	0	465	853	1183	1629	1843	2250	2580	
1726	2347	3007	2638	3278	3705	3045	3336	3724	3783	3472	3530	3918	3783	2832	2657	2560	2211	2017	2037	1396	1125	911	465	0	582	717	1202	1377	1784	2114	
2172	2347	2987	2793	3414	3899	3356	3686	4093	4190	3938	4035	4462	4365	3395	3239	3162	2813	2619	2580	1978	1649	1338	853	582	0	795	892	1299	1668	2037	
1474	1629	2308	2017	2638	3104	2560	2890	3317	3433	3220	3356	3841	3802	2871	2754	2774	2463	2366	2560	1901	1726	1629	1183	717	795	0	679	659	1067	1396	
2056	1571	2172	2153	2735	3259	2871	3239	3705	3899	3744	3918	4442	4442	3511	3433	3453	3162	3045	3201	2541	2328	2114	1629	1202	892	679	0	601	834	1222	
1590	1028	1687	1552	2153	2657	2269	2638	3123	3317	3201	3395	3957	4015	3123	3084	3162	2910	2871	3142	2483	2366	2289	1843	1377	1299	659	601	0	407	737	
1843	756	1338	1396	1959	2483	2231	2619	3123	3375	3298	3550	4132	4229	3395	3375	3492	3259	3259	3550	2890	2774	2716	2250	1784	1668	1067	834	407	0	388	
1823	368	931	1047	1571	2095	1959	2347	2851	3123	3104	3395	4015	4151	3356	3395	3530	3356	3375	3744	3104	3045	3007	2580	2114	2037	1396	1222	737	388	0	
V2
0	1965	2548	1706	2268	2570	1641	1879	2224	2268	1965	2095	2656	2678	1706	1728	1922	1749	1900	2505	1922	2116	2440	2246	1922	2419	1641	2289	1771	2052	2030	
1965	0	734	777	1339	1922	1814	2246	2829	3153	3175	3520	4212	4428	3607	3672	3888	3693	3780	4255	3564	3542	3564	3110	2613	2613	1814	1749	1144	842	410	
2548	734	0	928	1058	1598	1900	2289	2851	3240	3391	3780	4514	4795	4082	4212	4449	4320	4428	4946	4276	4276	4320	3866	3348	3326	2570	2419	1879	1490	1036	
1706	777	928	0	691	1231	1036	1468	2030	2397	2484	2851	3585	3844	3153	3283	3564	3456	3628	4190	3564	3650	3801	3434	2937	3110	2246	2397	1728	1555	1166	
2268	1339	1058	691	0	583	1015	1317	1836	2268	2484	2916	3650	4017	3456	3672	3974	3931	4147	4773	4190	4298	4492	4125	3650	3801	2937	3045	2397	2181	1749	
2570	1922	1598	1231	583	0	1015	1144	1533	1987	2332	2786	3499	3909	3520	3758	4125	4125	4384	5054	4514	4687	4924	4579	4125	4341	3456	3628	2959	2764	2332	
1641	1814	1900	1036	1015	1015	0	432	993	1339	1490	1900	2635	3002	2505	2743	3088	3110	3369	4060	3564	3780	4060	3801	3391	3736	2851	3196	2527	2484	2181	
1879	2246	2289	1468	1317	1144	432	0	561	928	1188	1641	2354	2764	2419	2700	3067	3153	3456	4168	3736	3996	4320	4104	3715	4104	3218	3607	2937	2916	2613	
2224	2829	2851	2030	1836	1533	993	561	0	453	885	1317	1987	2462	2354	2678	3067	3240	3585	4320	3952	4255	4644	4471	4147	4557	3693	4125	3477	3477	3175	
2268	3153	3240	2397	2268	1987	1339	928	453	0	518	928	1555	2052	2052	2419	2808	3024	3391	4125	3844	4190	4622	4514	4212	4665	3823	4341	3693	3758	3477	
1965	3175	3391	2484	2484	2332	1490	1188	885	518	0	453	1166	1598	1533	1879	2289	2505	2872	3628	3391	3758	4212	4125	3866	4384	3585	4168	3564	3672	3456	
2095	3520	3780	2851	2916	2786	1900	1641	1317	928	453	0	712	1144	1231	1598	2008	2268	2678	3412	3261	3672	4147	4147	3931	4492	3736	4363	3780	3952	3780	
2656	4212	4514	3585	3650	3499	2635	2354	1987	1555	1166	712	0	561	1296	1641	1987	2354	2764	3456	3456	3909	4428	4492	4363	4968	4276	4946	4406	4600	4471	
2678	4428	4795	3844	4017	3909	3002	2764	2462	2052	1598	1144	561	0	1058	1317	1576	1987	2376	3045	3132	3607	4147	4298	4212	4860	4233	4946	4471	4708	4622	
1706	3607	4082	3153	3456	3520	2505	2419	2354	2052	1533	1231	1296	1058	0	367	756	1058	1468	2203	2138	2592	3132	3218	3153	3780	3196	3909	3477	3780	3736	
1728	3672	4212	3283	3672	3758	2743	2700	2678	2419	1879	1598	1641	1317	367	0	388	712	1123	1836	1836	2289	2829	2980	2959	3607	3067	3823	3434	3758	3780	
1922	3888	4449	3564	3974	4125	3088	3067	3067	2808	2289	2008	1987	1576	756	388	0	410	777	1468	1576	2030	2592	2808	2851	3520	3088	3844	3520	3888	3931	
1749	3693	4320	3456	3931	4125	3110	3153	3240	3024	2505	2268	2354	1987	1058	712	410	0	410	1123	1144	1620	2181	2397	2462	3132	2743	3520	3240	3628	3736	
1900	3780	4428	3628	4147	4384	3369	3456	3585	3391	2872	2678	2764	2376	1468	1123	777	410	0	734	799	1274	1836	2116	2246	2916	2635	3391	3196	3628	3758	
2505	4255	4946	4190	4773	5054	4060	4168	4320	4125	3628	3412	3456	3045	2203	1836	1468	1123	734	0	734	1036	1533	1965	2268	2872	2851	3564	3499	3952	4168	
1922	3564	4276	3564	4190	4514	3564	3736	3952	3844	3391	3261	3456	3132	2138	1836	1576	1144	799	734	0	453	1036	1339	1555	2203	2116	2829	2764	3218	3456	
2116	3542	4276	3650	4298	4687	3780	3996	4255	4190	3758	3672	3909	3607	2592	2289	2030	1620	1274	1036	453	0	561	907	1252	1836	1922	2592	2635	3088	3391	
2440	3564	4320	3801	4492	4924	4060	4320	4644	4622	4212	4147	4428	4147	3132	2829	2592	2181	1836	1533	1036	561	0	540	1015	1490	1814	2354	2548	3024	3348	
2246	3110	3866	3434	4125	4579	3801	4104	4471	4514	4125	4147	4492	4298	3218	2980	2808	2397	2116	1965	1339	907	540	0	518	950	1317	1814	2052	2505	2872	
1922	2613	3348	2937	3650	4125	3391	3715	4147	4212	3866	3931	4363	4212	3153	2959	2851	2462	2246	2268	1555	1252	1015	518	0	648	799	1339	1533	1987	2354	
2419	2613	3326	3110	3801	4341	3736	4104	4557	4665	4384	4492	4968	4860	3780	3607	3520	3132	2916	2872	2203	1836	1490	950	648	0	885	993	1447	1857	2268	
1641	1814	2570	2246	2937	3456	2851	3218	3693	3823	3585	3736	4276	4233	3196	3067	3088	2743	2635	2851	2116	1922	1814	1317	799	885	0	756	734	1188	1555	
2289	1749	2419	2397	3045	3628	3196	3607	4125	4341	4168	4363	4946	4946	3909	3823	3844	3520	3391	3564	2829	2592	2354	1814	1339	993	756	0	669	928	1360	
1771	1144	1879	1728	2397	2959	2527	2937	3477	3693	3564	3780	4406	4471	3477	3434	3520	3240	3196	3499	2764	2635	2548	2052	1533	1447	734	669	0	453	820	
2052	842	1490	1555	2181	2764	2484	2916	3477	3758	3672	3952	4600	4708	3780	3758	3888	3628	3628	3952	3218	3088	3024	2505	1987	1857	1188	928	453	0	432	
2030	410	1036	1166	1749	2332	2181	2613	3175	3477	3456	3780	4471	4622	3736	3780	3931	3736	3758	4168	3456	3391	3348	2872	2354	2268	1555	1360	820	432	0	
V3
0	1765	2289	1532	2037	2308	1474	1687	1998	2037	1765	1881	2386	2405	1532	1552	1726	1571	1707	2250	1726	1901	2192	2017	1726	2172	1474	2056	1590	1843	1823	
1765	0	659	698	1202	1726	1629	2017	2541	2832	2851	3162	3783	3977	3239	3298	3492	3317	3395	3821	3201	3181	3201	2793	2347	2347	1629	1571	1028	756	368	
2289	659	0	834	950	1435	1707	2056	2560	2910	3045	3395	4054	4306	3666	3783	3996	3880	3977	4442	3841	3841	3880	3472	3007	2987	2308	2172	1687	1338	931	
1532	698	834	0	620	1105	931	1319	1823	2153	2231	2560	3220	3453	2832	2948	3201	3104	3259	3763	3201	3278	3414	3084	2638	2793	2017	2153	1552	1396	1047	
2037	1202	950	620	0	523	911	1183	1649	2037	2231	2619	3278	3608	3104	3298	3569	3530	3724	4287	3763	3860	4035	3705	3278	3414	2638	2735	2153	1959	1571	
2308	1726	1435	1105	523	0	911	1028	1377	1784	2095	2502	3142	3511	3162	3375	3705	3705	3938	4539	4054	4209	4423	4112	3705	3899	3104	3259	2657	2483	2095	
1474	1629	1707	931	911	911	0	388	892	1202	1338	1707	2366	2696	2250	2463	2774	2793	3026	3647	3201	3395	3647	3414	3045	3356	2560	2871	2269	2231	1959	
1687	2017	2056	1319	1183	1028	388	0	504	834	1067	1474	2114	2483	2172	2425	2754	2832	3104	3744	3356	3589	3880	3686	3336	3686	2890	3239	2638	2619	2347	
1998	2541	2560	1823	1649	1377	892	504	0	407	795	1183	1784	2211	2114	2405	2754	2910	3220	3880	3550	3821	4171	4015	3724	4093	3317	3705	3123	3123	2851	
2037	2832	2910	2153	2037	1784	1202	834	407	0	465	834	1396	1843	1843	2172	2522	2716	3045	3705	3453	3763	4151	4054	3783	4190	3433	3899	3317	3375	3123	
1765	2851	3045	2231	2231	2095	1338	1067	795	465	0	407	1047	1435	1377	1687	2056	2250	2580	3259	3045	3375	3783	3705	3472	3938	3220	3744	3201	3298	3104	
1881	3162	3395	2560	2619	2502	1707	1474	1183	834	407	0	640	1028	1105	1435	1804	2037	2405	3065	2929	3298	3724	3724	3530	4035	3356	3918	3395	3550	3395	
2386	3783	4054	3220	3278	3142	2366	2114	1784	1396	1047	640	0	504	1164	1474	1784	2114	2483	3104	3104	3511	3977	4035	3918	4462	3841	4442	3957	4132	4015	
2405	3977	4306	3453	3608	3511	2696	2483	2211	1843	1435	1028	504	0	950	1183	1416	1784	2134	2735	2813	3239	3724	3860	3783	4365	3802	4442	4015	4229	4151	
1532	3239	3666	2832	3104	3162	2250	2172	2114	1843	1377	1105	1164	950	0	329	679	950	1319	1978	1920	2328	2813	2890	2832	3395	2871	3511	3123	3395	3356	
1552	3298	3783	2948	3298	3375	2463	2425	2405	2172	1687	1435	1474	1183	329	0	349	640	1008	1649	1649	2056	2541	2677	2657	3239	2754	3433	3084	3375	3395	
1726	3492	3996	3201	3569	3705	2774	2754	2754	2522	2056	1804	1784	1416	679	349	0	368	698	1319	1416	1823	2328	2522	2560	3162	2774	3453	3162	3492	3530	
1571	3317	3880	3104	3530	3705	2793	2832	2910	2716	2250	2037	2114	1784	950	640	368	0	368	1008	1028	1455	1959	2153	2211	2813	2463	3162	2910	3259	3356	
1707	3395	3977	3259	3724	3938	3026	3104	3220	3045	2580	2405	2483	2134	1319	1008	698	368	0	659	717	1144	1649	1901	2017	2619	2366	3045	2871	3259	3375	
2250	3821	4442	3763	4287	4539	3647	3744	3880	3705	3259	3065	3104	2735	1978	1649	1319	1008	659	0	659	931	1377	1765	2037	2580	2560	3201	3142	3550	3744	
1726	3201	3841	3201	3763	4054	3201	3356	3550	3453	3045	2929	3104	2813	1920	1649	1416	1028	717	659	0	407	931	1202	1396	1978	1901	2541	2483	2890	3104	
1901	3181	3841	3278	3860	4209	3395	3589	3821	3763	3375	3298	3511	3239	2328	2056	1823	1455	1144	931	407	0	504	814	1125	1649	1726	2328	2366	2774	3045	
2192	3201	3880	3414	4035	4423	3647	3880	4171	4151	3783	3724	3977	3724	2813	2541	2328	1959	1649	1377	931	504	0	485	911	1338	1629	2114	2289	2716	3007	
2017	2793	3472	3084	3705	4112	3414	3686	4015	4054	3705	3724	4035	3860	2890	2677	2522	2153	1901	1765	1202	814	485	0	465	853	1183	1629	1843	2250	2580	
1726	2347	3007	2638	3278	3705	3045	3336	3724	3783	3472	3530	3918	3783	2832	2657	2560	2211	2017	2037	1396	1125	911	465	0	582	717	1202	1377	1784	2114	
2172	2347	2987	2793	3414	3899	3356	3686	4093	4190	3938	4035	4462	4365	3395	3239	3162	2813	2619	2580	1978	1649	1338	853	582	0	795	892	1299	1668	2037	
1474	1629	2308	2017	2638	3104	2560	2890	3317	3433	3220	3356	3841	3802	2871	2754	2774	2463	2366	2560	1901	1726	1629	1183	717	795	0	679	659	1067	1396	
2056	1571	2172	2153	2735	3259	2871	3239	3705	3899	3744	3918	4442	4442	3511	3433	3453	3162	3045	3201	2541	2328	2114	1629	1202	892	679	0	601	834	1222	
1590	1028	1687	1552	2153	2657	2269	2638	3123	3317	3201	3395	3957	4015	3123	3084	3162	2910	2871	3142	2483	2366	2289	1843	1377	1299	659	601	0	407	737	
1843	756	1338	1396	1959	2483	2231	2619	3123	3375	3298	3550	4132	4229	3395	3375	3492	3259	3259	3550	2890	2774	2716	2250	1784	1668	1067	834	407	0	388	
1823	368	931	1047	1571	2095	1959	2347	2851	3123	3104	3395	4015	4151	3356	3395	3530	3356	3375	3744	3104	3045	3007	2580	2114	2037	1396	1222	737	388	0	
V4
0	1255	1628	1090	1449	1642	1048	1200	1421	1449	1255	1338	1697	1711	1090	1104	1228	1117	1214	1600	1228	1352	1559	1435	1228	1545	1048	1462	1131	1311	1297	
1255	0	469	496	855	1228	1159	1435	1807	2014	2028	2249	2691	2829	2304	2346	2484	2359	2415	2718	2277	2263	2277	1987	1669	1669	1159	1117	731	538	262	
1628	469	0	593	676	1021	1214	1462	1821	2070	2166	2415	2884	3063	2608	2691	2842	2760	2829	3160	2732	2732	2760	2470	2139	2125	1642	1545	1200	952	662	
1090	496	593	0	441	786	662	938	1297	1531	1587	1821	2290	2456	2014	2097	2277	2208	2318	2677	2277	2332	2428	2194	1876	1987	1435	1531	1104	993	745	
1449	855	676	441	0	372	648	841	1173	1449	1587	1863	2332	2566	2208	2346	2539	2511	2649	3049	2677	2746	2870	2635	2332	2428	1876	1945	1531	1393	1117	
1642	1228	1021	786	372	0	648	731	979	1269	1490	1780	2235	2497	2249	2401	2635	2635	2801	3229	2884	2994	3146	2925	2635	2773	2208	2318	1890	1766	1490	
1048	1159	1214	662	648	648	0	276	634	855	952	1214	1683	1918	1600	1752	1973	1987	2152	2594	2277	2415	2594	2428	2166	2387	1821	2042	1614	1587	1393	
1200	1435	1462	938	841	731	276	0	358	593	759	1048	1504	1766	1545	1725	1959	2014	2208	2663	2387	2553	2760	2622	2373	2622	2056	2304	1876	1863	1669	
1421	1807	1821	1297	1173	979	634	358	0	289	565	841	1269	1573	1504	1711	1959	2070	2290	2760	2525	2718	2967	2856	2649	2911	2359	2635	2221	2221	2028	
1449	2014	2070	1531	1449	1269	855	593	289	0	331	593	993	1311	1311	1545	1794	1932	2166	2635	2456	2677	2953	2884	2691	2980	2442	2773	2359	2401	2221	
1255	2028	2166	1587	1587	1490	952	759	565	331	0	289	745	1021	979	1200	1462	1600	1835	2318	2166	2401	2691	2635	2470	2801	2290	2663	2277	2346	2208	
1338	2249	2415	1821	1863	1780	1214	1048	841	593	289	0	455	731	786	1021	1283	1449	1711	2180	2083	2346	2649	2649	2511	2870	2387	2787	2415	2525	2415	
1697	2691	2884	2290	2332	2235	1683	1504	1269	993	745	455	0	358	828	1048	1269	1504	1766	2208	2208	2497	2829	2870	2787	3174	2732	3160	2815	2939	2856	
1711	2829	3063	2456	2566	2497	1918	1766	1573	1311	1021	731	358	0	676	841	1007	1269	1518	1945	2001	2304	2649	2746	2691	3105	2704	3160	2856	3008	2953	
1090	2304	2608	2014	2208	2249	1600	1545	1504	1311	979	786	828	676	0	234	483	676	938	1407	1366	1656	2001	2056	2014	2415	2042	2497	2221	2415	2387	
1104	2346	2691	2097	2346	2401	1752	1725	1711	1545	1200	1021	1048	841	234	0	248	455	717	1173	1173	1462	1807	1904	1890	2304	1959	2442	2194	2401	2415	
1228	2484	2842	2277	2539	2635	1973	1959	1959	1794	1462	1283	1269	1007	483	248	0	262	496	938	1007	1297	1656	1794	1821	2249	1973	2456	2249	2484	2511	
1117	2359	2760	2208	2511	2635	1987	2014	2070	1932	1600	1449	1504	1269	676	455	262	0	262	717	731	1035	1393	1531	1573	2001	1752	2249	2070	2318	2387	
1214	2415	2829	2318	2649	2801	2152	2208	2290	2166	1835	1711	1766	1518	938	717	496	262	0	469	510	814	1173	1352	1435	1863	1683	2166	2042	2318	2401	
1600	2718	3160	2677	3049	3229	2594	2663	2760	2635	2318	2180	2208	1945	1407	1173	938	717	469	0	469	662	979	1255	1449	1835	1821	2277	2235	2525	2663	
1228	2277	2732	2277	2677	2884	2277	2387	2525	2456	2166	2083	2208	2001	1366	1173	1007	731	510	469	0	289	662	855	993	1407	1352	1807	1766	2056	2208	
1352	2263	2732	2332	2746	2994	2415	2553	2718	2677	2401	2346	2497	2304	1656	1462	1297	1035	814	662	289	0	358	579	800	1173	1228	1656	1683	1973	2166	
1559	2277	2760	2428	2870	3146	2594	2760	2967	2953	2691	2649	2829	2649	2001	1807	1656	1393	1173	979	662	358	0	345	648	952	1159	1504	1628	1932	2139	
1435	1987	2470	2194	2635	2925	2428	2622	2856	2884	2635	2649	2870	2746	2056	1904	1794	1531	1352	1255	855	579	345	0	331	607	841	1159	1311	1600	1835	
1228	1669	2139	1876	2332	2635	2166	2373	2649	2691	2470	2511	2787	2691	2014	1890	1821	1573	1435	1449	993	800	648	331	0	414	510	855	979	1269	1504	
1545	1669	2125	1987	2428	2773	2387	2622	2911	2980	2801	2870	3174	3105	2415	2304	2249	2001	1863	1835	1407	1173	952	607	414	0	565	634	924	1186	1449	
1048	1159	1642	1435	1876	2208	1821	2056	2359	2442	2290	2387	2732	2704	2042	1959	1973	1752	1683	1821	1352	1228	1159	841	510	565	0	483	469	759	993	
1462	1117	1545	1531	1945	2318	2042	2304	2635	2773	2663	2787	3160	3160	2497	2442	2456	2249	2166	2277	1807	1656	1504	1159	855	634	483	0	427	593	869	
1131	731	1200	1104	1531	1890	1614	1876	2221	2359	2277	2415	2815	2856	2221	2194	2249	2070	2042	2235	1766	1683	1628	1311	979	924	469	427	0	289	524	
1311	538	952	993	1393	1766	1587	1863	2221	2401	2346	2525	2939	3008	2415	2401	2484	2318	2318	2525	2056	1973	1932	1600	1269	1186	759	593	289	0	276	
1297	262	662	745	1117	1490	1393	1669	2028	2221	2208	2415	2856	2953	2387	2415	2511	2387	2401	2663	2208	2166	2139	1835	1504	1449	993	869	524	276	0	
V5
0	819	1062	711	945	1071	684	783	927	945	819	873	1107	1116	711	720	801	729	792	1044	801	882	1017	936	801	1008	684	954	738	855	846	
819	0	306	324	558	801	756	936	1179	1314	1323	1467	1755	1845	1503	1530	1620	1539	1575	1773	1485	1476	1485	1296	1089	1089	756	729	477	351	171	
1062	306	0	387	441	666	792	954	1188	1350	1413	1575	1881	1998	1701	1755	1854	1800	1845	2061	1782	1782	1800	1611	1395	1386	1071	1008	783	621	432	
711	324	387	0	288	513	432	612	846	999	1035	1188	1494	1602	1314	1368	1485	1440	1512	1746	1485	1521	1584	1431	1224	1296	936	999	720	648	486	
945	558	441	288	0	243	423	549	765	945	1035	1215	1521	1674	1440	1530	1656	1638	1728	1989	1746	1791	1872	1719	1521	1584	1224	1269	999	909	729	
1071	801	666	513	243	0	423	477	639	828	972	1161	1458	1629	1467	1566	1719	1719	1827	2106	1881	1953	2052	1908	1719	1809	1440	1512	1233	1152	972	
684	756	792	432	423	423	0	180	414	558	621	792	1098	1251	1044	1143	1287	1296	1404	1692	1485	1575	1692	1584	1413	1557	1188	1332	1053	1035	909	
783	936	954	612	549	477	180	0	234	387	495	684	981	1152	1008	1125	1278	1314	1440	1737	1557	1665	1800	1710	1548	1710	1341	1503	1224	1215	1089	
927	1179	1188	846	765	639	414	234	0	189	369	549	828	1026	981	1116	1278	1350	1494	1800	1647	1773	1935	1863	1728	1899	1539	1719	1449	1449	1323	
945	1314	1350	999	945	828	558	387	189	0	216	387	648	855	855	1008	1170	1260	1413	1719	1602	1746	1926	1881	1755	1944	1593	1809	1539	1566	1449	
819	1323	1413	1035	1035	972	621	495	369	216	0	189	486	666	639	783	954	1044	1197	1512	1413	1566	1755	1719	1611	1827	1494	1737	1485	1530	1440	
873	1467	1575	1188	1215	1161	792	684	549	387	189	0	297	477	513	666	837	945	1116	1422	1359	1530	1728	1728	1638	1872	1557	1818	1575	1647	1575	
1107	1755	1881	1494	1521	1458	1098	981	828	648	486	297	0	234	540	684	828	981	1152	1440	1440	1629	1845	1872	1818	2070	1782	2061	1836	1917	1863	
1116	1845	1998	1602	1674	1629	1251	1152	1026	855	666	477	234	0	441	549	657	828	990	1269	1305	1503	1728	1791	1755	2025	1764	2061	1863	1962	1926	
711	1503	1701	1314	1440	1467	1044	1008	981	855	639	513	540	441	0	153	315	441	612	918	891	1080	1305	1341	1314	1575	1332	1629	1449	1575	1557	
720	1530	1755	1368	1530	1566	1143	1125	1116	1008	783	666	684	549	153	0	162	297	468	765	765	954	1179	1242	1233	1503	1278	1593	1431	1566	1575	
801	1620	1854	1485	1656	1719	1287	1278	1278	1170	954	837	828	657	315	162	0	171	324	612	657	846	1080	1170	1188	1467	1287	1602	1467	1620	1638	
729	1539	1800	1440	1638	1719	1296	1314	1350	1260	1044	945	981	828	441	297	171	0	171	468	477	675	909	999	1026	1305	1143	1467	1350	1512	1557	
792	1575	1845	1512	1728	1827	1404	1440	1494	1413	1197	1116	1152	990	612	468	324	171	0	306	333	531	765	882	936	1215	1098	1413	1332	1512	1566	
1044	1773	2061	1746	1989	2106	1692	1737	1800	1719	1512	1422	1440	1269	918	765	612	468	306	0	306	432	639	819	945	1197	1188	1485	1458	1647	1737	
801	1485	1782	1485	1746	1881	1485	1557	1647	1602	1413	1359	1440	1305	891	765	657	477	333	306	0	189	432	558	648	918	882	1179	1152	1341	1440	
882	1476	1782	1521	1791	1953	1575	1665	1773	1746	1566	1530	1629	1503	1080	954	846	675	531	432	189	0	234	378	522	765	801	1080	1098	1287	1413	
1017	1485	1800	1584	1872	2052	1692	1800	1935	1926	1755	1728	1845	1728	1305	1179	1080	909	765	639	432	234	0	225	423	621	756	981	1062	1260	1395	
936	1296	1611	1431	1719	1908	1584	1710	1863	1881	1719	1728	1872	1791	1341	1242	1170	999	882	819	558	378	225	0	216	396	549	756	855	1044	1197	
801	1089	1395	1224	1521	1719	1413	1548	1728	1755	1611	1638	1818	1755	1314	1233	1188	1026	936	945	648	522	423	216	0	270	333	558	639	828	981	
1008	1089	1386	1296	1584	1809	1557	1710	1899	1944	1827	1872	2070	2025	1575	1503	1467	1305	1215	1197	918	765	621	396	270	0	369	414	603	774	945	
684	756	1071	936	1224	1440	1188	1341	1539	1593	1494	1557	1782	1764	1332	1278	1287	1143	1098	1188	882	801	756	549	333	369	0	315	306	495	648	
954	729	1008	999	1269	1512	1332	1503	1719	1809	1737	1818	2061	2061	1629	1593	1602	1467	1413	1485	1179	1080	981	756	558	414	315	0	279	387	567	
738	477	783	720	999	1233	1053	1224	1449	1539	1485	1575	1836	1863	1449	1431	1467	1350	1332	1458	1152	1098	1062	855	639	603	306	279	0	189	342	
855	351	621	648	909	1152	1035	1215	1449	1566	1530	1647	1917	1962	1575	1566	1620	1512	1512	1647	1341	1287	1260	1044	828	774	495	387	189	0	180	
846	171	432	486	729	972	909	1089	1323	1449	1440	1575	1863	1926	1557	1575	1638	1557	1566	1737	1440	1413	1395	1197	981	945	648	567	342	180	0	
V6
0	2038	2643	1769	2352	2665	1702	1948	2307	2352	2038	2172	2755	2777	1769	1792	1993	1814	1971	2598	1993	2195	2531	2329	1993	2508	1702	2374	1836	2128	2105	
2038	0	761	806	1388	1993	1881	2329	2934	3270	3292	3651	4368	4592	3740	3808	4032	3830	3920	4412	3696	3673	3696	3225	2710	2710	1881	1814	1187	873	425	
2643	761	0	963	1097	1657	1971	2374	2956	3360	3516	3920	4681	4972	4233	4368	4614	4480	4592	5129	4435	4435	4480	4009	3472	3449	2665	2508	1948	1545	1075	
1769	806	963	0	716	1276	1075	1523	2105	2486	2576	2956	3718	3987	3270	3404	3696	3584	3763	4345	3696	3785	3942	3561	3046	3225	2329	2486	1792	1612	1209	
2352	1388	1097	716	0	604	1052	1366	1904	2352	2576	3024	3785	4166	3584	3808	4121	4076	4300	4950	4345	4457	4659	4278	3785	3942	3046	3158	2486	2262	1814	
2665	1993	1657	1276	604	0	1052	1187	1590	2060	2419	2889	3628	4054	3651	3897	4278	4278	4547	5241	4681	4860	5107	4748	4278	4502	3584	3763	3068	2867	2419	
1702	1881	1971	1075	1052	1052	0	448	1030	1388	1545	1971	2732	3113	2598	2844	3203	3225	3494	4211	3696	3920	4211	3942	3516	3875	2956	3315	2620	2576	2262	
1948	2329	2374	1523	1366	1187	448	0	582	963	1232	1702	2441	2867	2508	2800	3180	3270	3584	4323	3875	4144	4480	4256	3852	4256	3337	3740	3046	3024	2710	
2307	2934	2956	2105	1904	1590	1030	582	0	470	918	1366	2060	2553	2441	2777	3180	3360	3718	4480	4099	4412	4816	4636	4300	4726	3830	4278	3606	3606	3292	
2352	3270	3360	2486	2352	2060	1388	963	470	0	537	963	1612	2128	2128	2508	2912	3136	3516	4278	3987	4345	4793	4681	4368	4838	3964	4502	3830	3897	3606	
2038	3292	3516	2576	2576	2419	1545	1232	918	537	0	470	1209	1657	1590	1948	2374	2598	2979	3763	3516	3897	4368	4278	4009	4547	3718	4323	3696	3808	3584	
2172	3651	3920	2956	3024	2889	1971	1702	1366	963	470	0	739	1187	1276	1657	2083	2352	2777	3539	3382	3808	4300	4300	4076	4659	3875	4524	3920	4099	3920	
2755	4368	4681	3718	3785	3628	2732	2441	2060	1612	1209	739	0	582	1344	1702	2060	2441	2867	3584	3584	4054	4592	4659	4524	5152	4435	5129	4569	4771	4636	
2777	4592	4972	3987	4166	4054	3113	2867	2553	2128	1657	1187	582	0	1097	1366	1635	2060	2464	3158	3248	3740	4300	4457	4368	5040	4390	5129	4636	4883	4793	
1769	3740	4233	3270	3584	3651	2598	2508	2441	2128	1590	1276	1344	1097	0	380	784	1097	1523	2284	2217	2688	3248	3337	3270	3920	3315	4054	3606	3920	3875	
1792	3808	4368	3404	3808	3897	2844	2800	2777	2508	1948	1657	1702	1366	380	0	403	739	1164	1904	1904	2374	2934	3091	3068	3740	3180	3964	3561	3897	3920	
1993	4032	4614	3696	4121	4278	3203	3180	3180	2912	2374	2083	2060	1635	784	403	0	425	806	1523	1635	2105	2688	2912	2956	3651	3203	3987	3651	4032	4076	
1814	3830	4480	3584	4076	4278	3225	3270	3360	3136	2598	2352	2441	2060	1097	739	425	0	425	1164	1187	1680	2262	2486	2553	3248	2844	3651	3360	3763	3875	
1971	3920	4592	3763	4300	4547	3494	3584	3718	3516	2979	2777	2867	2464	1523	1164	806	425	0	761	828	1321	1904	2195	2329	3024	2732	3516	3315	3763	3897	
2598	4412	5129	4345	4950	5241	4211	4323	4480	4278	3763	3539	3584	3158	2284	1904	1523	1164	761	0	761	1075	1590	2038	2352	2979	2956	3696	3628	4099	4323	
1993	3696	4435	3696	4345	4681	3696	3875	4099	3987	3516	3382	3584	3248	2217	1904	1635	1187	828	761	0	470	1075	1388	1612	2284	2195	2934	2867	3337	3584	
2195	3673	4435	3785	4457	4860	3920	4144	4412	4345	3897	3808	4054	3740	2688	2374	2105	1680	1321	1075	470	0	582	940	1299	1904	1993	2688	2732	3203	3516	
2531	3696	4480	3942	4659	5107	4211	4480	4816	4793	4368	4300	4592	4300	3248	2934	2688	2262	1904	1590	1075	582	0	560	1052	1545	1881	2441	2643	3136	3472	
2329	3225	4009	3561	4278	4748	3942	4256	4636	4681	4278	4300	4659	4457	3337	3091	2912	2486	2195	2038	1388	940	560	0	537	985	1366	1881	2128	2598	2979	
1993	2710	3472	3046	3785	4278	3516	3852	4300	4368	4009	4076	4524	4368	3270	3068	2956	2553	2329	2352	1612	1299	1052	537	0	672	828	1388	1590	2060	2441	
2508	2710	3449	3225	3942	4502	3875	4256	4726	4838	4547	4659	5152	5040	3920	3740	3651	3248	3024	2979	2284	1904	1545	985	672	0	918	1030	1500	1926	2352	
1702	1881	2665	2329	3046	3584	2956	3337	3830	3964	3718	3875	4435	4390	3315	3180	3203	2844	2732	2956	2195	1993	1881	1366	828	918	0	784	761	1232	1612	
2374	1814	2508	2486	3158	3763	3315	3740	4278	4502	4323	4524	5129	5129	4054	3964	3987	3651	3516	3696	2934	2688	2441	1881	1388	1030	784	0	694	963	1411	
1836	1187	1948	1792	2486	3068	2620	3046	3606	3830	3696	3920	4569	4636	3606	3561	3651	3360	3315	3628	2867	2732	2643	2128	1590	1500	761	694	0	470	851	
2128	873	1545	1612	2262	2867	2576	3024	3606	3897	3808	4099	4771	4883	3920	3897	4032	3763	3763	4099	3337	3203	3136	2598	2060	1926	1232	963	470	0	448	
2105	425	1075	1209	1814	2419	2262	2710	3292	3606	3584	3920	4636	4793	3875	3920	4076	3875	3897	4323	3584	3516	3472	2979	2441	2352	1612	1411	851	448	0	
V7
0	1183	1534	1027	1365	1547	988	1131	1339	1365	1183	1261	1599	1612	1027	1040	1157	1053	1144	1508	1157	1274	1469	1352	1157	1456	988	1378	1066	1235	1222	
1183	0	442	468	806	1157	1092	1352	1703	1898	1911	2119	2535	2665	2171	2210	2340	2223	2275	2561	2145	2132	2145	1872	1573	1573	1092	1053	689	507	247	
1534	442	0	559	637	962	1144	1378	1716	1950	2041	2275	2717	2886	2457	2535	2678	2600	2665	2977	2574	2574	2600	2327	2015	2002	1547	1456	1131	897	624	
1027	468	559	0	416	741	624	884	1222	1443	1495	1716	2158	2314	1898	1976	2145	2080	2184	2522	2145	2197	2288	2067	1768	1872	1352	1443	1040	936	702	
1365	806	637	416	0	351	611	793	1105	1365	1495	1755	2197	2418	2080	2210	2392	2366	2496	2873	2522	2587	2704	2483	2197	2288	1768	1833	1443	1313	1053	
1547	1157	962	741	351	0	611	689	923	1196	1404	1677	2106	2353	2119	2262	2483	2483	2639	3042	2717	2821	2964	2756	2483	2613	2080	2184	1781	1664	1404	
988	1092	1144	624	611	611	0	260	598	806	897	1144	1586	1807	1508	1651	1859	1872	2028	2444	2145	2275	2444	2288	2041	2249	1716	1924	1521	1495	1313	
1131	1352	1378	884	793	689	260	0	338	559	715	988	1417	1664	1456	1625	1846	1898	2080	2509	2249	2405	2600	2470	2236	2470	1937	2171	1768	1755	1573	
1339	1703	1716	1222	1105	923	598	338	0	273	533	793	1196	1482	1417	1612	1846	1950	2158	2600	2379	2561	2795	2691	2496	2743	2223	2483	2093	2093	1911	
1365	1898	1950	1443	1365	1196	806	559	273	0	312	559	936	1235	1235	1456	1690	1820	2041	2483	2314	2522	2782	2717	2535	2808	2301	2613	2223	2262	2093	
1183	1911	2041	1495	1495	1404	897	715	533	312	0	273	702	962	923	1131	1378	1508	1729	2184	2041	2262	2535	2483	2327	2639	2158	2509	2145	2210	2080	
1261	2119	2275	1716	1755	1677	1144	988	793	559	273	0	429	689	741	962	1209	1365	1612	2054	1963	2210	2496	2496	2366	2704	2249	2626	2275	2379	2275	
1599	2535	2717	2158	2197	2106	1586	1417	1196	936	702	429	0	338	780	988	1196	1417	1664	2080	2080	2353	2665	2704	2626	2990	2574	2977	2652	2769	2691	
1612	2665	2886	2314	2418	2353	1807	1664	1482	1235	962	689	338	0	637	793	949	1196	1430	1833	1885	2171	2496	2587	2535	2925	2548	2977	2691	2834	2782	
1027	2171	2457	1898	2080	2119	1508	1456	1417	1235	923	741	780	637	0	221	455	637	884	1326	1287	1560	1885	1937	1898	2275	1924	2353	2093	2275	2249	
1040	2210	2535	1976	2210	2262	1651	1625	1612	1456	1131	962	988	793	221	0	234	429	676	1105	1105	1378	1703	1794	1781	2171	1846	2301	2067	2262	2275	
1157	2340	2678	2145	2392	2483	1859	1846	1846	1690	1378	1209	1196	949	455	234	0	247	468	884	949	1222	1560	1690	1716	2119	1859	2314	2119	2340	2366	
1053	2223	2600	2080	2366	2483	1872	1898	1950	1820	1508	1365	1417	1196	637	429	247	0	247	676	689	975	1313	1443	1482	1885	1651	2119	1950	2184	2249	
1144	2275	2665	2184	2496	2639	2028	2080	2158	2041	1729	1612	1664	1430	884	676	468	247	0	442	481	767	1105	1274	1352	1755	1586	2041	1924	2184	2262	
1508	2561	2977	2522	2873	3042	2444	2509	2600	2483	2184	2054	2080	1833	1326	1105	884	676	442	0	442	624	923	1183	1365	1729	1716	2145	2106	2379	2509	
1157	2145	2574	2145	2522	2717	2145	2249	2379	2314	2041	1963	2080	1885	1287	1105	949	689	481	442	0	273	624	806	936	1326	1274	1703	1664	1937	2080	
1274	2132	2574	2197	2587	2821	2275	2405	2561	2522	2262	2210	2353	2171	1560	1378	1222	975	767	624	273	0	338	546	754	1105	1157	1560	1586	1859	2041	
1469	2145	2600	2288	2704	2964	2444	2600	2795	2782	2535	2496	2665	2496	1885	1703	1560	1313	1105	923	624	338	0	325	611	897	1092	1417	1534	1820	2015	
1352	1872	2327	2067	2483	2756	2288	2470	2691	2717	2483	2496	2704	2587	1937	1794	1690	1443	1274	1183	806	546	325	0	312	572	793	1092	1235	1508	1729	
1157	1573	2015	1768	2197	2483	2041	2236	2496	2535	2327	2366	2626	2535	1898	1781	1716	1482	1352	1365	936	754	611	312	0	390	481	806	923	1196	1417	
1456	1573	2002	1872	2288	2613	2249	2470	2743	2808	2639	2704	2990	2925	2275	2171	2119	1885	1755	1729	1326	1105	897	572	390	0	533	598	871	1118	1365	
988	1092	1547	1352	1768	2080	1716	1937	2223	2301	2158	2249	2574	2548	1924	1846	1859	1651	1586	1716	1274	1157	1092	793	481	533	0	455	442	715	936	
1378	1053	1456	1443	1833	2184	1924	2171	2483	2613	2509	2626	2977	2977	2353	2301	2314	2119	2041	2145	1703	1560	1417	1092	806	598	455	0	403	559	819	
1066	689	1131	1040	1443	1781	1521	1768	2093	2223	2145	2275	2652	2691	2093	2067	2119	1950	1924	2106	1664	1586	1534	1235	923	871	442	403	0	273	494	
1235	507	897	936	1313	1664	1495	1755	2093	2262	2210	2379	2769	2834	2275	2262	2340	2184	2184	2379	1937	1859	1820	1508	1196	1118	715	559	273	0	260	
1222	247	624	702	1053	1404	1313	1573	1911	2093	2080	2275	2691	2782	2249	2275	2366	2249	2262	2509	2080	2041	2015	1729	1417	1365	936	819	494	260	0	
V8
0	1601	2076	1390	1848	2094	1337	1531	1812	1848	1601	1707	2164	2182	1390	1408	1566	1425	1548	2041	1566	1724	1988	1830	1566	1971	1337	1865	1443	1672	1654	
1601	0	598	633	1091	1566	1478	1830	2305	2569	2587	2868	3432	3608	2939	2992	3168	3009	3080	3467	2904	2886	2904	2534	2129	2129	1478	1425	932	686	334	
2076	598	0	756	862	1302	1548	1865	2323	2640	2763	3080	3678	3907	3326	3432	3625	3520	3608	4030	3484	3484	3520	3150	2728	2710	2094	1971	1531	1214	844	
1390	633	756	0	563	1003	844	1196	1654	1953	2024	2323	2921	3132	2569	2675	2904	2816	2956	3414	2904	2974	3097	2798	2393	2534	1830	1953	1408	1267	950	
1848	1091	862	563	0	475	827	1073	1496	1848	2024	2376	2974	3273	2816	2992	3238	3203	3379	3889	3414	3502	3660	3361	2974	3097	2393	2481	1953	1777	1425	
2094	1566	1302	1003	475	0	827	932	1249	1619	1900	2270	2851	3185	2868	3062	3361	3361	3572	4118	3678	3819	4012	3731	3361	3537	2816	2956	2411	2252	1900	
1337	1478	1548	844	827	827	0	352	809	1091	1214	1548	2147	2446	2041	2235	2516	2534	2745	3308	2904	3080	3308	3097	2763	3044	2323	2604	2059	2024	1777	
1531	1830	1865	1196	1073	932	352	0	457	756	968	1337	1918	2252	1971	2200	2499	2569	2816	3396	3044	3256	3520	3344	3027	3344	2622	2939	2393	2376	2129	
1812	2305	2323	1654	1496	1249	809	457	0	369	721	1073	1619	2006	1918	2182	2499	2640	2921	3520	3220	3467	3784	3643	3379	3713	3009	3361	2833	2833	2587	
1848	2569	2640	1953	1848	1619	1091	756	369	0	422	756	1267	1672	1672	1971	2288	2464	2763	3361	3132	3414	3766	3678	3432	3801	3115	3537	3009	3062	2833	
1601	2587	2763	2024	2024	1900	1214	968	721	422	0	369	950	1302	1249	1531	1865	2041	2340	2956	2763	3062	3432	3361	3150	3572	2921	3396	2904	2992	2816	
1707	2868	3080	2323	2376	2270	1548	1337	1073	756	369	0	580	932	1003	1302	1636	1848	2182	2780	2657	2992	3379	3379	3203	3660	3044	3555	3080	3220	3080	
2164	3432	3678	2921	2974	2851	2147	1918	1619	1267	950	580	0	457	1056	1337	1619	1918	2252	2816	2816	3185	3608	3660	3555	4048	3484	4030	3590	3748	3643	
2182	3608	3907	3132	3273	3185	2446	2252	2006	1672	1302	932	457	0	862	1073	1284	1619	1936	2481	2552	2939	3379	3502	3432	3960	3449	4030	3643	3836	3766	
1390	2939	3326	2569	2816	2868	2041	1971	1918	1672	1249	1003	1056	862	0	299	616	862	1196	1795	1742	2112	2552	2622	2569	3080	2604	3185	2833	3080	3044	
1408	2992	3432	2675	2992	3062	2235	2200	2182	1971	1531	1302	1337	1073	299	0	316	580	915	1496	1496	1865	2305	2428	2411	2939	2499	3115	2798	3062	3080	
1566	3168	3625	2904	3238	3361	2516	2499	2499	2288	1865	1636	1619	1284	616	316	0	334	633	1196	1284	1654	2112	2288	2323	2868	2516	3132	2868	3168	3203	
1425	3009	3520	2816	3203	3361	2534	2569	2640	2464	2041	1848	1918	1619	862	580	334	0	334	915	932	1320	1777	1953	2006	2552	2235	2868	2640	2956	3044	
1548	3080	3608	2956	3379	3572	2745	2816	2921	2763	2340	2182	2252	1936	1196	915	633	334	0	598	651	1038	1496	1724	1830	2376	2147	2763	2604	2956	3062	
2041	3467	4030	3414	3889	4118	3308	3396	3520	3361	2956	2780	2816	2481	1795	1496	1196	915	598	0	598	844	1249	1601	1848	2340	2323	2904	2851	3220	3396	
1566	2904	3484	2904	3414	3678	2904	3044	3220	3132	2763	2657	2816	2552	1742	1496	1284	932	651	598	0	369	844	1091	1267	1795	1724	2305	2252	2622	2816	
1724	2886	3484	2974	3502	3819	3080	3256	3467	3414	3062	2992	3185	2939	2112	1865	1654	1320	1038	844	369	0	457	739	1020	1496	1566	2112	2147	2516	2763	
1988	2904	3520	3097	3660	4012	3308	3520	3784	3766	3432	3379	3608	3379	2552	2305	2112	1777	1496	1249	844	457	0	440	827	1214	1478	1918	2076	2464	2728	
1830	2534	3150	2798	3361	3731	3097	3344	3643	3678	3361	3379	3660	3502	2622	2428	2288	1953	1724	1601	1091	739	440	0	422	774	1073	1478	1672	2041	2340	
1566	2129	2728	2393	2974	3361	2763	3027	3379	3432	3150	3203	3555	3432	2569	2411	2323	2006	1830	1848	1267	1020	827	422	0	528	651	1091	1249	1619	1918	
1971	2129	2710	2534	3097	3537	3044	3344	3713	3801	3572	3660	4048	3960	3080	2939	2868	2552	2376	2340	1795	1496	1214	774	528	0	721	809	1179	1513	1848	
1337	1478	2094	1830	2393	2816	2323	2622	3009	3115	2921	3044	3484	3449	2604	2499	2516	2235	2147	2323	1724	1566	1478	1073	651	721	0	616	598	968	1267	
1865	1425	1971	1953	2481	2956	2604	2939	3361	3537	3396	3555	4030	4030	3185	3115	3132	2868	2763	2904	2305	2112	1918	1478	1091	809	616	0	545	756	1108	
1443	932	1531	1408	1953	2411	2059	2393	2833	3009	2904	3080	3590	3643	2833	2798	2868	2640	2604	2851	2252	2147	2076	1672	1249	1179	598	545	0	369	668	
1672	686	1214	1267	1777	2252	2024	2376	2833	3062	2992	3220	3748	3836	3080	3062	3168	2956	2956	3220	2622	2516	2464	2041	1619	1513	968	756	369	0	352	
1654	334	844	950	1425	1900	1777	2129	2587	2833	2816	3080	3643	3766	3044	3080	3203	3044	3062	3396	2816	2763	2728	2340	1918	1848	1267	1108	668	352	0	
V9
0	1237	1604	1074	1428	1618	1033	1183	1400	1428	1237	1319	1672	1686	1074	1088	1210	1101	1196	1577	1210	1332	1536	1414	1210	1523	1033	1441	1115	1292	1278	
1237	0	462	489	843	1210	1142	1414	1781	1985	1999	2216	2652	2788	2271	2312	2448	2325	2380	2679	2244	2230	2244	1958	1645	1645	1142	1101	720	530	258	
1604	462	0	584	666	1006	1196	1441	1795	2040	2135	2380	2842	3019	2570	2652	2801	2720	2788	3114	2692	2692	2720	2434	2108	2094	1618	1523	1183	938	652	
1074	489	584	0	435	775	652	924	1278	1509	1564	1795	2257	2420	1985	2067	2244	2176	2284	2638	2244	2298	2393	2162	1849	1958	1414	1509	1088	979	734	
1428	843	666	435	0	367	639	829	1156	1428	1564	1836	2298	2529	2176	2312	2502	2475	2611	3005	2638	2706	2828	2597	2298	2393	1849	1917	1509	1373	1101	
1618	1210	1006	775	367	0	639	720	965	1251	1468	1754	2203	2461	2216	2366	2597	2597	2760	3182	2842	2951	3100	2883	2597	2733	2176	2284	1863	1740	1468	
1033	1142	1196	652	639	639	0	272	625	843	938	1196	1659	1890	1577	1727	1944	1958	2121	2556	2244	2380	2556	2393	2135	2352	1795	2012	1591	1564	1373	
1183	1414	1441	924	829	720	272	0	353	584	748	1033	1482	1740	1523	1700	1931	1985	2176	2624	2352	2516	2720	2584	2339	2584	2026	2271	1849	1836	1645	
1400	1781	1795	1278	1156	965	625	353	0	285	557	829	1251	1550	1482	1686	1931	2040	2257	2720	2488	2679	2924	2815	2611	2869	2325	2597	2189	2189	1999	
1428	1985	2040	1509	1428	1251	843	584	285	0	326	584	979	1292	1292	1523	1768	1904	2135	2597	2420	2638	2910	2842	2652	2937	2407	2733	2325	2366	2189	
1237	1999	2135	1564	1564	1468	938	748	557	326	0	285	734	1006	965	1183	1441	1577	1808	2284	2135	2366	2652	2597	2434	2760	2257	2624	2244	2312	2176	
1319	2216	2380	1795	1836	1754	1196	1033	829	584	285	0	448	720	775	1006	1264	1428	1686	2148	2053	2312	2611	2611	2475	2828	2352	2747	2380	2488	2380	
1672	2652	2842	2257	2298	2203	1659	1482	1251	979	734	448	0	353	816	1033	1251	1482	1740	2176	2176	2461	2788	2828	2747	3128	2692	3114	2774	2896	2815	
1686	2788	3019	2420	2529	2461	1890	1740	1550	1292	1006	720	353	0	666	829	992	1251	1496	1917	1972	2271	2611	2706	2652	3060	2665	3114	2815	2964	2910	
1074	2271	2570	1985	2176	2216	1577	1523	1482	1292	965	775	816	666	0	231	476	666	924	1387	1346	1632	1972	2026	1985	2380	2012	2461	2189	2380	2352	
1088	2312	2652	2067	2312	2366	1727	1700	1686	1523	1183	1006	1033	829	231	0	244	448	707	1156	1156	1441	1781	1876	1863	2271	1931	2407	2162	2366	2380	
1210	2448	2801	2244	2502	2597	1944	1931	1931	1768	1441	1264	1251	992	476	244	0	258	489	924	992	1278	1632	1768	1795	2216	1944	2420	2216	2448	2475	
1101	2325	2720	2176	2475	2597	1958	1985	2040	1904	1577	1428	1482	1251	666	448	258	0	258	707	720	1020	1373	1509	1550	1972	1727	2216	2040	2284	2352	
1196	2380	2788	2284	2611	2760	2121	2176	2257	2135	1808	1686	1740	1496	924	707	489	258	0	462	503	802	1156	1332	1414	1836	1659	2135	2012	2284	2366	
1577	2679	3114	2638	3005	3182	2556	2624	2720	2597	2284	2148	2176	1917	1387	1156	924	707	462	0	462	652	965	1237	1428	1808	1795	2244	2203	2488	2624	
1210	2244	2692	2244	2638	2842	2244	2352	2488	2420	2135	2053	2176	1972	1346	1156	992	720	503	462	0	285	652	843	979	1387	1332	1781	1740	2026	2176	
1332	2230	2692	2298	2706	2951	2380	2516	2679	2638	2366	2312	2461	2271	1632	1441	1278	1020	802	652	285	0	353	571	788	1156	1210	1632	1659	1944	2135	
1536	2244	2720	2393	2828	3100	2556	2720	2924	2910	2652	2611	2788	2611	1972	1781	1632	1373	1156	965	652	353	0	340	639	938	1142	1482	1604	1904	2108	
1414	1958	2434	2162	2597	2883	2393	2584	2815	2842	2597	2611	2828	2706	2026	1876	1768	1509	1332	1237	843	571	340	0	326	598	829	1142	1292	1577	1808	
1210	1645	2108	1849	2298	2597	2135	2339	2611	2652	2434	2475	2747	2652	1985	1863	1795	1550	1414	1428	979	788	639	326	0	408	503	843	965	1251	1482	
1523	1645	2094	1958	2393	2733	2352	2584	2869	2937	2760	2828	3128	3060	2380	2271	2216	1972	1836	1808	1387	1156	938	598	408	0	557	625	911	1169	1428	
1033	1142	1618	1414	1849	2176	1795	2026	2325	2407	2257	2352	2692	2665	2012	1931	1944	1727	1659	1795	1332	1210	1142	829	503	557	0	476	462	748	979	
1441	1101	1523	1509	1917	2284	2012	2271	2597	2733	2624	2747	3114	3114	2461	2407	2420	2216	2135	2244	1781	1632	1482	1142	843	625	476	0	421	584	856	
1115	720	1183	1088	1509	1863	1591	1849	2189	2325	2244	2380	2774	2815	2189	2162	2216	2040	2012	2203	1740	1659	1604	1292	965	911	462	421	0	285	516	
1292	530	938	979	1373	1740	1564	1836	2189	2366	2312	2488	2896	2964	2380	2366	2448	2284	2284	2488	2026	1944	1904	1577	1251	1169	748	584	285	0	272	
1278	258	652	734	1101	1468	1373	1645	1999	2189	2176	2380	2815	2910	2352	2380	2475	2352	2366	2624	2176	2135	2108	1808	1482	1428	979	856	516	272	0	
V10
0	1237	1604	1074	1428	1618	1033	1183	1400	1428	1237	1319	1672	1686	1074	1088	1210	1101	1196	1577	1210	1332	1536	1414	1210	1523	1033	1441	1115	1292	1278	
1237	0	462	489	843	1210	1142	1414	1781	1985	1999	2216	2652	2788	2271	2312	2448	2325	2380	2679	2244	2230	2244	1958	1645	1645	1142	1101	720	530	258	
1604	462	0	584	666	1006	1196	1441	1795	2040	2135	2380	2842	3019	2570	2652	2801	2720	2788	3114	2692	2692	2720	2434	2108	2094	1618	1523	1183	938	652	
1074	489	584	0	435	775	652	924	1278	1509	1564	1795	2257	2420	1985	2067	2244	2176	2284	2638	2244	2298	2393	2162	1849	1958	1414	1509	1088	979	734	
1428	843	666	435	0	367	639	829	1156	1428	1564	1836	2298	2529	2176	2312	2502	2475	2611	3005	2638	2706	2828	2597	2298	2393	1849	1917	1509	1373	1101	
1618	1210	1006	775	367	0	639	720	965	1251	1468	1754	2203	2461	2216	2366	2597	2597	2760	3182	2842	2951	3100	2883	2597	2733	2176	2284	1863	1740	1468	
1033	1142	1196	652	639	639	0	272	625	843	938	1196	1659	1890	1577	1727	1944	1958	2121	2556	2244	2380	2556	2393	2135	2352	1795	2012	1591	1564	1373	
1183	1414	1441	924	829	720	272	0	353	584	748	1033	1482	1740	1523	1700	1931	1985	2176	2624	2352	2516	2720	2584	2339	2584	2026	2271	1849	1836	1645	
1400	1781	1795	1278	1156	965	625	353	0	285	557	829	1251	1550	1482	1686	1931	2040	2257	2720	2488	2679	2924	2815	2611	2869	2325	2597	2189	2189	1999	
1428	1985	2040	1509	1428	1251	843	584	285	0	326	584	979	1292	1292	1523	1768	1904	2135	2597	2420	2638	2910	2842	2652	2937	2407	2733	2325	2366	2189	
1237	1999	2135	1564	1564	1468	938	748	557	326	0	285	734	1006	965	1183	1441	1577	1808	2284	2135	2366	2652	2597	2434	2760	2257	2624	2244	2312	2176	
1319	2216	2380	1795	1836	1754	1196	1033	829	584	285	0	448	720	775	1006	1264	1428	1686	2148	2053	2312	2611	2611	2475	2828	2352	2747	2380	2488	2380	
1672	2652	2842	2257	2298	2203	1659	1482	1251	979	734	448	0	353	816	1033	1251	1482	1740	2176	2176	2461	2788	2828	2747	3128	2692	3114	2774	2896	2815	
1686	2788	3019	2420	2529	2461	1890	1740	1550	1292	1006	720	353	0	666	829	992	1251	1496	1917	1972	2271	2611	2706	2652	3060	2665	3114	2815	2964	2910	
1074	2271	2570	1985	2176	2216	1577	1523	1482	1292	965	775	816	666	0	231	476	666	924	1387	1346	1632	1972	2026	1985	2380	2012	2461	2189	2380	2352	
1088	2312	2652	2067	2312	2366	1727	1700	1686	1523	1183	1006	1033	829	231	0	244	448	707	1156	1156	1441	1781	1876	1863	2271	1931	2407	2162	2366	2380	
1210	2448	2801	2244	2502	2597	1944	1931	1931	1768	1441	1264	1251	992	476	244	0	258	489	924	992	1278	1632	1768	1795	2216	1944	2420	2216	2448	2475	
1101	2325	2720	2176	2475	2597	1958	1985	2040	1904	1577	1428	1482	1251	666	448	258	0	258	707	720	1020	1373	1509	1550	1972	1727	2216	2040	2284	2352	
1196	2380	2788	2284	2611	2760	2121	2176	2257	2135	1808	1686	1740	1496	924	707	489	258	0	462	503	802	1156	1332	1414	1836	1659	2135	2012	2284	2366	
1577	2679	3114	2638	3005	3182	2556	2624	2720	2597	2284	2148	2176	1917	1387	1156	924	707	462	0	462	652	965	1237	1428	1808	1795	2244	2203	2488	2624	
1210	2244	2692	2244	2638	2842	2244	2352	2488	2420	2135	2053	2176	1972	1346	1156	992	720	503	462	0	285	652	843	979	1387	1332	1781	1740	2026	2176	
1332	2230	2692	2298	2706	2951	2380	2516	2679	2638	2366	2312	2461	2271	1632	1441	1278	1020	802	652	285	0	353	571	788	1156	1210	1632	1659	1944	2135	
1536	2244	2720	2393	2828	3100	2556	2720	2924	2910	2652	2611	2788	2611	1972	1781	1632	1373	1156	965	652	353	0	340	639	938	1142	1482	1604	1904	2108	
1414	1958	2434	2162	2597	2883	2393	2584	2815	2842	2597	2611	2828	2706	2026	1876	1768	1509	1332	1237	843	571	340	0	326	598	829	1142	1292	1577	1808	
1210	1645	2108	1849	2298	2597	2135	2339	2611	2652	2434	2475	2747	2652	1985	1863	1795	1550	1414	1428	979	788	639	326	0	408	503	843	965	1251	1482	
1523	1645	2094	1958	2393	2733	2352	2584	2869	2937	2760	2828	3128	3060	2380	2271	2216	1972	1836	1808	1387	1156	938	598	408	0	557	625	911	1169	1428	
1033	1142	1618	1414	1849	2176	1795	2026	2325	2407	2257	2352	2692	2665	2012	1931	1944	1727	1659	1795	1332	1210	1142	829	503	557	0	476	462	748	979	
1441	1101	1523	1509	1917	2284	2012	2271	2597	2733	2624	2747	3114	3114	2461	2407	2420	2216	2135	2244	1781	1632	1482	1142	843	625	476	0	421	584	856	
1115	720	1183	1088	1509	1863	1591	1849	2189	2325	2244	2380	2774	2815	2189	2162	2216	2040	2012	2203	1740	1659	1604	1292	965	911	462	421	0	285	516	
1292	530	938	979	1373	1740	1564	1836	2189	2366	2312	2488	2896	2964	2380	2366	2448	2284	2284	2488	2026	1944	1904	1577	1251	1169	748	584	285	0	272	
1278	258	652	734	1101	1468	1373	1645	1999	2189	2176	2380	2815	2910	2352	2380	2475	2352	2366	2624	2176	2135	2108	1808	1482	1428	979	856	516	272	0	
V11
0	1947	2525	1690	2247	2546	1626	1861	2204	2247	1947	2075	2632	2653	1690	1712	1904	1733	1883	2482	1904	2097	2418	2225	1904	2396	1626	2268	1754	2033	2011	
1947	0	727	770	1326	1904	1797	2225	2803	3124	3145	3488	4173	4387	3573	3638	3852	3659	3745	4215	3531	3509	3531	3081	2589	2589	1797	1733	1134	834	406	
2525	727	0	920	1048	1583	1883	2268	2824	3210	3359	3745	4472	4750	4044	4173	4408	4280	4387	4900	4237	4237	4280	3830	3317	3295	2546	2396	1861	1476	1027	
1690	770	920	0	684	1219	1027	1455	2011	2375	2461	2824	3552	3809	3124	3252	3531	3424	3595	4151	3531	3616	3766	3402	2910	3081	2225	2375	1712	1540	1155	
2247	1326	1048	684	0	577	1005	1305	1819	2247	2461	2889	3616	3980	3424	3638	3937	3894	4108	4729	4151	4258	4451	4087	3616	3766	2910	3017	2375	2161	1733	
2546	1904	1583	1219	577	0	1005	1134	1519	1968	2311	2760	3466	3873	3488	3723	4087	4087	4344	5007	4472	4643	4879	4536	4087	4301	3424	3595	2931	2739	2311	
1626	1797	1883	1027	1005	1005	0	428	984	1326	1476	1883	2610	2974	2482	2717	3060	3081	3338	4023	3531	3745	4023	3766	3359	3702	2824	3167	2503	2461	2161	
1861	2225	2268	1455	1305	1134	428	0	556	920	1177	1626	2332	2739	2396	2675	3038	3124	3424	4130	3702	3959	4280	4066	3680	4066	3188	3573	2910	2889	2589	
2204	2803	2824	2011	1819	1519	984	556	0	449	877	1305	1968	2439	2332	2653	3038	3210	3552	4280	3916	4215	4601	4429	4108	4515	3659	4087	3445	3445	3145	
2247	3124	3210	2375	2247	1968	1326	920	449	0	513	920	1540	2033	2033	2396	2782	2996	3359	4087	3809	4151	4579	4472	4173	4622	3787	4301	3659	3723	3445	
1947	3145	3359	2461	2461	2311	1476	1177	877	513	0	449	1155	1583	1519	1861	2268	2482	2846	3595	3359	3723	4173	4087	3830	4344	3552	4130	3531	3638	3424	
2075	3488	3745	2824	2889	2760	1883	1626	1305	920	449	0	706	1134	1219	1583	1990	2247	2653	3381	3231	3638	4108	4108	3894	4451	3702	4322	3745	3916	3745	
2632	4173	4472	3552	3616	3466	2610	2332	1968	1540	1155	706	0	556	1284	1626	1968	2332	2739	3424	3424	3873	4387	4451	4322	4922	4237	4900	4365	4558	4429	
2653	4387	4750	3809	3980	3873	2974	2739	2439	2033	1583	1134	556	0	1048	1305	1562	1968	2354	3017	3103	3573	4108	4258	4173	4815	4194	4900	4429	4665	4579	
1690	3573	4044	3124	3424	3488	2482	2396	2332	2033	1519	1219	1284	1048	0	363	749	1048	1455	2182	2118	2568	3103	3188	3124	3745	3167	3873	3445	3745	3702	
1712	3638	4173	3252	3638	3723	2717	2675	2653	2396	1861	1583	1626	1305	363	0	385	706	1112	1819	1819	2268	2803	2953	2931	3573	3038	3787	3402	3723	3745	
1904	3852	4408	3531	3937	4087	3060	3038	3038	2782	2268	1990	1968	1562	749	385	0	406	770	1455	1562	2011	2568	2782	2824	3488	3060	3809	3488	3852	3894	
1733	3659	4280	3424	3894	4087	3081	3124	3210	2996	2482	2247	2332	1968	1048	706	406	0	406	1112	1134	1605	2161	2375	2439	3103	2717	3488	3210	3595	3702	
1883	3745	4387	3595	4108	4344	3338	3424	3552	3359	2846	2653	2739	2354	1455	1112	770	406	0	727	791	1262	1819	2097	2225	2889	2610	3359	3167	3595	3723	
2482	4215	4900	4151	4729	5007	4023	4130	4280	4087	3595	3381	3424	3017	2182	1819	1455	1112	727	0	727	1027	1519	1947	2247	2846	2824	3531	3466	3916	4130	
1904	3531	4237	3531	4151	4472	3531	3702	3916	3809	3359	3231	3424	3103	2118	1819	1562	1134	791	727	0	449	1027	1326	1540	2182	2097	2803	2739	3188	3424	
2097	3509	4237	3616	4258	4643	3745	3959	4215	4151	3723	3638	3873	3573	2568	2268	2011	1605	1262	1027	449	0	556	898	1241	1819	1904	2568	2610	3060	3359	
2418	3531	4280	3766	4451	4879	4023	4280	4601	4579	4173	4108	4387	4108	3103	2803	2568	2161	1819	1519	1027	556	0	535	1005	1476	1797	2332	2525	2996	3317	
2225	3081	3830	3402	4087	4536	3766	4066	4429	4472	4087	4108	4451	4258	3188	2953	2782	2375	2097	1947	1326	898	535	0	513	941	1305	1797	2033	2482	2846	
1904	2589	3317	2910	3616	4087	3359	3680	4108	4173	3830	3894	4322	4173	3124	2931	2824	2439	2225	2247	1540	1241	1005	513	0	642	791	1326	1519	1968	2332	
2396	2589	3295	3081	3766	4301	3702	4066	4515	4622	4344	4451	4922	4815	3745	3573	3488	3103	2889	2846	2182	1819	1476	941	642	0	877	984	1433	1840	2247	
1626	1797	2546	2225	2910	3424	2824	3188	3659	3787	3552	3702	4237	4194	3167	3038	3060	2717	2610	2824	2097	1904	1797	1305	791	877	0	749	727	1177	1540	
2268	1733	2396	2375	3017	3595	3167	3573	4087	4301	4130	4322	4900	4900	3873	3787	3809	3488	3359	3531	2803	2568	2332	1797	1326	984	749	0	663	920	1348	
1754	1134	1861	1712	2375	2931	2503	2910	3445	3659	3531	3745	4365	4429	3445	3402	3488	3210	3167	3466	2739	2610	2525	2033	1519	1433	727	663	0	449	813	
2033	834	1476	1540	2161	2739	2461	2889	3445	3723	3638	3916	4558	4665	3745	3723	3852	3595	3595	3916	3188	3060	2996	2482	1968	1840	1177	920	449	0	428	
2011	406	1027	1155	1733	2311	2161	2589	3145	3445	3424	3745	4429	4579	3702	3745	3894	3702	3723	4130	3424	3359	3317	2846	2332	2247	1540	1348	813	428	0	
V12
0	1383	1793	1200	1596	1808	1155	1322	1565	1596	1383	1474	1869	1884	1200	1216	1352	1231	1337	1763	1352	1489	1717	1580	1352	1702	1155	1611	1246	1444	1428	
1383	0	516	547	942	1352	1276	1580	1991	2219	2234	2477	2964	3116	2538	2584	2736	2599	2660	2994	2508	2492	2508	2188	1839	1839	1276	1231	805	592	288	
1793	516	0	653	744	1124	1337	1611	2006	2280	2386	2660	3176	3374	2872	2964	3131	3040	3116	3480	3009	3009	3040	2720	2356	2340	1808	1702	1322	1048	729	
1200	547	653	0	486	866	729	1033	1428	1687	1748	2006	2523	2705	2219	2310	2508	2432	2553	2948	2508	2568	2675	2416	2067	2188	1580	1687	1216	1094	820	
1596	942	744	486	0	410	714	927	1292	1596	1748	2052	2568	2827	2432	2584	2796	2766	2918	3359	2948	3024	3161	2903	2568	2675	2067	2143	1687	1535	1231	
1808	1352	1124	866	410	0	714	805	1079	1398	1641	1960	2462	2751	2477	2644	2903	2903	3085	3556	3176	3298	3465	3222	2903	3055	2432	2553	2082	1945	1641	
1155	1276	1337	729	714	714	0	304	699	942	1048	1337	1854	2112	1763	1930	2173	2188	2371	2857	2508	2660	2857	2675	2386	2629	2006	2249	1778	1748	1535	
1322	1580	1611	1033	927	805	304	0	395	653	836	1155	1656	1945	1702	1900	2158	2219	2432	2933	2629	2812	3040	2888	2614	2888	2264	2538	2067	2052	1839	
1565	1991	2006	1428	1292	1079	699	395	0	319	623	927	1398	1732	1656	1884	2158	2280	2523	3040	2781	2994	3268	3146	2918	3207	2599	2903	2447	2447	2234	
1596	2219	2280	1687	1596	1398	942	653	319	0	364	653	1094	1444	1444	1702	1976	2128	2386	2903	2705	2948	3252	3176	2964	3283	2690	3055	2599	2644	2447	
1383	2234	2386	1748	1748	1641	1048	836	623	364	0	319	820	1124	1079	1322	1611	1763	2021	2553	2386	2644	2964	2903	2720	3085	2523	2933	2508	2584	2432	
1474	2477	2660	2006	2052	1960	1337	1155	927	653	319	0	501	805	866	1124	1413	1596	1884	2401	2295	2584	2918	2918	2766	3161	2629	3070	2660	2781	2660	
1869	2964	3176	2523	2568	2462	1854	1656	1398	1094	820	501	0	395	912	1155	1398	1656	1945	2432	2432	2751	3116	3161	3070	3496	3009	3480	3100	3237	3146	
1884	3116	3374	2705	2827	2751	2112	1945	1732	1444	1124	805	395	0	744	927	1109	1398	1672	2143	2204	2538	2918	3024	2964	3420	2979	3480	3146	3313	3252	
1200	2538	2872	2219	2432	2477	1763	1702	1656	1444	1079	866	912	744	0	258	532	744	1033	1550	1504	1824	2204	2264	2219	2660	2249	2751	2447	2660	2629	
1216	2584	2964	2310	2584	2644	1930	1900	1884	1702	1322	1124	1155	927	258	0	273	501	790	1292	1292	1611	1991	2097	2082	2538	2158	2690	2416	2644	2660	
1352	2736	3131	2508	2796	2903	2173	2158	2158	1976	1611	1413	1398	1109	532	273	0	288	547	1033	1109	1428	1824	1976	2006	2477	2173	2705	2477	2736	2766	
1231	2599	3040	2432	2766	2903	2188	2219	2280	2128	1763	1596	1656	1398	744	501	288	0	288	790	805	1140	1535	1687	1732	2204	1930	2477	2280	2553	2629	
1337	2660	3116	2553	2918	3085	2371	2432	2523	2386	2021	1884	1945	1672	1033	790	547	288	0	516	562	896	1292	1489	1580	2052	1854	2386	2249	2553	2644	
1763	2994	3480	2948	3359	3556	2857	2933	3040	2903	2553	2401	2432	2143	1550	1292	1033	790	516	0	516	729	1079	1383	1596	2021	2006	2508	2462	2781	2933	
1352	2508	3009	2508	2948	3176	2508	2629	2781	2705	2386	2295	2432	2204	1504	1292	1109	805	562	516	0	319	729	942	1094	1550	1489	1991	1945	2264	2432	
1489	2492	3009	2568	3024	3298	2660	2812	2994	2948	2644	2584	2751	2538	1824	1611	1428	1140	896	729	319	0	395	638	881	1292	1352	1824	1854	2173	2386	
1717	2508	3040	2675	3161	3465	2857	3040	3268	3252	2964	2918	3116	2918	2204	1991	1824	1535	1292	1079	729	395	0	380	714	1048	1276	1656	1793	2128	2356	
1580	2188	2720	2416	2903	3222	2675	2888	3146	3176	2903	2918	3161	3024	2264	2097	1976	1687	1489	1383	942	638	380	0	364	668	927	1276	1444	1763	2021	
1352	1839	2356	2067	2568	2903	2386	2614	2918	2964	2720	2766	3070	2964	2219	2082	2006	1732	1580	1596	1094	881	714	364	0	456	562	942	1079	1398	1656	
1702	1839	2340	2188	2675	3055	2629	2888	3207	3283	3085	3161	3496	3420	2660	2538	2477	2204	2052	2021	1550	1292	1048	668	456	0	623	699	1018	1307	1596	
1155	1276	1808	1580	2067	2432	2006	2264	2599	2690	2523	2629	3009	2979	2249	2158	2173	1930	1854	2006	1489	1352	1276	927	562	623	0	532	516	836	1094	
1611	1231	1702	1687	2143	2553	2249	2538	2903	3055	2933	3070	3480	3480	2751	2690	2705	2477	2386	2508	1991	1824	1656	1276	942	699	532	0	471	653	957	
1246	805	1322	1216	1687	2082	1778	2067	2447	2599	2508	2660	3100	3146	2447	2416	2477	2280	2249	2462	1945	1854	1793	1444	1079	1018	516	471	0	319	577	
1444	592	1048	1094	1535	1945	1748	2052	2447	2644	2584	2781	3237	3313	2660	2644	2736	2553	2553	2781	2264	2173	2128	1763	1398	1307	836	653	319	0	304	
1428	288	729	820	1231	1641	1535	1839	2234	2447	2432	2660	3146	3252	2629	2660	2766	2629	2644	2933	2432	2386	2356	2021	1656	1596	1094	957	577	304	0	
V13
0	2074	2690	1801	2394	2713	1732	1983	2348	2394	2074	2211	2804	2827	1801	1824	2029	1846	2006	2644	2029	2234	2576	2371	2029	2553	1732	2416	1869	2166	2143	
2074	0	775	820	1413	2029	1915	2371	2986	3328	3351	3716	4446	4674	3807	3876	4104	3898	3990	4491	3762	3739	3762	3283	2758	2758	1915	1846	1208	889	433	
2690	775	0	980	1117	1687	2006	2416	3009	3420	3579	3990	4765	5061	4309	4446	4696	4560	4674	5221	4514	4514	4560	4081	3534	3511	2713	2553	1983	1573	1094	
1801	820	980	0	729	1299	1094	1550	2143	2530	2622	3009	3784	4058	3328	3465	3762	3648	3830	4423	3762	3853	4012	3625	3100	3283	2371	2530	1824	1641	1231	
2394	1413	1117	729	0	615	1071	1390	1938	2394	2622	3078	3853	4240	3648	3876	4195	4149	4377	5038	4423	4537	4742	4354	3853	4012	3100	3214	2530	2302	1846	
2713	2029	1687	1299	615	0	1071	1208	1618	2097	2462	2941	3693	4126	3716	3967	4354	4354	4628	5335	4765	4947	5198	4833	4354	4582	3648	3830	3123	2918	2462	
1732	1915	2006	1094	1071	1071	0	456	1048	1413	1573	2006	2781	3169	2644	2895	3260	3283	3556	4286	3762	3990	4286	4012	3579	3944	3009	3374	2667	2622	2302	
1983	2371	2416	1550	1390	1208	456	0	592	980	1254	1732	2485	2918	2553	2850	3237	3328	3648	4400	3944	4218	4560	4332	3921	4332	3397	3807	3100	3078	2758	
2348	2986	3009	2143	1938	1618	1048	592	0	478	934	1390	2097	2599	2485	2827	3237	3420	3784	4560	4172	4491	4902	4719	4377	4810	3898	4354	3670	3670	3351	
2394	3328	3420	2530	2394	2097	1413	980	478	0	547	980	1641	2166	2166	2553	2964	3192	3579	4354	4058	4423	4879	4765	4446	4924	4035	4582	3898	3967	3670	
2074	3351	3579	2622	2622	2462	1573	1254	934	547	0	478	1231	1687	1618	1983	2416	2644	3032	3830	3579	3967	4446	4354	4081	4628	3784	4400	3762	3876	3648	
2211	3716	3990	3009	3078	2941	2006	1732	1390	980	478	0	752	1208	1299	1687	2120	2394	2827	3602	3442	3876	4377	4377	4149	4742	3944	4605	3990	4172	3990	
2804	4446	4765	3784	3853	3693	2781	2485	2097	1641	1231	752	0	592	1368	1732	2097	2485	2918	3648	3648	4126	4674	4742	4605	5244	4514	5221	4651	4856	4719	
2827	4674	5061	4058	4240	4126	3169	2918	2599	2166	1687	1208	592	0	1117	1390	1664	2097	2508	3214	3306	3807	4377	4537	4446	5130	4468	5221	4719	4970	4879	
1801	3807	4309	3328	3648	3716	2644	2553	2485	2166	1618	1299	1368	1117	0	387	798	1117	1550	2325	2257	2736	3306	3397	3328	3990	3374	4126	3670	3990	3944	
1824	3876	4446	3465	3876	3967	2895	2850	2827	2553	1983	1687	1732	1390	387	0	410	752	1185	1938	1938	2416	2986	3146	3123	3807	3237	4035	3625	3967	3990	
2029	4104	4696	3762	4195	4354	3260	3237	3237	2964	2416	2120	2097	1664	798	410	0	433	820	1550	1664	2143	2736	2964	3009	3716	3260	4058	3716	4104	4149	
1846	3898	4560	3648	4149	4354	3283	3328	3420	3192	2644	2394	2485	2097	1117	752	433	0	433	1185	1208	1710	2302	2530	2599	3306	2895	3716	3420	3830	3944	
2006	3990	4674	3830	4377	4628	3556	3648	3784	3579	3032	2827	2918	2508	1550	1185	820	433	0	775	843	1345	1938	2234	2371	3078	2781	3579	3374	3830	3967	
2644	4491	5221	4423	5038	5335	4286	4400	4560	4354	3830	3602	3648	3214	2325	1938	1550	1185	775	0	775	1094	1618	2074	2394	3032	3009	3762	3693	4172	4400	
2029	3762	4514	3762	4423	4765	3762	3944	4172	4058	3579	3442	3648	3306	2257	1938	1664	1208	843	775	0	478	1094	1413	1641	2325	2234	2986	2918	3397	3648	
2234	3739	4514	3853	4537	4947	3990	4218	4491	4423	3967	3876	4126	3807	2736	2416	2143	1710	1345	1094	478	0	592	957	1322	1938	2029	2736	2781	3260	3579	
2576	3762	4560	4012	4742	5198	4286	4560	4902	4879	4446	4377	4674	4377	3306	2986	2736	2302	1938	1618	1094	592	0	570	1071	1573	1915	2485	2690	3192	3534	
2371	3283	4081	3625	4354	4833	4012	4332	4719	4765	4354	4377	4742	4537	3397	3146	2964	2530	2234	2074	1413	957	570	0	547	1003	1390	1915	2166	2644	3032	
2029	2758	3534	3100	3853	4354	3579	3921	4377	4446	4081	4149	4605	4446	3328	3123	3009	2599	2371	2394	1641	1322	1071	547	0	684	843	1413	1618	2097	2485	
2553	2758	3511	3283	4012	4582	3944	4332	4810	4924	4628	4742	5244	5130	3990	3807	3716	3306	3078	3032	2325	1938	1573	1003	684	0	934	1048	1527	1960	2394	
1732	1915	2713	2371	3100	3648	3009	3397	3898	4035	3784	3944	4514	4468	3374	3237	3260	2895	2781	3009	2234	2029	1915	1390	843	934	0	798	775	1254	1641	
2416	1846	2553	2530	3214	3830	3374	3807	4354	4582	4400	4605	5221	5221	4126	4035	4058	3716	3579	3762	2986	2736	2485	1915	1413	1048	798	0	706	980	1436	
1869	1208	1983	1824	2530	3123	2667	3100	3670	3898	3762	3990	4651	4719	3670	3625	3716	3420	3374	3693	2918	2781	2690	2166	1618	1527	775	706	0	478	866	
2166	889	1573	1641	2302	2918	2622	3078	3670	3967	3876	4172	4856	4970	3990	3967	4104	3830	3830	4172	3397	3260	3192	2644	2097	1960	1254	980	478	0	456	
2143	433	1094	1231	1846	2462	2302	2758	3351	3670	3648	3990	4719	4879	3944	3990	4149	3944	3967	4400	3648	3579	3534	3032	2485	2394	1641	1436	866	456	0	
V14
0	2002	2596	1738	2310	2618	1672	1914	2266	2310	2002	2134	2706	2728	1738	1760	1958	1782	1936	2552	1958	2156	2486	2288	1958	2464	1672	2332	1804	2090	2068	
2002	0	748	792	1364	1958	1848	2288	2882	3212	3234	3586	4290	4510	3674	3740	3960	3762	3850	4334	3630	3608	3630	3168	2662	2662	1848	1782	1166	858	418	
2596	748	0	946	1078	1628	1936	2332	2904	3300	3454	3850	4598	4884	4158	4290	4532	4400	4510	5038	4356	4356	4400	3938	3410	3388	2618	2464	1914	1518	1056	
1738	792	946	0	704	1254	1056	1496	2068	2442	2530	2904	3652	3916	3212	3344	3630	3520	3696	4268	3630	3718	3872	3498	2992	3168	2288	2442	1760	1584	1188	
2310	1364	1078	704	0	594	1034	1342	1870	2310	2530	2970	3718	4092	3520	3740	4048	4004	4224	4862	4268	4378	4576	4202	3718	3872	2992	3102	2442	2222	1782	
2618	1958	1628	1254	594	0	1034	1166	1562	2024	2376	2838	3564	3982	3586	3828	4202	4202	4466	5148	4598	4774	5016	4664	4202	4422	3520	3696	3014	2816	2376	
1672	1848	1936	1056	1034	1034	0	440	1012	1364	1518	1936	2684	3058	2552	2794	3146	3168	3432	4136	3630	3850	4136	3872	3454	3806	2904	3256	2574	2530	2222	
1914	2288	2332	1496	1342	1166	440	0	572	946	1210	1672	2398	2816	2464	2750	3124	3212	3520	4246	3806	4070	4400	4180	3784	4180	3278	3674	2992	2970	2662	
2266	2882	2904	2068	1870	1562	1012	572	0	462	902	1342	2024	2508	2398	2728	3124	3300	3652	4400	4026	4334	4730	4554	4224	4642	3762	4202	3542	3542	3234	
2310	3212	3300	2442	2310	2024	1364	946	462	0	528	946	1584	2090	2090	2464	2860	3080	3454	4202	3916	4268	4708	4598	4290	4752	3894	4422	3762	3828	3542	
2002	3234	3454	2530	2530	2376	1518	1210	902	528	0	462	1188	1628	1562	1914	2332	2552	2926	3696	3454	3828	4290	4202	3938	4466	3652	4246	3630	3740	3520	
2134	3586	3850	2904	2970	2838	1936	1672	1342	946	462	0	726	1166	1254	1628	2046	2310	2728	3476	3322	3740	4224	4224	4004	4576	3806	4444	3850	4026	3850	
2706	4290	4598	3652	3718	3564	2684	2398	2024	1584	1188	726	0	572	1320	1672	2024	2398	2816	3520	3520	3982	4510	4576	4444	5060	4356	5038	4488	4686	4554	
2728	4510	4884	3916	4092	3982	3058	2816	2508	2090	1628	1166	572	0	1078	1342	1606	2024	2420	3102	3190	3674	4224	4378	4290	4950	4312	5038	4554	4796	4708	
1738	3674	4158	3212	3520	3586	2552	2464	2398	2090	1562	1254	1320	1078	0	374	770	1078	1496	2244	2178	2640	3190	3278	3212	3850	3256	3982	3542	3850	3806	
1760	3740	4290	3344	3740	3828	2794	2750	2728	2464	1914	1628	1672	1342	374	0	396	726	1144	1870	1870	2332	2882	3036	3014	3674	3124	3894	3498	3828	3850	
1958	3960	4532	3630	4048	4202	3146	3124	3124	2860	2332	2046	2024	1606	770	396	0	418	792	1496	1606	2068	2640	2860	2904	3586	3146	3916	3586	3960	4004	
1782	3762	4400	3520	4004	4202	3168	3212	3300	3080	2552	2310	2398	2024	1078	726	418	0	418	1144	1166	1650	2222	2442	2508	3190	2794	3586	3300	3696	3806	
1936	3850	4510	3696	4224	4466	3432	3520	3652	3454	2926	2728	2816	2420	1496	1144	792	418	0	748	814	1298	1870	2156	2288	2970	2684	3454	3256	3696	3828	
2552	4334	5038	4268	4862	5148	4136	4246	4400	4202	3696	3476	3520	3102	2244	1870	1496	1144	748	0	748	1056	1562	2002	2310	2926	2904	3630	3564	4026	4246	
1958	3630	4356	3630	4268	4598	3630	3806	4026	3916	3454	3322	3520	3190	2178	1870	1606	1166	814	748	0	462	1056	1364	1584	2244	2156	2882	2816	3278	3520	
2156	3608	4356	3718	4378	4774	3850	4070	4334	4268	3828	3740	3982	3674	2640	2332	2068	1650	1298	1056	462	0	572	924	1276	1870	1958	2640	2684	3146	3454	
2486	3630	4400	3872	4576	5016	4136	4400	4730	4708	4290	4224	4510	4224	3190	2882	2640	2222	1870	1562	1056	572	0	550	1034	1518	1848	2398	2596	3080	3410	
2288	3168	3938	3498	4202	4664	3872	4180	4554	4598	4202	4224	4576	4378	3278	3036	2860	2442	2156	2002	1364	924	550	0	528	968	1342	1848	2090	2552	2926	
1958	2662	3410	2992	3718	4202	3454	3784	4224	4290	3938	4004	4444	4290	3212	3014	2904	2508	2288	2310	1584	1276	1034	528	0	660	814	1364	1562	2024	2398	
2464	2662	3388	3168	3872	4422	3806	4180	4642	4752	4466	4576	5060	4950	3850	3674	3586	3190	2970	2926	2244	1870	1518	968	660	0	902	1012	1474	1892	2310	
1672	1848	2618	2288	2992	3520	2904	3278	3762	3894	3652	3806	4356	4312	3256	3124	3146	2794	2684	2904	2156	1958	1848	1342	814	902	0	770	748	1210	1584	
2332	1782	2464	2442	3102	3696	3256	3674	4202	4422	4246	4444	5038	5038	3982	3894	3916	3586	3454	3630	2882	2640	2398	1848	1364	1012	770	0	682	946	1386	
1804	1166	1914	1760	2442	3014	2574	2992	3542	3762	3630	3850	4488	4554	3542	3498	3586	3300	3256	3564	2816	2684	2596	2090	1562	1474	748	682	0	462	836	
2090	858	1518	1584	2222	2816	2530	2970	3542	3828	3740	4026	4686	4796	3850	3828	3960	3696	3696	4026	3278	3146	3080	2552	2024	1892	1210	946	462	0	440	
2068	418	1056	1188	1782	2376	2222	2662	3234	3542	3520	3850	4554	4708	3806	3850	4004	3806	3828	4246	3520	3454	3410	2926	2398	2310	1584	1386	836	440	0	
V15
0	2129	2761	1848	2457	2784	1778	2035	2410	2457	2129	2269	2878	2901	1848	1872	2082	1895	2059	2714	2082	2293	2644	2433	2082	2620	1778	2480	1918	2223	2199	
2129	0	795	842	1450	2082	1965	2433	3065	3416	3439	3814	4563	4797	3907	3978	4212	4001	4095	4609	3861	3837	3861	3369	2831	2831	1965	1895	1240	912	444	
2761	795	0	1006	1146	1731	2059	2480	3088	3510	3673	4095	4890	5194	4422	4563	4820	4680	4797	5358	4633	4633	4680	4188	3627	3603	2784	2620	2035	1614	1123	
1848	842	1006	0	748	1333	1123	1591	2199	2597	2691	3088	3884	4165	3416	3556	3861	3744	3931	4539	3861	3954	4118	3720	3182	3369	2433	2597	1872	1684	1263	
2457	1450	1146	748	0	631	1099	1427	1989	2457	2691	3159	3954	4352	3744	3978	4305	4258	4492	5171	4539	4656	4867	4469	3954	4118	3182	3299	2597	2363	1895	
2784	2082	1731	1333	631	0	1099	1240	1661	2152	2527	3018	3790	4235	3814	4071	4469	4469	4750	5475	4890	5077	5335	4960	4469	4703	3744	3931	3205	2995	2527	
1778	1965	2059	1123	1099	1099	0	468	1076	1450	1614	2059	2854	3252	2714	2971	3346	3369	3650	4399	3861	4095	4399	4118	3673	4048	3088	3463	2737	2691	2363	
2035	2433	2480	1591	1427	1240	468	0	608	1006	1287	1778	2550	2995	2620	2925	3322	3416	3744	4516	4048	4329	4680	4446	4024	4446	3486	3907	3182	3159	2831	
2410	3065	3088	2199	1989	1661	1076	608	0	491	959	1427	2152	2667	2550	2901	3322	3510	3884	4680	4282	4609	5031	4843	4492	4937	4001	4469	3767	3767	3439	
2457	3416	3510	2597	2457	2152	1450	1006	491	0	561	1006	1684	2223	2223	2620	3042	3276	3673	4469	4165	4539	5007	4890	4563	5054	4141	4703	4001	4071	3767	
2129	3439	3673	2691	2691	2527	1614	1287	959	561	0	491	1263	1731	1661	2035	2480	2714	3112	3931	3673	4071	4563	4469	4188	4750	3884	4516	3861	3978	3744	
2269	3814	4095	3088	3159	3018	2059	1778	1427	1006	491	0	772	1240	1333	1731	2176	2457	2901	3697	3533	3978	4492	4492	4258	4867	4048	4726	4095	4282	4095	
2878	4563	4890	3884	3954	3790	2854	2550	2152	1684	1263	772	0	608	1404	1778	2152	2550	2995	3744	3744	4235	4797	4867	4726	5382	4633	5358	4773	4984	4843	
2901	4797	5194	4165	4352	4235	3252	2995	2667	2223	1731	1240	608	0	1146	1427	1708	2152	2574	3299	3393	3907	4492	4656	4563	5265	4586	5358	4843	5101	5007	
1848	3907	4422	3416	3744	3814	2714	2620	2550	2223	1661	1333	1404	1146	0	397	819	1146	1591	2386	2316	2808	3393	3486	3416	4095	3463	4235	3767	4095	4048	
1872	3978	4563	3556	3978	4071	2971	2925	2901	2620	2035	1731	1778	1427	397	0	421	772	1216	1989	1989	2480	3065	3229	3205	3907	3322	4141	3720	4071	4095	
2082	4212	4820	3861	4305	4469	3346	3322	3322	3042	2480	2176	2152	1708	819	421	0	444	842	1591	1708	2199	2808	3042	3088	3814	3346	4165	3814	4212	4258	
1895	4001	4680	3744	4258	4469	3369	3416	3510	3276	2714	2457	2550	2152	1146	772	444	0	444	1216	1240	1755	2363	2597	2667	3393	2971	3814	3510	3931	4048	
2059	4095	4797	3931	4492	4750	3650	3744	3884	3673	3112	2901	2995	2574	1591	1216	842	444	0	795	865	1380	1989	2293	2433	3159	2854	3673	3463	3931	4071	
2714	4609	5358	4539	5171	5475	4399	4516	4680	4469	3931	3697	3744	3299	2386	1989	1591	1216	795	0	795	1123	1661	2129	2457	3112	3088	3861	3790	4282	4516	
2082	3861	4633	3861	4539	4890	3861	4048	4282	4165	3673	3533	3744	3393	2316	1989	1708	1240	865	795	0	491	1123	1450	1684	2386	2293	3065	2995	3486	3744	
2293	3837	4633	3954	4656	5077	4095	4329	4609	4539	4071	3978	4235	3907	2808	2480	2199	1755	1380	1123	491	0	608	982	1357	1989	2082	2808	2854	3346	3673	
2644	3861	4680	4118	4867	5335	4399	4680	5031	5007	4563	4492	4797	4492	3393	3065	2808	2363	1989	1661	1123	608	0	585	1099	1614	1965	2550	2761	3276	3627	
2433	3369	4188	3720	4469	4960	4118	4446	4843	4890	4469	4492	4867	4656	3486	3229	3042	2597	2293	2129	1450	982	585	0	561	1029	1427	1965	2223	2714	3112	
2082	2831	3627	3182	3954	4469	3673	4024	4492	4563	4188	4258	4726	4563	3416	3205	3088	2667	2433	2457	1684	1357	1099	561	0	702	865	1450	1661	2152	2550	
2620	2831	3603	3369	4118	4703	4048	4446	4937	5054	4750	4867	5382	5265	4095	3907	3814	3393	3159	3112	2386	1989	1614	1029	702	0	959	1076	1567	2012	2457	
1778	1965	2784	2433	3182	3744	3088	3486	4001	4141	3884	4048	4633	4586	3463	3322	3346	2971	2854	3088	2293	2082	1965	1427	865	959	0	819	795	1287	1684	
2480	1895	2620	2597	3299	3931	3463	3907	4469	4703	4516	4726	5358	5358	4235	4141	4165	3814	3673	3861	3065	2808	2550	1965	1450	1076	819	0	725	1006	1474	
1918	1240	2035	1872	2597	3205	2737	3182	3767	4001	3861	4095	4773	4843	3767	3720	3814	3510	3463	3790	2995	2854	2761	2223	1661	1567	795	725	0	491	889	
2223	912	1614	1684	2363	2995	2691	3159	3767	4071	3978	4282	4984	5101	4095	4071	4212	3931	3931	4282	3486	3346	3276	2714	2152	2012	1287	1006	491	0	468	
2199	444	1123	1263	1895	2527	2363	2831	3439	3767	3744	4095	4843	5007	4048	4095	4258	4048	4071	4516	3744	3673	3627	3112	2550	2457	1684	1474	889	468	0	
Velocidade_Veiculos
1	1	1	1	1	1	1	1	1	1	1	1	1	1	1	1	