M: 2
N: 30
Nun_Veiculos: 8
Capacidade_Total: 730
Demanda_Total: 593
Setup_Min: 1
Setup_Max: 9
Raio: 20
Circulos: 1
Tempo_Processamento_Min: 1
Tempo_Processamento_Max: 49
Demanda_Min: 10
Demanda_Max: 30
Priority_Factor: 0.2
Range_Factor_R: 0.8
U_factor: 2
ALpha: 0.2Replicao: 1
Tempos_Processamentos
0	0	1	0	
0	13	1	38	
0	39	1	2	
0	22	1	10	
0	45	1	7	
0	28	1	47	
0	17	1	20	
0	44	1	23	
0	2	1	31	
0	31	1	1	
0	30	1	9	
0	4	1	28	
0	14	1	23	
0	48	1	7	
0	25	1	5	
0	8	1	25	
0	47	1	17	
0	38	1	49	
0	2	1	25	
0	40	1	31	
0	33	1	24	
0	46	1	15	
0	1	1	49	
0	26	1	30	
0	18	1	18	
0	4	1	48	
0	26	1	21	
0	48	1	34	
0	13	1	22	
0	30	1	34	
0	2	1	20	

Tempos_setup
M0
0	0	0	0	0	0	0	0	0	0	0	0	0	0	0	0	0	0	0	0	0	0	0	0	0	0	0	0	0	0	0	
0	0	3	2	3	2	2	3	2	2	1	3	3	2	3	3	4	3	4	3	3	2	1	1	3	2	2	2	1	2	3	
0	3	0	2	1	2	2	2	2	1	2	3	3	2	2	2	2	2	1	2	1	3	2	3	1	2	2	2	2	1	4	
0	3	3	0	4	3	3	1	2	3	1	2	2	2	3	2	2	2	4	1	1	2	2	3	3	2	2	3	1	2	3	
0	2	3	3	0	3	2	3	4	2	3	3	3	2	4	3	1	2	4	2	3	3	1	3	3	4	3	3	3	3	5	
0	3	3	2	1	0	3	1	3	1	2	2	1	1	3	2	2	2	4	2	2	2	2	3	2	2	3	2	2	3	4	
0	3	3	3	3	2	0	3	5	3	3	3	2	3	5	4	4	4	4	3	4	3	4	4	4	3	2	4	4	4	5	
0	3	4	2	3	2	3	0	3	3	1	3	2	2	3	2	1	1	3	1	1	2	2	3	3	3	2	3	1	2	3	
0	3	2	2	3	3	3	3	0	2	1	1	3	3	3	3	3	2	3	3	3	2	2	3	2	3	3	3	3	3	3	
0	2	3	3	2	2	3	1	2	0	2	2	3	3	2	1	2	2	3	2	2	3	3	2	1	2	3	1	2	3	3	
0	2	4	1	3	3	2	2	3	2	0	3	3	3	2	3	3	3	5	2	2	1	1	2	3	3	3	2	2	2	4	
0	3	1	3	2	3	3	2	3	1	3	0	2	2	3	2	3	3	2	3	2	3	3	3	2	3	2	2	3	2	2	
0	2	2	1	3	3	4	2	3	1	2	1	0	2	3	2	3	3	3	2	2	3	3	3	2	3	3	2	2	3	3	
0	3	4	3	4	3	2	3	4	3	4	3	2	0	5	3	4	3	3	2	3	1	2	2	4	4	3	4	2	4	4	
0	3	2	1	1	3	3	2	3	2	2	2	1	3	0	3	2	3	3	2	2	3	2	2	2	3	3	1	2	3	4	
0	3	2	4	3	2	3	3	3	2	3	1	3	3	4	0	4	4	3	3	3	4	4	1	3	3	2	3	2	3	2	
0	3	4	4	3	2	3	3	4	2	3	4	3	1	3	3	0	1	4	2	2	2	3	3	3	3	3	3	3	3	5	
0	3	3	3	2	1	4	2	4	2	2	3	2	2	2	3	2	0	4	3	3	3	3	4	3	2	4	3	3	4	5	
0	3	4	2	4	3	1	2	3	3	3	3	2	2	3	3	3	2	0	1	3	3	2	4	2	3	3	4	3	2	3	
0	2	3	2	4	3	2	1	4	2	2	2	1	1	4	3	2	2	4	0	2	2	1	3	3	4	3	3	2	3	4	
0	2	3	2	3	2	2	3	2	2	1	2	3	2	3	1	3	3	4	2	0	2	2	2	2	3	3	3	3	1	3	
0	3	3	2	3	2	1	2	3	3	3	3	2	2	4	2	3	2	4	1	2	0	2	1	4	3	2	3	3	3	4	
0	1	3	2	3	3	1	2	3	1	2	3	3	3	3	2	3	2	4	3	3	3	0	2	2	3	3	2	2	3	4	
0	2	2	3	2	1	4	2	2	2	3	2	2	2	4	3	3	3	3	2	3	3	3	0	3	2	1	2	3	3	3	
0	3	3	2	2	1	3	2	1	2	2	2	2	2	1	1	1	1	4	3	1	2	3	2	0	1	2	2	1	2	3	
0	3	3	2	3	2	4	1	2	2	2	2	1	3	2	2	2	2	4	2	2	3	3	3	1	0	3	2	2	3	4	
0	1	4	2	4	3	3	2	3	3	2	3	2	2	3	3	3	3	5	1	3	3	2	2	2	1	0	3	2	3	4	
0	3	4	2	1	2	2	3	2	2	1	3	3	3	2	2	2	2	5	3	2	2	2	3	1	2	2	0	2	3	4	
0	2	3	3	3	2	3	3	4	3	3	4	3	1	4	3	4	4	4	2	2	2	3	3	3	2	1	4	0	3	2	
0	2	3	1	2	1	2	2	1	2	2	2	2	1	2	2	2	2	4	2	2	2	1	3	1	2	3	3	2	0	4	
0	4	4	3	3	3	1	2	5	4	3	4	3	3	2	4	3	3	5	3	3	4	3	4	4	4	3	3	2	4	0	
M1
0	0	0	0	0	0	0	0	0	0	0	0	0	0	0	0	0	0	0	0	0	0	0	0	0	0	0	0	0	0	0	
0	0	3	3	2	3	1	2	2	2	3	3	3	1	2	3	2	3	3	2	2	2	3	3	2	2	2	1	3	2	3	
0	3	0	2	1	3	3	2	3	2	3	1	4	4	2	2	3	3	3	3	3	2	2	2	3	2	2	2	2	2	3	
0	3	2	0	2	1	1	1	2	3	3	2	2	2	2	2	2	3	3	3	3	2	2	1	3	2	1	3	3	2	2	
0	3	3	1	0	2	2	2	3	3	2	3	3	3	3	1	3	2	2	2	3	3	3	1	3	2	2	3	1	3	3	
0	3	1	1	2	0	2	2	3	2	4	1	3	3	3	3	2	4	4	3	3	3	1	1	3	2	2	2	3	3	3	
0	3	3	2	1	2	0	1	2	3	3	2	2	2	1	2	2	3	2	2	2	2	2	2	2	1	1	3	2	1	3	
0	2	3	3	4	2	3	0	2	3	2	2	2	2	2	1	1	2	2	2	3	1	1	2	3	3	3	3	2	2	3	
0	3	1	1	2	2	2	1	0	3	3	2	3	3	3	2	2	3	3	3	2	2	2	2	2	3	2	1	3	3	3	
0	3	4	3	2	3	3	4	3	0	2	4	3	2	4	3	3	3	2	1	3	3	3	2	3	1	2	2	3	3	3	
0	3	3	3	2	3	1	2	2	1	0	3	2	1	2	3	3	4	3	2	3	2	3	3	2	1	2	3	3	2	4	
0	2	4	3	2	3	3	3	3	1	3	0	4	3	3	3	4	4	3	2	2	2	4	3	2	1	1	1	3	4	4	
0	5	3	3	3	2	2	3	2	3	2	3	0	1	1	4	1	4	3	1	3	3	3	2	3	2	3	3	3	2	3	
0	4	2	2	2	2	1	2	1	3	3	2	3	0	2	3	3	3	2	2	3	2	3	2	3	1	2	2	2	1	3	
0	5	2	2	3	2	2	3	3	3	3	3	2	2	0	4	1	4	3	3	3	3	3	1	3	2	3	4	3	2	4	
0	2	3	3	3	3	2	1	2	3	2	3	3	2	3	0	2	2	1	1	2	2	2	3	2	3	2	3	3	3	2	
0	4	2	2	3	1	2	2	2	3	2	2	1	1	2	3	0	3	2	2	2	2	2	2	2	2	3	3	2	1	3	
0	3	2	3	2	4	3	4	3	1	2	2	3	2	4	3	3	0	2	1	3	3	1	3	3	2	3	3	3	3	1	
0	3	3	3	2	2	2	3	3	2	1	3	2	2	2	3	1	1	0	2	3	3	2	3	1	2	1	3	2	2	2	
0	4	3	3	3	3	2	3	2	2	1	3	2	1	3	4	2	4	3	0	4	2	4	3	3	2	3	3	3	2	2	
0	4	3	2	3	3	2	3	2	1	3	3	4	1	3	2	4	4	3	2	0	3	4	3	4	2	3	3	3	2	4	
0	4	2	2	3	2	2	2	1	2	1	3	3	2	3	3	3	2	4	1	2	0	3	1	3	2	3	2	1	3	3	
0	2	3	3	3	4	3	3	2	2	4	3	5	3	4	4	4	5	4	3	2	4	0	4	4	3	2	3	4	4	2	
0	4	3	1	2	2	1	2	3	2	3	3	3	3	2	3	3	4	3	2	3	2	3	0	3	1	2	4	3	2	3	
0	4	3	3	2	3	3	4	3	4	3	4	3	2	1	3	2	4	4	2	3	3	4	2	0	1	2	2	3	3	4	
0	3	3	2	1	2	3	3	3	3	2	3	3	2	3	2	3	3	3	1	4	3	3	2	3	0	1	4	2	3	3	
0	2	4	2	3	3	3	2	4	4	4	4	4	3	4	3	3	4	4	3	3	3	3	3	4	2	0	3	4	3	4	
0	5	3	3	3	2	3	3	2	2	2	3	4	2	2	3	3	3	3	2	1	1	3	2	1	2	3	0	2	3	4	
0	4	2	2	2	1	1	2	3	2	3	2	3	3	2	3	3	1	3	2	3	3	2	2	3	2	2	2	0	2	2	
0	3	2	1	3	1	2	1	1	3	2	2	3	3	3	2	2	2	1	2	3	1	2	1	2	2	2	2	1	0	2	
0	3	1	2	1	3	3	3	3	2	3	1	4	3	3	2	4	3	3	2	3	3	3	2	3	1	2	2	2	2	0	
Tamanho_Tarefas
0	19	19	14	12	35	17	28	8	7	16	13	14	27	5	15	28	39	4	33	25	24	1	28	18	25	23	39	17	30	10	
Data_Entrega
0	117	204	128	136	181	164	194	165	166	288	205	215	201	146	237	155	288	205	131	271	137	144	250	254	138	192	189	203	205	164	
Penalidade_Atraso
0	10	18	14	15	7	20	16	5	9	18	3	6	3	1	14	18	11	8	20	18	10	20	18	6	16	11	16	20	7	2	
Capacidade_Veiculo
106	44	116	93	116	68	92	95	
Custo_Fixo_Veiculo
1060	440	1160	930	1160	680	920	950	
Coordenadas_Clientes
x	0	y	0
x	17	y	0
x	19	y	4
x	13	y	6
x	18	y	13
x	11	y	13
x	10	y	17
x	5	y	15
x	1	y	15
x	-2	y	24
x	-7	y	22
x	-11	y	19
x	-16	y	18
x	-14	y	10
x	-21	y	9
x	-15	y	3
x	-17	y	0
x	-24	y	-5
x	-19	y	-8
x	-13	y	-9
x	-10	y	-11
x	-10	y	-18
x	-7	y	-23
x	-1	y	-16
x	2	y	-24
x	6	y	-20
x	10	y	-18
x	16	y	-18
x	14	y	-10
x	22	y	-9
x	21	y	-4
Tempo_Viagem
0	17	19	14	22	17	19	15	15	24	23	21	24	17	22	15	17	24	20	15	14	20	24	16	24	20	20	24	17	23	21	
17	0	4	7	13	14	18	19	21	30	31	33	37	32	39	32	34	41	36	31	29	32	33	24	27	22	18	18	10	10	5	
19	4	0	6	9	12	15	17	21	28	30	33	37	33	40	34	36	43	39	34	32	36	37	28	31	26	22	22	14	13	8	
14	7	6	0	8	7	11	12	15	23	25	27	31	27	34	28	30	38	34	29	28	33	35	26	31	26	24	24	16	17	12	
22	13	9	8	0	7	8	13	17	21	25	29	34	32	39	34	37	45	42	37	36	41	43	34	39	34	31	31	23	22	17	
17	14	12	7	7	0	4	6	10	17	19	22	27	25	32	27	30	38	36	32	31	37	40	31	38	33	31	31	23	24	19	
19	18	15	11	8	4	0	5	9	13	17	21	26	24	31	28	31	39	38	34	33	39	43	34	41	37	35	35	27	28	23	
15	19	17	12	13	6	5	0	4	11	13	16	21	19	26	23	26	34	33	30	29	35	39	31	39	35	33	34	26	29	24	
15	21	21	15	17	10	9	4	0	9	10	12	17	15	22	20	23	31	30	27	28	34	38	31	39	35	34	36	28	31	26	
24	30	28	23	21	17	13	11	9	0	5	10	14	18	24	24	27	35	35	34	35	42	47	40	48	44	43	45	37	40	35	
23	31	30	25	25	19	17	13	10	5	0	5	9	13	19	20	23	31	31	31	33	40	45	38	46	43	43	46	38	41	36	
21	33	33	27	29	22	21	16	12	10	5	0	5	9	14	16	19	27	27	28	30	37	42	36	44	41	41	45	38	43	38	
24	37	37	31	34	27	26	21	17	14	9	5	0	8	10	15	18	24	26	27	29	36	41	37	45	43	44	48	41	46	42	
17	32	33	27	32	25	24	19	15	18	13	9	8	0	7	7	10	18	18	19	21	28	33	29	37	36	36	41	34	40	37	
22	39	40	34	39	32	31	26	22	24	19	14	10	7	0	8	9	14	17	18	21	27	32	31	38	39	40	45	39	45	43	
15	32	34	28	34	27	28	23	20	24	20	16	15	7	8	0	3	11	11	12	14	21	26	23	31	31	32	37	31	38	36	
17	34	36	30	37	30	31	26	23	27	23	19	18	10	9	3	0	8	8	9	12	18	23	22	29	30	32	37	32	40	38	
24	41	43	38	45	38	39	34	31	35	31	27	24	18	14	11	8	0	5	11	14	18	23	24	31	32	35	40	38	46	45	
20	36	39	34	42	36	38	33	30	35	31	27	26	18	17	11	8	5	0	6	9	13	18	19	26	27	30	35	33	41	40	
15	31	34	29	37	32	34	30	27	34	31	28	27	19	18	12	9	11	6	0	3	9	14	13	20	21	24	29	27	35	34	
14	29	32	28	36	31	33	29	28	35	33	30	29	21	21	14	12	14	9	3	0	7	12	10	17	18	21	26	24	32	31	
20	32	36	33	41	37	39	35	34	42	40	37	36	28	27	21	18	18	13	9	7	0	5	9	13	16	20	26	25	33	34	
24	33	37	35	43	40	43	39	38	47	45	42	41	33	32	26	23	23	18	14	12	5	0	9	9	13	17	23	24	32	33	
16	24	28	26	34	31	34	31	31	40	38	36	37	29	31	23	22	24	19	13	10	9	9	0	8	8	11	17	16	24	25	
24	27	31	31	39	38	41	39	39	48	46	44	45	37	38	31	29	31	26	20	17	13	9	8	0	5	9	15	17	24	26	
20	22	26	26	34	33	37	35	35	44	43	41	43	36	39	31	30	32	27	21	18	16	13	8	5	0	4	10	12	19	21	
20	18	22	24	31	31	35	33	34	43	43	41	44	36	40	32	32	35	30	24	21	20	17	11	9	4	0	6	8	15	17	
24	18	22	24	31	31	35	34	36	45	46	45	48	41	45	37	37	40	35	29	26	26	23	17	15	10	6	0	8	10	14	
17	10	14	16	23	23	27	26	28	37	38	38	41	34	39	31	32	38	33	27	24	25	24	16	17	12	8	8	0	8	9	
23	10	13	17	22	24	28	29	31	40	41	43	46	40	45	38	40	46	41	35	32	33	32	24	24	19	15	10	8	0	5	
21	5	8	12	17	19	23	24	26	35	36	38	42	37	43	36	38	45	40	34	31	34	33	25	26	21	17	14	9	5	0	
Custo_Viagem
V0
0	360	402	296	466	360	402	318	318	508	487	445	508	360	466	318	360	508	424	318	296	424	508	339	508	424	424	508	360	487	445	
360	0	84	148	275	296	381	402	445	636	678	699	784	678	826	678	720	869	763	657	614	678	699	508	593	466	402	381	212	212	106	
402	84	0	127	190	254	318	360	445	614	657	699	784	699	848	720	763	911	826	720	678	763	784	593	678	572	487	466	296	275	169	
296	148	127	0	169	148	233	254	318	487	530	572	657	572	720	593	636	805	720	636	593	699	742	551	657	551	508	508	339	360	254	
466	275	190	169	0	148	169	275	360	466	551	614	720	678	826	720	784	954	890	805	763	869	911	720	848	742	678	657	487	466	360	
360	296	254	148	148	0	84	127	212	360	424	466	572	530	678	572	636	826	763	678	657	784	848	657	805	699	657	657	487	508	402	
402	381	318	233	169	84	0	106	190	275	360	445	551	530	678	593	657	848	805	720	720	848	911	720	869	784	742	742	572	593	487	
318	402	360	254	275	127	106	0	84	233	275	339	445	402	551	487	551	742	699	636	636	763	826	657	826	742	699	720	551	614	508	
318	445	445	318	360	212	190	84	0	190	212	254	360	318	466	424	487	678	636	572	593	720	805	657	826	742	720	763	593	657	572	
508	636	614	487	466	360	275	233	190	0	106	212	318	381	508	508	593	763	763	720	742	890	996	848	1017	932	911	954	784	848	763	
487	678	657	530	551	424	360	275	212	106	0	106	190	275	402	424	508	657	678	657	699	848	954	805	975	911	911	975	805	890	805	
445	699	699	572	614	466	445	339	254	212	106	0	106	190	296	339	402	572	593	593	636	784	890	763	932	890	890	954	805	911	826	
508	784	784	657	720	572	551	445	360	318	190	106	0	169	212	318	381	508	551	572	614	763	869	784	954	911	932	1017	869	975	911	
360	678	699	572	678	530	530	402	318	381	275	190	169	0	148	148	212	381	381	402	445	593	699	614	784	763	763	869	720	848	784	
466	826	848	720	826	678	678	551	466	508	402	296	212	148	0	169	190	296	360	402	466	614	720	678	848	826	869	954	826	975	911	
318	678	720	593	720	572	593	487	424	508	424	339	318	148	169	0	63	254	233	254	296	445	572	487	657	657	678	784	657	805	763	
360	720	763	636	784	636	657	551	487	593	508	402	381	212	190	63	0	169	169	190	275	402	530	466	636	636	678	784	678	848	805	
508	869	911	805	954	826	848	742	678	763	657	572	508	381	296	254	169	0	106	233	318	402	508	530	678	699	763	890	805	975	954	
424	763	826	720	890	763	805	699	636	763	678	593	551	381	360	233	169	106	0	127	190	275	402	402	551	572	636	763	699	869	848	
318	657	720	636	805	678	720	636	572	720	657	593	572	402	402	254	190	233	127	0	63	190	318	275	445	445	508	636	572	742	720	
296	614	678	593	763	657	720	636	593	742	699	636	614	445	466	296	275	318	190	63	0	148	254	212	360	381	445	551	508	678	657	
424	678	763	699	869	784	848	763	720	890	848	784	763	593	614	445	402	402	275	190	148	0	106	190	275	339	424	551	530	699	720	
508	699	784	742	911	848	911	826	805	996	954	890	869	699	720	572	530	508	402	318	254	106	0	190	190	275	360	487	508	678	699	
339	508	593	551	720	657	720	657	657	848	805	763	784	614	678	487	466	530	402	275	212	190	190	0	169	169	233	360	339	508	530	
508	593	678	657	848	805	869	826	826	1017	975	932	954	784	848	657	636	678	551	445	360	275	190	169	0	106	212	318	381	530	572	
424	466	572	551	742	699	784	742	742	932	911	890	911	763	826	657	636	699	572	445	381	339	275	169	106	0	84	212	254	402	445	
424	402	487	508	678	657	742	699	720	911	911	890	932	763	869	678	678	763	636	508	445	424	360	233	212	84	0	127	169	318	360	
508	381	466	508	657	657	742	720	763	954	975	954	1017	869	954	784	784	890	763	636	551	551	487	360	318	212	127	0	169	212	296	
360	212	296	339	487	487	572	551	593	784	805	805	869	720	826	657	678	805	699	572	508	530	508	339	381	254	169	169	0	169	190	
487	212	275	360	466	508	593	614	657	848	890	911	975	848	975	805	848	975	869	742	678	699	678	508	530	402	318	212	169	0	106	
445	106	169	254	360	402	487	508	572	763	805	826	911	784	911	763	805	954	848	720	657	720	699	530	572	445	360	296	190	106	0	
V1
0	149	167	123	193	149	167	132	132	211	202	184	211	149	193	132	149	211	176	132	123	176	211	140	211	176	176	211	149	202	184	
149	0	35	61	114	123	158	167	184	264	281	290	325	281	343	281	299	360	316	272	255	281	290	211	246	193	167	158	88	88	44	
167	35	0	52	79	105	132	149	184	255	272	290	325	290	352	299	316	378	343	299	281	316	325	246	281	237	202	193	123	114	70	
123	61	52	0	70	61	96	105	132	202	220	237	272	237	299	246	264	334	299	264	246	290	308	228	272	228	211	211	140	149	105	
193	114	79	70	0	61	70	114	149	193	228	255	299	281	343	299	325	396	369	334	316	360	378	299	352	308	281	272	202	193	149	
149	123	105	61	61	0	35	52	88	149	176	193	237	220	281	237	264	343	316	281	272	325	352	272	334	290	272	272	202	211	167	
167	158	132	96	70	35	0	44	79	114	149	184	228	220	281	246	272	352	334	299	299	352	378	299	360	325	308	308	237	246	202	
132	167	149	105	114	52	44	0	35	96	114	140	184	167	228	202	228	308	290	264	264	316	343	272	343	308	290	299	228	255	211	
132	184	184	132	149	88	79	35	0	79	88	105	149	132	193	176	202	281	264	237	246	299	334	272	343	308	299	316	246	272	237	
211	264	255	202	193	149	114	96	79	0	44	88	132	158	211	211	246	316	316	299	308	369	413	352	422	387	378	396	325	352	316	
202	281	272	220	228	176	149	114	88	44	0	44	79	114	167	176	211	272	281	272	290	352	396	334	404	378	378	404	334	369	334	
184	290	290	237	255	193	184	140	105	88	44	0	44	79	123	140	167	237	246	246	264	325	369	316	387	369	369	396	334	378	343	
211	325	325	272	299	237	228	184	149	132	79	44	0	70	88	132	158	211	228	237	255	316	360	325	396	378	387	422	360	404	378	
149	281	290	237	281	220	220	167	132	158	114	79	70	0	61	61	88	158	158	167	184	246	290	255	325	316	316	360	299	352	325	
193	343	352	299	343	281	281	228	193	211	167	123	88	61	0	70	79	123	149	167	193	255	299	281	352	343	360	396	343	404	378	
132	281	299	246	299	237	246	202	176	211	176	140	132	61	70	0	26	105	96	105	123	184	237	202	272	272	281	325	272	334	316	
149	299	316	264	325	264	272	228	202	246	211	167	158	88	79	26	0	70	70	79	114	167	220	193	264	264	281	325	281	352	334	
211	360	378	334	396	343	352	308	281	316	272	237	211	158	123	105	70	0	44	96	132	167	211	220	281	290	316	369	334	404	396	
176	316	343	299	369	316	334	290	264	316	281	246	228	158	149	96	70	44	0	52	79	114	167	167	228	237	264	316	290	360	352	
132	272	299	264	334	281	299	264	237	299	272	246	237	167	167	105	79	96	52	0	26	79	132	114	184	184	211	264	237	308	299	
123	255	281	246	316	272	299	264	246	308	290	264	255	184	193	123	114	132	79	26	0	61	105	88	149	158	184	228	211	281	272	
176	281	316	290	360	325	352	316	299	369	352	325	316	246	255	184	167	167	114	79	61	0	44	79	114	140	176	228	220	290	299	
211	290	325	308	378	352	378	343	334	413	396	369	360	290	299	237	220	211	167	132	105	44	0	79	79	114	149	202	211	281	290	
140	211	246	228	299	272	299	272	272	352	334	316	325	255	281	202	193	220	167	114	88	79	79	0	70	70	96	149	140	211	220	
211	246	281	272	352	334	360	343	343	422	404	387	396	325	352	272	264	281	228	184	149	114	79	70	0	44	88	132	158	220	237	
176	193	237	228	308	290	325	308	308	387	378	369	378	316	343	272	264	290	237	184	158	140	114	70	44	0	35	88	105	167	184	
176	167	202	211	281	272	308	290	299	378	378	369	387	316	360	281	281	316	264	211	184	176	149	96	88	35	0	52	70	132	149	
211	158	193	211	272	272	308	299	316	396	404	396	422	360	396	325	325	369	316	264	228	228	202	149	132	88	52	0	70	88	123	
149	88	123	140	202	202	237	228	246	325	334	334	360	299	343	272	281	334	290	237	211	220	211	140	158	105	70	70	0	70	79	
202	88	114	149	193	211	246	255	272	352	369	378	404	352	404	334	352	404	360	308	281	290	281	211	220	167	132	88	70	0	44	
184	44	70	105	149	167	202	211	237	316	334	343	378	325	378	316	334	396	352	299	272	299	290	220	237	184	149	123	79	44	0	
V2
0	394	440	324	510	394	440	348	348	556	533	487	556	394	510	348	394	556	464	348	324	464	556	371	556	464	464	556	394	533	487	
394	0	92	162	301	324	417	440	487	696	742	765	858	742	904	742	788	951	835	719	672	742	765	556	649	510	440	417	232	232	116	
440	92	0	139	208	278	348	394	487	672	719	765	858	765	928	788	835	997	904	788	742	835	858	649	742	626	533	510	324	301	185	
324	162	139	0	185	162	255	278	348	533	580	626	719	626	788	649	696	881	788	696	649	765	812	603	719	603	556	556	371	394	278	
510	301	208	185	0	162	185	301	394	510	603	672	788	742	904	788	858	1044	974	881	835	951	997	788	928	812	742	719	533	510	394	
394	324	278	162	162	0	92	139	232	394	464	510	626	580	742	626	696	904	835	742	719	858	928	719	881	765	719	719	533	556	440	
440	417	348	255	185	92	0	116	208	301	394	487	603	580	742	649	719	928	881	788	788	928	997	788	951	858	812	812	626	649	533	
348	440	394	278	301	139	116	0	92	255	301	371	487	440	603	533	603	812	765	696	696	835	904	719	904	812	765	788	603	672	556	
348	487	487	348	394	232	208	92	0	208	232	278	394	348	510	464	533	742	696	626	649	788	881	719	904	812	788	835	649	719	626	
556	696	672	533	510	394	301	255	208	0	116	232	348	417	556	556	649	835	835	788	812	974	1090	928	1113	1020	997	1044	858	928	835	
533	742	719	580	603	464	394	301	232	116	0	116	208	301	440	464	556	719	742	719	765	928	1044	881	1067	997	997	1067	881	974	881	
487	765	765	626	672	510	487	371	278	232	116	0	116	208	324	371	440	626	649	649	696	858	974	835	1020	974	974	1044	881	997	904	
556	858	858	719	788	626	603	487	394	348	208	116	0	185	232	348	417	556	603	626	672	835	951	858	1044	997	1020	1113	951	1067	997	
394	742	765	626	742	580	580	440	348	417	301	208	185	0	162	162	232	417	417	440	487	649	765	672	858	835	835	951	788	928	858	
510	904	928	788	904	742	742	603	510	556	440	324	232	162	0	185	208	324	394	440	510	672	788	742	928	904	951	1044	904	1067	997	
348	742	788	649	788	626	649	533	464	556	464	371	348	162	185	0	69	278	255	278	324	487	626	533	719	719	742	858	719	881	835	
394	788	835	696	858	696	719	603	533	649	556	440	417	232	208	69	0	185	185	208	301	440	580	510	696	696	742	858	742	928	881	
556	951	997	881	1044	904	928	812	742	835	719	626	556	417	324	278	185	0	116	255	348	440	556	580	742	765	835	974	881	1067	1044	
464	835	904	788	974	835	881	765	696	835	742	649	603	417	394	255	185	116	0	139	208	301	440	440	603	626	696	835	765	951	928	
348	719	788	696	881	742	788	696	626	788	719	649	626	440	440	278	208	255	139	0	69	208	348	301	487	487	556	696	626	812	788	
324	672	742	649	835	719	788	696	649	812	765	696	672	487	510	324	301	348	208	69	0	162	278	232	394	417	487	603	556	742	719	
464	742	835	765	951	858	928	835	788	974	928	858	835	649	672	487	440	440	301	208	162	0	116	208	301	371	464	603	580	765	788	
556	765	858	812	997	928	997	904	881	1090	1044	974	951	765	788	626	580	556	440	348	278	116	0	208	208	301	394	533	556	742	765	
371	556	649	603	788	719	788	719	719	928	881	835	858	672	742	533	510	580	440	301	232	208	208	0	185	185	255	394	371	556	580	
556	649	742	719	928	881	951	904	904	1113	1067	1020	1044	858	928	719	696	742	603	487	394	301	208	185	0	116	232	348	417	580	626	
464	510	626	603	812	765	858	812	812	1020	997	974	997	835	904	719	696	765	626	487	417	371	301	185	116	0	92	232	278	440	487	
464	440	533	556	742	719	812	765	788	997	997	974	1020	835	951	742	742	835	696	556	487	464	394	255	232	92	0	139	185	348	394	
556	417	510	556	719	719	812	788	835	1044	1067	1044	1113	951	1044	858	858	974	835	696	603	603	533	394	348	232	139	0	185	232	324	
394	232	324	371	533	533	626	603	649	858	881	881	951	788	904	719	742	881	765	626	556	580	556	371	417	278	185	185	0	185	208	
533	232	301	394	510	556	649	672	719	928	974	997	1067	928	1067	881	928	1067	951	812	742	765	742	556	580	440	348	232	185	0	116	
487	116	185	278	394	440	533	556	626	835	881	904	997	858	997	835	881	1044	928	788	719	788	765	580	626	487	394	324	208	116	0	
V3
0	316	353	260	409	316	353	279	279	446	427	390	446	316	409	279	316	446	372	279	260	372	446	297	446	372	372	446	316	427	390	
316	0	74	130	241	260	334	353	390	558	595	613	688	595	725	595	632	762	669	576	539	595	613	446	520	409	353	334	186	186	93	
353	74	0	111	167	223	279	316	390	539	576	613	688	613	744	632	669	799	725	632	595	669	688	520	595	502	427	409	260	241	148	
260	130	111	0	148	130	204	223	279	427	465	502	576	502	632	520	558	706	632	558	520	613	651	483	576	483	446	446	297	316	223	
409	241	167	148	0	130	148	241	316	409	483	539	632	595	725	632	688	837	781	706	669	762	799	632	744	651	595	576	427	409	316	
316	260	223	130	130	0	74	111	186	316	372	409	502	465	595	502	558	725	669	595	576	688	744	576	706	613	576	576	427	446	353	
353	334	279	204	148	74	0	93	167	241	316	390	483	465	595	520	576	744	706	632	632	744	799	632	762	688	651	651	502	520	427	
279	353	316	223	241	111	93	0	74	204	241	297	390	353	483	427	483	651	613	558	558	669	725	576	725	651	613	632	483	539	446	
279	390	390	279	316	186	167	74	0	167	186	223	316	279	409	372	427	595	558	502	520	632	706	576	725	651	632	669	520	576	502	
446	558	539	427	409	316	241	204	167	0	93	186	279	334	446	446	520	669	669	632	651	781	874	744	892	818	799	837	688	744	669	
427	595	576	465	483	372	316	241	186	93	0	93	167	241	353	372	446	576	595	576	613	744	837	706	855	799	799	855	706	781	706	
390	613	613	502	539	409	390	297	223	186	93	0	93	167	260	297	353	502	520	520	558	688	781	669	818	781	781	837	706	799	725	
446	688	688	576	632	502	483	390	316	279	167	93	0	148	186	279	334	446	483	502	539	669	762	688	837	799	818	892	762	855	799	
316	595	613	502	595	465	465	353	279	334	241	167	148	0	130	130	186	334	334	353	390	520	613	539	688	669	669	762	632	744	688	
409	725	744	632	725	595	595	483	409	446	353	260	186	130	0	148	167	260	316	353	409	539	632	595	744	725	762	837	725	855	799	
279	595	632	520	632	502	520	427	372	446	372	297	279	130	148	0	55	223	204	223	260	390	502	427	576	576	595	688	576	706	669	
316	632	669	558	688	558	576	483	427	520	446	353	334	186	167	55	0	148	148	167	241	353	465	409	558	558	595	688	595	744	706	
446	762	799	706	837	725	744	651	595	669	576	502	446	334	260	223	148	0	93	204	279	353	446	465	595	613	669	781	706	855	837	
372	669	725	632	781	669	706	613	558	669	595	520	483	334	316	204	148	93	0	111	167	241	353	353	483	502	558	669	613	762	744	
279	576	632	558	706	595	632	558	502	632	576	520	502	353	353	223	167	204	111	0	55	167	279	241	390	390	446	558	502	651	632	
260	539	595	520	669	576	632	558	520	651	613	558	539	390	409	260	241	279	167	55	0	130	223	186	316	334	390	483	446	595	576	
372	595	669	613	762	688	744	669	632	781	744	688	669	520	539	390	353	353	241	167	130	0	93	167	241	297	372	483	465	613	632	
446	613	688	651	799	744	799	725	706	874	837	781	762	613	632	502	465	446	353	279	223	93	0	167	167	241	316	427	446	595	613	
297	446	520	483	632	576	632	576	576	744	706	669	688	539	595	427	409	465	353	241	186	167	167	0	148	148	204	316	297	446	465	
446	520	595	576	744	706	762	725	725	892	855	818	837	688	744	576	558	595	483	390	316	241	167	148	0	93	186	279	334	465	502	
372	409	502	483	651	613	688	651	651	818	799	781	799	669	725	576	558	613	502	390	334	297	241	148	93	0	74	186	223	353	390	
372	353	427	446	595	576	651	613	632	799	799	781	818	669	762	595	595	669	558	446	390	372	316	204	186	74	0	111	148	279	316	
446	334	409	446	576	576	651	632	669	837	855	837	892	762	837	688	688	781	669	558	483	483	427	316	279	186	111	0	148	186	260	
316	186	260	297	427	427	502	483	520	688	706	706	762	632	725	576	595	706	613	502	446	465	446	297	334	223	148	148	0	148	167	
427	186	241	316	409	446	520	539	576	744	781	799	855	744	855	706	744	855	762	651	595	613	595	446	465	353	279	186	148	0	93	
390	93	148	223	316	353	427	446	502	669	706	725	799	688	799	669	706	837	744	632	576	632	613	465	502	390	316	260	167	93	0	
V4
0	394	440	324	510	394	440	348	348	556	533	487	556	394	510	348	394	556	464	348	324	464	556	371	556	464	464	556	394	533	487	
394	0	92	162	301	324	417	440	487	696	742	765	858	742	904	742	788	951	835	719	672	742	765	556	649	510	440	417	232	232	116	
440	92	0	139	208	278	348	394	487	672	719	765	858	765	928	788	835	997	904	788	742	835	858	649	742	626	533	510	324	301	185	
324	162	139	0	185	162	255	278	348	533	580	626	719	626	788	649	696	881	788	696	649	765	812	603	719	603	556	556	371	394	278	
510	301	208	185	0	162	185	301	394	510	603	672	788	742	904	788	858	1044	974	881	835	951	997	788	928	812	742	719	533	510	394	
394	324	278	162	162	0	92	139	232	394	464	510	626	580	742	626	696	904	835	742	719	858	928	719	881	765	719	719	533	556	440	
440	417	348	255	185	92	0	116	208	301	394	487	603	580	742	649	719	928	881	788	788	928	997	788	951	858	812	812	626	649	533	
348	440	394	278	301	139	116	0	92	255	301	371	487	440	603	533	603	812	765	696	696	835	904	719	904	812	765	788	603	672	556	
348	487	487	348	394	232	208	92	0	208	232	278	394	348	510	464	533	742	696	626	649	788	881	719	904	812	788	835	649	719	626	
556	696	672	533	510	394	301	255	208	0	116	232	348	417	556	556	649	835	835	788	812	974	1090	928	1113	1020	997	1044	858	928	835	
533	742	719	580	603	464	394	301	232	116	0	116	208	301	440	464	556	719	742	719	765	928	1044	881	1067	997	997	1067	881	974	881	
487	765	765	626	672	510	487	371	278	232	116	0	116	208	324	371	440	626	649	649	696	858	974	835	1020	974	974	1044	881	997	904	
556	858	858	719	788	626	603	487	394	348	208	116	0	185	232	348	417	556	603	626	672	835	951	858	1044	997	1020	1113	951	1067	997	
394	742	765	626	742	580	580	440	348	417	301	208	185	0	162	162	232	417	417	440	487	649	765	672	858	835	835	951	788	928	858	
510	904	928	788	904	742	742	603	510	556	440	324	232	162	0	185	208	324	394	440	510	672	788	742	928	904	951	1044	904	1067	997	
348	742	788	649	788	626	649	533	464	556	464	371	348	162	185	0	69	278	255	278	324	487	626	533	719	719	742	858	719	881	835	
394	788	835	696	858	696	719	603	533	649	556	440	417	232	208	69	0	185	185	208	301	440	580	510	696	696	742	858	742	928	881	
556	951	997	881	1044	904	928	812	742	835	719	626	556	417	324	278	185	0	116	255	348	440	556	580	742	765	835	974	881	1067	1044	
464	835	904	788	974	835	881	765	696	835	742	649	603	417	394	255	185	116	0	139	208	301	440	440	603	626	696	835	765	951	928	
348	719	788	696	881	742	788	696	626	788	719	649	626	440	440	278	208	255	139	0	69	208	348	301	487	487	556	696	626	812	788	
324	672	742	649	835	719	788	696	649	812	765	696	672	487	510	324	301	348	208	69	0	162	278	232	394	417	487	603	556	742	719	
464	742	835	765	951	858	928	835	788	974	928	858	835	649	672	487	440	440	301	208	162	0	116	208	301	371	464	603	580	765	788	
556	765	858	812	997	928	997	904	881	1090	1044	974	951	765	788	626	580	556	440	348	278	116	0	208	208	301	394	533	556	742	765	
371	556	649	603	788	719	788	719	719	928	881	835	858	672	742	533	510	580	440	301	232	208	208	0	185	185	255	394	371	556	580	
556	649	742	719	928	881	951	904	904	1113	1067	1020	1044	858	928	719	696	742	603	487	394	301	208	185	0	116	232	348	417	580	626	
464	510	626	603	812	765	858	812	812	1020	997	974	997	835	904	719	696	765	626	487	417	371	301	185	116	0	92	232	278	440	487	
464	440	533	556	742	719	812	765	788	997	997	974	1020	835	951	742	742	835	696	556	487	464	394	255	232	92	0	139	185	348	394	
556	417	510	556	719	719	812	788	835	1044	1067	1044	1113	951	1044	858	858	974	835	696	603	603	533	394	348	232	139	0	185	232	324	
394	232	324	371	533	533	626	603	649	858	881	881	951	788	904	719	742	881	765	626	556	580	556	371	417	278	185	185	0	185	208	
533	232	301	394	510	556	649	672	719	928	974	997	1067	928	1067	881	928	1067	951	812	742	765	742	556	580	440	348	232	185	0	116	
487	116	185	278	394	440	533	556	626	835	881	904	997	858	997	835	881	1044	928	788	719	788	765	580	626	487	394	324	208	116	0	
V5
0	231	258	190	299	231	258	204	204	326	312	285	326	231	299	204	231	326	272	204	190	272	326	217	326	272	272	326	231	312	285	
231	0	54	95	176	190	244	258	285	408	435	448	503	435	530	435	462	557	489	421	394	435	448	326	380	299	258	244	136	136	68	
258	54	0	81	122	163	204	231	285	394	421	448	503	448	544	462	489	584	530	462	435	489	503	380	435	367	312	299	190	176	108	
190	95	81	0	108	95	149	163	204	312	340	367	421	367	462	380	408	516	462	408	380	448	476	353	421	353	326	326	217	231	163	
299	176	122	108	0	95	108	176	231	299	353	394	462	435	530	462	503	612	571	516	489	557	584	462	544	476	435	421	312	299	231	
231	190	163	95	95	0	54	81	136	231	272	299	367	340	435	367	408	530	489	435	421	503	544	421	516	448	421	421	312	326	258	
258	244	204	149	108	54	0	68	122	176	231	285	353	340	435	380	421	544	516	462	462	544	584	462	557	503	476	476	367	380	312	
204	258	231	163	176	81	68	0	54	149	176	217	285	258	353	312	353	476	448	408	408	489	530	421	530	476	448	462	353	394	326	
204	285	285	204	231	136	122	54	0	122	136	163	231	204	299	272	312	435	408	367	380	462	516	421	530	476	462	489	380	421	367	
326	408	394	312	299	231	176	149	122	0	68	136	204	244	326	326	380	489	489	462	476	571	639	544	652	598	584	612	503	544	489	
312	435	421	340	353	272	231	176	136	68	0	68	122	176	258	272	326	421	435	421	448	544	612	516	625	584	584	625	516	571	516	
285	448	448	367	394	299	285	217	163	136	68	0	68	122	190	217	258	367	380	380	408	503	571	489	598	571	571	612	516	584	530	
326	503	503	421	462	367	353	285	231	204	122	68	0	108	136	204	244	326	353	367	394	489	557	503	612	584	598	652	557	625	584	
231	435	448	367	435	340	340	258	204	244	176	122	108	0	95	95	136	244	244	258	285	380	448	394	503	489	489	557	462	544	503	
299	530	544	462	530	435	435	353	299	326	258	190	136	95	0	108	122	190	231	258	299	394	462	435	544	530	557	612	530	625	584	
204	435	462	380	462	367	380	312	272	326	272	217	204	95	108	0	40	163	149	163	190	285	367	312	421	421	435	503	421	516	489	
231	462	489	408	503	408	421	353	312	380	326	258	244	136	122	40	0	108	108	122	176	258	340	299	408	408	435	503	435	544	516	
326	557	584	516	612	530	544	476	435	489	421	367	326	244	190	163	108	0	68	149	204	258	326	340	435	448	489	571	516	625	612	
272	489	530	462	571	489	516	448	408	489	435	380	353	244	231	149	108	68	0	81	122	176	258	258	353	367	408	489	448	557	544	
204	421	462	408	516	435	462	408	367	462	421	380	367	258	258	163	122	149	81	0	40	122	204	176	285	285	326	408	367	476	462	
190	394	435	380	489	421	462	408	380	476	448	408	394	285	299	190	176	204	122	40	0	95	163	136	231	244	285	353	326	435	421	
272	435	489	448	557	503	544	489	462	571	544	503	489	380	394	285	258	258	176	122	95	0	68	122	176	217	272	353	340	448	462	
326	448	503	476	584	544	584	530	516	639	612	571	557	448	462	367	340	326	258	204	163	68	0	122	122	176	231	312	326	435	448	
217	326	380	353	462	421	462	421	421	544	516	489	503	394	435	312	299	340	258	176	136	122	122	0	108	108	149	231	217	326	340	
326	380	435	421	544	516	557	530	530	652	625	598	612	503	544	421	408	435	353	285	231	176	122	108	0	68	136	204	244	340	367	
272	299	367	353	476	448	503	476	476	598	584	571	584	489	530	421	408	448	367	285	244	217	176	108	68	0	54	136	163	258	285	
272	258	312	326	435	421	476	448	462	584	584	571	598	489	557	435	435	489	408	326	285	272	231	149	136	54	0	81	108	204	231	
326	244	299	326	421	421	476	462	489	612	625	612	652	557	612	503	503	571	489	408	353	353	312	231	204	136	81	0	108	136	190	
231	136	190	217	312	312	367	353	380	503	516	516	557	462	530	421	435	516	448	367	326	340	326	217	244	163	108	108	0	108	122	
312	136	176	231	299	326	380	394	421	544	571	584	625	544	625	516	544	625	557	476	435	448	435	326	340	258	204	136	108	0	68	
285	68	108	163	231	258	312	326	367	489	516	530	584	503	584	489	516	612	544	462	421	462	448	340	367	285	231	190	122	68	0	
V6
0	312	349	257	404	312	349	276	276	441	423	386	441	312	404	276	312	441	368	276	257	368	441	294	441	368	368	441	312	423	386	
312	0	73	128	239	257	331	349	386	552	588	607	680	588	717	588	625	754	662	570	533	588	607	441	515	404	349	331	184	184	92	
349	73	0	110	165	220	276	312	386	533	570	607	680	607	736	625	662	791	717	625	588	662	680	515	588	496	423	404	257	239	147	
257	128	110	0	147	128	202	220	276	423	460	496	570	496	625	515	552	699	625	552	515	607	644	478	570	478	441	441	294	312	220	
404	239	165	147	0	128	147	239	312	404	478	533	625	588	717	625	680	828	772	699	662	754	791	625	736	644	588	570	423	404	312	
312	257	220	128	128	0	73	110	184	312	368	404	496	460	588	496	552	717	662	588	570	680	736	570	699	607	570	570	423	441	349	
349	331	276	202	147	73	0	92	165	239	312	386	478	460	588	515	570	736	699	625	625	736	791	625	754	680	644	644	496	515	423	
276	349	312	220	239	110	92	0	73	202	239	294	386	349	478	423	478	644	607	552	552	662	717	570	717	644	607	625	478	533	441	
276	386	386	276	312	184	165	73	0	165	184	220	312	276	404	368	423	588	552	496	515	625	699	570	717	644	625	662	515	570	496	
441	552	533	423	404	312	239	202	165	0	92	184	276	331	441	441	515	662	662	625	644	772	864	736	883	809	791	828	680	736	662	
423	588	570	460	478	368	312	239	184	92	0	92	165	239	349	368	441	570	588	570	607	736	828	699	846	791	791	846	699	772	699	
386	607	607	496	533	404	386	294	220	184	92	0	92	165	257	294	349	496	515	515	552	680	772	662	809	772	772	828	699	791	717	
441	680	680	570	625	496	478	386	312	276	165	92	0	147	184	276	331	441	478	496	533	662	754	680	828	791	809	883	754	846	791	
312	588	607	496	588	460	460	349	276	331	239	165	147	0	128	128	184	331	331	349	386	515	607	533	680	662	662	754	625	736	680	
404	717	736	625	717	588	588	478	404	441	349	257	184	128	0	147	165	257	312	349	404	533	625	588	736	717	754	828	717	846	791	
276	588	625	515	625	496	515	423	368	441	368	294	276	128	147	0	55	220	202	220	257	386	496	423	570	570	588	680	570	699	662	
312	625	662	552	680	552	570	478	423	515	441	349	331	184	165	55	0	147	147	165	239	349	460	404	552	552	588	680	588	736	699	
441	754	791	699	828	717	736	644	588	662	570	496	441	331	257	220	147	0	92	202	276	349	441	460	588	607	662	772	699	846	828	
368	662	717	625	772	662	699	607	552	662	588	515	478	331	312	202	147	92	0	110	165	239	349	349	478	496	552	662	607	754	736	
276	570	625	552	699	588	625	552	496	625	570	515	496	349	349	220	165	202	110	0	55	165	276	239	386	386	441	552	496	644	625	
257	533	588	515	662	570	625	552	515	644	607	552	533	386	404	257	239	276	165	55	0	128	220	184	312	331	386	478	441	588	570	
368	588	662	607	754	680	736	662	625	772	736	680	662	515	533	386	349	349	239	165	128	0	92	165	239	294	368	478	460	607	625	
441	607	680	644	791	736	791	717	699	864	828	772	754	607	625	496	460	441	349	276	220	92	0	165	165	239	312	423	441	588	607	
294	441	515	478	625	570	625	570	570	736	699	662	680	533	588	423	404	460	349	239	184	165	165	0	147	147	202	312	294	441	460	
441	515	588	570	736	699	754	717	717	883	846	809	828	680	736	570	552	588	478	386	312	239	165	147	0	92	184	276	331	460	496	
368	404	496	478	644	607	680	644	644	809	791	772	791	662	717	570	552	607	496	386	331	294	239	147	92	0	73	184	220	349	386	
368	349	423	441	588	570	644	607	625	791	791	772	809	662	754	588	588	662	552	441	386	368	312	202	184	73	0	110	147	276	312	
441	331	404	441	570	570	644	625	662	828	846	828	883	754	828	680	680	772	662	552	478	478	423	312	276	184	110	0	147	184	257	
312	184	257	294	423	423	496	478	515	680	699	699	754	625	717	570	588	699	607	496	441	460	441	294	331	220	147	147	0	147	165	
423	184	239	312	404	441	515	533	570	736	772	791	846	736	846	699	736	846	754	644	588	607	588	441	460	349	276	184	147	0	92	
386	92	147	220	312	349	423	441	496	662	699	717	791	680	791	662	699	828	736	625	570	625	607	460	496	386	312	257	165	92	0	
V7
0	323	361	266	418	323	361	285	285	456	437	399	456	323	418	285	323	456	380	285	266	380	456	304	456	380	380	456	323	437	399	
323	0	76	133	247	266	342	361	399	570	608	627	703	608	741	608	646	779	684	589	551	608	627	456	532	418	361	342	190	190	95	
361	76	0	114	171	228	285	323	399	551	589	627	703	627	760	646	684	817	741	646	608	684	703	532	608	513	437	418	266	247	152	
266	133	114	0	152	133	209	228	285	437	475	513	589	513	646	532	570	722	646	570	532	627	665	494	589	494	456	456	304	323	228	
418	247	171	152	0	133	152	247	323	418	494	551	646	608	741	646	703	855	798	722	684	779	817	646	760	665	608	589	437	418	323	
323	266	228	133	133	0	76	114	190	323	380	418	513	475	608	513	570	741	684	608	589	703	760	589	722	627	589	589	437	456	361	
361	342	285	209	152	76	0	95	171	247	323	399	494	475	608	532	589	760	722	646	646	760	817	646	779	703	665	665	513	532	437	
285	361	323	228	247	114	95	0	76	209	247	304	399	361	494	437	494	665	627	570	570	684	741	589	741	665	627	646	494	551	456	
285	399	399	285	323	190	171	76	0	171	190	228	323	285	418	380	437	608	570	513	532	646	722	589	741	665	646	684	532	589	513	
456	570	551	437	418	323	247	209	171	0	95	190	285	342	456	456	532	684	684	646	665	798	893	760	912	836	817	855	703	760	684	
437	608	589	475	494	380	323	247	190	95	0	95	171	247	361	380	456	589	608	589	627	760	855	722	874	817	817	874	722	798	722	
399	627	627	513	551	418	399	304	228	190	95	0	95	171	266	304	361	513	532	532	570	703	798	684	836	798	798	855	722	817	741	
456	703	703	589	646	513	494	399	323	285	171	95	0	152	190	285	342	456	494	513	551	684	779	703	855	817	836	912	779	874	817	
323	608	627	513	608	475	475	361	285	342	247	171	152	0	133	133	190	342	342	361	399	532	627	551	703	684	684	779	646	760	703	
418	741	760	646	741	608	608	494	418	456	361	266	190	133	0	152	171	266	323	361	418	551	646	608	760	741	779	855	741	874	817	
285	608	646	532	646	513	532	437	380	456	380	304	285	133	152	0	57	228	209	228	266	399	513	437	589	589	608	703	589	722	684	
323	646	684	570	703	570	589	494	437	532	456	361	342	190	171	57	0	152	152	171	247	361	475	418	570	570	608	703	608	760	722	
456	779	817	722	855	741	760	665	608	684	589	513	456	342	266	228	152	0	95	209	285	361	456	475	608	627	684	798	722	874	855	
380	684	741	646	798	684	722	627	570	684	608	532	494	342	323	209	152	95	0	114	171	247	361	361	494	513	570	684	627	779	760	
285	589	646	570	722	608	646	570	513	646	589	532	513	361	361	228	171	209	114	0	57	171	285	247	399	399	456	570	513	665	646	
266	551	608	532	684	589	646	570	532	665	627	570	551	399	418	266	247	285	171	57	0	133	228	190	323	342	399	494	456	608	589	
380	608	684	627	779	703	760	684	646	798	760	703	684	532	551	399	361	361	247	171	133	0	95	171	247	304	380	494	475	627	646	
456	627	703	665	817	760	817	741	722	893	855	798	779	627	646	513	475	456	361	285	228	95	0	171	171	247	323	437	456	608	627	
304	456	532	494	646	589	646	589	589	760	722	684	703	551	608	437	418	475	361	247	190	171	171	0	152	152	209	323	304	456	475	
456	532	608	589	760	722	779	741	741	912	874	836	855	703	760	589	570	608	494	399	323	247	171	152	0	95	190	285	342	475	513	
380	418	513	494	665	627	703	665	665	836	817	798	817	684	741	589	570	627	513	399	342	304	247	152	95	0	76	190	228	361	399	
380	361	437	456	608	589	665	627	646	817	817	798	836	684	779	608	608	684	570	456	399	380	323	209	190	76	0	114	152	285	323	
456	342	418	456	589	589	665	646	684	855	874	855	912	779	855	703	703	798	684	570	494	494	437	323	285	190	114	0	152	190	266	
323	190	266	304	437	437	513	494	532	703	722	722	779	646	741	589	608	722	627	513	456	475	456	304	342	228	152	152	0	152	171	
437	190	247	323	418	456	532	551	589	760	798	817	874	760	874	722	760	874	779	665	608	627	608	456	475	361	285	190	152	0	95	
399	95	152	228	323	361	437	456	513	684	722	741	817	703	817	684	722	855	760	646	589	646	627	475	513	399	323	266	171	95	0	
Velocidade_Veiculos
1	1	1	1	1	1	1	1	