M: 2
N: 30
Nun_Veiculos: 8
Capacidade_Total: 663
Demanda_Total: 513
Setup_Min: 1
Setup_Max: 9
Raio: 100
Circulos: 1
Tempo_Processamento_Min: 1
Tempo_Processamento_Max: 49
Demanda_Min: 10
Demanda_Max: 30
Priority_Factor: 0.2
Range_Factor_R: 0.8
U_factor: 2
ALpha: 0.2Replicao: 3
Tempos_Processamentos
0	0	1	0	
0	38	1	8	
0	12	1	17	
0	5	1	31	
0	39	1	44	
0	20	1	32	
0	34	1	11	
0	21	1	39	
0	34	1	43	
0	2	1	1	
0	1	1	1	
0	1	1	11	
0	29	1	5	
0	8	1	29	
0	30	1	6	
0	38	1	38	
0	3	1	12	
0	24	1	10	
0	11	1	40	
0	15	1	46	
0	41	1	30	
0	38	1	1	
0	7	1	23	
0	36	1	6	
0	9	1	42	
0	46	1	28	
0	21	1	5	
0	3	1	45	
0	6	1	12	
0	48	1	28	
0	3	1	30	

Tempos_setup
M0
0	0	0	0	0	0	0	0	0	0	0	0	0	0	0	0	0	0	0	0	0	0	0	0	0	0	0	0	0	0	0	
0	0	2	2	3	3	2	4	4	2	3	1	3	2	3	3	3	3	2	4	2	2	4	4	3	3	3	4	1	3	3	
0	4	0	3	1	3	3	3	2	3	2	4	2	2	4	4	3	3	3	3	2	3	3	2	3	3	4	4	4	3	3	
0	2	3	0	3	3	2	3	3	3	2	3	4	2	3	4	2	2	3	2	1	2	3	2	3	3	1	3	2	3	2	
0	3	3	2	0	2	2	2	1	2	1	3	3	1	3	3	3	2	3	2	2	2	2	1	3	2	3	3	3	2	3	
0	2	2	2	1	0	2	2	2	3	1	2	3	2	2	1	2	2	1	1	2	1	2	2	2	2	3	3	3	2	1	
0	3	1	2	2	1	0	3	3	2	2	3	3	3	3	2	2	2	2	2	3	2	3	3	1	2	3	2	1	3	2	
0	3	3	3	3	2	2	0	3	2	2	3	2	2	3	2	2	2	3	3	3	2	3	1	3	3	4	2	3	1	3	
0	4	2	3	3	3	4	4	0	3	3	4	3	4	3	3	2	4	3	4	4	3	4	4	4	3	4	3	5	2	3	
0	3	2	2	1	3	2	2	2	0	1	1	3	1	1	3	2	2	2	2	1	2	2	2	3	2	3	2	3	2	2	
0	2	2	1	3	2	2	1	2	3	0	2	3	3	3	2	2	1	2	1	2	1	1	2	2	1	2	3	3	2	2	
0	4	1	3	2	2	1	4	3	3	3	0	3	1	3	3	3	3	3	3	2	3	4	3	2	3	2	3	2	2	3	
0	3	2	1	2	2	1	4	2	2	3	3	0	3	3	3	1	3	3	3	2	3	4	3	1	2	2	2	2	2	1	
0	3	2	2	3	2	3	3	3	3	2	3	2	0	2	2	2	2	3	3	1	2	3	3	3	3	3	2	2	1	2	
0	3	1	2	2	2	3	2	3	4	1	3	3	3	0	3	3	2	3	2	3	2	2	3	3	2	3	4	3	3	1	
0	3	2	2	2	2	3	2	2	2	2	3	2	3	3	0	1	2	3	2	2	2	3	3	3	2	3	2	4	1	3	
0	3	2	1	1	1	3	3	1	1	2	2	3	2	2	2	0	2	2	2	2	2	3	2	3	1	2	3	3	2	2	
0	2	2	2	2	1	1	3	1	3	2	3	3	2	2	2	2	0	1	2	1	2	1	3	1	1	3	2	2	2	2	
0	1	2	3	3	3	2	3	3	3	2	2	3	3	1	1	2	3	0	3	2	1	3	4	3	2	4	3	2	2	2	
0	1	1	3	2	2	1	4	3	3	3	2	3	3	4	3	3	3	3	0	2	3	2	3	2	3	3	3	2	4	3	
0	2	3	1	2	2	2	4	2	2	3	3	3	1	2	3	1	1	2	3	0	3	2	3	2	2	2	3	3	2	1	
0	2	2	2	2	2	1	4	2	2	3	1	4	2	3	3	1	2	3	2	1	0	3	3	2	2	3	3	2	3	2	
0	3	2	3	2	1	3	3	3	3	2	3	3	3	3	2	2	2	2	2	3	2	0	3	1	1	3	2	2	2	2	
0	3	2	3	2	2	1	3	2	1	2	2	3	1	2	3	3	1	2	3	2	3	2	0	2	2	4	3	2	2	3	
0	4	1	2	1	3	3	3	2	2	2	3	3	2	2	3	2	2	3	3	3	2	3	2	0	1	2	1	1	2	2	
0	3	1	2	2	2	2	3	2	2	2	3	2	3	3	2	1	1	2	3	2	2	2	3	2	0	3	2	3	1	1	
0	3	3	2	3	3	2	2	3	2	3	2	4	2	3	4	2	2	3	3	2	1	3	1	3	3	0	2	1	3	3	
0	4	2	3	3	3	3	3	4	4	2	2	3	3	1	4	3	3	4	3	3	2	3	3	4	3	2	0	3	4	2	
0	3	3	1	2	2	2	3	3	1	2	2	4	2	2	3	2	3	3	3	2	1	3	3	3	2	2	3	0	3	3	
0	2	3	2	2	1	2	2	3	3	1	2	1	3	2	1	2	2	2	2	2	1	2	2	2	2	3	1	3	0	2	
0	3	3	3	2	3	3	3	3	4	2	4	4	3	3	4	3	3	4	2	4	3	3	3	3	3	2	4	3	4	0	
M1
0	0	0	0	0	0	0	0	0	0	0	0	0	0	0	0	0	0	0	0	0	0	0	0	0	0	0	0	0	0	0	
0	0	2	3	2	2	3	2	2	3	1	1	2	3	2	3	3	3	3	3	2	2	3	2	3	3	3	1	1	3	3	
0	3	0	1	3	3	4	3	2	2	3	3	4	2	4	4	3	2	4	3	3	4	2	3	3	3	4	3	3	3	2	
0	3	3	0	3	2	3	2	2	1	2	3	3	1	3	3	3	3	3	3	2	3	1	2	2	2	3	2	2	2	3	
0	2	3	2	0	2	2	3	3	3	3	3	1	3	3	2	3	2	2	1	4	3	3	3	4	3	2	3	3	1	2	
0	3	4	3	3	0	3	3	1	4	2	3	4	3	3	3	2	5	3	3	3	4	4	2	2	4	3	2	3	3	2	
0	4	3	2	4	3	0	3	2	2	2	2	3	1	2	2	3	4	3	2	2	3	3	3	2	1	1	4	3	3	3	
0	2	1	2	2	2	2	0	3	3	3	3	3	3	3	2	3	3	2	3	4	3	3	1	4	3	2	1	2	1	3	
0	2	3	2	3	3	2	3	0	3	1	2	3	2	2	2	1	4	2	2	2	3	3	2	2	3	2	2	3	4	1	
0	3	3	1	4	3	3	2	1	0	2	2	3	2	3	2	2	3	3	2	2	2	2	3	3	1	3	3	3	3	2	
0	3	3	2	2	3	2	2	1	2	0	2	2	2	1	3	2	3	2	3	1	3	3	1	3	3	3	3	2	3	2	
0	2	3	2	2	2	3	3	3	3	3	0	1	3	2	2	3	2	2	2	3	1	3	3	4	2	2	2	1	3	2	
0	1	2	1	1	3	2	3	2	2	2	2	0	2	3	1	2	1	1	2	3	2	2	3	3	3	3	2	2	2	1	
0	3	3	3	3	3	3	3	1	3	1	3	3	0	2	3	2	3	3	3	2	2	4	2	1	4	3	3	3	4	2	
0	2	2	2	3	3	2	1	3	3	3	1	2	2	0	3	3	3	3	3	4	2	3	2	2	3	3	2	2	2	1	
0	2	1	2	3	2	1	2	3	3	3	2	3	2	3	0	2	2	1	2	2	1	1	2	2	2	2	2	2	2	1	
0	3	2	3	3	3	1	3	3	2	3	2	2	2	3	1	0	3	1	3	1	2	2	2	3	2	2	2	3	3	2	
0	2	4	2	1	2	2	3	2	3	1	2	2	1	2	3	3	0	3	2	2	3	3	2	2	3	3	3	2	2	1	
0	2	3	3	2	3	2	2	2	3	2	1	2	1	3	2	1	3	0	2	2	2	3	3	2	3	3	1	2	3	3	
0	3	2	3	2	2	1	2	2	3	3	2	2	2	3	3	2	3	1	0	3	3	3	3	3	2	2	2	3	3	3	
0	2	3	2	2	4	3	2	2	1	2	3	1	1	3	2	2	2	2	3	0	3	3	3	2	2	4	3	3	3	2	
0	2	3	2	2	1	2	3	2	3	2	1	2	2	2	3	3	1	2	1	3	0	3	2	3	3	3	3	2	3	1	
0	2	2	2	3	2	2	1	2	2	3	2	2	2	2	2	2	2	3	3	1	2	0	2	1	3	2	2	1	1	3	
0	3	4	1	1	2	1	3	3	2	2	2	2	2	2	3	2	3	1	2	3	2	2	0	3	2	2	2	1	2	3	
0	2	2	3	3	3	2	3	3	3	3	3	4	3	2	4	4	3	5	4	3	3	4	4	0	3	3	3	2	4	3	
0	3	2	3	3	3	2	3	2	2	3	1	2	2	3	1	3	3	2	1	1	2	2	3	3	0	3	3	2	3	2	
0	3	3	3	3	3	2	2	3	4	4	2	3	3	1	3	3	4	2	1	4	3	4	3	3	3	0	3	3	2	2	
0	1	2	3	3	3	3	1	3	4	2	2	3	4	3	2	4	3	3	3	3	3	2	2	3	4	3	0	2	2	3	
0	2	3	3	3	1	3	2	2	2	2	1	2	3	1	3	3	2	3	2	3	1	3	3	3	3	3	1	0	2	2	
0	2	2	2	3	1	1	3	2	3	3	3	4	2	3	1	3	3	2	3	3	2	2	3	3	2	2	3	3	0	2	
0	1	3	1	3	2	3	3	3	2	2	1	2	2	2	3	2	3	3	3	3	2	2	2	3	3	3	2	2	3	0	
Tamanho_Tarefas
0	16	14	15	39	23	22	29	35	1	1	6	16	9	13	38	5	17	14	28	31	3	11	15	12	34	10	8	7	31	10	
Data_Entrega
0	262	288	294	285	365	292	331	231	363	259	255	239	280	284	265	350	368	293	332	276	371	301	296	318	236	225	231	265	279	368	
Penalidade_Atraso
0	5	14	9	6	20	14	1	13	19	16	17	4	16	17	12	18	2	20	14	12	2	5	14	16	4	16	8	2	5	1	
Capacidade_Veiculo
97	109	61	114	87	62	59	74	
Custo_Fixo_Veiculo
970	1090	610	1140	870	620	590	740	
Coordenadas_Clientes
x	0	y	0
x	115	y	0
x	76	y	16
x	106	y	47
x	62	y	45
x	80	y	89
x	61	y	106
x	24	y	76
x	9	y	92
x	-8	y	82
x	-32	y	99
x	-49	y	85
x	-55	y	61
x	-94	y	68
x	-90	y	40
x	-79	y	16
x	-113	y	0
x	-91	y	-19
x	-99	y	-44
x	-77	y	-56
x	-70	y	-78
x	-55	y	-96
x	-29	y	-89
x	-12	y	-120
x	12	y	-118
x	33	y	-102
x	50	y	-86
x	50	y	-55
x	70	y	-51
x	79	y	-35
x	122	y	-25
Tempo_Viagem
0	115	77	115	76	119	122	79	92	82	104	98	82	116	98	80	113	92	108	95	104	110	93	120	118	107	99	74	86	86	124	
115	0	42	47	69	95	118	118	139	147	176	184	180	219	208	194	228	206	218	200	200	195	169	174	156	130	107	85	68	50	25	
77	42	0	43	32	73	91	79	100	106	135	142	138	177	167	155	189	169	185	169	173	172	148	161	148	124	105	75	67	51	61	
115	47	43	0	44	49	74	86	106	118	146	159	161	200	196	187	223	207	223	209	215	215	191	204	189	165	144	116	104	86	72	
76	69	32	44	0	47	61	49	70	79	108	117	118	157	152	143	180	165	183	171	180	183	161	180	170	149	131	100	96	81	92	
119	95	73	49	47	0	25	57	71	88	112	129	137	175	176	174	211	202	223	213	223	229	208	227	217	196	177	147	140	124	120	
122	118	91	74	61	25	0	47	53	72	93	111	123	158	163	166	203	196	218	212	225	232	214	237	229	209	192	161	157	142	143	
79	118	79	86	49	57	47	0	21	32	60	73	80	118	119	119	156	149	171	166	180	189	172	199	194	178	164	133	135	123	140	
92	139	100	106	70	71	53	21	0	19	41	58	70	105	110	115	152	149	173	171	187	198	184	212	210	195	182	152	155	144	161	
82	147	106	118	79	88	72	32	19	0	29	41	51	87	91	96	133	130	155	154	171	184	172	202	200	188	177	148	154	145	167	
104	176	135	146	108	112	93	60	41	29	0	22	44	69	82	95	127	131	157	161	181	196	188	219	221	211	202	174	181	174	196	
98	184	142	159	117	129	111	73	58	41	22	0	24	48	60	75	106	111	137	143	163	181	175	208	211	204	197	171	180	175	203	
82	180	138	161	118	137	123	80	70	51	44	24	0	39	40	51	84	87	113	119	139	157	152	186	191	185	180	156	167	164	196	
116	219	177	200	157	175	158	118	105	87	69	48	39	0	28	54	70	87	112	124	147	168	169	204	214	212	210	189	202	201	235	
98	208	167	196	152	176	163	119	110	91	82	60	40	28	0	26	46	59	84	96	119	140	142	177	187	187	188	169	184	184	221	
80	194	155	187	143	174	166	119	115	96	95	75	51	54	26	0	37	37	63	72	94	114	116	151	161	162	164	147	163	166	204	
113	228	189	223	180	211	203	156	152	133	127	106	84	70	46	37	0	29	46	66	89	111	122	156	171	178	184	172	189	195	236	
92	206	169	207	165	202	196	149	149	130	131	111	87	87	59	37	29	0	26	39	62	84	93	128	142	149	156	145	164	170	213	
108	218	185	223	183	223	218	171	173	155	157	137	113	112	84	63	46	26	0	25	44	67	83	115	133	144	154	149	169	178	221	
95	200	169	209	171	213	212	166	171	154	161	143	119	124	96	72	66	39	25	0	23	45	58	91	108	119	130	127	147	157	201	
104	200	173	215	180	223	225	180	187	171	181	163	139	147	119	94	89	62	44	23	0	23	42	71	91	105	120	122	142	155	199	
110	195	172	215	183	229	232	189	198	184	196	181	157	168	140	114	111	84	67	45	23	0	26	49	70	88	105	112	132	146	190	
93	169	148	191	161	208	214	172	184	172	188	175	152	169	142	116	122	93	83	58	42	26	0	35	50	63	79	86	106	120	164	
120	174	161	204	180	227	237	199	212	202	219	208	186	204	177	151	156	128	115	91	71	49	35	0	24	48	70	89	107	124	164	
118	156	148	189	170	217	229	194	210	200	221	211	191	214	187	161	171	142	133	108	91	70	50	24	0	26	49	73	88	106	143	
107	130	124	165	149	196	209	178	195	188	211	204	185	212	187	162	178	149	144	119	105	88	63	48	26	0	23	49	63	81	117	
99	107	105	144	131	177	192	164	182	177	202	197	180	210	188	164	184	156	154	130	120	105	79	70	49	23	0	31	40	58	94	
74	85	75	116	100	147	161	133	152	148	174	171	156	189	169	147	172	145	149	127	122	112	86	89	73	49	31	0	20	35	78	
86	68	67	104	96	140	157	135	155	154	181	180	167	202	184	163	189	164	169	147	142	132	106	107	88	63	40	20	0	18	58	
86	50	51	86	81	124	142	123	144	145	174	175	164	201	184	166	195	170	178	157	155	146	120	124	106	81	58	35	18	0	44	
124	25	61	72	92	120	143	140	161	167	196	203	196	235	221	204	236	213	221	201	199	190	164	164	143	117	94	78	58	44	0	
Custo_Viagem
V0
0	2231	1493	2231	1474	2308	2366	1532	1784	1590	2017	1901	1590	2250	1901	1552	2192	1784	2095	1843	2017	2134	1804	2328	2289	2075	1920	1435	1668	1668	2405	
2231	0	814	911	1338	1843	2289	2289	2716	2851	3433	3569	3492	4248	4035	3763	4423	3996	4229	3880	3880	3783	3278	3375	3026	2522	2075	1649	1319	970	485	
1493	814	0	834	620	1416	1765	1532	1959	2056	2638	2754	2677	3433	3239	3007	3666	3298	3589	3278	3356	3336	2871	3123	2871	2425	2037	1455	1299	989	1183	
2231	911	834	0	853	950	1435	1668	2056	2308	2851	3084	3123	3899	3802	3627	4326	4015	4345	4054	4171	4171	3705	3957	3666	3201	2793	2250	2017	1668	1416	
1474	1338	620	853	0	911	1183	950	1358	1532	2095	2269	2289	3045	2948	2774	3492	3201	3550	3317	3492	3550	3123	3492	3298	2890	2541	1940	1862	1571	1784	
2308	1843	1416	950	911	0	485	1105	1377	1707	2172	2502	2657	3395	3414	3375	4112	3918	4326	4132	4345	4442	4035	4423	4209	3802	3433	2851	2716	2405	2347	
2366	2289	1765	1435	1183	485	0	911	1028	1416	1804	2153	2405	3084	3181	3220	3938	3802	4248	4112	4365	4500	4151	4597	4442	4054	3724	3123	3045	2754	2793	
1532	2289	1532	1668	950	1105	911	0	407	620	1164	1416	1552	2289	2308	2308	3026	2890	3317	3220	3492	3666	3356	3860	3763	3453	3181	2580	2619	2386	2716	
1784	2716	1959	2056	1358	1377	1028	407	0	368	795	1125	1377	2037	2153	2250	2948	2890	3356	3317	3627	3841	3569	4132	4074	3783	3530	2948	3007	2813	3142	
1590	2851	2056	2308	1532	1707	1416	620	368	0	562	795	989	1687	1784	1862	2580	2522	3007	2987	3317	3569	3336	3918	3880	3647	3433	2871	2987	2813	3259	
2017	3433	2638	2851	2095	2172	1804	1164	795	562	0	426	853	1338	1590	1843	2463	2541	3045	3123	3511	3802	3647	4248	4287	4093	3918	3375	3511	3375	3821	
1901	3569	2754	3084	2269	2502	2153	1416	1125	795	426	0	465	931	1164	1455	2056	2172	2677	2774	3181	3511	3395	4035	4093	3957	3821	3317	3492	3395	3938	
1590	3492	2677	3123	2289	2657	2405	1552	1377	989	853	465	0	756	776	989	1629	1687	2192	2308	2696	3045	2948	3608	3705	3589	3492	3026	3239	3181	3802	
2250	4248	3433	3899	3045	3395	3084	2289	2037	1687	1338	931	756	0	543	1047	1358	1687	2172	2425	2851	3259	3278	3977	4151	4112	4074	3666	3918	3899	4559	
1901	4035	3239	3802	2948	3414	3181	2308	2153	1784	1590	1164	776	543	0	504	892	1144	1629	1862	2308	2716	2754	3453	3647	3627	3647	3278	3569	3569	4287	
1552	3763	3007	3627	2774	3375	3220	2308	2250	1862	1843	1455	989	1047	504	0	717	717	1222	1396	1823	2211	2250	2929	3123	3142	3181	2851	3162	3220	3977	
2192	4423	3666	4326	3492	4112	3938	3026	2948	2580	2463	2056	1629	1358	892	717	0	562	892	1280	1726	2172	2366	3026	3317	3453	3569	3336	3666	3783	4578	
1784	3996	3298	4015	3201	3918	3802	2890	2890	2522	2541	2172	1687	1687	1144	717	562	0	504	756	1202	1649	1804	2483	2754	2890	3026	2813	3181	3298	4132	
2095	4229	3589	4345	3550	4326	4248	3317	3356	3007	3045	2677	2192	2172	1629	1222	892	504	0	485	853	1319	1610	2231	2580	2793	2987	2890	3278	3453	4287	
1843	3880	3278	4054	3317	4132	4112	3220	3317	2987	3123	2774	2308	2425	1862	1396	1280	756	485	0	446	873	1125	1765	2095	2308	2522	2463	2851	3045	3899	
2017	3880	3356	4171	3492	4345	4365	3492	3627	3317	3511	3181	2696	2851	2308	1823	1726	1202	853	446	0	446	814	1377	1765	2037	2328	2366	2754	3007	3860	
2134	3783	3336	4171	3550	4442	4500	3666	3841	3569	3802	3511	3045	3259	2716	2211	2172	1649	1319	873	446	0	504	950	1358	1707	2037	2172	2560	2851	3686	
1804	3278	2871	3705	3123	4035	4151	3356	3569	3336	3647	3395	2948	3278	2754	2250	2366	1804	1610	1125	814	504	0	679	970	1222	1532	1668	2056	2328	3181	
2328	3375	3123	3957	3492	4423	4597	3860	4132	3918	4248	4035	3608	3977	3453	2929	3026	2483	2231	1765	1377	950	679	0	465	931	1358	1726	2075	2405	3181	
2289	3026	2871	3666	3298	4209	4442	3763	4074	3880	4287	4093	3705	4151	3647	3123	3317	2754	2580	2095	1765	1358	970	465	0	504	950	1416	1707	2056	2793	
2075	2522	2425	3201	2890	3802	4054	3453	3783	3647	4093	3957	3589	4112	3627	3142	3453	2890	2793	2308	2037	1707	1222	931	504	0	446	950	1222	1571	2269	
1920	2075	2037	2793	2541	3433	3724	3181	3530	3433	3918	3821	3492	4074	3647	3181	3569	3026	2987	2522	2328	2037	1532	1358	950	446	0	601	776	1125	1823	
1435	1649	1455	2250	1940	2851	3123	2580	2948	2871	3375	3317	3026	3666	3278	2851	3336	2813	2890	2463	2366	2172	1668	1726	1416	950	601	0	388	679	1513	
1668	1319	1299	2017	1862	2716	3045	2619	3007	2987	3511	3492	3239	3918	3569	3162	3666	3181	3278	2851	2754	2560	2056	2075	1707	1222	776	388	0	349	1125	
1668	970	989	1668	1571	2405	2754	2386	2813	2813	3375	3395	3181	3899	3569	3220	3783	3298	3453	3045	3007	2851	2328	2405	2056	1571	1125	679	349	0	853	
2405	485	1183	1416	1784	2347	2793	2716	3142	3259	3821	3938	3802	4559	4287	3977	4578	4132	4287	3899	3860	3686	3181	3181	2793	2269	1823	1513	1125	853	0	
V1
0	2507	1678	2507	1656	2594	2659	1722	2005	1787	2267	2136	1787	2528	2136	1744	2463	2005	2354	2071	2267	2398	2027	2616	2572	2332	2158	1613	1874	1874	2703	
2507	0	915	1024	1504	2071	2572	2572	3052	3204	3858	4011	3924	4774	4534	4229	4970	4490	4752	4360	4360	4251	3684	3793	3400	2834	2332	1853	1482	1090	545	
1678	915	0	937	697	1591	1983	1722	2201	2310	2964	3095	3008	3858	3640	3379	4120	3706	4033	3684	3771	3749	3226	3509	3226	2725	2289	1635	1460	1111	1329	
2507	1024	937	0	959	1068	1613	1874	2310	2594	3204	3466	3509	4381	4272	4076	4861	4512	4883	4556	4687	4687	4163	4447	4120	3597	3139	2528	2267	1874	1591	
1656	1504	697	959	0	1024	1329	1068	1526	1722	2354	2550	2572	3422	3313	3117	3924	3597	3989	3727	3924	3989	3509	3924	3706	3248	2855	2180	2092	1765	2005	
2594	2071	1591	1068	1024	0	545	1242	1547	1918	2441	2812	2986	3815	3836	3793	4621	4403	4861	4643	4883	4992	4534	4970	4730	4272	3858	3204	3052	2703	2637	
2659	2572	1983	1613	1329	545	0	1024	1155	1591	2027	2419	2703	3466	3575	3618	4425	4272	4774	4621	4905	5057	4665	5166	4992	4556	4185	3509	3422	3095	3139	
1722	2572	1722	1874	1068	1242	1024	0	457	697	1308	1591	1744	2572	2594	2594	3400	3248	3727	3618	3924	4120	3771	4338	4229	3880	3575	2899	2943	2681	3052	
2005	3052	2201	2310	1526	1547	1155	457	0	414	893	1264	1547	2289	2419	2528	3313	3248	3771	3727	4076	4316	4011	4643	4578	4251	3967	3313	3379	3161	3531	
1787	3204	2310	2594	1722	1918	1591	697	414	0	632	893	1111	1896	2005	2092	2899	2834	3379	3357	3727	4011	3749	4403	4360	4098	3858	3226	3357	3161	3662	
2267	3858	2964	3204	2354	2441	2027	1308	893	632	0	479	959	1504	1787	2071	2768	2855	3422	3509	3945	4272	4098	4774	4817	4599	4403	3793	3945	3793	4294	
2136	4011	3095	3466	2550	2812	2419	1591	1264	893	479	0	523	1046	1308	1635	2310	2441	3008	3117	3575	3945	3815	4534	4599	4447	4294	3727	3924	3815	4425	
1787	3924	3008	3509	2572	2986	2703	1744	1547	1111	959	523	0	850	872	1111	1831	1896	2463	2594	3030	3422	3313	4054	4163	4033	3924	3400	3640	3575	4272	
2528	4774	3858	4381	3422	3815	3466	2572	2289	1896	1504	1046	850	0	610	1177	1526	1896	2441	2725	3204	3662	3684	4469	4665	4621	4578	4120	4403	4381	5123	
2136	4534	3640	4272	3313	3836	3575	2594	2419	2005	1787	1308	872	610	0	566	1002	1286	1831	2092	2594	3052	3095	3880	4098	4076	4098	3684	4011	4011	4817	
1744	4229	3379	4076	3117	3793	3618	2594	2528	2092	2071	1635	1111	1177	566	0	806	806	1373	1569	2049	2485	2528	3291	3509	3531	3575	3204	3553	3618	4469	
2463	4970	4120	4861	3924	4621	4425	3400	3313	2899	2768	2310	1831	1526	1002	806	0	632	1002	1438	1940	2441	2659	3400	3727	3880	4011	3749	4120	4251	5144	
2005	4490	3706	4512	3597	4403	4272	3248	3248	2834	2855	2441	1896	1896	1286	806	632	0	566	850	1351	1853	2027	2790	3095	3248	3400	3161	3575	3706	4643	
2354	4752	4033	4883	3989	4861	4774	3727	3771	3379	3422	3008	2463	2441	1831	1373	1002	566	0	545	959	1482	1809	2507	2899	3139	3357	3248	3684	3880	4817	
2071	4360	3684	4556	3727	4643	4621	3618	3727	3357	3509	3117	2594	2725	2092	1569	1438	850	545	0	501	981	1264	1983	2354	2594	2834	2768	3204	3422	4381	
2267	4360	3771	4687	3924	4883	4905	3924	4076	3727	3945	3575	3030	3204	2594	2049	1940	1351	959	501	0	501	915	1547	1983	2289	2616	2659	3095	3379	4338	
2398	4251	3749	4687	3989	4992	5057	4120	4316	4011	4272	3945	3422	3662	3052	2485	2441	1853	1482	981	501	0	566	1068	1526	1918	2289	2441	2877	3204	4142	
2027	3684	3226	4163	3509	4534	4665	3771	4011	3749	4098	3815	3313	3684	3095	2528	2659	2027	1809	1264	915	566	0	763	1090	1373	1722	1874	2310	2616	3575	
2616	3793	3509	4447	3924	4970	5166	4338	4643	4403	4774	4534	4054	4469	3880	3291	3400	2790	2507	1983	1547	1068	763	0	523	1046	1526	1940	2332	2703	3575	
2572	3400	3226	4120	3706	4730	4992	4229	4578	4360	4817	4599	4163	4665	4098	3509	3727	3095	2899	2354	1983	1526	1090	523	0	566	1068	1591	1918	2310	3139	
2332	2834	2725	3597	3248	4272	4556	3880	4251	4098	4599	4447	4033	4621	4076	3531	3880	3248	3139	2594	2289	1918	1373	1046	566	0	501	1068	1373	1765	2550	
2158	2332	2289	3139	2855	3858	4185	3575	3967	3858	4403	4294	3924	4578	4098	3575	4011	3400	3357	2834	2616	2289	1722	1526	1068	501	0	675	872	1264	2049	
1613	1853	1635	2528	2180	3204	3509	2899	3313	3226	3793	3727	3400	4120	3684	3204	3749	3161	3248	2768	2659	2441	1874	1940	1591	1068	675	0	436	763	1700	
1874	1482	1460	2267	2092	3052	3422	2943	3379	3357	3945	3924	3640	4403	4011	3553	4120	3575	3684	3204	3095	2877	2310	2332	1918	1373	872	436	0	392	1264	
1874	1090	1111	1874	1765	2703	3095	2681	3161	3161	3793	3815	3575	4381	4011	3618	4251	3706	3880	3422	3379	3204	2616	2703	2310	1765	1264	763	392	0	959	
2703	545	1329	1591	2005	2637	3139	3052	3531	3662	4294	4425	4272	5123	4817	4469	5144	4643	4817	4381	4338	4142	3575	3575	3139	2550	2049	1700	1264	959	0	
V2
0	1403	939	1403	927	1451	1488	963	1122	1000	1268	1195	1000	1415	1195	976	1378	1122	1317	1159	1268	1342	1134	1464	1439	1305	1207	902	1049	1049	1512	
1403	0	512	573	841	1159	1439	1439	1708	1793	2159	2244	2196	2671	2537	2366	2781	2513	2659	2440	2440	2379	2061	2122	1903	1586	1305	1037	829	610	305	
939	512	0	524	390	890	1110	963	1232	1293	1659	1732	1683	2159	2037	1891	2305	2074	2257	2061	2110	2098	1805	1964	1805	1525	1281	915	817	622	744	
1403	573	524	0	536	597	902	1049	1293	1451	1793	1939	1964	2452	2391	2281	2720	2525	2732	2549	2623	2623	2330	2488	2305	2013	1756	1415	1268	1049	890	
927	841	390	536	0	573	744	597	854	963	1317	1427	1439	1915	1854	1744	2196	2013	2232	2086	2196	2232	1964	2196	2074	1817	1598	1220	1171	988	1122	
1451	1159	890	597	573	0	305	695	866	1073	1366	1573	1671	2135	2147	2122	2586	2464	2720	2598	2732	2793	2537	2781	2647	2391	2159	1793	1708	1512	1476	
1488	1439	1110	902	744	305	0	573	646	890	1134	1354	1512	1939	2000	2025	2476	2391	2671	2586	2745	2830	2610	2891	2793	2549	2342	1964	1915	1732	1756	
963	1439	963	1049	597	695	573	0	256	390	732	890	976	1439	1451	1451	1903	1817	2086	2025	2196	2305	2110	2427	2366	2171	2000	1622	1647	1500	1708	
1122	1708	1232	1293	854	866	646	256	0	231	500	707	866	1281	1354	1415	1854	1817	2110	2086	2281	2415	2244	2598	2562	2379	2220	1854	1891	1769	1976	
1000	1793	1293	1451	963	1073	890	390	231	0	353	500	622	1061	1122	1171	1622	1586	1891	1878	2086	2244	2098	2464	2440	2293	2159	1805	1878	1769	2049	
1268	2159	1659	1793	1317	1366	1134	732	500	353	0	268	536	841	1000	1159	1549	1598	1915	1964	2208	2391	2293	2671	2696	2574	2464	2122	2208	2122	2403	
1195	2244	1732	1939	1427	1573	1354	890	707	500	268	0	292	585	732	915	1293	1366	1683	1744	2000	2208	2135	2537	2574	2488	2403	2086	2196	2135	2476	
1000	2196	1683	1964	1439	1671	1512	976	866	622	536	292	0	475	488	622	1024	1061	1378	1451	1695	1915	1854	2269	2330	2257	2196	1903	2037	2000	2391	
1415	2671	2159	2452	1915	2135	1939	1439	1281	1061	841	585	475	0	341	658	854	1061	1366	1525	1793	2049	2061	2501	2610	2586	2562	2305	2464	2452	2867	
1195	2537	2037	2391	1854	2147	2000	1451	1354	1122	1000	732	488	341	0	317	561	719	1024	1171	1451	1708	1732	2171	2293	2281	2293	2061	2244	2244	2696	
976	2366	1891	2281	1744	2122	2025	1451	1415	1171	1159	915	622	658	317	0	451	451	768	878	1146	1390	1415	1842	1964	1976	2000	1793	1988	2025	2501	
1378	2781	2305	2720	2196	2586	2476	1903	1854	1622	1549	1293	1024	854	561	451	0	353	561	805	1085	1366	1488	1903	2086	2171	2244	2098	2305	2379	2879	
1122	2513	2074	2525	2013	2464	2391	1817	1817	1586	1598	1366	1061	1061	719	451	353	0	317	475	756	1037	1134	1561	1732	1817	1903	1769	2000	2074	2598	
1317	2659	2257	2732	2232	2720	2671	2086	2110	1891	1915	1683	1378	1366	1024	768	561	317	0	305	536	829	1012	1403	1622	1756	1878	1817	2061	2171	2696	
1159	2440	2061	2549	2086	2598	2586	2025	2086	1878	1964	1744	1451	1525	1171	878	805	475	305	0	280	549	707	1110	1317	1451	1586	1549	1793	1915	2452	
1268	2440	2110	2623	2196	2732	2745	2196	2281	2086	2208	2000	1695	1793	1451	1146	1085	756	536	280	0	280	512	866	1110	1281	1464	1488	1732	1891	2427	
1342	2379	2098	2623	2232	2793	2830	2305	2415	2244	2391	2208	1915	2049	1708	1390	1366	1037	829	549	280	0	317	597	854	1073	1281	1366	1610	1793	2318	
1134	2061	1805	2330	1964	2537	2610	2110	2244	2098	2293	2135	1854	2061	1732	1415	1488	1134	1012	707	512	317	0	427	610	768	963	1049	1293	1464	2000	
1464	2122	1964	2488	2196	2781	2891	2427	2598	2464	2671	2537	2269	2501	2171	1842	1903	1561	1403	1110	866	597	427	0	292	585	854	1085	1305	1512	2000	
1439	1903	1805	2305	2074	2647	2793	2366	2562	2440	2696	2574	2330	2610	2293	1964	2086	1732	1622	1317	1110	854	610	292	0	317	597	890	1073	1293	1756	
1305	1586	1525	2013	1817	2391	2549	2171	2379	2293	2574	2488	2257	2586	2281	1976	2171	1817	1756	1451	1281	1073	768	585	317	0	280	597	768	988	1427	
1207	1305	1281	1756	1598	2159	2342	2000	2220	2159	2464	2403	2196	2562	2293	2000	2244	1903	1878	1586	1464	1281	963	854	597	280	0	378	488	707	1146	
902	1037	915	1415	1220	1793	1964	1622	1854	1805	2122	2086	1903	2305	2061	1793	2098	1769	1817	1549	1488	1366	1049	1085	890	597	378	0	244	427	951	
1049	829	817	1268	1171	1708	1915	1647	1891	1878	2208	2196	2037	2464	2244	1988	2305	2000	2061	1793	1732	1610	1293	1305	1073	768	488	244	0	219	707	
1049	610	622	1049	988	1512	1732	1500	1769	1769	2122	2135	2000	2452	2244	2025	2379	2074	2171	1915	1891	1793	1464	1512	1293	988	707	427	219	0	536	
1512	305	744	890	1122	1476	1756	1708	1976	2049	2403	2476	2391	2867	2696	2501	2879	2598	2696	2452	2427	2318	2000	2000	1756	1427	1146	951	707	536	0	
V3
0	2622	1755	2622	1732	2713	2781	1801	2097	1869	2371	2234	1869	2644	2234	1824	2576	2097	2462	2166	2371	2508	2120	2736	2690	2439	2257	1687	1960	1960	2827	
2622	0	957	1071	1573	2166	2690	2690	3192	3351	4035	4195	4104	4993	4742	4423	5198	4696	4970	4560	4560	4446	3853	3967	3556	2964	2439	1938	1550	1140	570	
1755	957	0	980	729	1664	2074	1801	2302	2416	3100	3237	3146	4035	3807	3534	4309	3876	4218	3853	3944	3921	3374	3670	3374	2850	2394	1710	1527	1162	1390	
2622	1071	980	0	1003	1117	1687	1960	2416	2713	3351	3625	3670	4582	4468	4263	5084	4719	5107	4765	4902	4902	4354	4651	4309	3762	3283	2644	2371	1960	1664	
1732	1573	729	1003	0	1071	1390	1117	1596	1801	2462	2667	2690	3579	3465	3260	4104	3762	4172	3898	4104	4172	3670	4104	3876	3397	2986	2280	2188	1846	2097	
2713	2166	1664	1117	1071	0	570	1299	1618	2006	2553	2941	3123	3990	4012	3967	4833	4605	5084	4856	5107	5221	4742	5198	4947	4468	4035	3351	3192	2827	2758	
2781	2690	2074	1687	1390	570	0	1071	1208	1664	2120	2530	2827	3625	3739	3784	4628	4468	4993	4833	5130	5289	4879	5403	5221	4765	4377	3670	3579	3237	3283	
1801	2690	1801	1960	1117	1299	1071	0	478	729	1368	1664	1824	2690	2713	2713	3556	3397	3898	3784	4104	4309	3944	4537	4423	4058	3739	3032	3078	2804	3192	
2097	3192	2302	2416	1596	1618	1208	478	0	433	934	1322	1618	2394	2530	2644	3465	3397	3944	3898	4263	4514	4195	4856	4788	4446	4149	3465	3534	3306	3693	
1869	3351	2416	2713	1801	2006	1664	729	433	0	661	934	1162	1983	2097	2188	3032	2964	3534	3511	3898	4195	3921	4605	4560	4286	4035	3374	3511	3306	3830	
2371	4035	3100	3351	2462	2553	2120	1368	934	661	0	501	1003	1573	1869	2166	2895	2986	3579	3670	4126	4468	4286	4993	5038	4810	4605	3967	4126	3967	4491	
2234	4195	3237	3625	2667	2941	2530	1664	1322	934	501	0	547	1094	1368	1710	2416	2553	3146	3260	3739	4126	3990	4742	4810	4651	4491	3898	4104	3990	4628	
1869	4104	3146	3670	2690	3123	2827	1824	1618	1162	1003	547	0	889	912	1162	1915	1983	2576	2713	3169	3579	3465	4240	4354	4218	4104	3556	3807	3739	4468	
2644	4993	4035	4582	3579	3990	3625	2690	2394	1983	1573	1094	889	0	638	1231	1596	1983	2553	2850	3351	3830	3853	4674	4879	4833	4788	4309	4605	4582	5358	
2234	4742	3807	4468	3465	4012	3739	2713	2530	2097	1869	1368	912	638	0	592	1048	1345	1915	2188	2713	3192	3237	4058	4286	4263	4286	3853	4195	4195	5038	
1824	4423	3534	4263	3260	3967	3784	2713	2644	2188	2166	1710	1162	1231	592	0	843	843	1436	1641	2143	2599	2644	3442	3670	3693	3739	3351	3716	3784	4674	
2576	5198	4309	5084	4104	4833	4628	3556	3465	3032	2895	2416	1915	1596	1048	843	0	661	1048	1504	2029	2553	2781	3556	3898	4058	4195	3921	4309	4446	5380	
2097	4696	3876	4719	3762	4605	4468	3397	3397	2964	2986	2553	1983	1983	1345	843	661	0	592	889	1413	1938	2120	2918	3237	3397	3556	3306	3739	3876	4856	
2462	4970	4218	5107	4172	5084	4993	3898	3944	3534	3579	3146	2576	2553	1915	1436	1048	592	0	570	1003	1550	1892	2622	3032	3283	3511	3397	3853	4058	5038	
2166	4560	3853	4765	3898	4856	4833	3784	3898	3511	3670	3260	2713	2850	2188	1641	1504	889	570	0	524	1026	1322	2074	2462	2713	2964	2895	3351	3579	4582	
2371	4560	3944	4902	4104	5107	5130	4104	4263	3898	4126	3739	3169	3351	2713	2143	2029	1413	1003	524	0	524	957	1618	2074	2394	2736	2781	3237	3534	4537	
2508	4446	3921	4902	4172	5221	5289	4309	4514	4195	4468	4126	3579	3830	3192	2599	2553	1938	1550	1026	524	0	592	1117	1596	2006	2394	2553	3009	3351	4332	
2120	3853	3374	4354	3670	4742	4879	3944	4195	3921	4286	3990	3465	3853	3237	2644	2781	2120	1892	1322	957	592	0	798	1140	1436	1801	1960	2416	2736	3739	
2736	3967	3670	4651	4104	5198	5403	4537	4856	4605	4993	4742	4240	4674	4058	3442	3556	2918	2622	2074	1618	1117	798	0	547	1094	1596	2029	2439	2827	3739	
2690	3556	3374	4309	3876	4947	5221	4423	4788	4560	5038	4810	4354	4879	4286	3670	3898	3237	3032	2462	2074	1596	1140	547	0	592	1117	1664	2006	2416	3283	
2439	2964	2850	3762	3397	4468	4765	4058	4446	4286	4810	4651	4218	4833	4263	3693	4058	3397	3283	2713	2394	2006	1436	1094	592	0	524	1117	1436	1846	2667	
2257	2439	2394	3283	2986	4035	4377	3739	4149	4035	4605	4491	4104	4788	4286	3739	4195	3556	3511	2964	2736	2394	1801	1596	1117	524	0	706	912	1322	2143	
1687	1938	1710	2644	2280	3351	3670	3032	3465	3374	3967	3898	3556	4309	3853	3351	3921	3306	3397	2895	2781	2553	1960	2029	1664	1117	706	0	456	798	1778	
1960	1550	1527	2371	2188	3192	3579	3078	3534	3511	4126	4104	3807	4605	4195	3716	4309	3739	3853	3351	3237	3009	2416	2439	2006	1436	912	456	0	410	1322	
1960	1140	1162	1960	1846	2827	3237	2804	3306	3306	3967	3990	3739	4582	4195	3784	4446	3876	4058	3579	3534	3351	2736	2827	2416	1846	1322	798	410	0	1003	
2827	570	1390	1664	2097	2758	3283	3192	3693	3830	4491	4628	4468	5358	5038	4674	5380	4856	5038	4582	4537	4332	3739	3739	3283	2667	2143	1778	1322	1003	0	
V4
0	2001	1339	2001	1322	2070	2122	1374	1600	1426	1809	1705	1426	2018	1705	1392	1966	1600	1879	1653	1809	1914	1618	2088	2053	1861	1722	1287	1496	1496	2157	
2001	0	730	817	1200	1653	2053	2053	2436	2557	3079	3201	3132	3810	3619	3375	3967	3584	3793	3480	3480	3393	2940	3027	2714	2262	1861	1479	1183	870	435	
1339	730	0	748	556	1270	1583	1374	1757	1844	2366	2470	2401	3079	2905	2697	3288	2958	3219	2940	3010	2992	2575	2801	2575	2175	1827	1305	1165	887	1061	
2001	817	748	0	765	852	1287	1496	1844	2070	2557	2766	2801	3497	3410	3253	3880	3601	3897	3636	3741	3741	3323	3549	3288	2871	2505	2018	1809	1496	1270	
1322	1200	556	765	0	817	1061	852	1218	1374	1879	2035	2053	2731	2644	2488	3132	2871	3184	2975	3132	3184	2801	3132	2958	2592	2279	1740	1670	1409	1600	
2070	1653	1270	852	817	0	435	991	1235	1531	1948	2244	2383	3045	3062	3027	3688	3514	3880	3706	3897	3984	3619	3967	3775	3410	3079	2557	2436	2157	2105	
2122	2053	1583	1287	1061	435	0	817	922	1270	1618	1931	2157	2766	2853	2888	3532	3410	3810	3688	3915	4036	3723	4123	3984	3636	3340	2801	2731	2470	2505	
1374	2053	1374	1496	852	991	817	0	365	556	1044	1270	1392	2053	2070	2070	2714	2592	2975	2888	3132	3288	3010	3462	3375	3097	2853	2314	2349	2140	2436	
1600	2436	1757	1844	1218	1235	922	365	0	330	713	1009	1235	1827	1931	2018	2644	2592	3010	2975	3253	3445	3201	3706	3654	3393	3166	2644	2697	2523	2818	
1426	2557	1844	2070	1374	1531	1270	556	330	0	504	713	887	1513	1600	1670	2314	2262	2697	2679	2975	3201	2992	3514	3480	3271	3079	2575	2679	2523	2923	
1809	3079	2366	2557	1879	1948	1618	1044	713	504	0	382	765	1200	1426	1653	2209	2279	2731	2801	3149	3410	3271	3810	3845	3671	3514	3027	3149	3027	3427	
1705	3201	2470	2766	2035	2244	1931	1270	1009	713	382	0	417	835	1044	1305	1844	1948	2401	2488	2853	3149	3045	3619	3671	3549	3427	2975	3132	3045	3532	
1426	3132	2401	2801	2053	2383	2157	1392	1235	887	765	417	0	678	696	887	1461	1513	1966	2070	2418	2731	2644	3236	3323	3219	3132	2714	2905	2853	3410	
2018	3810	3079	3497	2731	3045	2766	2053	1827	1513	1200	835	678	0	487	939	1218	1513	1948	2175	2557	2923	2940	3567	3723	3688	3654	3288	3514	3497	4089	
1705	3619	2905	3410	2644	3062	2853	2070	1931	1600	1426	1044	696	487	0	452	800	1026	1461	1670	2070	2436	2470	3097	3271	3253	3271	2940	3201	3201	3845	
1392	3375	2697	3253	2488	3027	2888	2070	2018	1670	1653	1305	887	939	452	0	643	643	1096	1252	1635	1983	2018	2627	2801	2818	2853	2557	2836	2888	3567	
1966	3967	3288	3880	3132	3688	3532	2714	2644	2314	2209	1844	1461	1218	800	643	0	504	800	1148	1548	1948	2122	2714	2975	3097	3201	2992	3288	3393	4106	
1600	3584	2958	3601	2871	3514	3410	2592	2592	2262	2279	1948	1513	1513	1026	643	504	0	452	678	1078	1479	1618	2227	2470	2592	2714	2523	2853	2958	3706	
1879	3793	3219	3897	3184	3880	3810	2975	3010	2697	2731	2401	1966	1948	1461	1096	800	452	0	435	765	1183	1444	2001	2314	2505	2679	2592	2940	3097	3845	
1653	3480	2940	3636	2975	3706	3688	2888	2975	2679	2801	2488	2070	2175	1670	1252	1148	678	435	0	400	783	1009	1583	1879	2070	2262	2209	2557	2731	3497	
1809	3480	3010	3741	3132	3897	3915	3132	3253	2975	3149	2853	2418	2557	2070	1635	1548	1078	765	400	0	400	730	1235	1583	1827	2088	2122	2470	2697	3462	
1914	3393	2992	3741	3184	3984	4036	3288	3445	3201	3410	3149	2731	2923	2436	1983	1948	1479	1183	783	400	0	452	852	1218	1531	1827	1948	2296	2557	3306	
1618	2940	2575	3323	2801	3619	3723	3010	3201	2992	3271	3045	2644	2940	2470	2018	2122	1618	1444	1009	730	452	0	609	870	1096	1374	1496	1844	2088	2853	
2088	3027	2801	3549	3132	3967	4123	3462	3706	3514	3810	3619	3236	3567	3097	2627	2714	2227	2001	1583	1235	852	609	0	417	835	1218	1548	1861	2157	2853	
2053	2714	2575	3288	2958	3775	3984	3375	3654	3480	3845	3671	3323	3723	3271	2801	2975	2470	2314	1879	1583	1218	870	417	0	452	852	1270	1531	1844	2505	
1861	2262	2175	2871	2592	3410	3636	3097	3393	3271	3671	3549	3219	3688	3253	2818	3097	2592	2505	2070	1827	1531	1096	835	452	0	400	852	1096	1409	2035	
1722	1861	1827	2505	2279	3079	3340	2853	3166	3079	3514	3427	3132	3654	3271	2853	3201	2714	2679	2262	2088	1827	1374	1218	852	400	0	539	696	1009	1635	
1287	1479	1305	2018	1740	2557	2801	2314	2644	2575	3027	2975	2714	3288	2940	2557	2992	2523	2592	2209	2122	1948	1496	1548	1270	852	539	0	348	609	1357	
1496	1183	1165	1809	1670	2436	2731	2349	2697	2679	3149	3132	2905	3514	3201	2836	3288	2853	2940	2557	2470	2296	1844	1861	1531	1096	696	348	0	313	1009	
1496	870	887	1496	1409	2157	2470	2140	2523	2523	3027	3045	2853	3497	3201	2888	3393	2958	3097	2731	2697	2557	2088	2157	1844	1409	1009	609	313	0	765	
2157	435	1061	1270	1600	2105	2505	2436	2818	2923	3427	3532	3410	4089	3845	3567	4106	3706	3845	3497	3462	3306	2853	2853	2505	2035	1635	1357	1009	765	0	
V5
0	1426	954	1426	942	1475	1512	979	1140	1016	1289	1215	1016	1438	1215	992	1401	1140	1339	1178	1289	1364	1153	1488	1463	1326	1227	917	1066	1066	1537	
1426	0	520	582	855	1178	1463	1463	1736	1822	2194	2281	2232	2715	2579	2405	2827	2554	2703	2480	2480	2418	2095	2157	1934	1612	1326	1054	843	620	310	
954	520	0	533	396	905	1128	979	1252	1314	1686	1760	1711	2194	2070	1922	2343	2108	2294	2095	2145	2132	1835	1996	1835	1550	1302	930	830	632	756	
1426	582	533	0	545	607	917	1066	1314	1475	1822	1971	1996	2492	2430	2318	2765	2566	2777	2591	2666	2666	2368	2529	2343	2046	1785	1438	1289	1066	905	
942	855	396	545	0	582	756	607	868	979	1339	1450	1463	1946	1884	1773	2232	2046	2269	2120	2232	2269	1996	2232	2108	1847	1624	1240	1190	1004	1140	
1475	1178	905	607	582	0	310	706	880	1091	1388	1599	1698	2170	2182	2157	2628	2504	2765	2641	2777	2839	2579	2827	2690	2430	2194	1822	1736	1537	1500	
1512	1463	1128	917	756	310	0	582	657	905	1153	1376	1537	1971	2033	2058	2517	2430	2715	2628	2790	2876	2653	2938	2839	2591	2380	1996	1946	1760	1785	
979	1463	979	1066	607	706	582	0	260	396	744	905	992	1463	1475	1475	1934	1847	2120	2058	2232	2343	2145	2467	2405	2207	2033	1649	1674	1525	1736	
1140	1736	1252	1314	868	880	657	260	0	235	508	719	880	1302	1376	1438	1884	1847	2145	2120	2318	2455	2281	2641	2604	2418	2256	1884	1922	1798	2008	
1016	1822	1314	1475	979	1091	905	396	235	0	359	508	632	1078	1140	1190	1649	1612	1922	1909	2120	2281	2132	2504	2480	2331	2194	1835	1909	1798	2083	
1289	2194	1686	1822	1339	1388	1153	744	508	359	0	272	545	855	1016	1178	1574	1624	1946	1996	2244	2430	2331	2715	2740	2616	2504	2157	2244	2157	2442	
1215	2281	1760	1971	1450	1599	1376	905	719	508	272	0	297	595	744	930	1314	1388	1711	1773	2033	2244	2170	2579	2616	2529	2442	2120	2232	2170	2517	
1016	2232	1711	1996	1463	1698	1537	992	880	632	545	297	0	483	496	632	1041	1078	1401	1475	1723	1946	1884	2306	2368	2294	2232	1934	2070	2033	2430	
1438	2715	2194	2492	1946	2170	1971	1463	1302	1078	855	595	483	0	347	669	868	1078	1388	1550	1822	2083	2095	2542	2653	2628	2604	2343	2504	2492	2914	
1215	2579	2070	2430	1884	2182	2033	1475	1376	1140	1016	744	496	347	0	322	570	731	1041	1190	1475	1736	1760	2207	2331	2318	2331	2095	2281	2281	2740	
992	2405	1922	2318	1773	2157	2058	1475	1438	1190	1178	930	632	669	322	0	458	458	781	892	1165	1413	1438	1872	1996	2008	2033	1822	2021	2058	2542	
1401	2827	2343	2765	2232	2628	2517	1934	1884	1649	1574	1314	1041	868	570	458	0	359	570	818	1103	1388	1512	1934	2120	2207	2281	2132	2343	2418	2926	
1140	2554	2108	2566	2046	2504	2430	1847	1847	1612	1624	1388	1078	1078	731	458	359	0	322	483	768	1054	1153	1587	1760	1847	1934	1798	2033	2108	2641	
1339	2703	2294	2777	2269	2765	2715	2120	2145	1922	1946	1711	1401	1388	1041	781	570	322	0	310	545	843	1029	1426	1649	1785	1909	1847	2095	2207	2740	
1178	2480	2095	2591	2120	2641	2628	2058	2120	1909	1996	1773	1475	1550	1190	892	818	483	310	0	285	558	719	1128	1339	1475	1612	1574	1822	1946	2492	
1289	2480	2145	2666	2232	2777	2790	2232	2318	2120	2244	2033	1723	1822	1475	1165	1103	768	545	285	0	285	520	880	1128	1302	1488	1512	1760	1922	2467	
1364	2418	2132	2666	2269	2839	2876	2343	2455	2281	2430	2244	1946	2083	1736	1413	1388	1054	843	558	285	0	322	607	868	1091	1302	1388	1636	1822	2356	
1153	2095	1835	2368	1996	2579	2653	2145	2281	2132	2331	2170	1884	2095	1760	1438	1512	1153	1029	719	520	322	0	434	620	781	979	1066	1314	1488	2033	
1488	2157	1996	2529	2232	2827	2938	2467	2641	2504	2715	2579	2306	2542	2207	1872	1934	1587	1426	1128	880	607	434	0	297	595	868	1103	1326	1537	2033	
1463	1934	1835	2343	2108	2690	2839	2405	2604	2480	2740	2616	2368	2653	2331	1996	2120	1760	1649	1339	1128	868	620	297	0	322	607	905	1091	1314	1785	
1326	1612	1550	2046	1847	2430	2591	2207	2418	2331	2616	2529	2294	2628	2318	2008	2207	1847	1785	1475	1302	1091	781	595	322	0	285	607	781	1004	1450	
1227	1326	1302	1785	1624	2194	2380	2033	2256	2194	2504	2442	2232	2604	2331	2033	2281	1934	1909	1612	1488	1302	979	868	607	285	0	384	496	719	1165	
917	1054	930	1438	1240	1822	1996	1649	1884	1835	2157	2120	1934	2343	2095	1822	2132	1798	1847	1574	1512	1388	1066	1103	905	607	384	0	248	434	967	
1066	843	830	1289	1190	1736	1946	1674	1922	1909	2244	2232	2070	2504	2281	2021	2343	2033	2095	1822	1760	1636	1314	1326	1091	781	496	248	0	223	719	
1066	620	632	1066	1004	1537	1760	1525	1798	1798	2157	2170	2033	2492	2281	2058	2418	2108	2207	1946	1922	1822	1488	1537	1314	1004	719	434	223	0	545	
1537	310	756	905	1140	1500	1785	1736	2008	2083	2442	2517	2430	2914	2740	2542	2926	2641	2740	2492	2467	2356	2033	2033	1785	1450	1165	967	719	545	0	
V6
0	1357	908	1357	896	1404	1439	932	1085	967	1227	1156	967	1368	1156	944	1333	1085	1274	1121	1227	1298	1097	1416	1392	1262	1168	873	1014	1014	1463	
1357	0	495	554	814	1121	1392	1392	1652	1734	2088	2171	2124	2584	2454	2289	2690	2430	2572	2360	2360	2301	1994	2053	1840	1534	1262	1003	802	590	295	
908	495	0	507	377	861	1073	932	1191	1250	1604	1675	1628	2088	1970	1829	2230	2006	2183	1994	2041	2029	1746	1899	1746	1475	1239	885	790	601	719	
1357	554	507	0	519	578	873	1014	1250	1404	1734	1876	1899	2371	2312	2206	2631	2442	2643	2466	2537	2537	2253	2407	2230	1947	1699	1368	1227	1014	861	
896	814	377	519	0	554	719	578	826	932	1274	1380	1392	1852	1793	1687	2124	1947	2159	2017	2124	2159	1899	2124	2006	1758	1545	1180	1132	955	1085	
1404	1121	861	578	554	0	295	672	837	1038	1321	1522	1616	2065	2076	2053	2501	2383	2631	2513	2643	2702	2454	2690	2560	2312	2088	1734	1652	1463	1427	
1439	1392	1073	873	719	295	0	554	625	861	1097	1309	1463	1876	1935	1958	2395	2312	2584	2501	2655	2737	2525	2796	2702	2466	2265	1899	1852	1675	1699	
932	1392	932	1014	578	672	554	0	247	377	708	861	944	1392	1404	1404	1840	1758	2017	1958	2124	2230	2041	2348	2289	2100	1935	1569	1593	1451	1652	
1085	1652	1191	1250	826	837	625	247	0	224	483	684	837	1239	1309	1368	1793	1758	2041	2017	2206	2336	2171	2513	2478	2301	2147	1793	1829	1711	1911	
967	1734	1250	1404	932	1038	861	377	224	0	342	483	601	1026	1085	1132	1569	1534	1829	1817	2017	2171	2029	2383	2360	2218	2088	1746	1817	1711	1982	
1227	2088	1604	1734	1274	1321	1097	708	483	342	0	259	519	814	967	1121	1498	1545	1852	1899	2135	2312	2218	2584	2607	2489	2383	2053	2135	2053	2324	
1156	2171	1675	1876	1380	1522	1309	861	684	483	259	0	283	566	708	885	1250	1321	1628	1687	1935	2135	2065	2454	2489	2407	2324	2017	2124	2065	2395	
967	2124	1628	1899	1392	1616	1463	944	837	601	519	283	0	460	472	601	991	1026	1333	1404	1640	1852	1793	2194	2253	2183	2124	1840	1970	1935	2312	
1368	2584	2088	2371	1852	2065	1876	1392	1239	1026	814	566	460	0	330	637	826	1026	1321	1475	1734	1982	1994	2419	2525	2501	2478	2230	2383	2371	2773	
1156	2454	1970	2312	1793	2076	1935	1404	1309	1085	967	708	472	330	0	306	542	696	991	1132	1404	1652	1675	2100	2218	2206	2218	1994	2171	2171	2607	
944	2289	1829	2206	1687	2053	1958	1404	1368	1132	1121	885	601	637	306	0	436	436	743	849	1109	1345	1368	1781	1899	1911	1935	1734	1923	1958	2419	
1333	2690	2230	2631	2124	2501	2395	1840	1793	1569	1498	1250	991	826	542	436	0	342	542	778	1050	1321	1439	1840	2017	2100	2171	2029	2230	2301	2784	
1085	2430	2006	2442	1947	2383	2312	1758	1758	1534	1545	1321	1026	1026	696	436	342	0	306	460	731	1003	1097	1510	1675	1758	1840	1711	1935	2006	2513	
1274	2572	2183	2643	2159	2631	2584	2017	2041	1829	1852	1628	1333	1321	991	743	542	306	0	295	519	802	979	1357	1569	1699	1817	1758	1994	2100	2607	
1121	2360	1994	2466	2017	2513	2501	1958	2017	1817	1899	1687	1404	1475	1132	849	778	460	295	0	271	531	684	1073	1274	1404	1534	1498	1734	1852	2371	
1227	2360	2041	2537	2124	2643	2655	2124	2206	2017	2135	1935	1640	1734	1404	1109	1050	731	519	271	0	271	495	837	1073	1239	1416	1439	1675	1829	2348	
1298	2301	2029	2537	2159	2702	2737	2230	2336	2171	2312	2135	1852	1982	1652	1345	1321	1003	802	531	271	0	306	578	826	1038	1239	1321	1557	1734	2242	
1097	1994	1746	2253	1899	2454	2525	2041	2171	2029	2218	2065	1793	1994	1675	1368	1439	1097	979	684	495	306	0	413	590	743	932	1014	1250	1416	1935	
1416	2053	1899	2407	2124	2690	2796	2348	2513	2383	2584	2454	2194	2419	2100	1781	1840	1510	1357	1073	837	578	413	0	283	566	826	1050	1262	1463	1935	
1392	1840	1746	2230	2006	2560	2702	2289	2478	2360	2607	2489	2253	2525	2218	1899	2017	1675	1569	1274	1073	826	590	283	0	306	578	861	1038	1250	1699	
1262	1534	1475	1947	1758	2312	2466	2100	2301	2218	2489	2407	2183	2501	2206	1911	2100	1758	1699	1404	1239	1038	743	566	306	0	271	578	743	955	1380	
1168	1262	1239	1699	1545	2088	2265	1935	2147	2088	2383	2324	2124	2478	2218	1935	2171	1840	1817	1534	1416	1239	932	826	578	271	0	365	472	684	1109	
873	1003	885	1368	1180	1734	1899	1569	1793	1746	2053	2017	1840	2230	1994	1734	2029	1711	1758	1498	1439	1321	1014	1050	861	578	365	0	236	413	920	
1014	802	790	1227	1132	1652	1852	1593	1829	1817	2135	2124	1970	2383	2171	1923	2230	1935	1994	1734	1675	1557	1250	1262	1038	743	472	236	0	212	684	
1014	590	601	1014	955	1463	1675	1451	1711	1711	2053	2065	1935	2371	2171	1958	2301	2006	2100	1852	1829	1734	1416	1463	1250	955	684	413	212	0	519	
1463	295	719	861	1085	1427	1699	1652	1911	1982	2324	2395	2312	2773	2607	2419	2784	2513	2607	2371	2348	2242	1935	1935	1699	1380	1109	920	684	519	0	
V7
0	1702	1139	1702	1124	1761	1805	1169	1361	1213	1539	1450	1213	1716	1450	1184	1672	1361	1598	1406	1539	1628	1376	1776	1746	1583	1465	1095	1272	1272	1835	
1702	0	621	695	1021	1406	1746	1746	2072	2175	2619	2723	2664	3241	3078	2871	3374	3048	3226	2960	2960	2886	2501	2575	2308	1924	1583	1258	1006	740	370	
1139	621	0	636	473	1080	1346	1169	1494	1568	2012	2101	2042	2619	2471	2294	2797	2516	2738	2501	2560	2545	2190	2382	2190	1850	1554	1110	991	754	902	
1702	695	636	0	651	725	1095	1272	1568	1761	2175	2353	2382	2974	2900	2767	3300	3063	3315	3093	3182	3182	2826	3019	2797	2442	2131	1716	1539	1272	1080	
1124	1021	473	651	0	695	902	725	1036	1169	1598	1731	1746	2323	2249	2116	2664	2442	2708	2530	2664	2708	2382	2664	2516	2205	1938	1480	1420	1198	1361	
1761	1406	1080	725	695	0	370	843	1050	1302	1657	1909	2027	2590	2604	2575	3137	2989	3300	3152	3315	3389	3078	3374	3211	2900	2619	2175	2072	1835	1790	
1805	1746	1346	1095	902	370	0	695	784	1080	1376	1642	1835	2353	2427	2456	3004	2900	3241	3137	3330	3433	3167	3507	3389	3093	2841	2382	2323	2101	2131	
1169	1746	1169	1272	725	843	695	0	310	473	888	1080	1184	1746	1761	1761	2308	2205	2530	2456	2664	2797	2560	2945	2871	2634	2427	1968	1998	1820	2072	
1361	2072	1494	1568	1036	1050	784	310	0	281	606	858	1050	1554	1642	1716	2249	2205	2560	2530	2767	2930	2723	3152	3108	2886	2693	2249	2294	2146	2397	
1213	2175	1568	1761	1169	1302	1080	473	281	0	429	606	754	1287	1361	1420	1968	1924	2294	2279	2530	2723	2545	2989	2960	2782	2619	2190	2279	2146	2486	
1539	2619	2012	2175	1598	1657	1376	888	606	429	0	325	651	1021	1213	1406	1879	1938	2323	2382	2678	2900	2782	3241	3270	3122	2989	2575	2678	2575	2915	
1450	2723	2101	2353	1731	1909	1642	1080	858	606	325	0	355	710	888	1110	1568	1657	2042	2116	2427	2678	2590	3078	3122	3019	2915	2530	2664	2590	3004	
1213	2664	2042	2382	1746	2027	1835	1184	1050	754	651	355	0	577	592	754	1243	1287	1672	1761	2057	2323	2249	2752	2826	2738	2664	2308	2471	2427	2900	
1716	3241	2619	2974	2323	2590	2353	1746	1554	1287	1021	710	577	0	414	799	1036	1287	1657	1850	2175	2486	2501	3034	3167	3137	3108	2797	2989	2974	3478	
1450	3078	2471	2900	2249	2604	2427	1761	1642	1361	1213	888	592	414	0	384	680	873	1243	1420	1761	2072	2101	2634	2782	2767	2782	2501	2723	2723	3270	
1184	2871	2294	2767	2116	2575	2456	1761	1716	1420	1406	1110	754	799	384	0	547	547	932	1065	1391	1687	1716	2234	2382	2397	2427	2175	2412	2456	3034	
1672	3374	2797	3300	2664	3137	3004	2308	2249	1968	1879	1568	1243	1036	680	547	0	429	680	976	1317	1657	1805	2308	2530	2634	2723	2545	2797	2886	3492	
1361	3048	2516	3063	2442	2989	2900	2205	2205	1924	1938	1657	1287	1287	873	547	429	0	384	577	917	1258	1376	1894	2101	2205	2308	2146	2427	2516	3152	
1598	3226	2738	3315	2708	3300	3241	2530	2560	2294	2323	2042	1672	1657	1243	932	680	384	0	370	651	1006	1228	1702	1968	2131	2279	2205	2501	2634	3270	
1406	2960	2501	3093	2530	3152	3137	2456	2530	2279	2382	2116	1761	1850	1420	1065	976	577	370	0	340	666	858	1346	1598	1761	1924	1879	2175	2323	2974	
1539	2960	2560	3182	2664	3315	3330	2664	2767	2530	2678	2427	2057	2175	1761	1391	1317	917	651	340	0	340	621	1050	1346	1554	1776	1805	2101	2294	2945	
1628	2886	2545	3182	2708	3389	3433	2797	2930	2723	2900	2678	2323	2486	2072	1687	1657	1258	1006	666	340	0	384	725	1036	1302	1554	1657	1953	2175	2812	
1376	2501	2190	2826	2382	3078	3167	2560	2723	2545	2782	2590	2249	2501	2101	1716	1805	1376	1228	858	621	384	0	518	740	932	1169	1272	1568	1776	2427	
1776	2575	2382	3019	2664	3374	3507	2945	3152	2989	3241	3078	2752	3034	2634	2234	2308	1894	1702	1346	1050	725	518	0	355	710	1036	1317	1583	1835	2427	
1746	2308	2190	2797	2516	3211	3389	2871	3108	2960	3270	3122	2826	3167	2782	2382	2530	2101	1968	1598	1346	1036	740	355	0	384	725	1080	1302	1568	2131	
1583	1924	1850	2442	2205	2900	3093	2634	2886	2782	3122	3019	2738	3137	2767	2397	2634	2205	2131	1761	1554	1302	932	710	384	0	340	725	932	1198	1731	
1465	1583	1554	2131	1938	2619	2841	2427	2693	2619	2989	2915	2664	3108	2782	2427	2723	2308	2279	1924	1776	1554	1169	1036	725	340	0	458	592	858	1391	
1095	1258	1110	1716	1480	2175	2382	1968	2249	2190	2575	2530	2308	2797	2501	2175	2545	2146	2205	1879	1805	1657	1272	1317	1080	725	458	0	296	518	1154	
1272	1006	991	1539	1420	2072	2323	1998	2294	2279	2678	2664	2471	2989	2723	2412	2797	2427	2501	2175	2101	1953	1568	1583	1302	932	592	296	0	266	858	
1272	740	754	1272	1198	1835	2101	1820	2146	2146	2575	2590	2427	2974	2723	2456	2886	2516	2634	2323	2294	2175	1776	1835	1568	1198	858	518	266	0	651	
1835	370	902	1080	1361	1790	2131	2072	2397	2486	2915	3004	2900	3478	3270	3034	3492	3152	3270	2974	2945	2812	2427	2427	2131	1731	1391	1154	858	651	0	
Velocidade_Veiculos
1	1	1	1	1	1	1	1	