M: 2
N: 30
Nun_Veiculos: 16
Capacidade_Total: 1287
Demanda_Total: 676
Setup_Min: 1
Setup_Max: 9
Raio: 100
Circulos: 1
Tempo_Processamento_Min: 1
Tempo_Processamento_Max: 49
Demanda_Min: 10
Demanda_Max: 30
Priority_Factor: 0.2
Range_Factor_R: 0.8
U_factor: 2
ALpha: 0.2Replicao: 0
Tempos_Processamentos
0	0	1	0	
0	29	1	44	
0	3	1	5	
0	40	1	27	
0	27	1	10	
0	37	1	20	
0	41	1	2	
0	31	1	9	
0	49	1	41	
0	24	1	8	
0	43	1	44	
0	3	1	48	
0	1	1	31	
0	6	1	10	
0	36	1	32	
0	46	1	17	
0	35	1	44	
0	32	1	17	
0	20	1	17	
0	22	1	44	
0	27	1	41	
0	41	1	29	
0	25	1	25	
0	9	1	18	
0	32	1	13	
0	39	1	32	
0	10	1	27	
0	47	1	3	
0	7	1	33	
0	8	1	46	
0	41	1	38	

Tempos_setup
M0
0	0	0	0	0	0	0	0	0	0	0	0	0	0	0	0	0	0	0	0	0	0	0	0	0	0	0	0	0	0	0	
0	0	3	2	2	3	4	2	3	3	2	3	3	2	1	3	4	1	2	3	2	3	2	3	2	2	3	2	3	2	1	
0	2	0	3	4	3	2	2	1	3	3	4	3	3	3	1	4	2	2	5	3	3	4	3	3	2	2	4	3	3	3	
0	4	3	0	4	4	2	2	3	3	3	4	3	3	2	3	2	4	3	4	3	3	4	4	3	2	3	4	4	4	3	
0	2	2	4	0	2	2	4	2	2	4	3	3	3	3	2	4	3	4	4	3	2	3	2	2	4	1	1	3	3	3	
0	3	3	2	1	0	3	2	3	1	3	4	2	3	3	3	2	3	3	3	3	2	4	3	3	3	2	2	4	4	3	
0	3	1	4	2	4	0	3	2	3	4	2	4	4	4	2	5	3	3	5	3	4	2	2	1	3	3	3	2	3	3	
0	2	2	2	2	2	2	0	2	2	4	4	1	4	3	1	4	3	2	4	2	3	2	2	1	4	1	2	4	3	1	
0	4	2	2	4	4	2	4	0	3	4	3	3	2	4	3	4	4	4	4	4	4	4	2	3	3	4	3	2	3	3	
0	3	2	3	2	2	2	2	3	0	3	3	1	2	2	3	4	2	2	2	2	1	3	3	2	4	3	1	3	3	3	
0	2	3	2	3	4	3	3	3	3	0	1	3	3	2	3	3	3	2	4	2	2	2	2	2	3	4	3	3	2	3	
0	2	2	4	2	3	3	2	2	2	3	0	2	3	3	2	5	2	1	4	1	2	1	4	1	3	3	2	3	3	3	
0	3	2	2	1	1	3	3	3	1	4	4	0	3	3	3	3	3	2	3	3	2	4	3	3	4	2	2	4	3	4	
0	3	3	2	3	3	3	3	3	1	4	3	2	0	3	3	2	3	2	2	3	2	3	2	3	2	4	2	2	1	2	
0	3	3	1	2	3	3	3	2	2	4	2	3	1	0	2	3	3	3	2	2	3	2	3	1	3	2	3	3	2	2	
0	2	2	2	3	2	1	2	3	2	4	3	3	4	3	0	4	3	4	4	3	3	3	2	2	4	1	3	3	3	3	
0	3	2	3	3	3	1	3	3	3	3	3	4	3	2	1	0	2	4	4	4	4	3	2	2	4	2	4	3	3	3	
0	3	2	3	3	3	3	1	3	3	1	2	2	4	3	2	4	0	2	5	3	3	3	2	2	2	2	3	2	1	2	
0	3	3	3	2	2	2	3	3	2	4	3	1	2	2	1	4	3	0	4	3	2	3	3	3	4	2	3	2	3	2	
0	1	3	3	3	3	3	3	4	2	3	3	3	3	2	3	4	2	2	0	3	3	3	2	3	3	2	3	2	1	2	
0	1	1	3	2	3	3	1	1	1	3	4	2	2	2	2	4	2	2	3	0	2	2	3	1	3	2	2	3	3	2	
0	2	1	4	1	3	1	2	2	2	2	2	3	3	3	2	5	1	3	4	1	0	2	3	2	3	2	2	3	2	3	
0	3	3	4	3	3	2	2	4	3	2	3	2	4	3	3	5	1	2	3	4	4	0	3	3	3	3	4	3	2	3	
0	4	3	4	2	3	3	3	3	1	4	3	2	3	3	3	4	3	3	3	3	2	3	0	2	5	3	2	2	3	3	
0	2	3	3	1	3	3	3	1	3	3	4	3	3	3	3	5	2	2	4	3	3	1	3	0	4	2	2	3	3	2	
0	2	1	3	2	3	2	2	1	1	3	3	2	3	3	2	5	2	1	3	1	1	3	3	2	0	3	2	3	3	3	
0	1	1	3	2	1	1	3	2	1	3	3	2	3	2	2	3	2	3	3	3	2	3	1	2	3	0	2	3	2	2	
0	3	3	4	1	3	3	3	2	3	3	3	3	4	4	2	5	3	3	5	2	3	2	2	1	5	2	0	2	3	3	
0	3	2	2	2	4	1	3	3	2	4	1	3	4	3	2	4	3	2	3	2	3	2	2	2	4	3	1	0	1	1	
0	3	3	2	2	3	2	3	3	2	4	2	2	3	3	2	4	3	1	4	2	3	2	1	3	4	3	2	1	0	1	
0	2	2	1	1	3	3	2	2	2	3	4	2	3	3	2	3	2	1	4	1	3	1	3	2	3	2	1	3	3	0	
M1
0	0	0	0	0	0	0	0	0	0	0	0	0	0	0	0	0	0	0	0	0	0	0	0	0	0	0	0	0	0	0	
0	0	3	3	4	4	3	3	4	4	5	4	4	4	1	2	3	3	3	4	4	3	4	3	3	2	4	4	3	4	4	
0	2	0	2	1	2	3	3	3	2	2	2	2	3	1	2	2	3	3	2	3	3	2	2	2	2	2	4	1	1	1	
0	2	3	0	3	1	3	2	3	3	3	2	2	3	2	3	3	2	1	2	1	3	2	1	3	3	4	2	3	2	3	
0	1	1	1	0	2	3	2	2	2	1	1	3	2	2	3	3	3	2	2	2	3	2	2	3	3	1	3	2	1	2	
0	3	3	1	2	0	4	1	2	2	3	1	3	3	2	4	3	3	2	3	2	3	3	2	3	3	3	2	4	3	2	
0	2	2	2	1	3	0	2	2	2	2	2	2	2	3	4	4	2	1	3	3	3	1	2	3	2	1	3	3	2	3	
0	2	2	2	1	3	3	0	3	1	2	2	4	2	1	4	4	3	3	3	2	3	2	3	3	2	2	3	3	2	3	
0	2	3	3	3	3	3	2	0	3	4	1	2	2	3	2	3	2	1	3	4	3	2	1	3	2	4	3	3	3	2	
0	3	3	2	3	3	3	3	2	0	4	2	3	2	2	4	3	2	2	2	1	3	1	2	3	2	3	2	4	3	3	
0	2	4	3	3	4	3	2	2	2	0	2	3	2	3	4	3	2	2	3	3	3	1	2	3	2	1	2	4	3	3	
0	3	3	2	4	2	4	3	1	4	3	0	3	3	3	3	2	2	2	2	3	3	3	2	3	2	3	3	4	2	1	
0	3	4	4	4	3	3	3	1	3	3	2	0	3	2	2	3	1	2	3	2	3	3	2	1	3	3	3	2	2	3	
0	3	3	2	2	3	1	3	3	3	3	3	3	0	3	3	3	2	2	2	3	1	2	2	2	3	2	1	4	3	2	
0	4	2	2	3	3	4	2	4	3	4	4	3	3	0	4	4	4	3	4	3	4	3	2	2	1	4	3	3	3	3	
0	2	2	3	2	3	1	3	2	2	3	2	2	3	2	0	1	1	1	2	3	2	2	2	2	3	2	2	1	3	2	
0	2	3	3	3	2	3	2	2	2	3	2	2	2	3	3	0	2	1	2	3	1	1	2	3	2	3	3	4	2	1	
0	2	3	3	3	4	3	2	1	3	3	2	2	3	1	2	3	0	1	3	4	2	3	2	2	2	3	3	2	2	3	
0	1	2	4	3	4	3	3	2	2	4	3	1	4	2	3	4	1	0	2	3	3	3	3	2	3	4	3	3	3	3	
0	3	4	2	3	3	2	3	2	4	3	1	2	4	2	3	2	1	2	0	2	3	3	3	3	2	3	3	3	3	2	
0	3	3	2	3	3	3	2	2	3	4	2	2	2	1	3	3	1	2	1	0	3	2	1	2	2	4	1	3	3	3	
0	3	3	4	3	5	2	2	2	2	2	3	2	3	2	2	3	1	2	4	3	0	2	1	3	3	3	4	3	3	4	
0	2	3	2	3	3	2	2	1	3	3	1	2	1	3	3	3	2	1	3	3	2	0	1	2	1	3	2	4	2	2	
0	3	3	3	2	4	3	1	2	2	3	2	1	2	2	3	2	2	2	3	3	3	1	0	2	2	3	3	3	3	3	
0	3	5	3	4	2	4	3	4	4	5	3	5	3	4	5	5	5	4	5	4	4	4	4	0	5	5	4	6	5	4	
0	3	3	1	3	2	4	2	3	2	4	3	2	3	3	4	3	3	2	3	2	4	2	1	1	0	3	3	3	3	3	
0	1	3	3	2	4	2	1	3	1	3	3	4	1	2	3	4	3	3	2	2	2	2	3	3	3	0	2	4	3	3	
0	3	4	1	3	2	2	3	2	4	4	3	3	1	2	3	3	1	2	3	2	2	3	2	1	3	3	0	3	3	2	
0	1	3	3	3	2	2	2	3	1	3	3	2	2	2	1	2	2	2	2	2	3	2	1	1	2	1	3	0	2	1	
0	1	4	3	4	4	3	3	2	3	1	2	3	2	2	3	4	3	2	3	2	3	1	2	3	2	2	3	4	0	3	
0	2	2	2	3	1	3	2	3	3	2	2	3	3	3	4	1	2	2	1	3	2	2	2	2	1	3	3	3	1	0	
Tamanho_Tarefas
0	30	3	31	12	21	9	16	44	16	43	17	16	8	34	24	36	21	17	25	34	29	25	9	20	34	17	23	7	16	39	
Data_Entrega
0	270	301	288	264	469	329	454	347	292	289	259	460	326	329	422	397	352	258	259	451	374	442	304	316	381	256	342	450	303	313	
Penalidade_Atraso
0	18	4	7	12	4	5	2	8	2	16	13	16	20	15	3	2	20	13	11	15	2	5	15	7	10	12	15	3	1	5	
Capacidade_Veiculo
92	82	80	63	110	57	80	72	99	105	62	107	74	51	103	50	
Custo_Fixo_Veiculo
920	820	800	630	1100	570	800	720	990	1050	620	1070	740	510	1030	500	
Coordenadas_Clientes
x	0	y	0
x	77	y	0
x	103	y	22
x	108	y	48
x	94	y	68
x	54	y	60
x	43	y	76
x	29	y	92
x	10	y	103
x	-8	y	77
x	-34	y	106
x	-44	y	77
x	-58	y	65
x	-93	y	67
x	-77	y	34
x	-102	y	21
x	-104	y	0
x	-90	y	-19
x	-103	y	-45
x	-71	y	-51
x	-79	y	-88
x	-47	y	-82
x	-35	y	-109
x	-12	y	-120
x	9	y	-93
x	37	y	-115
x	62	y	-107
x	62	y	-69
x	92	y	-67
x	100	y	-44
x	86	y	-18
Tempo_Viagem
0	77	105	118	116	80	87	96	103	77	111	88	87	114	84	104	104	91	112	87	118	94	114	120	93	120	123	92	113	109	87	
77	0	34	57	70	64	83	103	122	114	152	143	149	182	157	180	181	168	185	156	179	148	156	149	115	121	108	70	68	49	20	
105	34	0	26	46	62	80	101	122	123	160	156	166	201	180	205	208	196	216	188	212	182	190	182	148	151	135	99	89	66	43	
118	57	26	0	24	55	70	90	111	119	152	154	166	201	185	211	217	209	230	204	231	202	212	206	172	177	161	125	115	92	69	
116	70	46	24	0	40	51	69	90	102	133	138	152	187	173	200	209	203	227	203	232	205	219	215	182	191	177	140	135	112	86	
80	64	62	55	40	0	19	40	61	64	99	99	112	147	133	160	169	164	188	167	198	174	191	191	159	175	167	129	132	113	84	
87	83	80	70	51	19	0	21	42	51	82	87	101	136	127	155	165	163	189	170	204	181	200	203	172	191	183	146	151	132	103	
96	103	101	90	69	40	21	0	21	39	64	74	90	124	120	148	161	162	190	174	209	189	210	215	186	207	201	164	171	152	123	
103	122	122	111	90	61	42	21	0	31	44	59	77	109	111	138	153	157	185	173	210	193	216	223	196	219	216	179	188	171	142	
77	114	123	119	102	64	51	39	31	0	38	36	51	85	81	109	123	126	154	142	179	163	187	197	170	197	196	161	175	162	133	
111	152	160	152	133	99	82	64	44	38	0	30	47	70	83	108	126	136	165	160	197	188	215	227	203	231	233	199	213	200	171	
88	143	156	154	138	99	87	74	59	36	30	0	18	50	54	80	97	106	135	130	167	159	186	199	178	208	211	180	198	188	161	
87	149	166	166	152	112	101	90	77	51	47	18	0	35	36	62	79	89	118	116	153	147	175	190	171	203	209	179	199	191	166	
114	182	201	201	187	147	136	124	109	85	70	50	35	0	36	46	67	86	112	120	155	155	184	203	189	223	233	206	227	222	198	
84	157	180	185	173	133	127	120	111	81	83	54	36	36	0	28	43	54	83	85	122	119	148	167	153	187	197	173	196	193	171	
104	180	205	211	200	160	155	148	138	109	108	80	62	46	28	0	21	41	66	78	110	116	145	167	159	194	208	187	213	212	191	
104	181	208	217	209	169	165	161	153	123	126	97	79	67	43	21	0	23	45	60	91	99	128	150	146	181	197	179	207	208	190	
91	168	196	209	203	164	163	162	157	126	136	106	89	86	54	41	23	0	29	37	69	76	105	127	123	158	175	160	188	191	176	
112	185	216	230	227	188	189	190	185	154	165	135	118	112	83	66	45	29	0	32	49	67	93	117	121	156	175	166	195	203	190	
87	156	188	204	203	167	170	174	173	142	160	130	116	120	85	78	60	37	32	0	37	39	68	90	90	125	144	134	163	171	160	
118	179	212	231	232	198	204	209	210	179	197	167	153	155	122	110	91	69	49	37	0	32	48	73	88	119	142	141	171	183	179	
94	148	182	202	205	174	181	189	193	163	188	159	147	155	119	116	99	76	67	39	32	0	29	51	57	90	111	109	139	151	147	
114	156	190	212	219	191	200	210	216	187	215	186	175	184	148	145	128	105	93	68	48	29	0	25	46	72	97	104	132	149	151	
120	149	182	206	215	191	203	215	223	197	227	199	190	203	167	167	150	127	117	90	73	51	25	0	34	49	75	89	116	134	141	
93	115	148	172	182	159	172	186	196	170	203	178	171	189	153	159	146	123	121	90	88	57	46	34	0	35	54	58	86	103	107	
120	121	151	177	191	175	191	207	219	197	231	208	203	223	187	194	181	158	156	125	119	90	72	49	35	0	26	52	73	94	108	
123	108	135	161	177	167	183	201	216	196	233	211	209	233	197	208	197	175	175	144	142	111	97	75	54	26	0	38	50	73	92	
92	70	99	125	140	129	146	164	179	161	199	180	179	206	173	187	179	160	166	134	141	109	104	89	58	52	38	0	30	45	56	
113	68	89	115	135	132	151	171	188	175	213	198	199	227	196	213	207	188	195	163	171	139	132	116	86	73	50	30	0	24	49	
109	49	66	92	112	113	132	152	171	162	200	188	191	222	193	212	208	191	203	171	183	151	149	134	103	94	73	45	24	0	29	
87	20	43	69	86	84	103	123	142	133	171	161	166	198	171	191	190	176	190	160	179	147	151	141	107	108	92	56	49	29	0	
Custo_Viagem
V0
0	1416	1932	2171	2134	1472	1600	1766	1895	1416	2042	1619	1600	2097	1545	1913	1913	1674	2060	1600	2171	1729	2097	2208	1711	2208	2263	1692	2079	2005	1600	
1416	0	625	1048	1288	1177	1527	1895	2244	2097	2815	2631	2741	3348	2888	3312	3330	3091	3404	2870	3293	2723	2870	2741	2116	2226	1987	1288	1251	901	368	
1932	625	0	478	846	1140	1472	1858	2263	2263	2944	2870	3054	3698	3312	3772	3827	3624	3974	3459	3900	3348	3496	3348	2723	2796	2484	1821	1637	1214	791	
2171	1048	478	0	441	1012	1288	1656	2060	2189	2815	2833	3054	3698	3404	3882	3992	3845	4232	3753	4250	3716	3900	3790	3164	3256	2962	2300	2134	1692	1269	
2134	1288	846	441	0	736	938	1269	1674	1876	2447	2539	2796	3440	3201	3698	3845	3735	4176	3735	4268	3772	4029	3956	3348	3514	3256	2576	2484	2060	1582	
1472	1177	1140	1012	736	0	349	736	1122	1177	1821	1821	2060	2704	2447	2944	3109	3017	3459	3072	3643	3201	3514	3514	2925	3220	3072	2373	2428	2079	1545	
1600	1527	1472	1288	938	349	0	386	772	938	1508	1600	1858	2502	2336	2852	3036	2999	3477	3128	3753	3330	3680	3735	3164	3514	3367	2686	2778	2428	1895	
1766	1895	1858	1656	1269	736	386	0	386	717	1177	1361	1674	2281	2208	2741	2962	2980	3496	3201	3845	3477	3864	3956	3422	3808	3698	3017	3146	2815	2263	
1895	2244	2263	2060	1674	1122	772	386	0	570	809	1085	1416	2005	2042	2539	2815	2888	3422	3201	3864	3551	3974	4121	3606	4029	3974	3293	3459	3164	2612	
1416	2097	2263	2189	1876	1177	938	717	570	0	699	662	938	1564	1490	2005	2263	2318	2833	2612	3293	2999	3440	3624	3128	3624	3606	2962	3220	2980	2447	
2042	2815	2944	2815	2447	1821	1508	1177	809	699	0	552	864	1288	1527	1987	2336	2502	3054	2962	3661	3459	3956	4176	3735	4268	4287	3661	3937	3698	3164	
1619	2631	2870	2833	2539	1821	1600	1361	1085	662	552	0	331	920	993	1472	1784	1950	2484	2392	3091	2925	3422	3661	3275	3827	3900	3312	3643	3459	2962	
1600	2741	3054	3054	2796	2060	1858	1674	1416	938	864	331	0	644	662	1140	1453	1637	2171	2134	2833	2704	3220	3496	3146	3735	3845	3293	3661	3514	3054	
2097	3348	3698	3698	3440	2704	2502	2281	2005	1564	1288	920	644	0	662	846	1232	1582	2060	2208	2852	2852	3404	3735	3477	4103	4287	3790	4195	4084	3643	
1545	2888	3312	3404	3201	2447	2336	2208	2042	1490	1527	993	662	662	0	515	791	993	1527	1564	2244	2189	2741	3072	2815	3440	3624	3183	3606	3551	3146	
1913	3312	3772	3882	3698	2944	2852	2741	2539	2005	1987	1472	1140	846	515	0	386	754	1214	1435	2042	2134	2686	3072	2925	3569	3827	3440	3919	3900	3532	
1913	3330	3827	3992	3845	3109	3036	2962	2815	2263	2336	1784	1453	1232	791	386	0	423	828	1104	1674	1821	2373	2778	2686	3330	3624	3293	3808	3827	3496	
1674	3091	3624	3845	3735	3017	2999	2980	2888	2318	2502	1950	1637	1582	993	754	423	0	533	680	1269	1398	1932	2336	2263	2925	3220	2944	3459	3514	3238	
2060	3404	3974	4232	4176	3459	3477	3496	3422	2833	3054	2484	2171	2060	1527	1214	828	533	0	588	901	1232	1711	2152	2226	2870	3238	3054	3606	3735	3496	
1600	2870	3459	3753	3735	3072	3128	3201	3201	2612	2962	2392	2134	2208	1564	1435	1104	680	588	0	680	717	1251	1656	1656	2300	2649	2465	2999	3146	2944	
2171	3293	3900	4250	4268	3643	3753	3845	3864	3293	3661	3091	2833	2852	2244	2042	1674	1269	901	680	0	588	883	1361	1619	2189	2612	2612	3164	3385	3293	
1729	2723	3348	3716	3772	3201	3330	3477	3551	2999	3459	2925	2704	2852	2189	2134	1821	1398	1232	717	588	0	533	938	1048	1656	2042	2005	2557	2778	2704	
2097	2870	3496	3900	4029	3514	3680	3864	3974	3440	3956	3422	3220	3404	2741	2686	2373	1932	1711	1251	883	533	0	460	846	1324	1784	1913	2447	2741	2778	
2208	2741	3348	3790	3956	3514	3735	3956	4121	3624	4176	3661	3496	3735	3072	3072	2778	2336	2152	1656	1361	938	460	0	625	901	1380	1637	2134	2484	2594	
1711	2116	2723	3164	3348	2925	3164	3422	3606	3128	3735	3275	3146	3477	2815	2925	2686	2263	2226	1656	1619	1048	846	625	0	644	993	1067	1582	1895	1968	
2208	2226	2796	3256	3514	3220	3514	3808	4029	3624	4268	3827	3735	4103	3440	3569	3330	2925	2870	2300	2189	1656	1324	901	644	0	478	956	1343	1729	1987	
2263	1987	2484	2962	3256	3072	3367	3698	3974	3606	4287	3900	3845	4287	3624	3827	3624	3220	3238	2649	2612	2042	1784	1380	993	478	0	699	920	1343	1692	
1692	1288	1821	2300	2576	2373	2686	3017	3293	2962	3661	3312	3293	3790	3183	3440	3293	2944	3054	2465	2612	2005	1913	1637	1067	956	699	0	552	828	1030	
2079	1251	1637	2134	2484	2428	2778	3146	3459	3220	3937	3643	3661	4195	3606	3919	3808	3459	3606	2999	3164	2557	2447	2134	1582	1343	920	552	0	441	901	
2005	901	1214	1692	2060	2079	2428	2815	3164	2980	3698	3459	3514	4084	3551	3900	3827	3514	3735	3146	3385	2778	2741	2484	1895	1729	1343	828	441	0	533	
1600	368	791	1269	1582	1545	1895	2263	2612	2447	3164	2962	3054	3643	3146	3532	3496	3238	3496	2944	3293	2704	2778	2594	1968	1987	1692	1030	901	533	0	
V1
0	1262	1722	1935	1902	1312	1426	1574	1689	1262	1820	1443	1426	1869	1377	1705	1705	1492	1836	1426	1935	1541	1869	1968	1525	1968	2017	1508	1853	1787	1426	
1262	0	557	934	1148	1049	1361	1689	2000	1869	2509	2345	2443	2984	2574	2952	2968	2755	3034	2558	2935	2427	2558	2443	1886	1984	1771	1148	1115	803	328	
1722	557	0	426	754	1016	1312	1656	2017	2017	2624	2558	2722	3296	2952	3362	3411	3230	3542	3083	3476	2984	3116	2984	2427	2492	2214	1623	1459	1082	705	
1935	934	426	0	393	902	1148	1476	1836	1951	2509	2525	2722	3296	3034	3460	3558	3427	3772	3345	3788	3312	3476	3378	2820	2902	2640	2050	1902	1508	1131	
1902	1148	754	393	0	656	836	1131	1492	1672	2181	2263	2492	3066	2853	3296	3427	3329	3722	3329	3804	3362	3591	3526	2984	3132	2902	2296	2214	1836	1410	
1312	1049	1016	902	656	0	311	656	1000	1049	1623	1623	1836	2410	2181	2624	2771	2689	3083	2738	3247	2853	3132	3132	2607	2870	2738	2115	2164	1853	1377	
1426	1361	1312	1148	836	311	0	344	688	836	1344	1426	1656	2230	2082	2542	2706	2673	3099	2788	3345	2968	3280	3329	2820	3132	3001	2394	2476	2164	1689	
1574	1689	1656	1476	1131	656	344	0	344	639	1049	1213	1492	2033	1968	2443	2640	2656	3116	2853	3427	3099	3444	3526	3050	3394	3296	2689	2804	2509	2017	
1689	2000	2017	1836	1492	1000	688	344	0	508	721	967	1262	1787	1820	2263	2509	2574	3050	2853	3444	3165	3542	3673	3214	3591	3542	2935	3083	2820	2328	
1262	1869	2017	1951	1672	1049	836	639	508	0	623	590	836	1394	1328	1787	2017	2066	2525	2328	2935	2673	3066	3230	2788	3230	3214	2640	2870	2656	2181	
1820	2509	2624	2509	2181	1623	1344	1049	721	623	0	492	770	1148	1361	1771	2082	2230	2722	2640	3263	3083	3526	3722	3329	3804	3821	3263	3509	3296	2820	
1443	2345	2558	2525	2263	1623	1426	1213	967	590	492	0	295	820	885	1312	1590	1738	2214	2132	2755	2607	3050	3263	2919	3411	3476	2952	3247	3083	2640	
1426	2443	2722	2722	2492	1836	1656	1492	1262	836	770	295	0	574	590	1016	1295	1459	1935	1902	2525	2410	2870	3116	2804	3329	3427	2935	3263	3132	2722	
1869	2984	3296	3296	3066	2410	2230	2033	1787	1394	1148	820	574	0	590	754	1098	1410	1836	1968	2542	2542	3034	3329	3099	3657	3821	3378	3739	3640	3247	
1377	2574	2952	3034	2853	2181	2082	1968	1820	1328	1361	885	590	590	0	459	705	885	1361	1394	2000	1951	2443	2738	2509	3066	3230	2837	3214	3165	2804	
1705	2952	3362	3460	3296	2624	2542	2443	2263	1787	1771	1312	1016	754	459	0	344	672	1082	1279	1820	1902	2394	2738	2607	3181	3411	3066	3493	3476	3148	
1705	2968	3411	3558	3427	2771	2706	2640	2509	2017	2082	1590	1295	1098	705	344	0	377	738	984	1492	1623	2115	2476	2394	2968	3230	2935	3394	3411	3116	
1492	2755	3230	3427	3329	2689	2673	2656	2574	2066	2230	1738	1459	1410	885	672	377	0	475	606	1131	1246	1722	2082	2017	2607	2870	2624	3083	3132	2886	
1836	3034	3542	3772	3722	3083	3099	3116	3050	2525	2722	2214	1935	1836	1361	1082	738	475	0	524	803	1098	1525	1918	1984	2558	2886	2722	3214	3329	3116	
1426	2558	3083	3345	3329	2738	2788	2853	2853	2328	2640	2132	1902	1968	1394	1279	984	606	524	0	606	639	1115	1476	1476	2050	2361	2197	2673	2804	2624	
1935	2935	3476	3788	3804	3247	3345	3427	3444	2935	3263	2755	2525	2542	2000	1820	1492	1131	803	606	0	524	787	1213	1443	1951	2328	2328	2820	3017	2935	
1541	2427	2984	3312	3362	2853	2968	3099	3165	2673	3083	2607	2410	2542	1951	1902	1623	1246	1098	639	524	0	475	836	934	1476	1820	1787	2279	2476	2410	
1869	2558	3116	3476	3591	3132	3280	3444	3542	3066	3526	3050	2870	3034	2443	2394	2115	1722	1525	1115	787	475	0	410	754	1180	1590	1705	2181	2443	2476	
1968	2443	2984	3378	3526	3132	3329	3526	3673	3230	3722	3263	3116	3329	2738	2738	2476	2082	1918	1476	1213	836	410	0	557	803	1230	1459	1902	2214	2312	
1525	1886	2427	2820	2984	2607	2820	3050	3214	2788	3329	2919	2804	3099	2509	2607	2394	2017	1984	1476	1443	934	754	557	0	574	885	951	1410	1689	1754	
1968	1984	2492	2902	3132	2870	3132	3394	3591	3230	3804	3411	3329	3657	3066	3181	2968	2607	2558	2050	1951	1476	1180	803	574	0	426	852	1197	1541	1771	
2017	1771	2214	2640	2902	2738	3001	3296	3542	3214	3821	3476	3427	3821	3230	3411	3230	2870	2886	2361	2328	1820	1590	1230	885	426	0	623	820	1197	1508	
1508	1148	1623	2050	2296	2115	2394	2689	2935	2640	3263	2952	2935	3378	2837	3066	2935	2624	2722	2197	2328	1787	1705	1459	951	852	623	0	492	738	918	
1853	1115	1459	1902	2214	2164	2476	2804	3083	2870	3509	3247	3263	3739	3214	3493	3394	3083	3214	2673	2820	2279	2181	1902	1410	1197	820	492	0	393	803	
1787	803	1082	1508	1836	1853	2164	2509	2820	2656	3296	3083	3132	3640	3165	3476	3411	3132	3329	2804	3017	2476	2443	2214	1689	1541	1197	738	393	0	475	
1426	328	705	1131	1410	1377	1689	2017	2328	2181	2820	2640	2722	3247	2804	3148	3116	2886	3116	2624	2935	2410	2476	2312	1754	1771	1508	918	803	475	0	
V2
0	1232	1680	1888	1856	1280	1392	1536	1648	1232	1776	1408	1392	1824	1344	1664	1664	1456	1792	1392	1888	1504	1824	1920	1488	1920	1968	1472	1808	1744	1392	
1232	0	544	912	1120	1024	1328	1648	1952	1824	2448	2288	2384	2912	2512	2880	2896	2688	2960	2496	2864	2368	2496	2384	1840	1936	1728	1120	1088	784	320	
1680	544	0	416	736	992	1280	1616	1968	1968	2560	2496	2656	3216	2880	3280	3328	3152	3456	3008	3392	2912	3040	2912	2368	2432	2160	1584	1424	1056	688	
1888	912	416	0	384	880	1120	1440	1792	1904	2448	2464	2656	3216	2960	3376	3472	3344	3680	3264	3696	3232	3392	3296	2752	2832	2576	2000	1856	1472	1104	
1856	1120	736	384	0	640	816	1104	1456	1632	2128	2208	2432	2992	2784	3216	3344	3248	3632	3248	3712	3280	3504	3440	2912	3056	2832	2240	2160	1792	1376	
1280	1024	992	880	640	0	304	640	976	1024	1584	1584	1792	2352	2128	2560	2704	2624	3008	2672	3168	2784	3056	3056	2544	2800	2672	2064	2112	1808	1344	
1392	1328	1280	1120	816	304	0	336	672	816	1312	1392	1616	2176	2032	2480	2640	2608	3024	2720	3264	2896	3200	3248	2752	3056	2928	2336	2416	2112	1648	
1536	1648	1616	1440	1104	640	336	0	336	624	1024	1184	1456	1984	1920	2384	2576	2592	3040	2784	3344	3024	3360	3440	2976	3312	3216	2624	2736	2448	1968	
1648	1952	1968	1792	1456	976	672	336	0	496	704	944	1232	1744	1776	2208	2448	2512	2976	2784	3360	3088	3456	3584	3136	3504	3456	2864	3008	2752	2272	
1232	1824	1968	1904	1632	1024	816	624	496	0	608	576	816	1360	1296	1744	1968	2016	2464	2272	2864	2608	2992	3152	2720	3152	3136	2576	2800	2592	2128	
1776	2448	2560	2448	2128	1584	1312	1024	704	608	0	480	752	1120	1328	1728	2032	2176	2656	2576	3184	3008	3440	3632	3248	3712	3728	3184	3424	3216	2752	
1408	2288	2496	2464	2208	1584	1392	1184	944	576	480	0	288	800	864	1280	1552	1696	2160	2080	2688	2544	2976	3184	2848	3328	3392	2880	3168	3008	2576	
1392	2384	2656	2656	2432	1792	1616	1456	1232	816	752	288	0	560	576	992	1264	1424	1888	1856	2464	2352	2800	3040	2736	3248	3344	2864	3184	3056	2656	
1824	2912	3216	3216	2992	2352	2176	1984	1744	1360	1120	800	560	0	576	736	1072	1376	1792	1920	2480	2480	2960	3248	3024	3568	3728	3296	3648	3552	3168	
1344	2512	2880	2960	2784	2128	2032	1920	1776	1296	1328	864	576	576	0	448	688	864	1328	1360	1952	1904	2384	2672	2448	2992	3152	2768	3136	3088	2736	
1664	2880	3280	3376	3216	2560	2480	2384	2208	1744	1728	1280	992	736	448	0	336	656	1056	1248	1776	1856	2336	2672	2544	3104	3328	2992	3408	3392	3072	
1664	2896	3328	3472	3344	2704	2640	2576	2448	1968	2032	1552	1264	1072	688	336	0	368	720	960	1456	1584	2064	2416	2336	2896	3152	2864	3312	3328	3040	
1456	2688	3152	3344	3248	2624	2608	2592	2512	2016	2176	1696	1424	1376	864	656	368	0	464	592	1104	1216	1680	2032	1968	2544	2800	2560	3008	3056	2816	
1792	2960	3456	3680	3632	3008	3024	3040	2976	2464	2656	2160	1888	1792	1328	1056	720	464	0	512	784	1072	1488	1872	1936	2496	2816	2656	3136	3248	3040	
1392	2496	3008	3264	3248	2672	2720	2784	2784	2272	2576	2080	1856	1920	1360	1248	960	592	512	0	592	624	1088	1440	1440	2000	2304	2144	2608	2736	2560	
1888	2864	3392	3696	3712	3168	3264	3344	3360	2864	3184	2688	2464	2480	1952	1776	1456	1104	784	592	0	512	768	1184	1408	1904	2272	2272	2752	2944	2864	
1504	2368	2912	3232	3280	2784	2896	3024	3088	2608	3008	2544	2352	2480	1904	1856	1584	1216	1072	624	512	0	464	816	912	1440	1776	1744	2224	2416	2352	
1824	2496	3040	3392	3504	3056	3200	3360	3456	2992	3440	2976	2800	2960	2384	2336	2064	1680	1488	1088	768	464	0	400	736	1152	1552	1664	2128	2384	2416	
1920	2384	2912	3296	3440	3056	3248	3440	3584	3152	3632	3184	3040	3248	2672	2672	2416	2032	1872	1440	1184	816	400	0	544	784	1200	1424	1856	2160	2256	
1488	1840	2368	2752	2912	2544	2752	2976	3136	2720	3248	2848	2736	3024	2448	2544	2336	1968	1936	1440	1408	912	736	544	0	560	864	928	1376	1648	1712	
1920	1936	2432	2832	3056	2800	3056	3312	3504	3152	3712	3328	3248	3568	2992	3104	2896	2544	2496	2000	1904	1440	1152	784	560	0	416	832	1168	1504	1728	
1968	1728	2160	2576	2832	2672	2928	3216	3456	3136	3728	3392	3344	3728	3152	3328	3152	2800	2816	2304	2272	1776	1552	1200	864	416	0	608	800	1168	1472	
1472	1120	1584	2000	2240	2064	2336	2624	2864	2576	3184	2880	2864	3296	2768	2992	2864	2560	2656	2144	2272	1744	1664	1424	928	832	608	0	480	720	896	
1808	1088	1424	1856	2160	2112	2416	2736	3008	2800	3424	3168	3184	3648	3136	3408	3312	3008	3136	2608	2752	2224	2128	1856	1376	1168	800	480	0	384	784	
1744	784	1056	1472	1792	1808	2112	2448	2752	2592	3216	3008	3056	3552	3088	3392	3328	3056	3248	2736	2944	2416	2384	2160	1648	1504	1168	720	384	0	464	
1392	320	688	1104	1376	1344	1648	1968	2272	2128	2752	2576	2656	3168	2736	3072	3040	2816	3040	2560	2864	2352	2416	2256	1712	1728	1472	896	784	464	0	
V3
0	970	1323	1486	1461	1008	1096	1209	1297	970	1398	1108	1096	1436	1058	1310	1310	1146	1411	1096	1486	1184	1436	1512	1171	1512	1549	1159	1423	1373	1096	
970	0	428	718	882	806	1045	1297	1537	1436	1927	1801	1877	2293	1978	2268	2280	2116	2331	1965	2255	1864	1965	1877	1449	1524	1360	882	856	617	252	
1323	428	0	327	579	781	1008	1272	1549	1549	2016	1965	2091	2532	2268	2583	2620	2482	2721	2368	2671	2293	2394	2293	1864	1915	1701	1247	1121	831	541	
1486	718	327	0	302	693	882	1134	1411	1499	1927	1940	2091	2532	2331	2658	2734	2633	2898	2570	2910	2545	2671	2595	2167	2230	2028	1575	1461	1159	869	
1461	882	579	302	0	504	642	869	1146	1285	1675	1738	1915	2356	2192	2532	2633	2557	2860	2557	2923	2583	2759	2709	2293	2406	2230	1764	1701	1411	1083	
1008	806	781	693	504	0	239	504	768	806	1247	1247	1411	1852	1675	2016	2129	2066	2368	2104	2494	2192	2406	2406	2003	2205	2104	1625	1663	1423	1058	
1096	1045	1008	882	642	239	0	264	529	642	1033	1096	1272	1713	1600	1953	2079	2053	2381	2142	2570	2280	2520	2557	2167	2406	2305	1839	1902	1663	1297	
1209	1297	1272	1134	869	504	264	0	264	491	806	932	1146	1562	1512	1877	2028	2041	2394	2192	2633	2381	2646	2709	2343	2608	2532	2066	2154	1927	1549	
1297	1537	1549	1411	1146	768	529	264	0	390	554	743	970	1373	1398	1738	1927	1978	2343	2192	2646	2431	2721	2822	2469	2759	2721	2255	2368	2167	1789	
970	1436	1549	1499	1285	806	642	491	390	0	478	453	642	1071	1020	1373	1549	1587	1940	1789	2255	2053	2356	2482	2142	2482	2469	2028	2205	2041	1675	
1398	1927	2016	1927	1675	1247	1033	806	554	478	0	378	592	882	1045	1360	1600	1713	2091	2028	2507	2368	2709	2860	2557	2923	2935	2507	2696	2532	2167	
1108	1801	1965	1940	1738	1247	1096	932	743	453	378	0	226	630	680	1008	1222	1335	1701	1638	2116	2003	2343	2507	2242	2620	2671	2268	2494	2368	2028	
1096	1877	2091	2091	1915	1411	1272	1146	970	642	592	226	0	441	453	781	995	1121	1486	1461	1940	1852	2205	2394	2154	2557	2633	2255	2507	2406	2091	
1436	2293	2532	2532	2356	1852	1713	1562	1373	1071	882	630	441	0	453	579	844	1083	1411	1512	1953	1953	2331	2557	2381	2809	2935	2595	2872	2797	2494	
1058	1978	2268	2331	2192	1675	1600	1512	1398	1020	1045	680	453	453	0	352	541	680	1045	1071	1537	1499	1877	2104	1927	2356	2482	2179	2469	2431	2154	
1310	2268	2583	2658	2532	2016	1953	1877	1738	1373	1360	1008	781	579	352	0	264	516	831	982	1398	1461	1839	2104	2003	2444	2620	2356	2683	2671	2419	
1310	2280	2620	2734	2633	2129	2079	2028	1927	1549	1600	1222	995	844	541	264	0	289	567	756	1146	1247	1625	1902	1839	2280	2482	2255	2608	2620	2394	
1146	2116	2482	2633	2557	2066	2053	2041	1978	1587	1713	1335	1121	1083	680	516	289	0	365	466	869	957	1323	1600	1549	2003	2205	2016	2368	2406	2217	
1411	2331	2721	2898	2860	2368	2381	2394	2343	1940	2091	1701	1486	1411	1045	831	567	365	0	403	617	844	1171	1474	1524	1965	2217	2091	2469	2557	2394	
1096	1965	2368	2570	2557	2104	2142	2192	2192	1789	2028	1638	1461	1512	1071	982	756	466	403	0	466	491	856	1134	1134	1575	1814	1688	2053	2154	2016	
1486	2255	2671	2910	2923	2494	2570	2633	2646	2255	2507	2116	1940	1953	1537	1398	1146	869	617	466	0	403	604	932	1108	1499	1789	1789	2167	2318	2255	
1184	1864	2293	2545	2583	2192	2280	2381	2431	2053	2368	2003	1852	1953	1499	1461	1247	957	844	491	403	0	365	642	718	1134	1398	1373	1751	1902	1852	
1436	1965	2394	2671	2759	2406	2520	2646	2721	2356	2709	2343	2205	2331	1877	1839	1625	1323	1171	856	604	365	0	315	579	907	1222	1310	1675	1877	1902	
1512	1877	2293	2595	2709	2406	2557	2709	2822	2482	2860	2507	2394	2557	2104	2104	1902	1600	1474	1134	932	642	315	0	428	617	945	1121	1461	1701	1776	
1171	1449	1864	2167	2293	2003	2167	2343	2469	2142	2557	2242	2154	2381	1927	2003	1839	1549	1524	1134	1108	718	579	428	0	441	680	730	1083	1297	1348	
1512	1524	1915	2230	2406	2205	2406	2608	2759	2482	2923	2620	2557	2809	2356	2444	2280	2003	1965	1575	1499	1134	907	617	441	0	327	655	919	1184	1360	
1549	1360	1701	2028	2230	2104	2305	2532	2721	2469	2935	2671	2633	2935	2482	2620	2482	2205	2217	1814	1789	1398	1222	945	680	327	0	478	630	919	1159	
1159	882	1247	1575	1764	1625	1839	2066	2255	2028	2507	2268	2255	2595	2179	2356	2255	2016	2091	1688	1789	1373	1310	1121	730	655	478	0	378	567	705	
1423	856	1121	1461	1701	1663	1902	2154	2368	2205	2696	2494	2507	2872	2469	2683	2608	2368	2469	2053	2167	1751	1675	1461	1083	919	630	378	0	302	617	
1373	617	831	1159	1411	1423	1663	1927	2167	2041	2532	2368	2406	2797	2431	2671	2620	2406	2557	2154	2318	1902	1877	1701	1297	1184	919	567	302	0	365	
1096	252	541	869	1083	1058	1297	1549	1789	1675	2167	2028	2091	2494	2154	2419	2394	2217	2394	2016	2255	1852	1902	1776	1348	1360	1159	705	617	365	0	
V4
0	1694	2310	2596	2552	1760	1914	2112	2266	1694	2442	1936	1914	2508	1848	2288	2288	2002	2464	1914	2596	2068	2508	2640	2046	2640	2706	2024	2486	2398	1914	
1694	0	748	1254	1540	1408	1826	2266	2684	2508	3366	3146	3278	4004	3454	3960	3982	3696	4070	3432	3938	3256	3432	3278	2530	2662	2376	1540	1496	1078	440	
2310	748	0	572	1012	1364	1760	2222	2706	2706	3520	3432	3652	4422	3960	4510	4576	4334	4752	4136	4664	4004	4180	4004	3256	3344	2970	2178	1958	1452	946	
2596	1254	572	0	528	1210	1540	1980	2464	2618	3366	3388	3652	4422	4070	4642	4774	4598	5060	4488	5082	4444	4664	4532	3784	3894	3542	2750	2552	2024	1518	
2552	1540	1012	528	0	880	1122	1518	2002	2244	2926	3036	3344	4114	3828	4422	4598	4466	4994	4466	5104	4510	4818	4730	4004	4202	3894	3080	2970	2464	1892	
1760	1408	1364	1210	880	0	418	880	1342	1408	2178	2178	2464	3234	2926	3520	3718	3608	4136	3674	4356	3828	4202	4202	3498	3850	3674	2838	2904	2486	1848	
1914	1826	1760	1540	1122	418	0	462	924	1122	1804	1914	2222	2992	2794	3410	3630	3586	4158	3740	4488	3982	4400	4466	3784	4202	4026	3212	3322	2904	2266	
2112	2266	2222	1980	1518	880	462	0	462	858	1408	1628	2002	2728	2640	3278	3542	3564	4180	3828	4598	4158	4620	4730	4092	4554	4422	3608	3762	3366	2706	
2266	2684	2706	2464	2002	1342	924	462	0	682	968	1298	1694	2398	2442	3036	3366	3454	4092	3828	4620	4246	4752	4928	4312	4818	4752	3938	4136	3784	3124	
1694	2508	2706	2618	2244	1408	1122	858	682	0	836	792	1122	1870	1782	2398	2706	2772	3388	3124	3938	3586	4114	4334	3740	4334	4312	3542	3850	3564	2926	
2442	3366	3520	3366	2926	2178	1804	1408	968	836	0	660	1034	1540	1826	2376	2794	2992	3652	3542	4378	4136	4730	4994	4466	5104	5126	4378	4708	4422	3784	
1936	3146	3432	3388	3036	2178	1914	1628	1298	792	660	0	396	1100	1188	1760	2134	2332	2970	2860	3696	3498	4092	4378	3916	4576	4664	3960	4356	4136	3542	
1914	3278	3652	3652	3344	2464	2222	2002	1694	1122	1034	396	0	770	792	1364	1738	1958	2596	2552	3388	3234	3850	4180	3762	4466	4598	3938	4378	4202	3652	
2508	4004	4422	4422	4114	3234	2992	2728	2398	1870	1540	1100	770	0	792	1012	1474	1892	2464	2640	3410	3410	4070	4466	4158	4906	5126	4532	5016	4884	4356	
1848	3454	3960	4070	3828	2926	2794	2640	2442	1782	1826	1188	792	792	0	616	946	1188	1826	1870	2684	2618	3278	3674	3366	4114	4334	3806	4312	4246	3762	
2288	3960	4510	4642	4422	3520	3410	3278	3036	2398	2376	1760	1364	1012	616	0	462	902	1452	1716	2442	2552	3212	3674	3498	4268	4576	4114	4686	4664	4224	
2288	3982	4576	4774	4598	3718	3630	3542	3366	2706	2794	2134	1738	1474	946	462	0	506	990	1320	2002	2178	2838	3322	3212	3982	4334	3938	4554	4576	4180	
2002	3696	4334	4598	4466	3608	3586	3564	3454	2772	2992	2332	1958	1892	1188	902	506	0	638	814	1518	1672	2310	2794	2706	3498	3850	3520	4136	4202	3872	
2464	4070	4752	5060	4994	4136	4158	4180	4092	3388	3652	2970	2596	2464	1826	1452	990	638	0	704	1078	1474	2046	2574	2662	3432	3872	3652	4312	4466	4180	
1914	3432	4136	4488	4466	3674	3740	3828	3828	3124	3542	2860	2552	2640	1870	1716	1320	814	704	0	814	858	1496	1980	1980	2750	3168	2948	3586	3762	3520	
2596	3938	4664	5082	5104	4356	4488	4598	4620	3938	4378	3696	3388	3410	2684	2442	2002	1518	1078	814	0	704	1056	1628	1936	2618	3124	3124	3784	4048	3938	
2068	3256	4004	4444	4510	3828	3982	4158	4246	3586	4136	3498	3234	3410	2618	2552	2178	1672	1474	858	704	0	638	1122	1254	1980	2442	2398	3058	3322	3234	
2508	3432	4180	4664	4818	4202	4400	4620	4752	4114	4730	4092	3850	4070	3278	3212	2838	2310	2046	1496	1056	638	0	550	1012	1584	2134	2288	2926	3278	3322	
2640	3278	4004	4532	4730	4202	4466	4730	4928	4334	4994	4378	4180	4466	3674	3674	3322	2794	2574	1980	1628	1122	550	0	748	1078	1650	1958	2552	2970	3102	
2046	2530	3256	3784	4004	3498	3784	4092	4312	3740	4466	3916	3762	4158	3366	3498	3212	2706	2662	1980	1936	1254	1012	748	0	770	1188	1276	1892	2266	2354	
2640	2662	3344	3894	4202	3850	4202	4554	4818	4334	5104	4576	4466	4906	4114	4268	3982	3498	3432	2750	2618	1980	1584	1078	770	0	572	1144	1606	2068	2376	
2706	2376	2970	3542	3894	3674	4026	4422	4752	4312	5126	4664	4598	5126	4334	4576	4334	3850	3872	3168	3124	2442	2134	1650	1188	572	0	836	1100	1606	2024	
2024	1540	2178	2750	3080	2838	3212	3608	3938	3542	4378	3960	3938	4532	3806	4114	3938	3520	3652	2948	3124	2398	2288	1958	1276	1144	836	0	660	990	1232	
2486	1496	1958	2552	2970	2904	3322	3762	4136	3850	4708	4356	4378	5016	4312	4686	4554	4136	4312	3586	3784	3058	2926	2552	1892	1606	1100	660	0	528	1078	
2398	1078	1452	2024	2464	2486	2904	3366	3784	3564	4422	4136	4202	4884	4246	4664	4576	4202	4466	3762	4048	3322	3278	2970	2266	2068	1606	990	528	0	638	
1914	440	946	1518	1892	1848	2266	2706	3124	2926	3784	3542	3652	4356	3762	4224	4180	3872	4180	3520	3938	3234	3322	3102	2354	2376	2024	1232	1078	638	0	
V5
0	877	1197	1345	1322	912	991	1094	1174	877	1265	1003	991	1299	957	1185	1185	1037	1276	991	1345	1071	1299	1368	1060	1368	1402	1048	1288	1242	991	
877	0	387	649	798	729	946	1174	1390	1299	1744	1630	1698	2074	1789	2052	2063	1915	2109	1778	2040	1687	1778	1698	1311	1379	1231	798	775	558	228	
1197	387	0	296	524	706	912	1151	1402	1402	1824	1778	1892	2291	2052	2337	2371	2245	2462	2143	2416	2074	2166	2074	1687	1732	1539	1128	1014	752	490	
1345	649	296	0	273	627	798	1026	1276	1356	1744	1755	1892	2291	2109	2405	2473	2382	2622	2325	2633	2302	2416	2348	1960	2017	1835	1425	1322	1048	786	
1322	798	524	273	0	456	581	786	1037	1162	1516	1573	1732	2131	1983	2291	2382	2314	2587	2314	2644	2337	2496	2451	2074	2177	2017	1596	1539	1276	980	
912	729	706	627	456	0	216	456	695	729	1128	1128	1276	1675	1516	1824	1926	1869	2143	1903	2257	1983	2177	2177	1812	1995	1903	1470	1504	1288	957	
991	946	912	798	581	216	0	239	478	581	934	991	1151	1550	1447	1767	1881	1858	2154	1938	2325	2063	2280	2314	1960	2177	2086	1664	1721	1504	1174	
1094	1174	1151	1026	786	456	239	0	239	444	729	843	1037	1413	1368	1698	1835	1846	2166	1983	2382	2154	2394	2451	2120	2359	2291	1869	1949	1744	1402	
1174	1390	1402	1276	1037	695	478	239	0	353	501	672	877	1242	1265	1573	1744	1789	2120	1983	2394	2200	2462	2553	2234	2496	2462	2040	2143	1960	1618	
877	1299	1402	1356	1162	729	581	444	353	0	433	410	581	969	923	1242	1402	1436	1755	1618	2040	1858	2131	2245	1938	2245	2234	1835	1995	1846	1516	
1265	1744	1824	1744	1516	1128	934	729	501	433	0	342	535	798	946	1231	1447	1550	1892	1835	2268	2143	2451	2587	2314	2644	2656	2268	2439	2291	1960	
1003	1630	1778	1755	1573	1128	991	843	672	410	342	0	205	570	615	912	1105	1208	1539	1482	1915	1812	2120	2268	2029	2371	2416	2052	2257	2143	1835	
991	1698	1892	1892	1732	1276	1151	1037	877	581	535	205	0	399	410	706	900	1014	1345	1322	1755	1675	1995	2166	1949	2314	2382	2040	2268	2177	1892	
1299	2074	2291	2291	2131	1675	1550	1413	1242	969	798	570	399	0	410	524	763	980	1276	1368	1767	1767	2109	2314	2154	2542	2656	2348	2599	2530	2257	
957	1789	2052	2109	1983	1516	1447	1368	1265	923	946	615	410	410	0	319	490	615	946	969	1390	1356	1698	1903	1744	2131	2245	1972	2234	2200	1949	
1185	2052	2337	2405	2291	1824	1767	1698	1573	1242	1231	912	706	524	319	0	239	467	752	889	1265	1322	1664	1903	1812	2211	2371	2131	2428	2416	2188	
1185	2063	2371	2473	2382	1926	1881	1835	1744	1402	1447	1105	900	763	490	239	0	262	513	684	1037	1128	1470	1721	1664	2063	2245	2040	2359	2371	2166	
1037	1915	2245	2382	2314	1869	1858	1846	1789	1436	1550	1208	1014	980	615	467	262	0	330	421	786	866	1197	1447	1402	1812	1995	1824	2143	2177	2006	
1276	2109	2462	2622	2587	2143	2154	2166	2120	1755	1892	1539	1345	1276	946	752	513	330	0	364	558	763	1060	1333	1379	1778	2006	1892	2234	2314	2166	
991	1778	2143	2325	2314	1903	1938	1983	1983	1618	1835	1482	1322	1368	969	889	684	421	364	0	421	444	775	1026	1026	1425	1641	1527	1858	1949	1824	
1345	2040	2416	2633	2644	2257	2325	2382	2394	2040	2268	1915	1755	1767	1390	1265	1037	786	558	421	0	364	547	843	1003	1356	1618	1618	1960	2097	2040	
1071	1687	2074	2302	2337	1983	2063	2154	2200	1858	2143	1812	1675	1767	1356	1322	1128	866	763	444	364	0	330	581	649	1026	1265	1242	1584	1721	1675	
1299	1778	2166	2416	2496	2177	2280	2394	2462	2131	2451	2120	1995	2109	1698	1664	1470	1197	1060	775	547	330	0	285	524	820	1105	1185	1516	1698	1721	
1368	1698	2074	2348	2451	2177	2314	2451	2553	2245	2587	2268	2166	2314	1903	1903	1721	1447	1333	1026	843	581	285	0	387	558	855	1014	1322	1539	1607	
1060	1311	1687	1960	2074	1812	1960	2120	2234	1938	2314	2029	1949	2154	1744	1812	1664	1402	1379	1026	1003	649	524	387	0	399	615	661	980	1174	1219	
1368	1379	1732	2017	2177	1995	2177	2359	2496	2245	2644	2371	2314	2542	2131	2211	2063	1812	1778	1425	1356	1026	820	558	399	0	296	592	832	1071	1231	
1402	1231	1539	1835	2017	1903	2086	2291	2462	2234	2656	2416	2382	2656	2245	2371	2245	1995	2006	1641	1618	1265	1105	855	615	296	0	433	570	832	1048	
1048	798	1128	1425	1596	1470	1664	1869	2040	1835	2268	2052	2040	2348	1972	2131	2040	1824	1892	1527	1618	1242	1185	1014	661	592	433	0	342	513	638	
1288	775	1014	1322	1539	1504	1721	1949	2143	1995	2439	2257	2268	2599	2234	2428	2359	2143	2234	1858	1960	1584	1516	1322	980	832	570	342	0	273	558	
1242	558	752	1048	1276	1288	1504	1744	1960	1846	2291	2143	2177	2530	2200	2416	2371	2177	2314	1949	2097	1721	1698	1539	1174	1071	832	513	273	0	330	
991	228	490	786	980	957	1174	1402	1618	1516	1960	1835	1892	2257	1949	2188	2166	2006	2166	1824	2040	1675	1721	1607	1219	1231	1048	638	558	330	0	
V6
0	1232	1680	1888	1856	1280	1392	1536	1648	1232	1776	1408	1392	1824	1344	1664	1664	1456	1792	1392	1888	1504	1824	1920	1488	1920	1968	1472	1808	1744	1392	
1232	0	544	912	1120	1024	1328	1648	1952	1824	2448	2288	2384	2912	2512	2880	2896	2688	2960	2496	2864	2368	2496	2384	1840	1936	1728	1120	1088	784	320	
1680	544	0	416	736	992	1280	1616	1968	1968	2560	2496	2656	3216	2880	3280	3328	3152	3456	3008	3392	2912	3040	2912	2368	2432	2160	1584	1424	1056	688	
1888	912	416	0	384	880	1120	1440	1792	1904	2448	2464	2656	3216	2960	3376	3472	3344	3680	3264	3696	3232	3392	3296	2752	2832	2576	2000	1856	1472	1104	
1856	1120	736	384	0	640	816	1104	1456	1632	2128	2208	2432	2992	2784	3216	3344	3248	3632	3248	3712	3280	3504	3440	2912	3056	2832	2240	2160	1792	1376	
1280	1024	992	880	640	0	304	640	976	1024	1584	1584	1792	2352	2128	2560	2704	2624	3008	2672	3168	2784	3056	3056	2544	2800	2672	2064	2112	1808	1344	
1392	1328	1280	1120	816	304	0	336	672	816	1312	1392	1616	2176	2032	2480	2640	2608	3024	2720	3264	2896	3200	3248	2752	3056	2928	2336	2416	2112	1648	
1536	1648	1616	1440	1104	640	336	0	336	624	1024	1184	1456	1984	1920	2384	2576	2592	3040	2784	3344	3024	3360	3440	2976	3312	3216	2624	2736	2448	1968	
1648	1952	1968	1792	1456	976	672	336	0	496	704	944	1232	1744	1776	2208	2448	2512	2976	2784	3360	3088	3456	3584	3136	3504	3456	2864	3008	2752	2272	
1232	1824	1968	1904	1632	1024	816	624	496	0	608	576	816	1360	1296	1744	1968	2016	2464	2272	2864	2608	2992	3152	2720	3152	3136	2576	2800	2592	2128	
1776	2448	2560	2448	2128	1584	1312	1024	704	608	0	480	752	1120	1328	1728	2032	2176	2656	2576	3184	3008	3440	3632	3248	3712	3728	3184	3424	3216	2752	
1408	2288	2496	2464	2208	1584	1392	1184	944	576	480	0	288	800	864	1280	1552	1696	2160	2080	2688	2544	2976	3184	2848	3328	3392	2880	3168	3008	2576	
1392	2384	2656	2656	2432	1792	1616	1456	1232	816	752	288	0	560	576	992	1264	1424	1888	1856	2464	2352	2800	3040	2736	3248	3344	2864	3184	3056	2656	
1824	2912	3216	3216	2992	2352	2176	1984	1744	1360	1120	800	560	0	576	736	1072	1376	1792	1920	2480	2480	2960	3248	3024	3568	3728	3296	3648	3552	3168	
1344	2512	2880	2960	2784	2128	2032	1920	1776	1296	1328	864	576	576	0	448	688	864	1328	1360	1952	1904	2384	2672	2448	2992	3152	2768	3136	3088	2736	
1664	2880	3280	3376	3216	2560	2480	2384	2208	1744	1728	1280	992	736	448	0	336	656	1056	1248	1776	1856	2336	2672	2544	3104	3328	2992	3408	3392	3072	
1664	2896	3328	3472	3344	2704	2640	2576	2448	1968	2032	1552	1264	1072	688	336	0	368	720	960	1456	1584	2064	2416	2336	2896	3152	2864	3312	3328	3040	
1456	2688	3152	3344	3248	2624	2608	2592	2512	2016	2176	1696	1424	1376	864	656	368	0	464	592	1104	1216	1680	2032	1968	2544	2800	2560	3008	3056	2816	
1792	2960	3456	3680	3632	3008	3024	3040	2976	2464	2656	2160	1888	1792	1328	1056	720	464	0	512	784	1072	1488	1872	1936	2496	2816	2656	3136	3248	3040	
1392	2496	3008	3264	3248	2672	2720	2784	2784	2272	2576	2080	1856	1920	1360	1248	960	592	512	0	592	624	1088	1440	1440	2000	2304	2144	2608	2736	2560	
1888	2864	3392	3696	3712	3168	3264	3344	3360	2864	3184	2688	2464	2480	1952	1776	1456	1104	784	592	0	512	768	1184	1408	1904	2272	2272	2752	2944	2864	
1504	2368	2912	3232	3280	2784	2896	3024	3088	2608	3008	2544	2352	2480	1904	1856	1584	1216	1072	624	512	0	464	816	912	1440	1776	1744	2224	2416	2352	
1824	2496	3040	3392	3504	3056	3200	3360	3456	2992	3440	2976	2800	2960	2384	2336	2064	1680	1488	1088	768	464	0	400	736	1152	1552	1664	2128	2384	2416	
1920	2384	2912	3296	3440	3056	3248	3440	3584	3152	3632	3184	3040	3248	2672	2672	2416	2032	1872	1440	1184	816	400	0	544	784	1200	1424	1856	2160	2256	
1488	1840	2368	2752	2912	2544	2752	2976	3136	2720	3248	2848	2736	3024	2448	2544	2336	1968	1936	1440	1408	912	736	544	0	560	864	928	1376	1648	1712	
1920	1936	2432	2832	3056	2800	3056	3312	3504	3152	3712	3328	3248	3568	2992	3104	2896	2544	2496	2000	1904	1440	1152	784	560	0	416	832	1168	1504	1728	
1968	1728	2160	2576	2832	2672	2928	3216	3456	3136	3728	3392	3344	3728	3152	3328	3152	2800	2816	2304	2272	1776	1552	1200	864	416	0	608	800	1168	1472	
1472	1120	1584	2000	2240	2064	2336	2624	2864	2576	3184	2880	2864	3296	2768	2992	2864	2560	2656	2144	2272	1744	1664	1424	928	832	608	0	480	720	896	
1808	1088	1424	1856	2160	2112	2416	2736	3008	2800	3424	3168	3184	3648	3136	3408	3312	3008	3136	2608	2752	2224	2128	1856	1376	1168	800	480	0	384	784	
1744	784	1056	1472	1792	1808	2112	2448	2752	2592	3216	3008	3056	3552	3088	3392	3328	3056	3248	2736	2944	2416	2384	2160	1648	1504	1168	720	384	0	464	
1392	320	688	1104	1376	1344	1648	1968	2272	2128	2752	2576	2656	3168	2736	3072	3040	2816	3040	2560	2864	2352	2416	2256	1712	1728	1472	896	784	464	0	
V7
0	1108	1512	1699	1670	1152	1252	1382	1483	1108	1598	1267	1252	1641	1209	1497	1497	1310	1612	1252	1699	1353	1641	1728	1339	1728	1771	1324	1627	1569	1252	
1108	0	489	820	1008	921	1195	1483	1756	1641	2203	2059	2145	2620	2260	2592	2606	2419	2664	2246	2577	2131	2246	2145	1656	1742	1555	1008	979	705	288	
1512	489	0	374	662	892	1152	1454	1771	1771	2304	2246	2390	2894	2592	2952	2995	2836	3110	2707	3052	2620	2736	2620	2131	2188	1944	1425	1281	950	619	
1699	820	374	0	345	792	1008	1296	1612	1713	2203	2217	2390	2894	2664	3038	3124	3009	3312	2937	3326	2908	3052	2966	2476	2548	2318	1800	1670	1324	993	
1670	1008	662	345	0	576	734	993	1310	1468	1915	1987	2188	2692	2505	2894	3009	2923	3268	2923	3340	2952	3153	3096	2620	2750	2548	2016	1944	1612	1238	
1152	921	892	792	576	0	273	576	878	921	1425	1425	1612	2116	1915	2304	2433	2361	2707	2404	2851	2505	2750	2750	2289	2520	2404	1857	1900	1627	1209	
1252	1195	1152	1008	734	273	0	302	604	734	1180	1252	1454	1958	1828	2232	2376	2347	2721	2448	2937	2606	2880	2923	2476	2750	2635	2102	2174	1900	1483	
1382	1483	1454	1296	993	576	302	0	302	561	921	1065	1310	1785	1728	2145	2318	2332	2736	2505	3009	2721	3024	3096	2678	2980	2894	2361	2462	2203	1771	
1483	1756	1771	1612	1310	878	604	302	0	446	633	849	1108	1569	1598	1987	2203	2260	2678	2505	3024	2779	3110	3225	2822	3153	3110	2577	2707	2476	2044	
1108	1641	1771	1713	1468	921	734	561	446	0	547	518	734	1224	1166	1569	1771	1814	2217	2044	2577	2347	2692	2836	2448	2836	2822	2318	2520	2332	1915	
1598	2203	2304	2203	1915	1425	1180	921	633	547	0	432	676	1008	1195	1555	1828	1958	2390	2318	2865	2707	3096	3268	2923	3340	3355	2865	3081	2894	2476	
1267	2059	2246	2217	1987	1425	1252	1065	849	518	432	0	259	720	777	1152	1396	1526	1944	1872	2419	2289	2678	2865	2563	2995	3052	2592	2851	2707	2318	
1252	2145	2390	2390	2188	1612	1454	1310	1108	734	676	259	0	504	518	892	1137	1281	1699	1670	2217	2116	2520	2736	2462	2923	3009	2577	2865	2750	2390	
1641	2620	2894	2894	2692	2116	1958	1785	1569	1224	1008	720	504	0	518	662	964	1238	1612	1728	2232	2232	2664	2923	2721	3211	3355	2966	3283	3196	2851	
1209	2260	2592	2664	2505	1915	1828	1728	1598	1166	1195	777	518	518	0	403	619	777	1195	1224	1756	1713	2145	2404	2203	2692	2836	2491	2822	2779	2462	
1497	2592	2952	3038	2894	2304	2232	2145	1987	1569	1555	1152	892	662	403	0	302	590	950	1123	1598	1670	2102	2404	2289	2793	2995	2692	3067	3052	2764	
1497	2606	2995	3124	3009	2433	2376	2318	2203	1771	1828	1396	1137	964	619	302	0	331	648	864	1310	1425	1857	2174	2102	2606	2836	2577	2980	2995	2736	
1310	2419	2836	3009	2923	2361	2347	2332	2260	1814	1958	1526	1281	1238	777	590	331	0	417	532	993	1094	1512	1828	1771	2289	2520	2304	2707	2750	2534	
1612	2664	3110	3312	3268	2707	2721	2736	2678	2217	2390	1944	1699	1612	1195	950	648	417	0	460	705	964	1339	1684	1742	2246	2534	2390	2822	2923	2736	
1252	2246	2707	2937	2923	2404	2448	2505	2505	2044	2318	1872	1670	1728	1224	1123	864	532	460	0	532	561	979	1296	1296	1800	2073	1929	2347	2462	2304	
1699	2577	3052	3326	3340	2851	2937	3009	3024	2577	2865	2419	2217	2232	1756	1598	1310	993	705	532	0	460	691	1065	1267	1713	2044	2044	2476	2649	2577	
1353	2131	2620	2908	2952	2505	2606	2721	2779	2347	2707	2289	2116	2232	1713	1670	1425	1094	964	561	460	0	417	734	820	1296	1598	1569	2001	2174	2116	
1641	2246	2736	3052	3153	2750	2880	3024	3110	2692	3096	2678	2520	2664	2145	2102	1857	1512	1339	979	691	417	0	360	662	1036	1396	1497	1915	2145	2174	
1728	2145	2620	2966	3096	2750	2923	3096	3225	2836	3268	2865	2736	2923	2404	2404	2174	1828	1684	1296	1065	734	360	0	489	705	1080	1281	1670	1944	2030	
1339	1656	2131	2476	2620	2289	2476	2678	2822	2448	2923	2563	2462	2721	2203	2289	2102	1771	1742	1296	1267	820	662	489	0	504	777	835	1238	1483	1540	
1728	1742	2188	2548	2750	2520	2750	2980	3153	2836	3340	2995	2923	3211	2692	2793	2606	2289	2246	1800	1713	1296	1036	705	504	0	374	748	1051	1353	1555	
1771	1555	1944	2318	2548	2404	2635	2894	3110	2822	3355	3052	3009	3355	2836	2995	2836	2520	2534	2073	2044	1598	1396	1080	777	374	0	547	720	1051	1324	
1324	1008	1425	1800	2016	1857	2102	2361	2577	2318	2865	2592	2577	2966	2491	2692	2577	2304	2390	1929	2044	1569	1497	1281	835	748	547	0	432	648	806	
1627	979	1281	1670	1944	1900	2174	2462	2707	2520	3081	2851	2865	3283	2822	3067	2980	2707	2822	2347	2476	2001	1915	1670	1238	1051	720	432	0	345	705	
1569	705	950	1324	1612	1627	1900	2203	2476	2332	2894	2707	2750	3196	2779	3052	2995	2750	2923	2462	2649	2174	2145	1944	1483	1353	1051	648	345	0	417	
1252	288	619	993	1238	1209	1483	1771	2044	1915	2476	2318	2390	2851	2462	2764	2736	2534	2736	2304	2577	2116	2174	2030	1540	1555	1324	806	705	417	0	
V8
0	1524	2079	2336	2296	1584	1722	1900	2039	1524	2197	1742	1722	2257	1663	2059	2059	1801	2217	1722	2336	1861	2257	2376	1841	2376	2435	1821	2237	2158	1722	
1524	0	673	1128	1386	1267	1643	2039	2415	2257	3029	2831	2950	3603	3108	3564	3583	3326	3663	3088	3544	2930	3088	2950	2277	2395	2138	1386	1346	970	396	
2079	673	0	514	910	1227	1584	1999	2435	2435	3168	3088	3286	3979	3564	4059	4118	3900	4276	3722	4197	3603	3762	3603	2930	3009	2673	1960	1762	1306	851	
2336	1128	514	0	475	1089	1386	1782	2217	2356	3029	3049	3286	3979	3663	4177	4296	4138	4554	4039	4573	3999	4197	4078	3405	3504	3187	2475	2296	1821	1366	
2296	1386	910	475	0	792	1009	1366	1801	2019	2633	2732	3009	3702	3445	3979	4138	4019	4494	4019	4593	4059	4336	4257	3603	3781	3504	2772	2673	2217	1702	
1584	1267	1227	1089	792	0	376	792	1207	1267	1960	1960	2217	2910	2633	3168	3346	3247	3722	3306	3920	3445	3781	3781	3148	3465	3306	2554	2613	2237	1663	
1722	1643	1584	1386	1009	376	0	415	831	1009	1623	1722	1999	2692	2514	3069	3267	3227	3742	3366	4039	3583	3960	4019	3405	3781	3623	2890	2989	2613	2039	
1900	2039	1999	1782	1366	792	415	0	415	772	1267	1465	1801	2455	2376	2950	3187	3207	3762	3445	4138	3742	4158	4257	3682	4098	3979	3247	3385	3029	2435	
2039	2415	2435	2217	1801	1207	831	415	0	613	871	1168	1524	2158	2197	2732	3029	3108	3682	3445	4158	3821	4276	4435	3880	4336	4276	3544	3722	3405	2811	
1524	2257	2435	2356	2019	1267	1009	772	613	0	752	712	1009	1683	1603	2158	2435	2494	3049	2811	3544	3227	3702	3900	3366	3900	3880	3187	3465	3207	2633	
2197	3029	3168	3029	2633	1960	1623	1267	871	752	0	594	930	1386	1643	2138	2514	2692	3286	3187	3940	3722	4257	4494	4019	4593	4613	3940	4237	3979	3405	
1742	2831	3088	3049	2732	1960	1722	1465	1168	712	594	0	356	990	1069	1584	1920	2098	2673	2574	3326	3148	3682	3940	3524	4118	4197	3564	3920	3722	3187	
1722	2950	3286	3286	3009	2217	1999	1801	1524	1009	930	356	0	693	712	1227	1564	1762	2336	2296	3049	2910	3465	3762	3385	4019	4138	3544	3940	3781	3286	
2257	3603	3979	3979	3702	2910	2692	2455	2158	1683	1386	990	693	0	712	910	1326	1702	2217	2376	3069	3069	3663	4019	3742	4415	4613	4078	4514	4395	3920	
1663	3108	3564	3663	3445	2633	2514	2376	2197	1603	1643	1069	712	712	0	554	851	1069	1643	1683	2415	2356	2950	3306	3029	3702	3900	3425	3880	3821	3385	
2059	3564	4059	4177	3979	3168	3069	2950	2732	2158	2138	1584	1227	910	554	0	415	811	1306	1544	2197	2296	2890	3306	3148	3841	4118	3702	4217	4197	3801	
2059	3583	4118	4296	4138	3346	3267	3187	3029	2435	2514	1920	1564	1326	851	415	0	455	891	1188	1801	1960	2554	2989	2890	3583	3900	3544	4098	4118	3762	
1801	3326	3900	4138	4019	3247	3227	3207	3108	2494	2692	2098	1762	1702	1069	811	455	0	574	732	1366	1504	2079	2514	2435	3148	3465	3168	3722	3781	3484	
2217	3663	4276	4554	4494	3722	3742	3762	3682	3049	3286	2673	2336	2217	1643	1306	891	574	0	633	970	1326	1841	2316	2395	3088	3484	3286	3880	4019	3762	
1722	3088	3722	4039	4019	3306	3366	3445	3445	2811	3187	2574	2296	2376	1683	1544	1188	732	633	0	732	772	1346	1782	1782	2475	2851	2653	3227	3385	3168	
2336	3544	4197	4573	4593	3920	4039	4138	4158	3544	3940	3326	3049	3069	2415	2197	1801	1366	970	732	0	633	950	1465	1742	2356	2811	2811	3405	3643	3544	
1861	2930	3603	3999	4059	3445	3583	3742	3821	3227	3722	3148	2910	3069	2356	2296	1960	1504	1326	772	633	0	574	1009	1128	1782	2197	2158	2752	2989	2910	
2257	3088	3762	4197	4336	3781	3960	4158	4276	3702	4257	3682	3465	3663	2950	2890	2554	2079	1841	1346	950	574	0	495	910	1425	1920	2059	2633	2950	2989	
2376	2950	3603	4078	4257	3781	4019	4257	4435	3900	4494	3940	3762	4019	3306	3306	2989	2514	2316	1782	1465	1009	495	0	673	970	1485	1762	2296	2673	2791	
1841	2277	2930	3405	3603	3148	3405	3682	3880	3366	4019	3524	3385	3742	3029	3148	2890	2435	2395	1782	1742	1128	910	673	0	693	1069	1148	1702	2039	2118	
2376	2395	3009	3504	3781	3465	3781	4098	4336	3900	4593	4118	4019	4415	3702	3841	3583	3148	3088	2475	2356	1782	1425	970	693	0	514	1029	1445	1861	2138	
2435	2138	2673	3187	3504	3306	3623	3979	4276	3880	4613	4197	4138	4613	3900	4118	3900	3465	3484	2851	2811	2197	1920	1485	1069	514	0	752	990	1445	1821	
1821	1386	1960	2475	2772	2554	2890	3247	3544	3187	3940	3564	3544	4078	3425	3702	3544	3168	3286	2653	2811	2158	2059	1762	1148	1029	752	0	594	891	1108	
2237	1346	1762	2296	2673	2613	2989	3385	3722	3465	4237	3920	3940	4514	3880	4217	4098	3722	3880	3227	3405	2752	2633	2296	1702	1445	990	594	0	475	970	
2158	970	1306	1821	2217	2237	2613	3029	3405	3207	3979	3722	3781	4395	3821	4197	4118	3781	4019	3385	3643	2989	2950	2673	2039	1861	1445	891	475	0	574	
1722	396	851	1366	1702	1663	2039	2435	2811	2633	3405	3187	3286	3920	3385	3801	3762	3484	3762	3168	3544	2910	2989	2791	2118	2138	1821	1108	970	574	0	
V9
0	1617	2205	2478	2436	1680	1827	2016	2163	1617	2331	1848	1827	2394	1764	2184	2184	1911	2352	1827	2478	1974	2394	2520	1953	2520	2583	1932	2373	2289	1827	
1617	0	714	1197	1470	1344	1743	2163	2562	2394	3213	3003	3129	3822	3297	3780	3801	3528	3885	3276	3759	3108	3276	3129	2415	2541	2268	1470	1428	1029	420	
2205	714	0	546	966	1302	1680	2121	2583	2583	3360	3276	3486	4221	3780	4305	4368	4137	4536	3948	4452	3822	3990	3822	3108	3192	2835	2079	1869	1386	903	
2478	1197	546	0	504	1155	1470	1890	2352	2499	3213	3234	3486	4221	3885	4431	4557	4389	4830	4284	4851	4242	4452	4326	3612	3717	3381	2625	2436	1932	1449	
2436	1470	966	504	0	840	1071	1449	1911	2142	2793	2898	3192	3927	3654	4221	4389	4263	4767	4263	4872	4305	4599	4515	3822	4011	3717	2940	2835	2352	1806	
1680	1344	1302	1155	840	0	399	840	1281	1344	2079	2079	2352	3087	2793	3360	3549	3444	3948	3507	4158	3654	4011	4011	3339	3675	3507	2709	2772	2373	1764	
1827	1743	1680	1470	1071	399	0	441	882	1071	1722	1827	2121	2856	2667	3255	3465	3423	3969	3570	4284	3801	4200	4263	3612	4011	3843	3066	3171	2772	2163	
2016	2163	2121	1890	1449	840	441	0	441	819	1344	1554	1911	2604	2520	3129	3381	3402	3990	3654	4389	3969	4410	4515	3906	4347	4221	3444	3591	3213	2583	
2163	2562	2583	2352	1911	1281	882	441	0	651	924	1239	1617	2289	2331	2898	3213	3297	3906	3654	4410	4053	4536	4704	4116	4599	4536	3759	3948	3612	2982	
1617	2394	2583	2499	2142	1344	1071	819	651	0	798	756	1071	1785	1701	2289	2583	2646	3234	2982	3759	3423	3927	4137	3570	4137	4116	3381	3675	3402	2793	
2331	3213	3360	3213	2793	2079	1722	1344	924	798	0	630	987	1470	1743	2268	2667	2856	3486	3381	4179	3948	4515	4767	4263	4872	4893	4179	4494	4221	3612	
1848	3003	3276	3234	2898	2079	1827	1554	1239	756	630	0	378	1050	1134	1680	2037	2226	2835	2730	3528	3339	3906	4179	3738	4368	4452	3780	4158	3948	3381	
1827	3129	3486	3486	3192	2352	2121	1911	1617	1071	987	378	0	735	756	1302	1659	1869	2478	2436	3234	3087	3675	3990	3591	4263	4389	3759	4179	4011	3486	
2394	3822	4221	4221	3927	3087	2856	2604	2289	1785	1470	1050	735	0	756	966	1407	1806	2352	2520	3255	3255	3885	4263	3969	4683	4893	4326	4788	4662	4158	
1764	3297	3780	3885	3654	2793	2667	2520	2331	1701	1743	1134	756	756	0	588	903	1134	1743	1785	2562	2499	3129	3507	3213	3927	4137	3633	4116	4053	3591	
2184	3780	4305	4431	4221	3360	3255	3129	2898	2289	2268	1680	1302	966	588	0	441	861	1386	1638	2331	2436	3066	3507	3339	4074	4368	3927	4473	4452	4032	
2184	3801	4368	4557	4389	3549	3465	3381	3213	2583	2667	2037	1659	1407	903	441	0	483	945	1260	1911	2079	2709	3171	3066	3801	4137	3759	4347	4368	3990	
1911	3528	4137	4389	4263	3444	3423	3402	3297	2646	2856	2226	1869	1806	1134	861	483	0	609	777	1449	1596	2205	2667	2583	3339	3675	3360	3948	4011	3696	
2352	3885	4536	4830	4767	3948	3969	3990	3906	3234	3486	2835	2478	2352	1743	1386	945	609	0	672	1029	1407	1953	2457	2541	3276	3696	3486	4116	4263	3990	
1827	3276	3948	4284	4263	3507	3570	3654	3654	2982	3381	2730	2436	2520	1785	1638	1260	777	672	0	777	819	1428	1890	1890	2625	3024	2814	3423	3591	3360	
2478	3759	4452	4851	4872	4158	4284	4389	4410	3759	4179	3528	3234	3255	2562	2331	1911	1449	1029	777	0	672	1008	1554	1848	2499	2982	2982	3612	3864	3759	
1974	3108	3822	4242	4305	3654	3801	3969	4053	3423	3948	3339	3087	3255	2499	2436	2079	1596	1407	819	672	0	609	1071	1197	1890	2331	2289	2919	3171	3087	
2394	3276	3990	4452	4599	4011	4200	4410	4536	3927	4515	3906	3675	3885	3129	3066	2709	2205	1953	1428	1008	609	0	525	966	1512	2037	2184	2793	3129	3171	
2520	3129	3822	4326	4515	4011	4263	4515	4704	4137	4767	4179	3990	4263	3507	3507	3171	2667	2457	1890	1554	1071	525	0	714	1029	1575	1869	2436	2835	2961	
1953	2415	3108	3612	3822	3339	3612	3906	4116	3570	4263	3738	3591	3969	3213	3339	3066	2583	2541	1890	1848	1197	966	714	0	735	1134	1218	1806	2163	2247	
2520	2541	3192	3717	4011	3675	4011	4347	4599	4137	4872	4368	4263	4683	3927	4074	3801	3339	3276	2625	2499	1890	1512	1029	735	0	546	1092	1533	1974	2268	
2583	2268	2835	3381	3717	3507	3843	4221	4536	4116	4893	4452	4389	4893	4137	4368	4137	3675	3696	3024	2982	2331	2037	1575	1134	546	0	798	1050	1533	1932	
1932	1470	2079	2625	2940	2709	3066	3444	3759	3381	4179	3780	3759	4326	3633	3927	3759	3360	3486	2814	2982	2289	2184	1869	1218	1092	798	0	630	945	1176	
2373	1428	1869	2436	2835	2772	3171	3591	3948	3675	4494	4158	4179	4788	4116	4473	4347	3948	4116	3423	3612	2919	2793	2436	1806	1533	1050	630	0	504	1029	
2289	1029	1386	1932	2352	2373	2772	3213	3612	3402	4221	3948	4011	4662	4053	4452	4368	4011	4263	3591	3864	3171	3129	2835	2163	1974	1533	945	504	0	609	
1827	420	903	1449	1806	1764	2163	2583	2982	2793	3612	3381	3486	4158	3591	4032	3990	3696	3990	3360	3759	3087	3171	2961	2247	2268	1932	1176	1029	609	0	
V10
0	954	1302	1463	1438	992	1078	1190	1277	954	1376	1091	1078	1413	1041	1289	1289	1128	1388	1078	1463	1165	1413	1488	1153	1488	1525	1140	1401	1351	1078	
954	0	421	706	868	793	1029	1277	1512	1413	1897	1773	1847	2256	1946	2232	2244	2083	2294	1934	2219	1835	1934	1847	1426	1500	1339	868	843	607	248	
1302	421	0	322	570	768	992	1252	1525	1525	1984	1934	2058	2492	2232	2542	2579	2442	2678	2331	2628	2256	2356	2256	1835	1884	1674	1227	1103	818	533	
1463	706	322	0	297	682	868	1116	1388	1475	1897	1909	2058	2492	2294	2616	2690	2591	2852	2529	2864	2504	2628	2554	2132	2194	1996	1550	1438	1140	855	
1438	868	570	297	0	496	632	855	1128	1264	1649	1711	1884	2318	2157	2492	2591	2517	2814	2517	2876	2542	2715	2666	2256	2368	2194	1736	1674	1388	1066	
992	793	768	682	496	0	235	496	756	793	1227	1227	1388	1822	1649	1984	2095	2033	2331	2070	2455	2157	2368	2368	1971	2170	2070	1599	1636	1401	1041	
1078	1029	992	868	632	235	0	260	520	632	1016	1078	1252	1686	1574	1922	2046	2021	2343	2108	2529	2244	2480	2517	2132	2368	2269	1810	1872	1636	1277	
1190	1277	1252	1116	855	496	260	0	260	483	793	917	1128	1537	1488	1847	1996	2008	2356	2157	2591	2343	2604	2666	2306	2566	2492	2033	2120	1897	1525	
1277	1512	1525	1388	1128	756	520	260	0	384	545	731	954	1351	1376	1711	1897	1946	2306	2157	2604	2393	2678	2777	2430	2715	2678	2219	2331	2132	1760	
954	1413	1525	1475	1264	793	632	483	384	0	471	446	632	1054	1004	1351	1525	1562	1909	1760	2219	2021	2318	2442	2108	2442	2430	1996	2170	2008	1649	
1376	1897	1984	1897	1649	1227	1016	793	545	471	0	372	582	868	1029	1339	1574	1686	2058	1996	2467	2331	2666	2814	2517	2876	2889	2467	2653	2492	2132	
1091	1773	1934	1909	1711	1227	1078	917	731	446	372	0	223	620	669	992	1202	1314	1674	1612	2083	1971	2306	2467	2207	2579	2628	2232	2455	2331	1996	
1078	1847	2058	2058	1884	1388	1252	1128	954	632	582	223	0	434	446	768	979	1103	1463	1438	1909	1822	2170	2356	2120	2517	2591	2219	2467	2368	2058	
1413	2256	2492	2492	2318	1822	1686	1537	1351	1054	868	620	434	0	446	570	830	1066	1388	1488	1922	1922	2294	2517	2343	2765	2889	2554	2827	2752	2455	
1041	1946	2232	2294	2157	1649	1574	1488	1376	1004	1029	669	446	446	0	347	533	669	1029	1054	1512	1475	1847	2070	1897	2318	2442	2145	2430	2393	2120	
1289	2232	2542	2616	2492	1984	1922	1847	1711	1351	1339	992	768	570	347	0	260	508	818	967	1376	1438	1810	2070	1971	2405	2579	2318	2641	2628	2380	
1289	2244	2579	2690	2591	2095	2046	1996	1897	1525	1574	1202	979	830	533	260	0	285	558	744	1128	1227	1599	1872	1810	2244	2442	2219	2566	2579	2356	
1128	2083	2442	2591	2517	2033	2021	2008	1946	1562	1686	1314	1103	1066	669	508	285	0	359	458	855	942	1302	1574	1525	1971	2170	1984	2331	2368	2182	
1388	2294	2678	2852	2814	2331	2343	2356	2306	1909	2058	1674	1463	1388	1029	818	558	359	0	396	607	830	1153	1450	1500	1934	2182	2058	2430	2517	2356	
1078	1934	2331	2529	2517	2070	2108	2157	2157	1760	1996	1612	1438	1488	1054	967	744	458	396	0	458	483	843	1116	1116	1550	1785	1661	2021	2120	1984	
1463	2219	2628	2864	2876	2455	2529	2591	2604	2219	2467	2083	1909	1922	1512	1376	1128	855	607	458	0	396	595	917	1091	1475	1760	1760	2132	2281	2219	
1165	1835	2256	2504	2542	2157	2244	2343	2393	2021	2331	1971	1822	1922	1475	1438	1227	942	830	483	396	0	359	632	706	1116	1376	1351	1723	1872	1822	
1413	1934	2356	2628	2715	2368	2480	2604	2678	2318	2666	2306	2170	2294	1847	1810	1599	1302	1153	843	595	359	0	310	570	892	1202	1289	1649	1847	1872	
1488	1847	2256	2554	2666	2368	2517	2666	2777	2442	2814	2467	2356	2517	2070	2070	1872	1574	1450	1116	917	632	310	0	421	607	930	1103	1438	1674	1748	
1153	1426	1835	2132	2256	1971	2132	2306	2430	2108	2517	2207	2120	2343	1897	1971	1810	1525	1500	1116	1091	706	570	421	0	434	669	719	1066	1277	1326	
1488	1500	1884	2194	2368	2170	2368	2566	2715	2442	2876	2579	2517	2765	2318	2405	2244	1971	1934	1550	1475	1116	892	607	434	0	322	644	905	1165	1339	
1525	1339	1674	1996	2194	2070	2269	2492	2678	2430	2889	2628	2591	2889	2442	2579	2442	2170	2182	1785	1760	1376	1202	930	669	322	0	471	620	905	1140	
1140	868	1227	1550	1736	1599	1810	2033	2219	1996	2467	2232	2219	2554	2145	2318	2219	1984	2058	1661	1760	1351	1289	1103	719	644	471	0	372	558	694	
1401	843	1103	1438	1674	1636	1872	2120	2331	2170	2653	2455	2467	2827	2430	2641	2566	2331	2430	2021	2132	1723	1649	1438	1066	905	620	372	0	297	607	
1351	607	818	1140	1388	1401	1636	1897	2132	2008	2492	2331	2368	2752	2393	2628	2579	2368	2517	2120	2281	1872	1847	1674	1277	1165	905	558	297	0	359	
1078	248	533	855	1066	1041	1277	1525	1760	1649	2132	1996	2058	2455	2120	2380	2356	2182	2356	1984	2219	1822	1872	1748	1326	1339	1140	694	607	359	0	
V11
0	1647	2247	2525	2482	1712	1861	2054	2204	1647	2375	1883	1861	2439	1797	2225	2225	1947	2396	1861	2525	2011	2439	2568	1990	2568	2632	1968	2418	2332	1861	
1647	0	727	1219	1498	1369	1776	2204	2610	2439	3274	3060	3188	3894	3359	3852	3873	3595	3959	3338	3830	3167	3338	3188	2461	2589	2311	1498	1455	1048	428	
2247	727	0	556	984	1326	1712	2161	2632	2632	3424	3338	3552	4301	3852	4387	4451	4215	4622	4023	4536	3894	4066	3894	3167	3252	2889	2118	1904	1412	920	
2525	1219	556	0	513	1177	1498	1926	2396	2546	3274	3295	3552	4301	3959	4515	4643	4472	4922	4365	4943	4322	4536	4408	3680	3787	3445	2675	2482	1968	1476	
2482	1498	984	513	0	856	1091	1476	1947	2182	2846	2953	3252	4001	3723	4301	4472	4344	4857	4344	4964	4387	4686	4601	3894	4087	3787	2996	2889	2396	1840	
1712	1369	1326	1177	856	0	406	856	1305	1369	2118	2118	2396	3145	2846	3424	3616	3509	4023	3573	4237	3723	4087	4087	3402	3745	3573	2760	2824	2418	1797	
1861	1776	1712	1498	1091	406	0	449	898	1091	1754	1861	2161	2910	2717	3317	3531	3488	4044	3638	4365	3873	4280	4344	3680	4087	3916	3124	3231	2824	2204	
2054	2204	2161	1926	1476	856	449	0	449	834	1369	1583	1947	2653	2568	3188	3445	3466	4066	3723	4472	4044	4494	4601	3980	4429	4301	3509	3659	3274	2632	
2204	2610	2632	2396	1947	1305	898	449	0	663	941	1262	1647	2332	2375	2953	3274	3359	3980	3723	4494	4130	4622	4793	4194	4686	4622	3830	4023	3680	3038	
1647	2439	2632	2546	2182	1369	1091	834	663	0	813	770	1091	1819	1733	2332	2632	2696	3295	3038	3830	3488	4001	4215	3638	4215	4194	3445	3745	3466	2846	
2375	3274	3424	3274	2846	2118	1754	1369	941	813	0	642	1005	1498	1776	2311	2717	2910	3552	3445	4258	4023	4601	4857	4344	4964	4986	4258	4579	4301	3680	
1883	3060	3338	3295	2953	2118	1861	1583	1262	770	642	0	385	1070	1155	1712	2075	2268	2889	2782	3595	3402	3980	4258	3809	4451	4536	3852	4237	4023	3445	
1861	3188	3552	3552	3252	2396	2161	1947	1647	1091	1005	385	0	749	770	1326	1690	1904	2525	2482	3295	3145	3745	4066	3659	4344	4472	3830	4258	4087	3552	
2439	3894	4301	4301	4001	3145	2910	2653	2332	1819	1498	1070	749	0	770	984	1433	1840	2396	2568	3317	3317	3959	4344	4044	4772	4986	4408	4879	4750	4237	
1797	3359	3852	3959	3723	2846	2717	2568	2375	1733	1776	1155	770	770	0	599	920	1155	1776	1819	2610	2546	3188	3573	3274	4001	4215	3702	4194	4130	3659	
2225	3852	4387	4515	4301	3424	3317	3188	2953	2332	2311	1712	1326	984	599	0	449	877	1412	1669	2375	2482	3124	3573	3402	4151	4451	4001	4558	4536	4108	
2225	3873	4451	4643	4472	3616	3531	3445	3274	2632	2717	2075	1690	1433	920	449	0	492	963	1284	1947	2118	2760	3231	3124	3873	4215	3830	4429	4451	4066	
1947	3595	4215	4472	4344	3509	3488	3466	3359	2696	2910	2268	1904	1840	1155	877	492	0	620	791	1476	1626	2247	2717	2632	3402	3745	3424	4023	4087	3766	
2396	3959	4622	4922	4857	4023	4044	4066	3980	3295	3552	2889	2525	2396	1776	1412	963	620	0	684	1048	1433	1990	2503	2589	3338	3766	3552	4194	4344	4066	
1861	3338	4023	4365	4344	3573	3638	3723	3723	3038	3445	2782	2482	2568	1819	1669	1284	791	684	0	791	834	1455	1926	1926	2675	3081	2867	3488	3659	3424	
2525	3830	4536	4943	4964	4237	4365	4472	4494	3830	4258	3595	3295	3317	2610	2375	1947	1476	1048	791	0	684	1027	1583	1883	2546	3038	3038	3680	3937	3830	
2011	3167	3894	4322	4387	3723	3873	4044	4130	3488	4023	3402	3145	3317	2546	2482	2118	1626	1433	834	684	0	620	1091	1219	1926	2375	2332	2974	3231	3145	
2439	3338	4066	4536	4686	4087	4280	4494	4622	4001	4601	3980	3745	3959	3188	3124	2760	2247	1990	1455	1027	620	0	535	984	1540	2075	2225	2846	3188	3231	
2568	3188	3894	4408	4601	4087	4344	4601	4793	4215	4857	4258	4066	4344	3573	3573	3231	2717	2503	1926	1583	1091	535	0	727	1048	1605	1904	2482	2889	3017	
1990	2461	3167	3680	3894	3402	3680	3980	4194	3638	4344	3809	3659	4044	3274	3402	3124	2632	2589	1926	1883	1219	984	727	0	749	1155	1241	1840	2204	2289	
2568	2589	3252	3787	4087	3745	4087	4429	4686	4215	4964	4451	4344	4772	4001	4151	3873	3402	3338	2675	2546	1926	1540	1048	749	0	556	1112	1562	2011	2311	
2632	2311	2889	3445	3787	3573	3916	4301	4622	4194	4986	4536	4472	4986	4215	4451	4215	3745	3766	3081	3038	2375	2075	1605	1155	556	0	813	1070	1562	1968	
1968	1498	2118	2675	2996	2760	3124	3509	3830	3445	4258	3852	3830	4408	3702	4001	3830	3424	3552	2867	3038	2332	2225	1904	1241	1112	813	0	642	963	1198	
2418	1455	1904	2482	2889	2824	3231	3659	4023	3745	4579	4237	4258	4879	4194	4558	4429	4023	4194	3488	3680	2974	2846	2482	1840	1562	1070	642	0	513	1048	
2332	1048	1412	1968	2396	2418	2824	3274	3680	3466	4301	4023	4087	4750	4130	4536	4451	4087	4344	3659	3937	3231	3188	2889	2204	2011	1562	963	513	0	620	
1861	428	920	1476	1840	1797	2204	2632	3038	2846	3680	3445	3552	4237	3659	4108	4066	3766	4066	3424	3830	3145	3231	3017	2289	2311	1968	1198	1048	620	0	
V12
0	1139	1554	1746	1716	1184	1287	1420	1524	1139	1642	1302	1287	1687	1243	1539	1539	1346	1657	1287	1746	1391	1687	1776	1376	1776	1820	1361	1672	1613	1287	
1139	0	503	843	1036	947	1228	1524	1805	1687	2264	2116	2205	2693	2323	2664	2678	2486	2738	2308	2649	2190	2308	2205	1702	1790	1598	1036	1006	725	296	
1554	503	0	384	680	917	1184	1494	1820	1820	2368	2308	2456	2974	2664	3034	3078	2915	3196	2782	3137	2693	2812	2693	2190	2249	1998	1465	1317	976	636	
1746	843	384	0	355	814	1036	1332	1657	1761	2264	2279	2456	2974	2738	3122	3211	3093	3404	3019	3418	2989	3137	3048	2545	2619	2382	1850	1716	1361	1021	
1716	1036	680	355	0	592	754	1021	1346	1509	1968	2042	2249	2767	2575	2974	3093	3004	3359	3004	3433	3034	3241	3182	2693	2826	2619	2072	1998	1657	1272	
1184	947	917	814	592	0	281	592	902	947	1465	1465	1657	2175	1968	2368	2501	2427	2782	2471	2930	2575	2826	2826	2353	2590	2471	1909	1953	1672	1243	
1287	1228	1184	1036	754	281	0	310	621	754	1213	1287	1494	2012	1879	2294	2442	2412	2797	2516	3019	2678	2960	3004	2545	2826	2708	2160	2234	1953	1524	
1420	1524	1494	1332	1021	592	310	0	310	577	947	1095	1346	1835	1776	2205	2382	2397	2812	2575	3093	2797	3108	3182	2752	3063	2974	2427	2530	2264	1820	
1524	1805	1820	1657	1346	902	621	310	0	458	651	873	1139	1613	1642	2042	2264	2323	2752	2575	3108	2856	3196	3315	2900	3241	3196	2649	2782	2545	2101	
1139	1687	1820	1761	1509	947	754	577	458	0	562	532	754	1258	1198	1613	1820	1864	2279	2101	2649	2412	2767	2915	2516	2915	2900	2382	2590	2397	1968	
1642	2264	2368	2264	1968	1465	1213	947	651	562	0	444	695	1036	1228	1598	1879	2012	2456	2382	2945	2782	3182	3359	3004	3433	3448	2945	3167	2974	2545	
1302	2116	2308	2279	2042	1465	1287	1095	873	532	444	0	266	740	799	1184	1435	1568	1998	1924	2486	2353	2752	2945	2634	3078	3137	2664	2930	2782	2382	
1287	2205	2456	2456	2249	1657	1494	1346	1139	754	695	266	0	518	532	917	1169	1317	1746	1716	2279	2175	2590	2812	2530	3004	3093	2649	2945	2826	2456	
1687	2693	2974	2974	2767	2175	2012	1835	1613	1258	1036	740	518	0	532	680	991	1272	1657	1776	2294	2294	2738	3004	2797	3300	3448	3048	3374	3285	2930	
1243	2323	2664	2738	2575	1968	1879	1776	1642	1198	1228	799	532	532	0	414	636	799	1228	1258	1805	1761	2205	2471	2264	2767	2915	2560	2900	2856	2530	
1539	2664	3034	3122	2974	2368	2294	2205	2042	1613	1598	1184	917	680	414	0	310	606	976	1154	1642	1716	2160	2471	2353	2871	3078	2767	3152	3137	2841	
1539	2678	3078	3211	3093	2501	2442	2382	2264	1820	1879	1435	1169	991	636	310	0	340	666	888	1346	1465	1909	2234	2160	2678	2915	2649	3063	3078	2812	
1346	2486	2915	3093	3004	2427	2412	2397	2323	1864	2012	1568	1317	1272	799	606	340	0	429	547	1021	1124	1554	1879	1820	2353	2590	2368	2782	2826	2604	
1657	2738	3196	3404	3359	2782	2797	2812	2752	2279	2456	1998	1746	1657	1228	976	666	429	0	473	725	991	1376	1731	1790	2308	2604	2456	2900	3004	2812	
1287	2308	2782	3019	3004	2471	2516	2575	2575	2101	2382	1924	1716	1776	1258	1154	888	547	473	0	547	577	1006	1332	1332	1850	2131	1983	2412	2530	2368	
1746	2649	3137	3418	3433	2930	3019	3093	3108	2649	2945	2486	2279	2294	1805	1642	1346	1021	725	547	0	473	710	1095	1302	1761	2101	2101	2545	2723	2649	
1391	2190	2693	2989	3034	2575	2678	2797	2856	2412	2782	2353	2175	2294	1761	1716	1465	1124	991	577	473	0	429	754	843	1332	1642	1613	2057	2234	2175	
1687	2308	2812	3137	3241	2826	2960	3108	3196	2767	3182	2752	2590	2738	2205	2160	1909	1554	1376	1006	710	429	0	370	680	1065	1435	1539	1968	2205	2234	
1776	2205	2693	3048	3182	2826	3004	3182	3315	2915	3359	2945	2812	3004	2471	2471	2234	1879	1731	1332	1095	754	370	0	503	725	1110	1317	1716	1998	2086	
1376	1702	2190	2545	2693	2353	2545	2752	2900	2516	3004	2634	2530	2797	2264	2353	2160	1820	1790	1332	1302	843	680	503	0	518	799	858	1272	1524	1583	
1776	1790	2249	2619	2826	2590	2826	3063	3241	2915	3433	3078	3004	3300	2767	2871	2678	2353	2308	1850	1761	1332	1065	725	518	0	384	769	1080	1391	1598	
1820	1598	1998	2382	2619	2471	2708	2974	3196	2900	3448	3137	3093	3448	2915	3078	2915	2590	2604	2131	2101	1642	1435	1110	799	384	0	562	740	1080	1361	
1361	1036	1465	1850	2072	1909	2160	2427	2649	2382	2945	2664	2649	3048	2560	2767	2649	2368	2456	1983	2101	1613	1539	1317	858	769	562	0	444	666	828	
1672	1006	1317	1716	1998	1953	2234	2530	2782	2590	3167	2930	2945	3374	2900	3152	3063	2782	2900	2412	2545	2057	1968	1716	1272	1080	740	444	0	355	725	
1613	725	976	1361	1657	1672	1953	2264	2545	2397	2974	2782	2826	3285	2856	3137	3078	2826	3004	2530	2723	2234	2205	1998	1524	1391	1080	666	355	0	429	
1287	296	636	1021	1272	1243	1524	1820	2101	1968	2545	2382	2456	2930	2530	2841	2812	2604	2812	2368	2649	2175	2234	2086	1583	1598	1361	828	725	429	0	
V13
0	785	1071	1203	1183	816	887	979	1050	785	1132	897	887	1162	856	1060	1060	928	1142	887	1203	958	1162	1224	948	1224	1254	938	1152	1111	887	
785	0	346	581	714	652	846	1050	1244	1162	1560	1458	1519	1856	1601	1836	1846	1713	1887	1591	1825	1509	1591	1519	1173	1234	1101	714	693	499	204	
1071	346	0	265	469	632	816	1030	1254	1254	1632	1591	1693	2050	1836	2091	2121	2009	2203	1917	2162	1856	1938	1856	1509	1550	1377	1009	907	673	438	
1203	581	265	0	244	561	714	918	1142	1213	1560	1570	1693	2050	1887	2152	2213	2131	2346	2080	2356	2060	2162	2101	1754	1805	1642	1275	1183	938	703	
1183	714	469	244	0	408	520	703	928	1040	1356	1407	1550	1907	1774	2050	2131	2070	2315	2070	2366	2091	2233	2193	1856	1948	1805	1428	1377	1142	877	
816	652	632	561	408	0	193	408	622	652	1009	1009	1142	1499	1356	1632	1723	1672	1917	1703	2019	1774	1948	1948	1621	1785	1703	1315	1346	1152	856	
887	846	816	714	520	193	0	214	428	520	836	887	1030	1387	1295	1581	1683	1662	1927	1734	2080	1846	2040	2070	1754	1948	1866	1489	1540	1346	1050	
979	1050	1030	918	703	408	214	0	214	397	652	754	928	1264	1224	1519	1642	1652	1938	1774	2131	1927	2142	2193	1897	2111	2050	1672	1744	1560	1254	
1050	1244	1254	1142	928	622	428	214	0	316	448	601	785	1111	1132	1407	1560	1601	1897	1774	2142	1968	2203	2284	1999	2233	2203	1825	1917	1754	1448	
785	1162	1254	1213	1040	652	520	397	316	0	387	367	520	867	826	1111	1254	1285	1570	1448	1825	1662	1907	2009	1734	2009	1999	1642	1785	1652	1356	
1132	1560	1632	1560	1356	1009	836	652	448	387	0	306	479	714	846	1101	1295	1387	1693	1642	2029	1917	2193	2315	2070	2366	2376	2029	2182	2050	1754	
897	1458	1591	1570	1407	1009	887	754	601	367	306	0	183	510	550	816	989	1081	1377	1326	1713	1621	1897	2029	1815	2121	2162	1836	2019	1917	1642	
887	1519	1693	1693	1550	1142	1030	928	785	520	479	183	0	357	367	632	805	907	1203	1183	1570	1499	1785	1938	1744	2070	2131	1825	2029	1948	1693	
1162	1856	2050	2050	1907	1499	1387	1264	1111	867	714	510	357	0	367	469	683	877	1142	1224	1581	1581	1887	2070	1927	2274	2376	2101	2325	2264	2019	
856	1601	1836	1887	1774	1356	1295	1224	1132	826	846	550	367	367	0	285	438	550	846	867	1244	1213	1519	1703	1560	1907	2009	1764	1999	1968	1744	
1060	1836	2091	2152	2050	1632	1581	1519	1407	1111	1101	816	632	469	285	0	214	418	673	795	1132	1183	1489	1703	1621	1978	2121	1907	2172	2162	1958	
1060	1846	2121	2213	2131	1723	1683	1642	1560	1254	1295	989	805	683	438	214	0	234	459	612	928	1009	1315	1540	1489	1846	2009	1825	2111	2121	1938	
928	1713	2009	2131	2070	1672	1662	1652	1601	1285	1387	1081	907	877	550	418	234	0	295	377	703	775	1071	1295	1254	1621	1785	1632	1917	1948	1795	
1142	1887	2203	2346	2315	1917	1927	1938	1897	1570	1693	1377	1203	1142	846	673	459	295	0	326	499	683	948	1193	1234	1591	1795	1693	1999	2070	1938	
887	1591	1917	2080	2070	1703	1734	1774	1774	1448	1642	1326	1183	1224	867	795	612	377	326	0	377	397	693	918	918	1275	1468	1366	1662	1744	1632	
1203	1825	2162	2356	2366	2019	2080	2131	2142	1825	2029	1713	1570	1581	1244	1132	928	703	499	377	0	326	489	754	897	1213	1448	1448	1754	1876	1825	
958	1509	1856	2060	2091	1774	1846	1927	1968	1662	1917	1621	1499	1581	1213	1183	1009	775	683	397	326	0	295	520	581	918	1132	1111	1417	1540	1499	
1162	1591	1938	2162	2233	1948	2040	2142	2203	1907	2193	1897	1785	1887	1519	1489	1315	1071	948	693	489	295	0	255	469	734	989	1060	1356	1519	1540	
1224	1519	1856	2101	2193	1948	2070	2193	2284	2009	2315	2029	1938	2070	1703	1703	1540	1295	1193	918	754	520	255	0	346	499	765	907	1183	1377	1438	
948	1173	1509	1754	1856	1621	1754	1897	1999	1734	2070	1815	1744	1927	1560	1621	1489	1254	1234	918	897	581	469	346	0	357	550	591	877	1050	1091	
1224	1234	1550	1805	1948	1785	1948	2111	2233	2009	2366	2121	2070	2274	1907	1978	1846	1621	1591	1275	1213	918	734	499	357	0	265	530	744	958	1101	
1254	1101	1377	1642	1805	1703	1866	2050	2203	1999	2376	2162	2131	2376	2009	2121	2009	1785	1795	1468	1448	1132	989	765	550	265	0	387	510	744	938	
938	714	1009	1275	1428	1315	1489	1672	1825	1642	2029	1836	1825	2101	1764	1907	1825	1632	1693	1366	1448	1111	1060	907	591	530	387	0	306	459	571	
1152	693	907	1183	1377	1346	1540	1744	1917	1785	2182	2019	2029	2325	1999	2172	2111	1917	1999	1662	1754	1417	1356	1183	877	744	510	306	0	244	499	
1111	499	673	938	1142	1152	1346	1560	1754	1652	2050	1917	1948	2264	1968	2162	2121	1948	2070	1744	1876	1540	1519	1377	1050	958	744	459	244	0	295	
887	204	438	703	877	856	1050	1254	1448	1356	1754	1642	1693	2019	1744	1958	1938	1795	1938	1632	1825	1499	1540	1438	1091	1101	938	571	499	295	0	
V14
0	1586	2163	2430	2389	1648	1792	1977	2121	1586	2286	1812	1792	2348	1730	2142	2142	1874	2307	1792	2430	1936	2348	2472	1915	2472	2533	1895	2327	2245	1792	
1586	0	700	1174	1442	1318	1709	2121	2513	2348	3151	2945	3069	3749	3234	3708	3728	3460	3811	3213	3687	3048	3213	3069	2369	2492	2224	1442	1400	1009	412	
2163	700	0	535	947	1277	1648	2080	2533	2533	3296	3213	3419	4140	3708	4223	4284	4058	4449	3872	4367	3749	3914	3749	3048	3131	2781	2039	1833	1359	885	
2430	1174	535	0	494	1133	1442	1854	2307	2451	3151	3172	3419	4140	3811	4346	4470	4305	4738	4202	4758	4161	4367	4243	3543	3646	3316	2575	2389	1895	1421	
2389	1442	947	494	0	824	1050	1421	1874	2101	2739	2842	3131	3852	3584	4140	4305	4181	4676	4181	4779	4223	4511	4429	3749	3934	3646	2884	2781	2307	1771	
1648	1318	1277	1133	824	0	391	824	1256	1318	2039	2039	2307	3028	2739	3296	3481	3378	3872	3440	4078	3584	3934	3934	3275	3605	3440	2657	2719	2327	1730	
1792	1709	1648	1442	1050	391	0	432	865	1050	1689	1792	2080	2801	2616	3193	3399	3357	3893	3502	4202	3728	4120	4181	3543	3934	3769	3007	3110	2719	2121	
1977	2121	2080	1854	1421	824	432	0	432	803	1318	1524	1874	2554	2472	3069	3316	3337	3914	3584	4305	3893	4326	4429	3831	4264	4140	3378	3522	3151	2533	
2121	2513	2533	2307	1874	1256	865	432	0	638	906	1215	1586	2245	2286	2842	3151	3234	3831	3584	4326	3975	4449	4614	4037	4511	4449	3687	3872	3543	2925	
1586	2348	2533	2451	2101	1318	1050	803	638	0	782	741	1050	1751	1668	2245	2533	2595	3172	2925	3687	3357	3852	4058	3502	4058	4037	3316	3605	3337	2739	
2286	3151	3296	3151	2739	2039	1689	1318	906	782	0	618	968	1442	1709	2224	2616	2801	3419	3316	4099	3872	4429	4676	4181	4779	4799	4099	4408	4140	3543	
1812	2945	3213	3172	2842	2039	1792	1524	1215	741	618	0	370	1030	1112	1648	1998	2183	2781	2678	3460	3275	3831	4099	3666	4284	4367	3708	4078	3872	3316	
1792	3069	3419	3419	3131	2307	2080	1874	1586	1050	968	370	0	721	741	1277	1627	1833	2430	2389	3172	3028	3605	3914	3522	4181	4305	3687	4099	3934	3419	
2348	3749	4140	4140	3852	3028	2801	2554	2245	1751	1442	1030	721	0	741	947	1380	1771	2307	2472	3193	3193	3811	4181	3893	4593	4799	4243	4696	4573	4078	
1730	3234	3708	3811	3584	2739	2616	2472	2286	1668	1709	1112	741	741	0	576	885	1112	1709	1751	2513	2451	3069	3440	3151	3852	4058	3563	4037	3975	3522	
2142	3708	4223	4346	4140	3296	3193	3069	2842	2245	2224	1648	1277	947	576	0	432	844	1359	1606	2286	2389	3007	3440	3275	3996	4284	3852	4387	4367	3955	
2142	3728	4284	4470	4305	3481	3399	3316	3151	2533	2616	1998	1627	1380	885	432	0	473	927	1236	1874	2039	2657	3110	3007	3728	4058	3687	4264	4284	3914	
1874	3460	4058	4305	4181	3378	3357	3337	3234	2595	2801	2183	1833	1771	1112	844	473	0	597	762	1421	1565	2163	2616	2533	3275	3605	3296	3872	3934	3625	
2307	3811	4449	4738	4676	3872	3893	3914	3831	3172	3419	2781	2430	2307	1709	1359	927	597	0	659	1009	1380	1915	2410	2492	3213	3625	3419	4037	4181	3914	
1792	3213	3872	4202	4181	3440	3502	3584	3584	2925	3316	2678	2389	2472	1751	1606	1236	762	659	0	762	803	1400	1854	1854	2575	2966	2760	3357	3522	3296	
2430	3687	4367	4758	4779	4078	4202	4305	4326	3687	4099	3460	3172	3193	2513	2286	1874	1421	1009	762	0	659	988	1524	1812	2451	2925	2925	3543	3790	3687	
1936	3048	3749	4161	4223	3584	3728	3893	3975	3357	3872	3275	3028	3193	2451	2389	2039	1565	1380	803	659	0	597	1050	1174	1854	2286	2245	2863	3110	3028	
2348	3213	3914	4367	4511	3934	4120	4326	4449	3852	4429	3831	3605	3811	3069	3007	2657	2163	1915	1400	988	597	0	515	947	1483	1998	2142	2739	3069	3110	
2472	3069	3749	4243	4429	3934	4181	4429	4614	4058	4676	4099	3914	4181	3440	3440	3110	2616	2410	1854	1524	1050	515	0	700	1009	1545	1833	2389	2781	2904	
1915	2369	3048	3543	3749	3275	3543	3831	4037	3502	4181	3666	3522	3893	3151	3275	3007	2533	2492	1854	1812	1174	947	700	0	721	1112	1194	1771	2121	2204	
2472	2492	3131	3646	3934	3605	3934	4264	4511	4058	4779	4284	4181	4593	3852	3996	3728	3275	3213	2575	2451	1854	1483	1009	721	0	535	1071	1503	1936	2224	
2533	2224	2781	3316	3646	3440	3769	4140	4449	4037	4799	4367	4305	4799	4058	4284	4058	3605	3625	2966	2925	2286	1998	1545	1112	535	0	782	1030	1503	1895	
1895	1442	2039	2575	2884	2657	3007	3378	3687	3316	4099	3708	3687	4243	3563	3852	3687	3296	3419	2760	2925	2245	2142	1833	1194	1071	782	0	618	927	1153	
2327	1400	1833	2389	2781	2719	3110	3522	3872	3605	4408	4078	4099	4696	4037	4387	4264	3872	4037	3357	3543	2863	2739	2389	1771	1503	1030	618	0	494	1009	
2245	1009	1359	1895	2307	2327	2719	3151	3543	3337	4140	3872	3934	4573	3975	4367	4284	3934	4181	3522	3790	3110	3069	2781	2121	1936	1503	927	494	0	597	
1792	412	885	1421	1771	1730	2121	2533	2925	2739	3543	3316	3419	4078	3522	3955	3914	3625	3914	3296	3687	3028	3110	2904	2204	2224	1895	1153	1009	597	0	
V15
0	770	1050	1180	1160	800	870	960	1030	770	1110	880	870	1140	840	1040	1040	910	1120	870	1180	940	1140	1200	930	1200	1230	920	1130	1090	870	
770	0	340	570	700	640	830	1030	1220	1140	1530	1430	1490	1820	1570	1800	1810	1680	1850	1560	1790	1480	1560	1490	1150	1210	1080	700	680	490	200	
1050	340	0	260	460	620	800	1010	1230	1230	1600	1560	1660	2010	1800	2050	2080	1970	2160	1880	2120	1820	1900	1820	1480	1520	1350	990	890	660	430	
1180	570	260	0	240	550	700	900	1120	1190	1530	1540	1660	2010	1850	2110	2170	2090	2300	2040	2310	2020	2120	2060	1720	1770	1610	1250	1160	920	690	
1160	700	460	240	0	400	510	690	910	1020	1330	1380	1520	1870	1740	2010	2090	2030	2270	2030	2320	2050	2190	2150	1820	1910	1770	1400	1350	1120	860	
800	640	620	550	400	0	190	400	610	640	990	990	1120	1470	1330	1600	1690	1640	1880	1670	1980	1740	1910	1910	1590	1750	1670	1290	1320	1130	840	
870	830	800	700	510	190	0	210	420	510	820	870	1010	1360	1270	1550	1650	1630	1890	1700	2040	1810	2000	2030	1720	1910	1830	1460	1510	1320	1030	
960	1030	1010	900	690	400	210	0	210	390	640	740	910	1240	1200	1490	1610	1620	1900	1740	2090	1890	2100	2150	1860	2070	2010	1640	1710	1530	1230	
1030	1220	1230	1120	910	610	420	210	0	310	440	590	770	1090	1110	1380	1530	1570	1860	1740	2100	1930	2160	2240	1960	2190	2160	1790	1880	1720	1420	
770	1140	1230	1190	1020	640	510	390	310	0	380	360	510	850	810	1090	1230	1260	1540	1420	1790	1630	1870	1970	1700	1970	1960	1610	1750	1620	1330	
1110	1530	1600	1530	1330	990	820	640	440	380	0	300	470	700	830	1080	1270	1360	1660	1610	1990	1880	2150	2270	2030	2320	2330	1990	2140	2010	1720	
880	1430	1560	1540	1380	990	870	740	590	360	300	0	180	500	540	800	970	1060	1350	1300	1680	1590	1860	1990	1780	2080	2120	1800	1980	1880	1610	
870	1490	1660	1660	1520	1120	1010	910	770	510	470	180	0	350	360	620	790	890	1180	1160	1540	1470	1750	1900	1710	2030	2090	1790	1990	1910	1660	
1140	1820	2010	2010	1870	1470	1360	1240	1090	850	700	500	350	0	360	460	670	860	1120	1200	1550	1550	1850	2030	1890	2230	2330	2060	2280	2220	1980	
840	1570	1800	1850	1740	1330	1270	1200	1110	810	830	540	360	360	0	280	430	540	830	850	1220	1190	1490	1670	1530	1870	1970	1730	1960	1930	1710	
1040	1800	2050	2110	2010	1600	1550	1490	1380	1090	1080	800	620	460	280	0	210	410	660	780	1110	1160	1460	1670	1590	1940	2080	1870	2130	2120	1920	
1040	1810	2080	2170	2090	1690	1650	1610	1530	1230	1270	970	790	670	430	210	0	230	450	600	910	990	1290	1510	1460	1810	1970	1790	2070	2080	1900	
910	1680	1970	2090	2030	1640	1630	1620	1570	1260	1360	1060	890	860	540	410	230	0	290	370	690	760	1050	1270	1230	1590	1750	1600	1880	1910	1760	
1120	1850	2160	2300	2270	1880	1890	1900	1860	1540	1660	1350	1180	1120	830	660	450	290	0	320	490	670	930	1170	1210	1560	1760	1660	1960	2030	1900	
870	1560	1880	2040	2030	1670	1700	1740	1740	1420	1610	1300	1160	1200	850	780	600	370	320	0	370	390	680	900	900	1250	1440	1340	1630	1710	1600	
1180	1790	2120	2310	2320	1980	2040	2090	2100	1790	1990	1680	1540	1550	1220	1110	910	690	490	370	0	320	480	740	880	1190	1420	1420	1720	1840	1790	
940	1480	1820	2020	2050	1740	1810	1890	1930	1630	1880	1590	1470	1550	1190	1160	990	760	670	390	320	0	290	510	570	900	1110	1090	1390	1510	1470	
1140	1560	1900	2120	2190	1910	2000	2100	2160	1870	2150	1860	1750	1850	1490	1460	1290	1050	930	680	480	290	0	250	460	720	970	1040	1330	1490	1510	
1200	1490	1820	2060	2150	1910	2030	2150	2240	1970	2270	1990	1900	2030	1670	1670	1510	1270	1170	900	740	510	250	0	340	490	750	890	1160	1350	1410	
930	1150	1480	1720	1820	1590	1720	1860	1960	1700	2030	1780	1710	1890	1530	1590	1460	1230	1210	900	880	570	460	340	0	350	540	580	860	1030	1070	
1200	1210	1520	1770	1910	1750	1910	2070	2190	1970	2320	2080	2030	2230	1870	1940	1810	1590	1560	1250	1190	900	720	490	350	0	260	520	730	940	1080	
1230	1080	1350	1610	1770	1670	1830	2010	2160	1960	2330	2120	2090	2330	1970	2080	1970	1750	1760	1440	1420	1110	970	750	540	260	0	380	500	730	920	
920	700	990	1250	1400	1290	1460	1640	1790	1610	1990	1800	1790	2060	1730	1870	1790	1600	1660	1340	1420	1090	1040	890	580	520	380	0	300	450	560	
1130	680	890	1160	1350	1320	1510	1710	1880	1750	2140	1980	1990	2280	1960	2130	2070	1880	1960	1630	1720	1390	1330	1160	860	730	500	300	0	240	490	
1090	490	660	920	1120	1130	1320	1530	1720	1620	2010	1880	1910	2220	1930	2120	2080	1910	2030	1710	1840	1510	1490	1350	1030	940	730	450	240	0	290	
870	200	430	690	860	840	1030	1230	1420	1330	1720	1610	1660	1980	1710	1920	1900	1760	1900	1600	1790	1470	1510	1410	1070	1080	920	560	490	290	0	
Velocidade_Veiculos
1	1	1	1	1	1	1	1	1	1	1	1	1	1	1	1	