M: 4
N: 30
Nun_Veiculos: 10
Capacidade_Total: 783
Demanda_Total: 517
Setup_Min: 1
Setup_Max: 99
Raio: 20
Circulos: 1
Tempo_Processamento_Min: 1
Tempo_Processamento_Max: 49
Demanda_Min: 10
Demanda_Max: 30
Priority_Factor: 0.2
Range_Factor_R: 0.8
U_factor: 2
ALpha: 0.2Replicao: 1
Tempos_Processamentos
0	0	1	0	2	0	3	0	
0	22	1	42	2	37	3	35	
0	20	1	32	2	21	3	6	
0	13	1	23	2	26	3	46	
0	16	1	31	2	12	3	17	
0	11	1	49	2	23	3	33	
0	42	1	9	2	33	3	27	
0	29	1	14	2	10	3	25	
0	5	1	2	2	45	3	8	
0	34	1	23	2	12	3	18	
0	5	1	43	2	5	3	4	
0	5	1	8	2	46	3	28	
0	41	1	28	2	23	3	28	
0	13	1	6	2	41	3	20	
0	26	1	45	2	9	3	46	
0	13	1	10	2	39	3	28	
0	32	1	49	2	31	3	42	
0	46	1	15	2	2	3	48	
0	3	1	41	2	44	3	15	
0	35	1	31	2	36	3	34	
0	36	1	3	2	22	3	44	
0	45	1	23	2	4	3	14	
0	27	1	47	2	12	3	12	
0	21	1	44	2	35	3	14	
0	19	1	3	2	36	3	11	
0	19	1	36	2	2	3	20	
0	33	1	40	2	46	3	18	
0	22	1	40	2	37	3	6	
0	11	1	28	2	34	3	33	
0	7	1	43	2	26	3	27	
0	27	1	12	2	31	3	28	

Tempos_setup
M0
0	0	0	0	0	0	0	0	0	0	0	0	0	0	0	0	0	0	0	0	0	0	0	0	0	0	0	0	0	0	0	
0	0	16	7	11	17	13	20	14	25	17	10	13	6	35	23	18	16	11	19	11	15	15	24	17	12	5	21	20	14	18	
0	19	0	21	4	10	12	16	19	20	10	18	10	20	26	19	19	20	25	17	16	23	31	33	22	20	23	15	13	7	14	
0	5	18	0	16	12	14	18	14	18	12	4	7	9	29	21	14	17	4	14	16	20	17	21	11	15	9	17	16	9	16	
0	15	14	17	0	6	8	12	15	16	6	14	6	16	27	15	15	17	21	13	12	19	27	29	18	16	19	11	9	3	10	
0	9	15	11	6	0	2	6	9	16	6	8	1	10	21	9	10	11	15	7	6	16	21	24	12	10	13	5	10	3	4	
0	17	15	19	19	13	0	16	17	16	6	16	2	17	34	19	11	18	23	20	14	17	27	29	23	19	21	18	10	3	17	
0	11	17	6	9	9	11	0	11	19	9	10	10	4	30	3	8	15	10	16	8	14	23	22	17	9	15	7	12	9	13	
0	19	32	14	25	26	19	25	0	15	25	18	20	12	41	28	24	31	18	27	26	30	31	30	25	18	20	26	28	22	23	
0	11	18	8	17	11	13	17	14	0	17	10	12	6	32	20	17	16	12	12	17	23	23	24	17	12	5	16	13	14	15	
0	11	9	16	13	7	9	10	11	10	0	10	8	14	28	13	17	14	20	14	8	13	23	23	17	15	15	12	4	10	11	
0	1	14	8	12	8	10	14	15	18	8	0	3	6	25	17	12	13	12	15	12	16	13	24	7	12	5	13	12	5	12	
0	16	14	18	18	12	14	15	16	15	5	15	0	16	33	18	9	16	22	19	13	15	25	28	22	17	20	17	9	2	16	
0	7	20	2	18	14	7	20	16	20	13	6	8	0	29	18	12	19	6	16	18	18	19	18	13	6	11	19	17	10	18	
0	20	19	21	23	17	16	22	18	14	12	19	18	20	0	22	11	18	24	24	18	17	27	29	26	19	19	22	14	19	21	
0	8	14	3	12	6	8	12	8	19	12	7	7	1	27	0	12	17	7	13	5	18	20	19	14	6	12	4	9	9	10	
0	9	10	10	14	8	5	11	12	11	1	8	7	9	29	14	0	7	14	15	9	6	16	21	15	8	13	13	5	8	12	
0	2	15	4	13	9	3	15	16	18	8	1	3	2	25	13	7	0	8	16	13	13	14	14	8	1	6	14	12	5	13	
0	19	20	20	21	18	15	21	22	14	11	18	17	19	29	24	10	17	0	25	19	16	26	31	21	18	19	22	15	18	19	
0	6	11	8	15	13	5	16	4	16	6	5	5	6	29	15	5	4	12	0	14	11	18	18	12	3	10	18	10	7	17	
0	3	16	10	14	10	12	16	3	14	9	2	5	8	27	16	14	15	14	17	0	18	15	26	9	14	7	10	13	7	14	
0	3	16	5	9	10	4	9	14	19	9	2	4	3	26	12	8	1	9	12	11	0	15	15	9	2	7	10	13	6	7	
0	10	1	11	5	3	5	5	8	15	9	9	4	9	22	8	9	8	15	4	7	15	0	22	6	7	14	6	13	6	3	
0	9	14	11	5	11	6	17	7	19	9	8	7	9	11	18	8	7	15	3	17	14	21	0	15	6	13	16	13	8	15	
0	16	9	22	13	16	18	18	16	20	19	15	17	20	35	19	22	21	26	17	13	28	13	35	0	20	20	13	22	16	16	
0	10	16	7	13	14	2	17	18	17	7	11	2	13	35	12	6	13	11	21	15	12	22	27	18	0	15	16	11	4	18	
0	6	19	3	17	13	8	19	17	21	13	5	8	1	30	19	13	18	7	17	17	19	18	19	12	7	0	18	17	10	17	
0	4	17	9	15	11	13	11	4	15	10	3	6	7	28	6	15	16	13	18	1	19	16	25	10	12	8	0	14	8	15	
0	7	5	14	9	3	5	9	7	18	9	6	4	12	24	12	13	14	18	10	4	19	19	27	13	13	11	8	0	6	7	
0	14	12	16	16	10	12	13	14	13	3	13	11	14	31	16	20	17	20	17	11	16	26	26	20	18	18	15	7	0	14	
0	7	16	8	2	6	8	2	7	18	8	6	7	6	27	5	10	17	12	13	4	16	19	20	13	11	11	3	11	5	0	
M1
0	0	0	0	0	0	0	0	0	0	0	0	0	0	0	0	0	0	0	0	0	0	0	0	0	0	0	0	0	0	0	
0	0	19	3	11	19	13	16	15	2	11	13	9	5	16	14	18	13	9	13	12	9	9	4	6	5	15	6	13	12	1	
0	17	0	20	7	15	14	19	11	19	7	13	11	1	20	14	12	11	5	12	22	10	17	10	9	14	11	19	16	16	18	
0	14	20	0	16	29	11	22	27	9	8	10	12	19	22	25	15	12	6	10	11	11	16	18	10	12	19	3	19	17	15	
0	21	8	20	0	23	18	22	19	19	11	7	17	9	13	22	18	13	13	10	28	14	24	18	13	16	4	13	24	22	22	
0	15	23	11	17	0	12	20	28	10	9	11	13	20	23	26	16	13	7	14	22	12	17	19	11	13	20	4	28	18	16	
0	3	18	6	14	22	0	19	18	5	14	16	12	8	19	17	16	6	12	16	15	12	9	7	9	8	18	9	16	15	4	
0	21	18	15	10	11	18	0	19	21	11	17	20	9	23	22	18	15	14	18	26	14	24	25	10	18	14	15	25	23	22	
0	19	20	17	15	23	16	32	0	16	9	13	11	13	25	21	16	13	13	4	22	12	22	12	11	16	16	10	29	16	10	
0	15	21	1	17	26	12	21	19	0	9	11	13	12	23	16	16	13	7	11	12	9	7	11	11	3	17	4	18	10	13	
0	10	15	13	19	29	7	26	25	12	0	14	15	15	20	24	7	4	16	10	22	3	13	14	2	7	11	16	23	15	11	
0	19	22	22	14	22	16	22	27	21	10	0	10	22	27	26	17	14	26	3	21	13	21	23	12	17	18	25	19	15	20	
0	16	12	19	4	27	13	22	23	18	15	11	0	13	17	26	22	11	17	14	11	9	11	20	17	14	8	17	19	5	17	
0	17	14	20	6	14	14	19	10	19	7	13	11	0	19	13	14	11	5	11	22	10	16	21	9	14	10	18	16	16	18	
0	18	6	21	13	21	15	13	17	20	13	19	17	7	0	20	18	17	11	18	28	11	21	16	15	20	17	24	22	22	19	
0	20	7	12	12	22	17	20	18	11	10	6	14	8	7	0	17	14	8	9	22	13	18	17	12	14	3	5	23	19	21	
0	21	24	21	17	25	18	25	21	20	11	23	15	11	24	17	0	15	9	21	18	14	11	16	13	18	20	22	22	18	16	
0	16	21	19	25	35	13	32	31	18	20	20	21	21	26	27	27	0	18	20	24	9	19	20	22	3	17	22	29	26	17	
0	12	17	15	10	31	9	28	27	14	2	16	6	17	22	26	9	6	0	12	17	5	15	16	4	9	13	18	25	11	13	
0	17	19	20	11	19	14	29	30	19	7	18	7	20	24	31	14	11	23	0	18	10	18	21	9	14	15	23	26	12	18	
0	17	9	20	11	22	14	11	16	19	16	9	7	10	22	15	21	1	14	11	0	10	18	19	18	4	15	17	8	12	18	
0	7	12	10	16	26	4	23	22	9	15	11	12	12	17	21	20	10	16	14	19	0	10	11	13	12	8	13	20	17	8	
0	24	25	10	24	25	21	14	19	9	18	20	21	21	23	18	25	12	16	14	21	18	0	20	20	12	21	13	11	7	22	
0	18	15	21	7	15	15	20	11	20	8	10	12	1	20	14	15	12	6	12	23	11	17	0	10	15	11	19	17	17	19	
0	25	27	23	19	27	22	31	36	27	15	26	15	27	29	35	22	19	29	8	20	18	26	26	0	22	23	26	28	13	26	
0	13	18	16	22	32	10	29	28	15	21	17	18	18	23	24	26	16	22	20	25	6	16	17	19	0	14	19	26	23	14	
0	17	4	20	11	19	14	22	15	19	7	3	13	5	9	18	14	11	9	6	24	10	20	14	9	14	0	23	20	18	18	
0	15	19	7	13	27	12	27	24	6	5	7	9	17	19	22	12	9	3	10	18	8	13	16	7	9	16	0	24	14	16	
0	15	14	12	13	14	12	3	8	11	10	13	10	12	14	7	17	10	12	3	15	8	18	19	12	4	10	9	0	4	16	
0	22	22	25	29	37	19	29	33	24	25	21	27	23	16	33	32	6	24	24	30	15	25	26	16	9	18	28	35	0	23	
0	21	18	24	10	18	18	23	14	23	11	13	15	4	23	17	18	15	9	15	26	14	20	3	13	18	14	22	20	20	0	
M2
0	0	0	0	0	0	0	0	0	0	0	0	0	0	0	0	0	0	0	0	0	0	0	0	0	0	0	0	0	0	0	
0	0	12	11	16	8	6	12	12	9	13	12	7	16	11	10	8	2	11	12	13	19	26	12	1	6	17	11	5	3	8	
0	11	0	12	17	7	8	13	11	10	8	10	2	15	6	9	7	1	10	13	14	21	24	12	3	17	17	12	5	2	14	
0	15	12	0	22	12	15	10	15	15	8	1	8	23	11	14	11	11	15	5	7	28	15	11	15	20	16	12	9	6	22	
0	13	15	21	0	17	16	12	20	11	10	3	10	18	14	19	15	13	20	7	9	11	17	13	13	8	18	13	17	14	10	
0	17	6	18	23	0	14	18	12	16	7	9	4	21	5	2	13	7	3	13	15	16	23	11	9	23	16	18	5	8	15	
0	17	13	5	27	14	0	15	17	20	13	6	13	18	16	16	13	14	17	10	12	13	20	16	16	23	11	17	11	8	25	
0	14	14	10	20	8	5	0	14	13	10	10	12	18	13	10	10	4	11	14	16	18	24	15	15	20	16	2	8	5	17	
0	16	5	13	22	12	13	14	0	15	6	8	7	20	4	14	3	6	15	9	11	26	22	10	8	22	15	16	10	7	19	
0	14	14	10	7	8	5	3	14	0	10	9	12	18	13	10	10	4	11	13	4	18	23	8	15	15	16	2	8	5	17	
0	15	13	18	23	7	21	16	17	16	0	16	11	21	12	9	13	7	10	11	13	23	30	17	16	21	14	18	11	8	20	
0	20	12	19	23	14	14	9	18	16	7	0	7	22	11	16	16	10	17	4	6	27	14	10	15	19	15	11	14	11	21	
0	16	5	17	22	12	13	17	11	15	6	8	0	20	4	14	12	6	15	12	14	26	22	10	8	22	15	17	10	7	19	
0	11	12	15	16	13	10	5	16	9	11	4	11	0	15	15	12	9	16	8	2	23	18	6	12	6	19	7	10	7	8	
0	12	1	13	18	8	9	13	7	11	2	4	3	16	0	10	8	2	11	8	10	22	18	6	4	18	11	13	6	3	15	
0	15	4	16	21	11	12	16	10	14	5	7	6	19	3	0	11	5	14	11	13	25	21	9	7	21	14	16	9	6	18	
0	18	13	10	24	14	12	11	18	17	9	11	15	19	12	16	0	8	17	6	8	25	25	12	7	24	12	13	11	9	21	
0	10	13	11	16	7	14	12	10	9	14	12	11	14	12	9	6	0	10	12	13	23	25	11	11	16	18	11	4	1	13	
0	17	6	18	21	5	14	16	12	14	7	7	1	21	5	7	13	7	0	11	13	13	21	9	9	23	16	16	2	8	20	
0	16	14	15	22	10	10	5	16	15	3	7	14	20	15	12	12	6	13	0	2	23	21	6	17	22	17	7	10	7	19	
0	14	12	13	23	11	8	3	14	16	12	5	12	21	16	13	10	7	14	9	0	21	19	4	15	20	19	5	8	5	20	
0	20	10	18	27	16	13	22	9	20	11	13	12	25	9	18	12	11	14	17	19	0	27	15	13	18	20	10	15	12	16	
0	10	16	12	9	10	7	5	15	2	12	11	14	20	15	12	12	6	13	11	6	20	0	10	11	5	18	4	10	7	7	
0	10	13	11	23	7	15	10	10	16	8	1	8	23	12	9	6	11	10	5	7	23	15	0	11	16	16	12	4	1	18	
0	11	13	10	17	7	5	13	11	10	14	11	11	15	12	9	7	1	10	13	14	18	25	11	0	17	16	12	4	2	14	
0	5	14	13	10	11	8	6	17	3	9	12	12	21	16	13	7	7	14	6	7	21	26	11	6	0	19	5	10	8	2	
0	13	16	14	19	10	17	12	13	12	10	11	14	7	15	12	9	3	13	15	9	26	25	13	14	13	0	14	7	4	15	
0	12	12	8	18	6	3	14	12	11	8	8	10	16	11	8	8	2	9	12	14	16	22	13	13	18	14	0	6	3	15	
0	17	9	18	19	3	17	15	15	12	10	8	7	23	8	5	13	10	6	12	14	19	22	7	12	23	16	14	0	8	18	
0	9	12	10	22	6	15	16	9	15	13	11	10	24	11	8	5	11	9	11	13	22	25	10	10	15	17	17	3	0	17	
0	4	12	15	20	12	10	9	16	13	7	11	11	20	15	13	12	6	15	4	6	23	25	10	5	10	21	11	9	7	0	
M3
0	0	0	0	0	0	0	0	0	0	0	0	0	0	0	0	0	0	0	0	0	0	0	0	0	0	0	0	0	0	0	
0	0	9	17	15	13	18	1	24	11	12	16	14	5	17	7	4	20	14	2	5	12	19	18	15	13	16	28	13	21	18	
0	32	0	14	14	13	9	7	23	14	3	7	15	5	12	18	15	22	7	14	17	20	25	15	15	16	12	19	4	14	14	
0	28	15	0	23	21	14	8	22	6	10	12	12	2	3	12	9	19	22	19	22	16	20	11	8	9	6	22	1	7	19	
0	31	16	21	0	26	8	2	9	20	14	6	13	3	16	15	13	13	17	20	22	18	22	5	14	10	19	18	2	13	17	
0	19	18	8	2	0	10	4	11	8	11	8	15	5	11	12	9	15	1	21	17	9	13	7	16	12	6	20	4	15	8	
0	30	17	13	21	22	0	20	17	18	18	7	18	12	16	14	11	19	23	29	14	19	26	6	15	11	19	19	14	14	18	
0	34	14	22	22	27	18	0	31	22	12	16	24	14	21	18	23	31	15	28	26	23	30	24	23	12	20	28	13	22	22	
0	27	31	21	30	40	25	18	0	15	19	29	29	9	24	11	8	23	33	26	32	16	23	28	25	25	27	33	20	28	22	
0	37	24	17	28	30	14	25	24	0	19	14	28	19	12	21	18	33	31	36	28	25	30	13	10	18	15	26	18	16	25	
0	30	18	14	24	22	18	12	26	14	0	18	12	2	9	17	15	19	23	19	14	17	22	17	14	15	12	30	1	13	23	
0	31	15	15	14	21	2	16	19	15	11	0	20	13	10	15	13	21	22	29	16	20	27	8	8	9	13	12	12	7	11	
0	25	24	15	20	30	19	16	23	21	19	22	0	11	18	9	24	7	31	26	28	10	21	25	23	18	21	34	10	22	16	
0	32	24	20	25	37	24	10	24	26	22	26	26	0	23	16	19	29	25	17	36	15	28	30	28	22	26	38	15	27	21	
0	25	12	5	20	18	11	13	19	5	7	9	16	7	0	9	6	22	19	24	21	13	18	8	5	6	3	21	6	4	16	
0	16	21	10	19	29	14	7	28	16	14	21	18	12	13	0	19	13	22	18	21	5	12	20	18	19	16	32	11	17	11	
0	19	24	13	22	32	17	10	25	7	11	21	21	1	16	3	0	16	25	18	24	8	15	20	17	22	19	25	12	20	14	
0	18	17	12	13	23	16	9	16	18	16	15	20	14	15	2	21	0	24	19	21	7	14	18	19	11	18	27	13	19	13	
0	27	22	7	7	28	13	9	16	7	12	13	18	9	10	11	8	20	0	26	26	16	23	12	15	16	5	25	8	14	7	
0	21	26	15	24	34	19	12	27	9	13	23	12	3	18	5	2	18	27	0	26	10	17	22	19	24	21	27	14	22	16	
0	27	4	13	10	8	13	11	19	13	7	11	19	9	16	17	14	23	9	18	0	17	21	15	19	20	11	23	8	18	16	
0	29	20	5	14	26	9	13	23	11	9	16	17	7	8	13	14	20	27	24	23	0	25	15	13	14	11	27	6	12	6	
0	46	33	34	39	41	29	26	40	32	28	36	34	16	36	30	35	41	40	33	33	31	0	35	34	35	39	48	23	33	23	
0	27	11	16	15	22	3	17	11	16	12	1	21	14	11	11	14	22	18	25	17	16	23	0	9	5	14	13	13	8	12	
0	27	14	7	18	20	6	15	14	7	9	4	18	9	2	11	8	24	21	26	20	15	20	3	0	8	5	16	8	6	15	
0	22	6	16	18	19	6	13	23	18	9	4	21	11	13	6	17	19	13	20	20	11	18	12	11	0	16	16	10	10	14	
0	22	17	2	25	23	16	10	24	2	12	14	13	4	5	6	3	19	24	21	24	11	18	13	10	11	0	24	3	9	13	
0	33	16	23	2	28	10	4	11	7	16	8	15	5	18	17	15	15	19	19	24	20	24	7	16	12	21	0	4	15	19	
0	29	25	21	26	29	17	11	25	27	23	21	11	1	24	17	20	18	26	18	21	16	21	23	29	23	27	33	0	28	22	
0	24	8	8	16	14	7	15	15	8	10	5	19	10	3	8	9	21	15	22	21	13	20	4	1	2	6	17	9	0	16	
0	23	23	11	18	27	6	14	23	11	5	13	17	7	14	7	17	20	28	24	19	12	19	12	19	17	17	25	6	18	0	
Tamanho_Tarefas
0	27	12	16	13	27	12	14	14	15	10	16	29	15	23	22	38	5	16	32	11	7	14	23	14	10	18	16	17	11	20	
Data_Entrega
0	80	76	109	86	86	74	65	102	76	100	120	76	100	64	116	97	113	75	62	102	74	75	103	65	68	100	118	66	82	104	
Penalidade_Atraso
0	11	17	1	16	1	5	13	12	9	17	6	4	8	18	3	15	4	17	2	12	7	9	2	14	11	6	5	17	6	13	
Capacidade_Veiculo
108	114	77	83	89	48	80	57	44	83	
Custo_Fixo_Veiculo
1080	1140	770	830	890	480	800	570	440	830	
Coordenadas_Clientes
x	0	y	0
x	18	y	0
x	24	y	5
x	19	y	8
x	20	y	14
x	12	y	14
x	10	y	18
x	7	y	23
x	2	y	22
x	-2	y	23
x	-7	y	22
x	-8	y	13
x	-14	y	16
x	-13	y	10
x	-20	y	9
x	-17	y	3
x	-16	y	0
x	-16	y	-3
x	-22	y	-9
x	-14	y	-10
x	-11	y	-13
x	-7	y	-13
x	-5	y	-17
x	-1	y	-17
x	1	y	-17
x	4	y	-14
x	7	y	-13
x	14	y	-15
x	19	y	-13
x	19	y	-8
x	21	y	-4
Tempo_Viagem
0	18	24	20	24	18	20	24	22	23	23	15	21	16	21	17	16	16	23	17	17	14	17	17	17	14	14	20	23	20	21	
18	0	7	8	14	15	19	24	27	30	33	29	35	32	39	35	34	34	41	33	31	28	28	24	23	19	17	15	13	8	5	
24	7	0	5	9	14	18	23	26	30	34	32	38	37	44	41	40	40	47	40	38	35	35	31	30	26	24	21	18	13	9	
20	8	5	0	6	9	13	18	21	25	29	27	33	32	39	36	35	36	43	37	36	33	34	31	30	26	24	23	21	16	12	
24	14	9	6	0	8	10	15	18	22	27	28	34	33	40	38	38	39	47	41	41	38	39	37	36	32	29	29	27	22	18	
18	15	14	9	8	0	4	9	12	16	20	20	26	25	32	31	31	32	40	35	35	32	35	33	32	29	27	29	27	23	20	
20	19	18	13	10	4	0	5	8	12	17	18	24	23	30	30	31	33	41	36	37	34	37	36	36	32	31	33	31	27	24	
24	24	23	18	15	9	5	0	5	9	14	18	22	23	30	31	32	34	42	39	40	38	41	40	40	37	36	38	36	32	29	
22	27	26	21	18	12	8	5	0	4	9	13	17	18	25	26	28	30	38	35	37	36	39	39	39	36	35	38	38	34	32	
23	30	30	25	22	16	12	9	4	0	5	11	13	16	22	24	26	28	36	34	37	36	40	40	40	37	37	41	41	37	35	
23	33	34	29	27	20	17	14	9	5	0	9	9	13	18	21	23	26	33	32	35	35	39	39	39	37	37	42	43	39	38	
15	29	32	27	28	20	18	18	13	11	9	0	6	5	12	13	15	17	25	23	26	26	30	30	31	29	29	35	37	34	33	
21	35	38	33	34	26	24	22	17	13	9	6	0	6	9	13	16	19	26	26	29	29	33	35	36	34	35	41	43	40	39	
16	32	37	32	33	25	23	23	18	16	13	5	6	0	7	8	10	13	20	20	23	23	27	29	30	29	30	36	39	36	36	
21	39	44	39	40	32	30	30	25	22	18	12	9	7	0	6	9	12	18	19	22	24	28	31	32	33	34	41	44	41	42	
17	35	41	36	38	31	30	31	26	24	21	13	13	8	6	0	3	6	13	13	16	18	22	25	26	27	28	35	39	37	38	
16	34	40	35	38	31	31	32	28	26	23	15	16	10	9	3	0	3	10	10	13	15	19	22	23	24	26	33	37	35	37	
16	34	40	36	39	32	33	34	30	28	26	17	19	13	12	6	3	0	8	7	11	13	17	20	21	22	25	32	36	35	37	
23	41	47	43	47	40	41	42	38	36	33	25	26	20	18	13	10	8	0	8	11	15	18	21	23	26	29	36	41	41	43	
17	33	40	37	41	35	36	39	35	34	32	23	26	20	19	13	10	7	8	0	4	7	11	14	15	18	21	28	33	33	35	
17	31	38	36	41	35	37	40	37	37	35	26	29	23	22	16	13	11	11	4	0	4	7	10	12	15	18	25	30	30	33	
14	28	35	33	38	32	34	38	36	36	35	26	29	23	24	18	15	13	15	7	4	0	4	7	8	11	14	21	26	26	29	
17	28	35	34	39	35	37	41	39	40	39	30	33	27	28	22	19	17	18	11	7	4	0	4	6	9	12	19	24	25	28	
17	24	31	31	37	33	36	40	39	40	39	30	35	29	31	25	22	20	21	14	10	7	4	0	2	5	8	15	20	21	24	
17	23	30	30	36	32	36	40	39	40	39	31	36	30	32	26	23	21	23	15	12	8	6	2	0	4	7	13	18	20	23	
14	19	26	26	32	29	32	37	36	37	37	29	34	29	33	27	24	22	26	18	15	11	9	5	4	0	3	10	15	16	19	
14	17	24	24	29	27	31	36	35	37	37	29	35	30	34	28	26	25	29	21	18	14	12	8	7	3	0	7	12	13	16	
20	15	21	23	29	29	33	38	38	41	42	35	41	36	41	35	33	32	36	28	25	21	19	15	13	10	7	0	5	8	12	
23	13	18	21	27	27	31	36	38	41	43	37	43	39	44	39	37	36	41	33	30	26	24	20	18	15	12	5	0	5	9	
20	8	13	16	22	23	27	32	34	37	39	34	40	36	41	37	35	35	41	33	30	26	25	21	20	16	13	8	5	0	4	
21	5	9	12	18	20	24	29	32	35	38	33	39	36	42	38	37	37	43	35	33	29	28	24	23	19	16	12	9	4	0	
Custo_Viagem
V0
0	388	518	432	518	388	432	518	475	496	496	324	453	345	453	367	345	345	496	367	367	302	367	367	367	302	302	432	496	432	453	
388	0	151	172	302	324	410	540	583	648	712	626	756	691	842	756	734	734	885	712	669	604	604	540	518	410	367	324	280	172	108	
518	151	0	108	194	324	410	518	583	669	756	691	842	799	950	885	864	864	1036	864	842	756	777	712	669	583	518	475	388	280	194	
432	172	108	0	129	194	280	410	475	540	626	583	712	691	842	777	756	777	950	799	777	712	734	691	648	561	518	496	453	345	259	
518	302	194	129	0	172	216	324	410	496	604	604	734	712	864	820	820	842	1015	885	885	820	842	799	777	691	626	626	583	475	388	
388	324	324	194	172	0	86	216	259	345	432	432	561	540	691	669	669	691	885	756	756	712	756	712	691	626	583	626	583	496	432	
432	410	410	280	216	86	0	108	172	280	367	388	518	518	669	648	669	712	885	777	799	756	820	777	777	691	669	712	691	583	518	
518	540	518	410	324	216	108	0	108	194	302	388	475	496	648	669	691	734	928	842	864	820	885	864	864	799	777	820	799	712	648	
475	583	583	475	410	259	172	108	0	86	194	280	367	410	540	561	604	648	842	756	799	777	842	842	842	777	756	820	820	734	691	
496	648	669	540	496	345	280	194	86	0	108	237	280	367	475	540	561	626	799	756	799	777	864	864	864	799	799	885	885	799	756	
496	712	756	626	604	432	367	302	194	108	0	194	194	280	388	453	496	561	734	691	756	756	842	842	842	799	799	907	928	842	820	
324	626	691	583	604	432	388	388	280	237	194	0	129	108	259	280	324	367	561	496	561	561	648	648	669	626	648	756	799	734	712	
453	756	842	712	734	561	518	475	367	280	194	129	0	129	194	280	345	410	561	561	626	626	734	756	777	734	756	885	928	864	864	
345	691	799	691	712	540	518	496	410	367	280	108	129	0	151	172	216	280	453	432	496	496	604	626	648	626	648	777	842	777	777	
453	842	950	842	864	691	669	648	540	475	388	259	194	151	0	129	194	259	388	410	496	540	648	691	712	712	734	885	950	907	928	
367	756	885	777	820	669	648	669	561	540	453	280	280	172	129	0	64	129	280	280	367	388	496	540	561	583	604	756	842	799	820	
345	734	864	756	820	669	669	691	604	561	496	324	345	216	194	64	0	64	216	216	280	324	432	475	518	518	561	712	799	756	799	
345	734	864	777	842	691	712	734	648	626	561	367	410	280	259	129	64	0	172	151	237	280	367	432	475	475	540	691	777	756	799	
496	885	1036	950	1015	885	885	928	842	799	734	561	561	453	388	280	216	172	0	172	237	324	388	475	518	561	626	777	885	885	928	
367	712	864	799	885	756	777	842	756	756	691	496	561	432	410	280	216	151	172	0	86	151	237	302	345	388	453	604	712	712	756	
367	669	842	777	885	756	799	864	799	799	756	561	626	496	496	367	280	237	237	86	0	86	151	216	259	324	388	540	648	648	712	
302	604	756	712	820	712	756	820	777	777	756	561	626	496	540	388	324	280	324	151	86	0	86	151	172	237	302	453	561	561	626	
367	604	777	734	842	756	820	885	842	864	842	648	734	604	648	496	432	367	388	237	151	86	0	86	129	194	259	410	518	540	626	
367	540	712	691	799	712	777	864	842	864	842	648	756	626	691	540	475	432	475	302	216	151	86	0	43	108	172	324	432	453	540	
367	518	669	648	777	691	777	864	842	864	842	669	777	648	712	561	518	475	518	345	259	172	129	43	0	86	151	280	388	432	496	
302	410	583	561	691	626	691	799	777	799	799	626	734	626	712	583	518	475	561	388	324	237	194	108	86	0	64	216	324	345	410	
302	367	518	518	626	583	669	777	756	799	799	648	756	648	734	604	561	540	626	453	388	302	259	172	151	64	0	151	259	280	345	
432	324	475	496	626	626	712	820	820	885	907	756	885	777	885	756	712	691	777	604	540	453	410	324	280	216	151	0	108	172	280	
496	280	388	453	583	583	691	799	820	885	928	799	928	842	950	842	799	777	885	712	648	561	518	432	388	324	259	108	0	108	194	
432	172	280	345	475	496	583	712	734	799	842	734	864	777	907	799	756	756	885	712	648	561	540	453	432	345	280	172	108	0	86	
453	108	194	259	388	432	518	648	691	756	820	712	864	777	928	820	799	799	928	756	712	626	626	540	496	410	345	280	194	86	0	
V1
0	410	547	456	547	410	456	547	501	524	524	342	478	364	478	387	364	364	524	387	387	319	387	387	387	319	319	456	524	456	478	
410	0	159	182	319	342	433	570	615	684	752	661	798	729	889	798	775	775	934	752	706	638	638	570	547	433	387	342	296	182	114	
547	159	0	114	205	342	433	547	615	706	798	729	889	843	1003	934	912	912	1094	912	889	798	820	752	706	615	547	501	410	296	205	
456	182	114	0	136	205	296	433	501	570	661	615	752	729	889	820	798	820	1003	843	820	752	775	729	684	592	547	524	478	364	273	
547	319	205	136	0	182	228	342	433	524	638	638	775	752	912	866	866	889	1071	934	934	866	889	843	820	729	661	661	615	501	410	
410	342	342	205	182	0	91	228	273	364	456	456	592	570	729	706	706	729	934	798	798	752	798	752	729	661	615	661	615	524	456	
456	433	433	296	228	91	0	114	182	296	387	410	547	547	706	684	706	752	934	820	843	798	866	820	820	729	706	752	729	615	547	
547	570	547	433	342	228	114	0	114	205	319	410	501	524	684	706	729	775	980	889	912	866	934	912	912	843	820	866	843	752	684	
501	615	615	501	433	273	182	114	0	91	205	296	387	433	570	592	638	684	889	798	843	820	889	889	889	820	798	866	866	775	729	
524	684	706	570	524	364	296	205	91	0	114	250	296	387	501	570	592	661	843	798	843	820	912	912	912	843	843	934	934	843	798	
524	752	798	661	638	456	387	319	205	114	0	205	205	296	410	478	524	592	775	729	798	798	889	889	889	843	843	957	980	889	866	
342	661	729	615	638	456	410	410	296	250	205	0	136	114	273	296	342	387	592	524	592	592	684	684	706	661	684	798	843	775	752	
478	798	889	752	775	592	547	501	387	296	205	136	0	136	205	296	364	433	592	592	661	661	775	798	820	775	798	934	980	912	912	
364	729	843	729	752	570	547	524	433	387	296	114	136	0	159	182	228	296	478	456	524	524	638	661	684	661	684	820	889	820	820	
478	889	1003	889	912	729	706	684	570	501	410	273	205	159	0	136	205	273	410	433	524	570	684	729	752	752	775	934	1003	957	980	
387	798	934	820	866	706	684	706	592	570	478	296	296	182	136	0	68	136	296	296	387	410	524	570	592	615	638	798	889	843	866	
364	775	912	798	866	706	706	729	638	592	524	342	364	228	205	68	0	68	228	228	296	342	456	501	547	547	592	752	843	798	843	
364	775	912	820	889	729	752	775	684	661	592	387	433	296	273	136	68	0	182	159	250	296	387	456	501	501	570	729	820	798	843	
524	934	1094	1003	1071	934	934	980	889	843	775	592	592	478	410	296	228	182	0	182	250	342	410	501	547	592	661	820	934	934	980	
387	752	912	843	934	798	820	889	798	798	729	524	592	456	433	296	228	159	182	0	91	159	250	319	364	410	478	638	752	752	798	
387	706	889	820	934	798	843	912	843	843	798	592	661	524	524	387	296	250	250	91	0	91	159	228	273	342	410	570	684	684	752	
319	638	798	752	866	752	798	866	820	820	798	592	661	524	570	410	342	296	342	159	91	0	91	159	182	250	319	478	592	592	661	
387	638	820	775	889	798	866	934	889	912	889	684	775	638	684	524	456	387	410	250	159	91	0	91	136	205	273	433	547	570	661	
387	570	752	729	843	752	820	912	889	912	889	684	798	661	729	570	501	456	501	319	228	159	91	0	45	114	182	342	456	478	570	
387	547	706	684	820	729	820	912	889	912	889	706	820	684	752	592	547	501	547	364	273	182	136	45	0	91	159	296	410	456	524	
319	433	615	592	729	661	729	843	820	843	843	661	775	661	752	615	547	501	592	410	342	250	205	114	91	0	68	228	342	364	433	
319	387	547	547	661	615	706	820	798	843	843	684	798	684	775	638	592	570	661	478	410	319	273	182	159	68	0	159	273	296	364	
456	342	501	524	661	661	752	866	866	934	957	798	934	820	934	798	752	729	820	638	570	478	433	342	296	228	159	0	114	182	296	
524	296	410	478	615	615	729	843	866	934	980	843	980	889	1003	889	843	820	934	752	684	592	547	456	410	342	273	114	0	114	205	
456	182	296	364	501	524	615	752	775	843	889	775	912	820	957	843	798	798	934	752	684	592	570	478	456	364	296	182	114	0	91	
478	114	205	273	410	456	547	684	729	798	866	752	912	820	980	866	843	843	980	798	752	661	661	570	524	433	364	296	205	91	0	
V2
0	277	369	308	369	277	308	369	338	354	354	231	323	246	323	261	246	246	354	261	261	215	261	261	261	215	215	308	354	308	323	
277	0	107	123	215	231	292	385	415	462	508	446	539	492	600	539	523	523	631	508	477	431	431	385	369	292	261	231	200	123	77	
369	107	0	77	138	231	292	369	415	477	539	492	600	569	677	631	616	616	739	616	600	539	554	508	477	415	369	338	277	200	138	
308	123	77	0	92	138	200	292	338	385	446	415	508	492	600	554	539	554	677	569	554	508	523	492	462	400	369	354	323	246	184	
369	215	138	92	0	123	154	231	292	354	431	431	523	508	616	585	585	600	723	631	631	585	600	569	554	492	446	446	415	338	277	
277	231	231	138	123	0	61	154	184	246	308	308	400	385	492	477	477	492	631	539	539	508	539	508	492	446	415	446	415	354	308	
308	292	292	200	154	61	0	77	123	200	261	277	369	369	477	462	477	508	631	554	569	539	585	554	554	492	477	508	492	415	369	
369	385	369	292	231	154	77	0	77	138	215	277	338	354	462	477	492	523	662	600	616	585	631	616	616	569	554	585	569	508	462	
338	415	415	338	292	184	123	77	0	61	138	200	261	292	385	400	431	462	600	539	569	554	600	600	600	554	539	585	585	523	492	
354	462	477	385	354	246	200	138	61	0	77	169	200	261	338	385	400	446	569	539	569	554	616	616	616	569	569	631	631	569	539	
354	508	539	446	431	308	261	215	138	77	0	138	138	200	277	323	354	400	523	492	539	539	600	600	600	569	569	646	662	600	585	
231	446	492	415	431	308	277	277	200	169	138	0	92	77	184	200	231	261	400	354	400	400	462	462	477	446	462	539	569	523	508	
323	539	600	508	523	400	369	338	261	200	138	92	0	92	138	200	246	292	400	400	446	446	523	539	554	523	539	631	662	616	616	
246	492	569	492	508	385	369	354	292	261	200	77	92	0	107	123	154	200	323	308	354	354	431	446	462	446	462	554	600	554	554	
323	600	677	600	616	492	477	462	385	338	277	184	138	107	0	92	138	184	277	292	354	385	462	492	508	508	523	631	677	646	662	
261	539	631	554	585	477	462	477	400	385	323	200	200	123	92	0	46	92	200	200	261	277	354	385	400	415	431	539	600	569	585	
246	523	616	539	585	477	477	492	431	400	354	231	246	154	138	46	0	46	154	154	200	231	308	338	369	369	400	508	569	539	569	
246	523	616	554	600	492	508	523	462	446	400	261	292	200	184	92	46	0	123	107	169	200	261	308	338	338	385	492	554	539	569	
354	631	739	677	723	631	631	662	600	569	523	400	400	323	277	200	154	123	0	123	169	231	277	338	369	400	446	554	631	631	662	
261	508	616	569	631	539	554	600	539	539	492	354	400	308	292	200	154	107	123	0	61	107	169	215	246	277	323	431	508	508	539	
261	477	600	554	631	539	569	616	569	569	539	400	446	354	354	261	200	169	169	61	0	61	107	154	184	231	277	385	462	462	508	
215	431	539	508	585	508	539	585	554	554	539	400	446	354	385	277	231	200	231	107	61	0	61	107	123	169	215	323	400	400	446	
261	431	554	523	600	539	585	631	600	616	600	462	523	431	462	354	308	261	277	169	107	61	0	61	92	138	184	292	369	385	446	
261	385	508	492	569	508	554	616	600	616	600	462	539	446	492	385	338	308	338	215	154	107	61	0	30	77	123	231	308	323	385	
261	369	477	462	554	492	554	616	600	616	600	477	554	462	508	400	369	338	369	246	184	123	92	30	0	61	107	200	277	308	354	
215	292	415	400	492	446	492	569	554	569	569	446	523	446	508	415	369	338	400	277	231	169	138	77	61	0	46	154	231	246	292	
215	261	369	369	446	415	477	554	539	569	569	462	539	462	523	431	400	385	446	323	277	215	184	123	107	46	0	107	184	200	246	
308	231	338	354	446	446	508	585	585	631	646	539	631	554	631	539	508	492	554	431	385	323	292	231	200	154	107	0	77	123	200	
354	200	277	323	415	415	492	569	585	631	662	569	662	600	677	600	569	554	631	508	462	400	369	308	277	231	184	77	0	77	138	
308	123	200	246	338	354	415	508	523	569	600	523	616	554	646	569	539	539	631	508	462	400	385	323	308	246	200	123	77	0	61	
323	77	138	184	277	308	369	462	492	539	585	508	616	554	662	585	569	569	662	539	508	446	446	385	354	292	246	200	138	61	0	
V3
0	298	398	332	398	298	332	398	365	381	381	249	348	265	348	282	265	265	381	282	282	232	282	282	282	232	232	332	381	332	348	
298	0	116	132	232	249	315	415	448	498	547	481	581	531	647	581	564	564	680	547	514	464	464	415	398	315	282	249	215	132	83	
398	116	0	83	149	249	315	398	448	514	581	531	647	614	730	680	664	664	796	664	647	581	597	547	514	448	398	365	298	215	149	
332	132	83	0	99	149	215	315	365	415	481	448	547	531	647	597	581	597	730	614	597	547	564	531	498	431	398	381	348	265	199	
398	232	149	99	0	132	166	249	315	381	464	464	564	547	664	630	630	647	780	680	680	630	647	614	597	531	481	481	448	365	298	
298	249	249	149	132	0	66	166	199	265	332	332	431	415	531	514	514	531	680	581	581	547	581	547	531	481	448	481	448	381	332	
332	315	315	215	166	66	0	83	132	215	282	298	398	398	514	498	514	547	680	597	614	581	630	597	597	531	514	547	531	448	398	
398	415	398	315	249	166	83	0	83	149	232	298	365	381	498	514	531	564	713	647	664	630	680	664	664	614	597	630	614	547	498	
365	448	448	365	315	199	132	83	0	66	149	215	282	315	415	431	464	498	647	581	614	597	647	647	647	597	581	630	630	564	531	
381	498	514	415	381	265	215	149	66	0	83	182	215	282	365	415	431	481	614	581	614	597	664	664	664	614	614	680	680	614	581	
381	547	581	481	464	332	282	232	149	83	0	149	149	215	298	348	381	431	564	531	581	581	647	647	647	614	614	697	713	647	630	
249	481	531	448	464	332	298	298	215	182	149	0	99	83	199	215	249	282	431	381	431	431	498	498	514	481	498	581	614	564	547	
348	581	647	547	564	431	398	365	282	215	149	99	0	99	149	215	265	315	431	431	481	481	564	581	597	564	581	680	713	664	664	
265	531	614	531	547	415	398	381	315	282	215	83	99	0	116	132	166	215	348	332	381	381	464	481	498	481	498	597	647	597	597	
348	647	730	647	664	531	514	498	415	365	298	199	149	116	0	99	149	199	298	315	381	415	498	531	547	547	564	680	730	697	713	
282	581	680	597	630	514	498	514	431	415	348	215	215	132	99	0	49	99	215	215	282	298	381	415	431	448	464	581	647	614	630	
265	564	664	581	630	514	514	531	464	431	381	249	265	166	149	49	0	49	166	166	215	249	332	365	398	398	431	547	614	581	614	
265	564	664	597	647	531	547	564	498	481	431	282	315	215	199	99	49	0	132	116	182	215	282	332	365	365	415	531	597	581	614	
381	680	796	730	780	680	680	713	647	614	564	431	431	348	298	215	166	132	0	132	182	249	298	365	398	431	481	597	680	680	713	
282	547	664	614	680	581	597	647	581	581	531	381	431	332	315	215	166	116	132	0	66	116	182	232	265	298	348	464	547	547	581	
282	514	647	597	680	581	614	664	614	614	581	431	481	381	381	282	215	182	182	66	0	66	116	166	199	249	298	415	498	498	547	
232	464	581	547	630	547	581	630	597	597	581	431	481	381	415	298	249	215	249	116	66	0	66	116	132	182	232	348	431	431	481	
282	464	597	564	647	581	630	680	647	664	647	498	564	464	498	381	332	282	298	182	116	66	0	66	99	149	199	315	398	415	481	
282	415	547	531	614	547	597	664	647	664	647	498	581	481	531	415	365	332	365	232	166	116	66	0	33	83	132	249	332	348	415	
282	398	514	498	597	531	597	664	647	664	647	514	597	498	547	431	398	365	398	265	199	132	99	33	0	66	116	215	298	332	381	
232	315	448	431	531	481	531	614	597	614	614	481	564	481	547	448	398	365	431	298	249	182	149	83	66	0	49	166	249	265	315	
232	282	398	398	481	448	514	597	581	614	614	498	581	498	564	464	431	415	481	348	298	232	199	132	116	49	0	116	199	215	265	
332	249	365	381	481	481	547	630	630	680	697	581	680	597	680	581	547	531	597	464	415	348	315	249	215	166	116	0	83	132	215	
381	215	298	348	448	448	531	614	630	680	713	614	713	647	730	647	614	597	680	547	498	431	398	332	298	249	199	83	0	83	149	
332	132	215	265	365	381	448	547	564	614	647	564	664	597	697	614	581	581	680	547	498	431	415	348	332	265	215	132	83	0	66	
348	83	149	199	298	332	398	498	531	581	630	547	664	597	713	630	614	614	713	581	547	481	481	415	381	315	265	215	149	66	0	
V4
0	320	427	356	427	320	356	427	391	409	409	267	373	284	373	302	284	284	409	302	302	249	302	302	302	249	249	356	409	356	373	
320	0	124	142	249	267	338	445	480	534	587	516	623	569	694	623	605	605	729	587	551	498	498	445	427	338	302	267	231	142	89	
427	124	0	89	160	267	338	427	480	551	623	569	694	658	783	729	712	712	854	712	694	623	640	587	551	480	427	391	320	231	160	
356	142	89	0	106	160	231	338	391	445	516	480	587	569	694	640	623	640	783	658	640	587	605	569	534	462	427	409	373	284	213	
427	249	160	106	0	142	178	267	338	409	498	498	605	587	712	676	676	694	836	729	729	676	694	658	640	569	516	516	480	391	320	
320	267	267	160	142	0	71	178	213	284	356	356	462	445	569	551	551	569	729	623	623	587	623	587	569	516	480	516	480	409	356	
356	338	338	231	178	71	0	89	142	231	302	320	427	427	551	534	551	587	729	640	658	623	676	640	640	569	551	587	569	480	427	
427	445	427	338	267	178	89	0	89	160	249	320	391	409	534	551	569	605	765	694	712	676	729	712	712	658	640	676	658	587	534	
391	480	480	391	338	213	142	89	0	71	160	231	302	338	445	462	498	534	694	623	658	640	694	694	694	640	623	676	676	605	569	
409	534	551	445	409	284	231	160	71	0	89	195	231	302	391	445	462	516	658	623	658	640	712	712	712	658	658	729	729	658	623	
409	587	623	516	498	356	302	249	160	89	0	160	160	231	320	373	409	462	605	569	623	623	694	694	694	658	658	747	765	694	676	
267	516	569	480	498	356	320	320	231	195	160	0	106	89	213	231	267	302	462	409	462	462	534	534	551	516	534	623	658	605	587	
373	623	694	587	605	462	427	391	302	231	160	106	0	106	160	231	284	338	462	462	516	516	605	623	640	605	623	729	765	712	712	
284	569	658	569	587	445	427	409	338	302	231	89	106	0	124	142	178	231	373	356	409	409	498	516	534	516	534	640	694	640	640	
373	694	783	694	712	569	551	534	445	391	320	213	160	124	0	106	160	213	320	338	409	445	534	569	587	587	605	729	783	747	765	
302	623	729	640	676	551	534	551	462	445	373	231	231	142	106	0	53	106	231	231	302	320	409	445	462	480	498	623	694	658	676	
284	605	712	623	676	551	551	569	498	462	409	267	284	178	160	53	0	53	178	178	231	267	356	391	427	427	462	587	658	623	658	
284	605	712	640	694	569	587	605	534	516	462	302	338	231	213	106	53	0	142	124	195	231	302	356	391	391	445	569	640	623	658	
409	729	854	783	836	729	729	765	694	658	605	462	462	373	320	231	178	142	0	142	195	267	320	391	427	462	516	640	729	729	765	
302	587	712	658	729	623	640	694	623	623	569	409	462	356	338	231	178	124	142	0	71	124	195	249	284	320	373	498	587	587	623	
302	551	694	640	729	623	658	712	658	658	623	462	516	409	409	302	231	195	195	71	0	71	124	178	213	267	320	445	534	534	587	
249	498	623	587	676	587	623	676	640	640	623	462	516	409	445	320	267	231	267	124	71	0	71	124	142	195	249	373	462	462	516	
302	498	640	605	694	623	676	729	694	712	694	534	605	498	534	409	356	302	320	195	124	71	0	71	106	160	213	338	427	445	516	
302	445	587	569	658	587	640	712	694	712	694	534	623	516	569	445	391	356	391	249	178	124	71	0	35	89	142	267	356	373	445	
302	427	551	534	640	569	640	712	694	712	694	551	640	534	587	462	427	391	427	284	213	142	106	35	0	71	124	231	320	356	409	
249	338	480	462	569	516	569	658	640	658	658	516	605	516	587	480	427	391	462	320	267	195	160	89	71	0	53	178	267	284	338	
249	302	427	427	516	480	551	640	623	658	658	534	623	534	605	498	462	445	516	373	320	249	213	142	124	53	0	124	213	231	284	
356	267	391	409	516	516	587	676	676	729	747	623	729	640	729	623	587	569	640	498	445	373	338	267	231	178	124	0	89	142	231	
409	231	320	373	480	480	569	658	676	729	765	658	765	694	783	694	658	640	729	587	534	462	427	356	320	267	213	89	0	89	160	
356	142	231	284	391	409	480	587	605	658	694	605	712	640	747	658	623	623	729	587	534	462	445	373	356	284	231	142	89	0	71	
373	89	160	213	320	356	427	534	569	623	676	587	712	640	765	676	658	658	765	623	587	516	516	445	409	338	284	231	160	71	0	
V5
0	172	230	192	230	172	192	230	211	220	220	144	201	153	201	163	153	153	220	163	163	134	163	163	163	134	134	192	220	192	201	
172	0	67	76	134	144	182	240	259	288	316	278	336	307	374	336	326	326	393	316	297	268	268	240	230	182	163	144	124	76	48	
230	67	0	48	86	144	182	230	259	297	336	307	374	355	422	393	384	384	460	384	374	336	345	316	297	259	230	211	172	124	86	
192	76	48	0	57	86	124	182	211	240	278	259	316	307	374	345	336	345	422	355	345	316	326	307	288	249	230	220	201	153	115	
230	134	86	57	0	76	96	144	182	220	268	268	326	316	384	364	364	374	451	393	393	364	374	355	345	307	278	278	259	211	172	
172	144	144	86	76	0	38	96	115	153	192	192	249	240	307	297	297	307	393	336	336	316	336	316	307	278	259	278	259	220	192	
192	182	182	124	96	38	0	48	76	124	163	172	230	230	297	288	297	316	393	345	355	336	364	345	345	307	297	316	307	259	230	
230	240	230	182	144	96	48	0	48	86	134	172	211	220	288	297	307	326	412	374	384	364	393	384	384	355	345	364	355	316	288	
211	259	259	211	182	115	76	48	0	38	86	124	163	182	240	249	268	288	374	336	355	345	374	374	374	345	336	364	364	326	307	
220	288	297	240	220	153	124	86	38	0	48	105	124	163	211	240	249	278	355	336	355	345	384	384	384	355	355	393	393	355	336	
220	316	336	278	268	192	163	134	86	48	0	86	86	124	172	201	220	249	326	307	336	336	374	374	374	355	355	403	412	374	364	
144	278	307	259	268	192	172	172	124	105	86	0	57	48	115	124	144	163	249	220	249	249	288	288	297	278	288	336	355	326	316	
201	336	374	316	326	249	230	211	163	124	86	57	0	57	86	124	153	182	249	249	278	278	326	336	345	326	336	393	412	384	384	
153	307	355	307	316	240	230	220	182	163	124	48	57	0	67	76	96	124	201	192	220	220	268	278	288	278	288	345	374	345	345	
201	374	422	374	384	307	297	288	240	211	172	115	86	67	0	57	86	115	172	182	220	240	288	307	316	316	326	393	422	403	412	
163	336	393	345	364	297	288	297	249	240	201	124	124	76	57	0	28	57	124	124	163	172	220	240	249	259	268	336	374	355	364	
153	326	384	336	364	297	297	307	268	249	220	144	153	96	86	28	0	28	96	96	124	144	192	211	230	230	249	316	355	336	355	
153	326	384	345	374	307	316	326	288	278	249	163	182	124	115	57	28	0	76	67	105	124	163	192	211	211	240	307	345	336	355	
220	393	460	422	451	393	393	412	374	355	326	249	249	201	172	124	96	76	0	76	105	144	172	211	230	249	278	345	393	393	412	
163	316	384	355	393	336	345	374	336	336	307	220	249	192	182	124	96	67	76	0	38	67	105	134	153	172	201	268	316	316	336	
163	297	374	345	393	336	355	384	355	355	336	249	278	220	220	163	124	105	105	38	0	38	67	96	115	144	172	240	288	288	316	
134	268	336	316	364	316	336	364	345	345	336	249	278	220	240	172	144	124	144	67	38	0	38	67	76	105	134	201	249	249	278	
163	268	345	326	374	336	364	393	374	384	374	288	326	268	288	220	192	163	172	105	67	38	0	38	57	86	115	182	230	240	278	
163	240	316	307	355	316	345	384	374	384	374	288	336	278	307	240	211	192	211	134	96	67	38	0	19	48	76	144	192	201	240	
163	230	297	288	345	307	345	384	374	384	374	297	345	288	316	249	230	211	230	153	115	76	57	19	0	38	67	124	172	192	220	
134	182	259	249	307	278	307	355	345	355	355	278	326	278	316	259	230	211	249	172	144	105	86	48	38	0	28	96	144	153	182	
134	163	230	230	278	259	297	345	336	355	355	288	336	288	326	268	249	240	278	201	172	134	115	76	67	28	0	67	115	124	153	
192	144	211	220	278	278	316	364	364	393	403	336	393	345	393	336	316	307	345	268	240	201	182	144	124	96	67	0	48	76	124	
220	124	172	201	259	259	307	355	364	393	412	355	412	374	422	374	355	345	393	316	288	249	230	192	172	144	115	48	0	48	86	
192	76	124	153	211	220	259	316	326	355	374	326	384	345	403	355	336	336	393	316	288	249	240	201	192	153	124	76	48	0	38	
201	48	86	115	172	192	230	288	307	336	364	316	384	345	412	364	355	355	412	336	316	278	278	240	220	182	153	124	86	38	0	
V6
0	288	384	320	384	288	320	384	352	368	368	240	336	256	336	272	256	256	368	272	272	224	272	272	272	224	224	320	368	320	336	
288	0	112	128	224	240	304	400	432	480	528	464	560	512	624	560	544	544	656	528	496	448	448	400	384	304	272	240	208	128	80	
384	112	0	80	144	240	304	384	432	496	560	512	624	592	704	656	640	640	768	640	624	560	576	528	496	432	384	352	288	208	144	
320	128	80	0	96	144	208	304	352	400	464	432	528	512	624	576	560	576	704	592	576	528	544	512	480	416	384	368	336	256	192	
384	224	144	96	0	128	160	240	304	368	448	448	544	528	640	608	608	624	752	656	656	608	624	592	576	512	464	464	432	352	288	
288	240	240	144	128	0	64	160	192	256	320	320	416	400	512	496	496	512	656	560	560	528	560	528	512	464	432	464	432	368	320	
320	304	304	208	160	64	0	80	128	208	272	288	384	384	496	480	496	528	656	576	592	560	608	576	576	512	496	528	512	432	384	
384	400	384	304	240	160	80	0	80	144	224	288	352	368	480	496	512	544	688	624	640	608	656	640	640	592	576	608	592	528	480	
352	432	432	352	304	192	128	80	0	64	144	208	272	304	400	416	448	480	624	560	592	576	624	624	624	576	560	608	608	544	512	
368	480	496	400	368	256	208	144	64	0	80	176	208	272	352	400	416	464	592	560	592	576	640	640	640	592	592	656	656	592	560	
368	528	560	464	448	320	272	224	144	80	0	144	144	208	288	336	368	416	544	512	560	560	624	624	624	592	592	672	688	624	608	
240	464	512	432	448	320	288	288	208	176	144	0	96	80	192	208	240	272	416	368	416	416	480	480	496	464	480	560	592	544	528	
336	560	624	528	544	416	384	352	272	208	144	96	0	96	144	208	256	304	416	416	464	464	544	560	576	544	560	656	688	640	640	
256	512	592	512	528	400	384	368	304	272	208	80	96	0	112	128	160	208	336	320	368	368	448	464	480	464	480	576	624	576	576	
336	624	704	624	640	512	496	480	400	352	288	192	144	112	0	96	144	192	288	304	368	400	480	512	528	528	544	656	704	672	688	
272	560	656	576	608	496	480	496	416	400	336	208	208	128	96	0	48	96	208	208	272	288	368	400	416	432	448	560	624	592	608	
256	544	640	560	608	496	496	512	448	416	368	240	256	160	144	48	0	48	160	160	208	240	320	352	384	384	416	528	592	560	592	
256	544	640	576	624	512	528	544	480	464	416	272	304	208	192	96	48	0	128	112	176	208	272	320	352	352	400	512	576	560	592	
368	656	768	704	752	656	656	688	624	592	544	416	416	336	288	208	160	128	0	128	176	240	288	352	384	416	464	576	656	656	688	
272	528	640	592	656	560	576	624	560	560	512	368	416	320	304	208	160	112	128	0	64	112	176	224	256	288	336	448	528	528	560	
272	496	624	576	656	560	592	640	592	592	560	416	464	368	368	272	208	176	176	64	0	64	112	160	192	240	288	400	480	480	528	
224	448	560	528	608	528	560	608	576	576	560	416	464	368	400	288	240	208	240	112	64	0	64	112	128	176	224	336	416	416	464	
272	448	576	544	624	560	608	656	624	640	624	480	544	448	480	368	320	272	288	176	112	64	0	64	96	144	192	304	384	400	464	
272	400	528	512	592	528	576	640	624	640	624	480	560	464	512	400	352	320	352	224	160	112	64	0	32	80	128	240	320	336	400	
272	384	496	480	576	512	576	640	624	640	624	496	576	480	528	416	384	352	384	256	192	128	96	32	0	64	112	208	288	320	368	
224	304	432	416	512	464	512	592	576	592	592	464	544	464	528	432	384	352	416	288	240	176	144	80	64	0	48	160	240	256	304	
224	272	384	384	464	432	496	576	560	592	592	480	560	480	544	448	416	400	464	336	288	224	192	128	112	48	0	112	192	208	256	
320	240	352	368	464	464	528	608	608	656	672	560	656	576	656	560	528	512	576	448	400	336	304	240	208	160	112	0	80	128	208	
368	208	288	336	432	432	512	592	608	656	688	592	688	624	704	624	592	576	656	528	480	416	384	320	288	240	192	80	0	80	144	
320	128	208	256	352	368	432	528	544	592	624	544	640	576	672	592	560	560	656	528	480	416	400	336	320	256	208	128	80	0	64	
336	80	144	192	288	320	384	480	512	560	608	528	640	576	688	608	592	592	688	560	528	464	464	400	368	304	256	208	144	64	0	
V7
0	205	273	228	273	205	228	273	250	262	262	171	239	182	239	193	182	182	262	193	193	159	193	193	193	159	159	228	262	228	239	
205	0	79	91	159	171	216	285	307	342	376	330	399	364	444	399	387	387	467	376	353	319	319	285	273	216	193	171	148	91	57	
273	79	0	57	102	171	216	273	307	353	399	364	444	421	501	467	456	456	547	456	444	399	410	376	353	307	273	250	205	148	102	
228	91	57	0	68	102	148	216	250	285	330	307	376	364	444	410	399	410	501	421	410	376	387	364	342	296	273	262	239	182	136	
273	159	102	68	0	91	114	171	216	262	319	319	387	376	456	433	433	444	535	467	467	433	444	421	410	364	330	330	307	250	205	
205	171	171	102	91	0	45	114	136	182	228	228	296	285	364	353	353	364	467	399	399	376	399	376	364	330	307	330	307	262	228	
228	216	216	148	114	45	0	57	91	148	193	205	273	273	353	342	353	376	467	410	421	399	433	410	410	364	353	376	364	307	273	
273	285	273	216	171	114	57	0	57	102	159	205	250	262	342	353	364	387	490	444	456	433	467	456	456	421	410	433	421	376	342	
250	307	307	250	216	136	91	57	0	45	102	148	193	216	285	296	319	342	444	399	421	410	444	444	444	410	399	433	433	387	364	
262	342	353	285	262	182	148	102	45	0	57	125	148	193	250	285	296	330	421	399	421	410	456	456	456	421	421	467	467	421	399	
262	376	399	330	319	228	193	159	102	57	0	102	102	148	205	239	262	296	387	364	399	399	444	444	444	421	421	478	490	444	433	
171	330	364	307	319	228	205	205	148	125	102	0	68	57	136	148	171	193	296	262	296	296	342	342	353	330	342	399	421	387	376	
239	399	444	376	387	296	273	250	193	148	102	68	0	68	102	148	182	216	296	296	330	330	387	399	410	387	399	467	490	456	456	
182	364	421	364	376	285	273	262	216	193	148	57	68	0	79	91	114	148	239	228	262	262	319	330	342	330	342	410	444	410	410	
239	444	501	444	456	364	353	342	285	250	205	136	102	79	0	68	102	136	205	216	262	285	342	364	376	376	387	467	501	478	490	
193	399	467	410	433	353	342	353	296	285	239	148	148	91	68	0	34	68	148	148	193	205	262	285	296	307	319	399	444	421	433	
182	387	456	399	433	353	353	364	319	296	262	171	182	114	102	34	0	34	114	114	148	171	228	250	273	273	296	376	421	399	421	
182	387	456	410	444	364	376	387	342	330	296	193	216	148	136	68	34	0	91	79	125	148	193	228	250	250	285	364	410	399	421	
262	467	547	501	535	467	467	490	444	421	387	296	296	239	205	148	114	91	0	91	125	171	205	250	273	296	330	410	467	467	490	
193	376	456	421	467	399	410	444	399	399	364	262	296	228	216	148	114	79	91	0	45	79	125	159	182	205	239	319	376	376	399	
193	353	444	410	467	399	421	456	421	421	399	296	330	262	262	193	148	125	125	45	0	45	79	114	136	171	205	285	342	342	376	
159	319	399	376	433	376	399	433	410	410	399	296	330	262	285	205	171	148	171	79	45	0	45	79	91	125	159	239	296	296	330	
193	319	410	387	444	399	433	467	444	456	444	342	387	319	342	262	228	193	205	125	79	45	0	45	68	102	136	216	273	285	330	
193	285	376	364	421	376	410	456	444	456	444	342	399	330	364	285	250	228	250	159	114	79	45	0	22	57	91	171	228	239	285	
193	273	353	342	410	364	410	456	444	456	444	353	410	342	376	296	273	250	273	182	136	91	68	22	0	45	79	148	205	228	262	
159	216	307	296	364	330	364	421	410	421	421	330	387	330	376	307	273	250	296	205	171	125	102	57	45	0	34	114	171	182	216	
159	193	273	273	330	307	353	410	399	421	421	342	399	342	387	319	296	285	330	239	205	159	136	91	79	34	0	79	136	148	182	
228	171	250	262	330	330	376	433	433	467	478	399	467	410	467	399	376	364	410	319	285	239	216	171	148	114	79	0	57	91	148	
262	148	205	239	307	307	364	421	433	467	490	421	490	444	501	444	421	410	467	376	342	296	273	228	205	171	136	57	0	57	102	
228	91	148	182	250	262	307	376	387	421	444	387	456	410	478	421	399	399	467	376	342	296	285	239	228	182	148	91	57	0	45	
239	57	102	136	205	228	273	342	364	399	433	376	456	410	490	433	421	421	490	399	376	330	330	285	262	216	182	148	102	45	0	
V8
0	158	211	176	211	158	176	211	193	202	202	132	184	140	184	149	140	140	202	149	149	123	149	149	149	123	123	176	202	176	184	
158	0	61	70	123	132	167	220	237	264	290	255	308	281	343	308	299	299	360	290	272	246	246	220	211	167	149	132	114	70	44	
211	61	0	44	79	132	167	211	237	272	308	281	343	325	387	360	352	352	422	352	343	308	316	290	272	237	211	193	158	114	79	
176	70	44	0	52	79	114	167	193	220	255	237	290	281	343	316	308	316	387	325	316	290	299	281	264	228	211	202	184	140	105	
211	123	79	52	0	70	88	132	167	202	246	246	299	290	352	334	334	343	413	360	360	334	343	325	316	281	255	255	237	193	158	
158	132	132	79	70	0	35	88	105	140	176	176	228	220	281	272	272	281	360	308	308	290	308	290	281	255	237	255	237	202	176	
176	167	167	114	88	35	0	44	70	114	149	158	211	211	272	264	272	290	360	316	325	308	334	316	316	281	272	290	281	237	211	
211	220	211	167	132	88	44	0	44	79	123	158	193	202	264	272	281	299	378	343	352	334	360	352	352	325	316	334	325	290	264	
193	237	237	193	167	105	70	44	0	35	79	114	149	167	220	228	246	264	343	308	325	316	343	343	343	316	308	334	334	299	281	
202	264	272	220	202	140	114	79	35	0	44	96	114	149	193	220	228	255	325	308	325	316	352	352	352	325	325	360	360	325	308	
202	290	308	255	246	176	149	123	79	44	0	79	79	114	158	184	202	228	299	281	308	308	343	343	343	325	325	369	378	343	334	
132	255	281	237	246	176	158	158	114	96	79	0	52	44	105	114	132	149	228	202	228	228	264	264	272	255	264	308	325	299	290	
184	308	343	290	299	228	211	193	149	114	79	52	0	52	79	114	140	167	228	228	255	255	299	308	316	299	308	360	378	352	352	
140	281	325	281	290	220	211	202	167	149	114	44	52	0	61	70	88	114	184	176	202	202	246	255	264	255	264	316	343	316	316	
184	343	387	343	352	281	272	264	220	193	158	105	79	61	0	52	79	105	158	167	202	220	264	281	290	290	299	360	387	369	378	
149	308	360	316	334	272	264	272	228	220	184	114	114	70	52	0	26	52	114	114	149	158	202	220	228	237	246	308	343	325	334	
140	299	352	308	334	272	272	281	246	228	202	132	140	88	79	26	0	26	88	88	114	132	176	193	211	211	228	290	325	308	325	
140	299	352	316	343	281	290	299	264	255	228	149	167	114	105	52	26	0	70	61	96	114	149	176	193	193	220	281	316	308	325	
202	360	422	387	413	360	360	378	343	325	299	228	228	184	158	114	88	70	0	70	96	132	158	193	211	228	255	316	360	360	378	
149	290	352	325	360	308	316	343	308	308	281	202	228	176	167	114	88	61	70	0	35	61	96	123	140	158	184	246	290	290	308	
149	272	343	316	360	308	325	352	325	325	308	228	255	202	202	149	114	96	96	35	0	35	61	88	105	132	158	220	264	264	290	
123	246	308	290	334	290	308	334	316	316	308	228	255	202	220	158	132	114	132	61	35	0	35	61	70	96	123	184	228	228	255	
149	246	316	299	343	308	334	360	343	352	343	264	299	246	264	202	176	149	158	96	61	35	0	35	52	79	105	167	211	220	255	
149	220	290	281	325	290	316	352	343	352	343	264	308	255	281	220	193	176	193	123	88	61	35	0	17	44	70	132	176	184	220	
149	211	272	264	316	281	316	352	343	352	343	272	316	264	290	228	211	193	211	140	105	70	52	17	0	35	61	114	158	176	202	
123	167	237	228	281	255	281	325	316	325	325	255	299	255	290	237	211	193	228	158	132	96	79	44	35	0	26	88	132	140	167	
123	149	211	211	255	237	272	316	308	325	325	264	308	264	299	246	228	220	255	184	158	123	105	70	61	26	0	61	105	114	140	
176	132	193	202	255	255	290	334	334	360	369	308	360	316	360	308	290	281	316	246	220	184	167	132	114	88	61	0	44	70	114	
202	114	158	184	237	237	281	325	334	360	378	325	378	343	387	343	325	316	360	290	264	228	211	176	158	132	105	44	0	44	79	
176	70	114	140	193	202	237	290	299	325	343	299	352	316	369	325	308	308	360	290	264	228	220	184	176	140	114	70	44	0	35	
184	44	79	105	158	176	211	264	281	308	334	290	352	316	378	334	325	325	378	308	290	255	255	220	202	167	140	114	79	35	0	
V9
0	298	398	332	398	298	332	398	365	381	381	249	348	265	348	282	265	265	381	282	282	232	282	282	282	232	232	332	381	332	348	
298	0	116	132	232	249	315	415	448	498	547	481	581	531	647	581	564	564	680	547	514	464	464	415	398	315	282	249	215	132	83	
398	116	0	83	149	249	315	398	448	514	581	531	647	614	730	680	664	664	796	664	647	581	597	547	514	448	398	365	298	215	149	
332	132	83	0	99	149	215	315	365	415	481	448	547	531	647	597	581	597	730	614	597	547	564	531	498	431	398	381	348	265	199	
398	232	149	99	0	132	166	249	315	381	464	464	564	547	664	630	630	647	780	680	680	630	647	614	597	531	481	481	448	365	298	
298	249	249	149	132	0	66	166	199	265	332	332	431	415	531	514	514	531	680	581	581	547	581	547	531	481	448	481	448	381	332	
332	315	315	215	166	66	0	83	132	215	282	298	398	398	514	498	514	547	680	597	614	581	630	597	597	531	514	547	531	448	398	
398	415	398	315	249	166	83	0	83	149	232	298	365	381	498	514	531	564	713	647	664	630	680	664	664	614	597	630	614	547	498	
365	448	448	365	315	199	132	83	0	66	149	215	282	315	415	431	464	498	647	581	614	597	647	647	647	597	581	630	630	564	531	
381	498	514	415	381	265	215	149	66	0	83	182	215	282	365	415	431	481	614	581	614	597	664	664	664	614	614	680	680	614	581	
381	547	581	481	464	332	282	232	149	83	0	149	149	215	298	348	381	431	564	531	581	581	647	647	647	614	614	697	713	647	630	
249	481	531	448	464	332	298	298	215	182	149	0	99	83	199	215	249	282	431	381	431	431	498	498	514	481	498	581	614	564	547	
348	581	647	547	564	431	398	365	282	215	149	99	0	99	149	215	265	315	431	431	481	481	564	581	597	564	581	680	713	664	664	
265	531	614	531	547	415	398	381	315	282	215	83	99	0	116	132	166	215	348	332	381	381	464	481	498	481	498	597	647	597	597	
348	647	730	647	664	531	514	498	415	365	298	199	149	116	0	99	149	199	298	315	381	415	498	531	547	547	564	680	730	697	713	
282	581	680	597	630	514	498	514	431	415	348	215	215	132	99	0	49	99	215	215	282	298	381	415	431	448	464	581	647	614	630	
265	564	664	581	630	514	514	531	464	431	381	249	265	166	149	49	0	49	166	166	215	249	332	365	398	398	431	547	614	581	614	
265	564	664	597	647	531	547	564	498	481	431	282	315	215	199	99	49	0	132	116	182	215	282	332	365	365	415	531	597	581	614	
381	680	796	730	780	680	680	713	647	614	564	431	431	348	298	215	166	132	0	132	182	249	298	365	398	431	481	597	680	680	713	
282	547	664	614	680	581	597	647	581	581	531	381	431	332	315	215	166	116	132	0	66	116	182	232	265	298	348	464	547	547	581	
282	514	647	597	680	581	614	664	614	614	581	431	481	381	381	282	215	182	182	66	0	66	116	166	199	249	298	415	498	498	547	
232	464	581	547	630	547	581	630	597	597	581	431	481	381	415	298	249	215	249	116	66	0	66	116	132	182	232	348	431	431	481	
282	464	597	564	647	581	630	680	647	664	647	498	564	464	498	381	332	282	298	182	116	66	0	66	99	149	199	315	398	415	481	
282	415	547	531	614	547	597	664	647	664	647	498	581	481	531	415	365	332	365	232	166	116	66	0	33	83	132	249	332	348	415	
282	398	514	498	597	531	597	664	647	664	647	514	597	498	547	431	398	365	398	265	199	132	99	33	0	66	116	215	298	332	381	
232	315	448	431	531	481	531	614	597	614	614	481	564	481	547	448	398	365	431	298	249	182	149	83	66	0	49	166	249	265	315	
232	282	398	398	481	448	514	597	581	614	614	498	581	498	564	464	431	415	481	348	298	232	199	132	116	49	0	116	199	215	265	
332	249	365	381	481	481	547	630	630	680	697	581	680	597	680	581	547	531	597	464	415	348	315	249	215	166	116	0	83	132	215	
381	215	298	348	448	448	531	614	630	680	713	614	713	647	730	647	614	597	680	547	498	431	398	332	298	249	199	83	0	83	149	
332	132	215	265	365	381	448	547	564	614	647	564	664	597	697	614	581	581	680	547	498	431	415	348	332	265	215	132	83	0	66	
348	83	149	199	298	332	398	498	531	581	630	547	664	597	713	630	614	614	713	581	547	481	481	415	381	315	265	215	149	66	0	
Velocidade_Veiculos
1	1	1	1	1	1	1	1	1	1	