M: 4
N: 30
Nun_Veiculos: 11
Capacidade_Total: 735
Demanda_Total: 567
Setup_Min: 1
Setup_Max: 9
Raio: 100
Circulos: 1
Tempo_Processamento_Min: 1
Tempo_Processamento_Max: 49
Demanda_Min: 10
Demanda_Max: 30
Priority_Factor: 0.2
Range_Factor_R: 0.8
U_factor: 2
ALpha: 0.2Replicao: 1
Tempos_Processamentos
0	0	1	0	2	0	3	0	
0	12	1	14	2	23	3	46	
0	45	1	13	2	45	3	39	
0	39	1	33	2	34	3	41	
0	15	1	19	2	15	3	37	
0	6	1	45	2	4	3	24	
0	31	1	38	2	46	3	30	
0	2	1	48	2	16	3	33	
0	19	1	26	2	1	3	24	
0	5	1	31	2	25	3	37	
0	49	1	39	2	14	3	27	
0	46	1	38	2	29	3	36	
0	24	1	1	2	20	3	13	
0	35	1	6	2	10	3	36	
0	42	1	26	2	28	3	8	
0	43	1	12	2	2	3	42	
0	2	1	48	2	12	3	34	
0	16	1	37	2	33	3	28	
0	24	1	31	2	49	3	49	
0	43	1	42	2	45	3	13	
0	4	1	36	2	33	3	37	
0	23	1	16	2	26	3	27	
0	9	1	23	2	24	3	34	
0	3	1	34	2	18	3	42	
0	12	1	42	2	38	3	17	
0	38	1	8	2	15	3	34	
0	26	1	10	2	6	3	25	
0	48	1	25	2	37	3	28	
0	3	1	10	2	10	3	12	
0	20	1	43	2	29	3	47	
0	12	1	46	2	39	3	2	

Tempos_setup
M0
0	0	0	0	0	0	0	0	0	0	0	0	0	0	0	0	0	0	0	0	0	0	0	0	0	0	0	0	0	0	0	
0	0	2	2	2	2	2	2	1	1	3	2	3	2	2	1	3	2	2	2	2	3	3	4	3	3	3	2	1	3	3	
0	3	0	2	2	3	1	2	2	2	3	3	1	1	3	2	2	2	3	3	2	3	3	3	3	4	3	2	1	2	3	
0	2	2	0	2	2	2	4	2	1	4	2	2	2	2	1	3	3	1	3	2	1	3	2	2	3	2	3	3	2	3	
0	2	3	2	0	3	3	2	2	2	3	3	2	2	2	3	2	1	3	3	3	1	2	3	2	3	2	2	2	2	2	
0	3	4	2	3	0	3	3	3	3	3	1	1	3	3	2	3	2	3	2	3	3	2	3	1	2	3	2	2	2	2	
0	2	2	2	4	2	0	3	1	1	2	2	2	3	3	3	3	2	2	3	3	3	3	4	2	3	2	1	3	2	3	
0	1	3	1	3	1	2	0	2	2	3	2	2	2	3	2	3	3	2	3	1	2	2	3	2	3	1	2	2	3	2	
0	1	3	3	3	3	3	2	0	2	3	1	3	2	2	2	3	1	3	2	3	2	2	3	3	4	3	3	2	3	2	
0	3	1	1	3	1	1	3	2	0	3	2	2	2	2	2	3	3	2	3	3	2	3	3	2	3	3	2	2	2	3	
0	4	2	2	2	2	2	3	3	1	0	3	3	3	3	3	2	3	2	4	2	3	4	4	3	4	4	3	3	1	2	
0	2	3	3	2	3	2	4	2	2	2	0	4	2	3	3	2	3	3	3	3	3	1	4	3	3	4	3	3	3	1	
0	3	3	3	2	2	4	2	2	3	4	2	0	2	2	1	2	1	4	3	2	2	2	3	3	4	3	4	3	1	2	
0	4	1	3	2	4	2	3	3	3	4	4	2	0	3	3	1	2	2	2	2	3	3	2	4	5	3	3	2	3	3	
0	5	3	4	4	4	4	4	4	5	5	5	3	4	0	4	5	3	4	6	4	4	4	2	5	6	3	4	3	4	4	
0	3	2	3	1	4	3	3	3	3	4	4	3	1	3	0	2	2	3	2	3	2	3	3	3	4	3	3	3	3	3	
0	5	4	3	3	3	4	4	5	4	5	4	4	5	5	4	0	4	3	5	4	4	5	5	4	5	3	4	3	5	5	
0	2	2	2	2	2	3	1	1	2	4	2	2	1	1	3	2	0	3	3	2	1	1	2	2	3	2	3	3	2	1	
0	4	1	3	3	2	2	3	3	3	4	3	2	2	4	3	3	3	0	4	3	4	4	2	3	4	3	3	2	3	2	
0	3	2	3	3	2	1	2	2	2	3	3	1	1	2	2	1	1	3	0	2	2	2	3	3	4	3	2	3	1	2	
0	2	2	2	2	3	3	2	3	2	3	2	2	1	2	3	2	3	3	3	0	1	3	3	2	3	2	2	1	2	1	
0	1	2	2	3	2	2	3	2	1	3	2	1	3	1	2	2	2	3	2	2	0	3	3	1	2	1	2	2	1	2	
0	1	3	3	2	2	3	3	2	2	3	2	3	3	2	2	2	3	3	3	3	2	0	4	3	4	3	2	2	3	1	
0	3	3	3	2	3	2	2	2	3	3	3	1	2	2	2	3	1	3	4	2	2	2	0	3	4	1	2	3	2	2	
0	3	3	1	3	2	2	2	2	2	2	3	1	2	3	2	2	2	2	1	2	2	3	2	0	1	2	1	3	1	2	
0	2	2	2	3	2	3	1	3	3	3	3	3	3	4	3	4	4	1	4	2	3	3	3	3	0	2	3	3	4	3	
0	3	3	3	3	2	1	3	2	2	2	3	2	2	3	3	3	3	2	4	1	2	3	3	3	4	0	1	2	2	2	
0	2	2	3	3	1	2	3	1	2	1	2	1	3	3	2	2	2	1	3	2	3	2	3	2	3	4	0	3	1	2	
0	2	3	1	1	2	3	1	2	2	2	3	2	2	3	2	3	2	2	4	1	2	2	3	3	4	2	1	0	2	2	
0	3	3	3	2	1	3	2	3	3	4	2	2	2	3	3	1	3	4	3	1	2	3	4	2	3	3	3	2	0	1	
0	3	4	2	1	3	2	3	3	3	3	4	3	3	3	3	1	2	3	2	4	2	3	4	2	3	3	2	3	3	0	
M1
0	0	0	0	0	0	0	0	0	0	0	0	0	0	0	0	0	0	0	0	0	0	0	0	0	0	0	0	0	0	0	
0	0	3	1	1	2	3	1	2	2	2	3	2	3	2	3	1	2	2	4	2	2	2	1	2	1	2	1	5	3	2	
0	2	0	1	3	3	1	3	3	2	2	2	2	3	2	2	3	2	1	3	3	3	4	2	2	1	3	2	4	2	3	
0	2	2	0	2	2	3	3	2	1	1	2	2	3	1	3	3	2	1	3	2	2	3	1	2	1	3	3	4	2	3	
0	4	3	3	0	2	2	4	1	2	2	2	3	3	3	3	3	2	3	3	2	4	2	1	3	2	2	3	4	3	1	
0	3	3	2	1	0	3	2	2	3	3	3	1	2	3	1	3	2	2	2	3	2	2	2	3	2	3	2	3	1	2	
0	2	1	2	2	2	0	2	2	1	3	3	1	2	1	1	2	1	2	3	3	2	3	3	2	1	3	2	4	2	3	
0	1	3	2	2	2	2	0	1	2	2	3	3	3	1	3	2	3	3	4	3	2	2	2	1	2	2	2	4	3	2	
0	3	2	2	3	3	1	3	0	2	3	2	2	2	2	2	2	2	3	3	2	3	1	3	2	1	1	3	4	3	3	
0	3	1	2	1	1	2	3	1	0	3	3	2	2	3	2	2	1	2	3	2	3	2	2	2	2	2	2	4	2	2	
0	2	2	2	2	2	3	3	2	1	0	3	3	3	1	3	2	2	2	3	3	2	2	3	3	3	3	3	4	2	3	
0	4	2	2	2	1	3	3	2	1	3	0	2	3	3	2	3	2	1	3	2	3	3	3	2	3	3	3	4	2	3	
0	3	2	1	2	3	2	2	3	2	2	2	0	2	2	1	4	2	1	3	3	2	4	2	2	1	3	2	4	2	3	
0	4	3	3	3	2	2	3	1	3	4	3	3	0	3	2	3	3	3	1	3	2	2	4	1	2	2	3	2	3	2	
0	1	3	1	2	3	4	2	3	2	2	3	3	2	0	4	2	3	2	3	3	1	3	2	3	2	3	2	3	3	3	
0	2	3	1	1	2	2	1	2	2	2	3	3	1	2	0	3	2	2	2	2	1	3	2	2	2	2	1	3	1	2	
0	4	3	3	2	1	2	3	3	2	4	3	2	2	3	2	0	1	3	3	2	1	3	3	2	3	3	2	4	2	3	
0	3	2	3	2	2	1	3	2	1	3	3	2	3	2	2	3	0	3	2	2	3	3	2	1	2	2	1	3	1	2	
0	3	3	3	3	2	3	3	3	2	3	1	2	3	3	2	4	2	0	2	3	3	4	4	3	3	4	3	3	1	4	
0	3	3	3	4	3	3	2	2	3	4	3	2	1	3	3	4	3	2	0	2	3	3	4	2	1	3	4	1	3	3	
0	2	3	2	3	2	2	3	1	2	3	1	1	3	1	2	2	3	1	3	0	2	2	3	3	2	1	2	4	2	4	
0	4	3	4	3	2	3	4	2	2	4	3	3	1	3	3	2	3	3	2	2	0	3	2	2	3	2	1	3	3	3	
0	3	3	1	2	2	3	3	2	2	2	1	2	1	2	3	2	3	2	2	3	3	0	2	2	1	1	4	3	3	2	
0	3	3	2	2	1	2	3	2	2	3	2	2	3	2	2	3	1	2	3	1	3	3	0	2	3	2	2	4	2	3	
0	4	4	3	2	1	4	3	3	3	3	4	2	3	4	2	3	3	3	3	4	3	3	3	0	1	3	3	4	2	1	
0	4	3	2	3	2	3	3	3	2	3	3	1	3	3	2	3	3	2	4	4	3	4	3	1	0	2	3	5	3	2	
0	2	4	2	3	2	3	3	4	3	2	4	3	3	1	3	1	2	3	4	3	2	4	3	3	2	0	3	4	3	4	
0	3	2	3	2	1	3	3	2	3	3	2	2	3	2	2	2	3	2	3	1	2	3	3	4	3	1	0	4	2	3	
0	2	4	3	3	3	3	1	2	3	3	2	3	2	2	3	3	3	1	1	3	3	3	3	2	2	3	3	0	2	3	
0	3	3	3	2	1	2	3	3	2	2	4	2	2	2	2	4	1	3	1	3	3	3	3	2	2	3	2	2	0	3	
0	4	4	2	4	3	3	4	2	3	2	3	4	3	3	4	2	3	3	2	4	3	2	3	4	3	3	4	3	4	0	
M2
0	0	0	0	0	0	0	0	0	0	0	0	0	0	0	0	0	0	0	0	0	0	0	0	0	0	0	0	0	0	0	
0	0	4	2	2	2	2	4	3	3	3	4	3	2	2	3	2	2	2	1	4	1	3	3	3	3	2	1	3	4	3	
0	2	0	1	4	2	4	1	3	1	2	4	3	2	1	2	3	3	2	2	4	2	2	4	3	3	3	3	3	3	2	
0	1	3	0	3	3	3	2	2	1	1	3	3	2	2	1	2	3	1	2	3	2	2	3	2	3	2	2	3	2	3	
0	2	2	1	0	3	3	2	3	2	2	4	1	2	2	2	2	3	2	2	2	2	2	3	3	4	2	3	3	3	1	
0	2	2	3	3	0	3	2	3	2	3	4	4	3	3	2	1	1	2	1	3	2	3	3	2	3	3	3	1	4	3	
0	3	3	2	2	2	0	4	2	2	3	2	3	3	2	3	2	1	2	3	3	2	2	1	2	1	1	1	2	3	3	
0	3	3	4	3	3	4	0	4	2	2	5	3	3	3	3	3	4	3	2	3	3	1	4	3	4	2	3	2	2	2	
0	2	4	3	3	3	3	2	0	3	3	4	2	3	3	3	1	3	3	1	2	2	3	2	2	3	3	2	3	3	4	
0	2	3	4	3	3	4	3	3	0	1	3	2	1	3	3	3	2	3	3	3	1	1	4	3	4	2	3	2	2	2	
0	1	4	3	2	3	3	3	2	3	0	4	2	1	3	2	3	2	3	2	2	2	2	4	3	4	2	2	3	1	3	
0	2	3	3	2	3	1	2	3	3	1	0	3	2	2	2	2	2	2	3	2	1	3	2	2	2	2	2	3	1	1	
0	3	3	4	3	2	4	3	3	4	3	3	0	1	3	3	3	3	3	3	3	3	1	2	3	4	2	3	2	2	2	
0	3	4	3	3	3	3	4	3	3	2	4	1	0	4	4	2	3	3	3	4	2	2	3	2	3	1	2	3	3	3	
0	2	4	4	3	2	4	3	3	3	1	4	3	2	0	3	3	3	3	3	3	3	3	5	4	5	3	3	3	2	2	
0	3	3	4	3	3	3	1	1	3	2	2	3	3	1	0	2	4	1	2	3	3	2	3	2	3	2	3	3	3	3	
0	1	3	3	2	3	3	4	2	2	2	3	3	3	3	4	0	2	2	2	4	1	3	4	1	2	2	2	4	3	3	
0	3	3	4	4	1	4	3	4	1	2	4	3	2	3	3	2	0	3	2	2	2	2	4	3	4	3	3	2	3	2	
0	2	2	3	2	3	2	3	2	2	2	3	3	3	3	3	1	3	0	2	3	2	1	3	1	2	1	3	2	2	2	
0	2	4	4	3	4	4	3	3	3	3	3	4	4	3	2	1	3	3	0	3	2	4	2	2	2	3	3	4	4	4	
0	2	2	3	4	4	3	1	3	3	3	2	2	3	3	4	4	4	4	3	0	3	2	4	3	2	3	3	1	3	3	
0	4	4	5	5	2	5	4	5	2	3	5	4	3	4	4	3	1	4	3	3	0	3	5	4	4	4	4	3	4	3	
0	2	2	3	2	2	3	2	3	3	3	4	2	2	2	2	2	3	2	2	2	2	0	4	3	3	2	2	1	1	1	
0	3	4	5	4	3	4	3	3	4	2	3	3	3	1	4	4	4	4	4	2	4	4	0	5	2	4	4	3	3	3	
0	2	3	2	1	3	2	3	1	1	1	2	2	2	3	3	2	2	1	1	3	2	2	3	0	1	2	3	3	2	2	
0	3	4	3	2	3	2	3	1	2	2	1	3	2	2	3	2	3	3	2	3	2	3	3	3	0	2	2	4	2	2	
0	2	3	3	2	3	2	4	2	2	2	3	3	3	4	4	1	2	2	2	4	1	3	3	1	2	0	3	2	3	3	
0	2	3	1	1	1	1	3	2	2	2	3	2	3	3	2	2	2	1	2	3	3	2	2	2	2	2	0	2	3	2	
0	1	1	2	3	3	2	2	3	2	3	4	4	3	2	3	3	3	3	2	2	2	3	3	2	3	2	2	0	4	3	
0	2	3	2	1	2	2	2	2	3	3	3	2	1	2	1	3	3	2	3	1	2	3	3	3	3	2	1	2	0	2	
0	2	2	3	3	3	3	1	3	3	2	4	4	3	1	4	1	2	1	3	3	1	2	4	2	3	1	3	3	3	0	
M3
0	0	0	0	0	0	0	0	0	0	0	0	0	0	0	0	0	0	0	0	0	0	0	0	0	0	0	0	0	0	0	
0	0	3	3	1	3	2	1	3	2	2	3	4	3	2	2	3	2	3	2	2	3	3	3	1	2	3	3	1	3	2	
0	4	0	2	3	4	4	4	4	4	3	2	1	3	3	3	3	2	3	1	4	4	4	3	3	3	3	4	2	4	3	
0	3	3	0	2	2	3	2	2	2	3	1	1	1	1	1	3	3	1	2	4	2	3	3	1	3	2	4	2	2	3	
0	3	2	4	0	4	1	3	4	4	3	3	3	3	3	4	4	2	4	1	4	3	4	5	3	3	2	5	2	3	3	
0	1	3	3	2	0	2	2	3	2	3	3	3	3	3	2	2	2	4	3	3	4	3	3	1	1	3	4	2	4	2	
0	2	4	4	3	3	0	3	4	3	2	3	4	2	2	4	4	4	3	3	4	3	3	4	3	2	4	5	1	4	3	
0	3	4	4	3	4	1	0	2	1	3	2	4	2	3	4	3	1	3	3	4	3	3	4	3	3	2	3	2	3	1	
0	3	2	3	2	4	1	2	0	2	1	2	3	2	3	3	3	2	2	3	4	3	1	3	3	3	3	3	2	3	1	
0	3	4	3	3	4	3	4	2	0	3	2	4	2	4	4	3	3	3	3	3	2	3	4	3	3	2	3	4	3	1	
0	3	3	2	3	3	2	1	2	1	0	2	2	2	3	2	4	2	1	2	3	3	3	4	3	3	3	3	2	2	1	
0	4	2	4	1	3	2	4	3	3	4	0	3	1	2	2	2	3	5	2	4	2	3	3	3	3	3	4	3	4	4	
0	4	4	1	3	3	3	3	3	3	4	2	0	2	2	2	4	4	2	3	5	3	4	4	2	2	3	3	3	3	4	
0	4	2	3	2	3	3	4	3	2	3	4	2	0	3	3	2	2	4	1	3	1	3	2	4	2	3	4	2	4	3	
0	2	3	3	1	1	2	2	3	3	3	2	3	3	0	2	2	3	4	2	3	1	3	3	1	2	3	3	3	4	3	
0	4	3	4	2	3	2	2	1	3	2	1	3	2	3	0	2	3	3	3	5	3	2	4	4	3	4	3	3	4	2	
0	2	2	2	3	1	2	3	2	3	3	2	1	3	3	1	0	1	3	3	4	2	1	3	2	2	2	4	3	3	2	
0	2	4	4	3	4	2	3	2	4	3	2	4	2	3	4	4	0	3	3	4	3	3	4	3	3	1	3	2	2	1	
0	3	2	1	3	2	3	3	3	1	2	2	2	2	2	2	4	2	0	1	3	3	3	3	2	2	3	4	1	2	2	
0	3	1	3	4	5	3	4	3	5	4	3	2	3	4	4	4	1	4	0	3	4	4	4	4	4	2	4	3	3	2	
0	2	3	2	3	2	3	2	2	2	2	2	2	2	2	2	1	2	1	2	0	1	2	4	3	2	3	1	1	1	1	
0	3	3	3	2	2	2	3	3	3	4	3	2	4	3	2	1	2	3	3	2	0	2	4	3	1	3	3	3	3	3	
0	3	1	3	4	3	1	3	3	4	3	3	2	3	3	3	2	1	4	2	5	4	0	2	4	3	2	4	2	3	2	
0	3	3	4	2	2	2	3	1	2	2	2	4	2	1	3	3	1	3	3	3	2	2	0	2	3	2	2	3	3	1	
0	3	4	2	3	2	2	1	2	2	2	2	3	3	2	1	3	2	3	4	3	3	3	2	0	3	3	4	3	4	2	
0	3	3	5	4	3	1	3	4	2	3	4	4	3	3	5	4	3	4	2	5	3	4	5	4	0	4	3	2	3	3	
0	1	3	3	2	4	1	2	3	3	2	3	4	3	3	3	4	1	3	3	3	4	2	4	2	3	0	4	2	1	2	
0	3	3	4	3	4	2	1	3	2	4	3	3	1	4	4	3	1	4	2	4	2	4	3	4	3	2	0	3	3	2	
0	2	3	3	2	2	2	2	3	2	1	2	3	3	1	3	3	3	2	3	4	2	2	4	2	1	3	4	0	3	2	
0	1	2	3	2	4	2	2	3	2	1	3	3	3	3	3	3	2	2	2	3	4	1	3	2	2	3	4	2	0	2	
0	2	3	3	2	4	2	3	1	3	2	1	3	1	3	3	3	3	2	2	4	2	2	3	2	3	2	2	3	3	0	
Tamanho_Tarefas
0	15	33	34	17	13	33	19	11	9	25	32	9	13	26	24	14	20	29	20	14	18	19	12	16	19	10	31	4	20	8	
Data_Entrega
0	175	235	189	231	182	212	197	198	184	238	214	176	225	197	225	230	184	211	193	232	209	235	208	179	195	216	191	201	220	193	
Penalidade_Atraso
0	8	8	3	20	18	7	16	20	14	13	4	10	14	16	6	19	14	17	7	4	12	12	2	2	13	9	15	7	2	8	
Capacidade_Veiculo
39	68	73	80	65	40	67	82	86	69	66	
Custo_Fixo_Veiculo
390	680	730	800	650	400	670	820	860	690	660	
Coordenadas_Clientes
x	0	y	0
x	116	y	0
x	92	y	19
x	84	y	37
x	96	y	69
x	81	y	90
x	46	y	81
x	27	y	83
x	11	y	110
x	-11	y	110
x	-28	y	86
x	-54	y	93
x	-74	y	82
x	-97	y	70
x	-111	y	49
x	-82	y	17
x	-110	y	0
x	-106	y	-22
x	-108	y	-48
x	-67	y	-48
x	-75	y	-83
x	-41	y	-71
x	-36	y	-112
x	-10	y	-96
x	10	y	-100
x	31	y	-96
x	58	y	-101
x	56	y	-63
x	99	y	-72
x	85	y	-38
x	84	y	-17
Tempo_Viagem
0	116	93	91	118	121	93	87	110	110	90	107	110	119	121	83	110	108	118	82	111	81	117	96	100	100	116	84	122	93	85	
116	0	30	48	71	96	106	121	151	167	167	193	206	224	232	198	226	223	229	189	208	172	188	158	145	128	116	87	73	49	36	
93	30	0	19	50	71	77	91	121	137	137	163	177	195	205	174	202	201	210	172	195	160	183	153	144	130	123	89	91	57	36	
91	48	19	0	34	53	58	73	103	119	122	148	164	183	195	167	197	198	209	173	199	165	191	162	155	143	140	103	110	75	54	
118	71	50	34	0	25	51	70	94	114	125	151	170	193	207	185	217	221	235	200	228	195	224	196	189	177	173	137	141	107	86	
121	96	71	53	25	0	36	54	72	94	109	135	155	178	196	178	210	217	234	202	232	202	233	207	202	192	192	155	162	128	107	
93	106	77	58	51	36	0	19	45	63	74	100	120	143	160	143	175	183	200	171	203	174	209	185	184	177	182	144	161	125	105	
87	121	91	73	70	54	19	0	31	46	55	81	101	124	142	127	159	169	188	161	194	168	204	182	183	179	186	148	170	134	115	
110	151	121	103	94	72	45	31	0	22	45	67	89	114	135	131	163	176	197	176	211	188	226	206	210	206	216	178	201	165	146	
110	167	137	119	114	94	63	46	22	0	29	46	68	93	117	116	147	161	185	167	202	183	223	206	210	210	221	185	212	176	158	
90	167	137	122	125	109	74	55	45	29	0	26	46	70	90	87	118	132	156	139	174	157	198	182	189	190	205	171	202	167	152	
107	193	163	148	151	135	100	81	67	46	26	0	22	47	71	80	108	125	150	141	176	164	205	194	203	207	223	190	225	191	176	
110	206	177	164	170	155	120	101	89	68	46	22	0	25	49	65	89	108	134	130	165	156	197	189	200	206	225	194	231	199	186	
119	224	195	183	193	178	143	124	114	93	70	47	25	0	25	55	71	92	118	121	154	151	191	187	200	209	230	202	241	211	200	
121	232	205	195	207	196	160	142	135	117	90	71	49	25	0	43	49	71	97	106	136	138	177	176	191	202	225	201	242	214	205	
83	198	174	167	185	178	143	127	131	116	87	80	65	55	43	0	32	45	70	66	100	97	136	133	148	159	183	159	201	175	168	
110	226	202	197	217	210	175	159	163	147	118	108	89	71	49	32	0	22	48	64	90	98	134	137	156	170	196	177	220	198	194	
108	223	201	198	221	217	183	169	176	161	132	125	108	92	71	45	22	0	26	46	68	80	114	119	138	155	181	167	210	191	190	
118	229	210	209	235	234	200	188	197	185	156	150	134	118	97	70	48	26	0	41	48	70	96	109	128	146	173	164	207	193	194	
82	189	172	173	200	202	171	161	176	167	139	141	130	121	106	66	64	46	41	0	35	34	71	73	92	109	135	123	166	152	154	
111	208	195	199	228	232	203	194	211	202	174	176	165	154	136	100	90	68	48	35	0	36	48	66	86	106	133	132	174	166	172	
81	172	160	165	195	202	174	168	188	183	157	164	156	151	138	97	98	80	70	34	36	0	41	39	58	76	103	97	140	130	136	
117	188	183	191	224	233	209	204	226	223	198	205	197	191	177	136	134	114	96	71	48	41	0	30	47	68	94	103	140	141	152	
96	158	153	162	196	207	185	182	206	206	182	194	189	187	176	133	137	119	109	73	66	39	30	0	20	41	68	73	111	111	122	
100	145	144	155	189	202	184	183	210	210	189	203	200	200	191	148	156	138	128	92	86	58	47	20	0	21	48	59	93	97	111	
100	128	130	143	177	192	177	179	206	210	190	207	206	209	202	159	170	155	146	109	106	76	68	41	21	0	27	41	72	79	94	
116	116	123	140	173	192	182	186	216	221	205	223	225	230	225	183	196	181	173	135	133	103	94	68	48	27	0	38	50	68	87	
84	87	89	103	137	155	144	148	178	185	171	190	194	202	201	159	177	167	164	123	132	97	103	73	59	41	38	0	43	38	53	
122	73	91	110	141	162	161	170	201	212	202	225	231	241	242	201	220	210	207	166	174	140	140	111	93	72	50	43	0	36	57	
93	49	57	75	107	128	125	134	165	176	167	191	199	211	214	175	198	191	193	152	166	130	141	111	97	79	68	38	36	0	21	
85	36	36	54	86	107	105	115	146	158	152	176	186	200	205	168	194	190	194	154	172	136	152	122	111	94	87	53	57	21	0	
Custo_Viagem
V0
0	904	725	709	920	943	725	678	858	858	702	834	858	928	943	647	858	842	920	639	865	631	912	748	780	780	904	655	951	725	663	
904	0	234	374	553	748	834	943	1185	1310	1302	1505	1606	1747	1809	1544	1762	1739	1786	1474	1622	1341	1466	1232	1131	998	904	678	569	382	280	
725	234	0	148	390	553	600	709	943	1068	1068	1271	1380	1521	1599	1357	1575	1575	1638	1341	1521	1248	1427	1193	1123	1014	967	694	709	444	280	
709	374	148	0	265	413	452	569	803	928	951	1154	1279	1427	1521	1302	1536	1544	1630	1349	1552	1287	1489	1263	1209	1115	1092	803	858	585	421	
920	553	390	265	0	195	397	546	733	889	975	1177	1326	1505	1614	1443	1692	1723	1833	1560	1778	1521	1747	1528	1474	1380	1357	1068	1099	834	670	
943	748	553	413	195	0	280	421	561	733	850	1053	1209	1396	1528	1388	1645	1692	1825	1575	1809	1575	1817	1614	1575	1497	1497	1209	1263	998	834	
725	834	600	452	397	280	0	148	351	491	577	780	936	1115	1248	1115	1365	1427	1560	1333	1583	1365	1630	1443	1435	1380	1419	1123	1255	975	819	
678	943	709	569	546	421	148	0	241	358	429	631	787	967	1107	990	1248	1318	1466	1255	1513	1310	1591	1419	1427	1396	1450	1154	1326	1045	897	
858	1185	943	803	733	561	351	241	0	171	351	522	694	897	1060	1021	1271	1372	1536	1372	1645	1466	1762	1614	1638	1606	1684	1388	1575	1287	1138	
858	1310	1068	928	889	733	491	358	171	0	226	358	530	733	912	912	1146	1263	1443	1302	1583	1427	1739	1606	1645	1638	1723	1443	1653	1372	1232	
702	1302	1068	951	975	850	577	429	351	226	0	202	358	546	702	678	920	1037	1216	1084	1365	1224	1544	1419	1474	1489	1599	1333	1575	1302	1185	
834	1505	1271	1154	1177	1053	780	631	522	358	202	0	171	374	561	624	842	982	1170	1099	1380	1279	1599	1513	1583	1614	1747	1482	1755	1489	1372	
858	1606	1380	1279	1326	1209	936	787	694	530	358	171	0	195	382	507	694	842	1045	1014	1287	1216	1536	1474	1560	1606	1755	1513	1801	1552	1450	
928	1747	1521	1427	1505	1396	1115	967	897	733	546	374	195	0	195	429	553	717	920	943	1201	1177	1489	1458	1560	1630	1794	1575	1887	1645	1560	
943	1809	1599	1521	1614	1528	1248	1107	1060	912	702	561	382	195	0	335	382	553	756	826	1060	1076	1380	1372	1489	1575	1755	1567	1887	1669	1599	
647	1544	1357	1302	1443	1388	1115	990	1021	912	678	624	507	429	335	0	249	351	546	514	780	756	1060	1037	1154	1240	1427	1240	1567	1365	1318	
858	1762	1575	1536	1692	1645	1365	1248	1271	1146	920	842	694	553	382	249	0	171	374	499	702	772	1045	1076	1216	1326	1528	1380	1723	1544	1513	
842	1739	1575	1544	1723	1692	1427	1318	1372	1263	1037	982	842	717	553	351	171	0	202	358	530	631	889	943	1084	1209	1419	1302	1645	1489	1482	
920	1786	1638	1630	1833	1825	1560	1466	1536	1443	1216	1170	1045	920	756	546	374	202	0	319	374	546	748	850	998	1146	1357	1279	1622	1505	1513	
639	1474	1341	1349	1560	1575	1333	1255	1372	1302	1084	1099	1014	943	826	514	499	358	319	0	273	265	553	577	717	850	1053	959	1302	1185	1201	
865	1622	1521	1552	1778	1809	1583	1513	1645	1583	1365	1380	1287	1201	1060	780	702	530	374	273	0	280	374	514	670	826	1045	1029	1357	1294	1341	
631	1341	1248	1287	1521	1575	1365	1310	1466	1427	1224	1279	1216	1177	1076	756	772	631	546	265	280	0	319	304	452	592	803	756	1092	1014	1060	
912	1466	1427	1489	1747	1817	1630	1591	1762	1739	1544	1599	1536	1489	1380	1060	1045	889	748	553	374	319	0	234	366	530	733	811	1092	1099	1193	
748	1232	1193	1263	1528	1614	1443	1419	1614	1606	1419	1513	1474	1458	1372	1037	1076	943	850	577	514	304	234	0	156	319	530	569	865	865	951	
780	1131	1123	1209	1474	1575	1435	1427	1638	1645	1474	1583	1560	1560	1489	1154	1216	1084	998	717	670	452	366	156	0	163	374	460	725	756	865	
780	998	1014	1115	1380	1497	1380	1396	1606	1638	1489	1614	1606	1630	1575	1240	1326	1209	1146	850	826	592	530	319	163	0	210	319	561	616	741	
904	904	967	1092	1357	1497	1419	1450	1684	1723	1599	1747	1755	1794	1755	1427	1528	1419	1357	1053	1045	803	733	530	374	210	0	296	390	530	678	
655	678	694	803	1068	1209	1123	1154	1388	1443	1333	1482	1513	1575	1567	1240	1380	1302	1279	959	1029	756	811	569	460	319	296	0	335	296	413	
951	569	709	858	1099	1263	1255	1326	1575	1653	1575	1755	1801	1887	1887	1567	1723	1645	1622	1302	1357	1092	1092	865	725	561	390	335	0	280	444	
725	382	444	585	834	998	975	1045	1287	1372	1302	1489	1552	1645	1669	1365	1544	1489	1505	1185	1294	1014	1099	865	756	616	530	296	280	0	163	
663	280	280	421	670	834	819	897	1138	1232	1185	1372	1450	1560	1599	1318	1513	1482	1513	1201	1341	1060	1193	951	865	741	678	413	444	163	0	
V1
0	1577	1264	1237	1604	1645	1264	1183	1496	1496	1224	1455	1496	1618	1645	1128	1496	1468	1604	1115	1509	1101	1591	1305	1360	1360	1577	1142	1659	1264	1156	
1577	0	408	652	965	1305	1455	1645	2067	2284	2271	2624	2801	3046	3155	2692	3073	3032	3114	2570	2828	2339	2556	2148	1972	1740	1577	1183	992	666	489	
1264	408	0	258	680	965	1047	1237	1645	1863	1863	2216	2407	2652	2788	2366	2747	2747	2856	2339	2652	2176	2488	2080	1958	1768	1686	1210	1237	775	489	
1237	652	258	0	462	720	788	992	1400	1618	1659	2012	2230	2488	2652	2271	2679	2692	2842	2352	2706	2244	2597	2203	2108	1944	1904	1400	1496	1020	734	
1604	965	680	462	0	340	693	952	1278	1550	1700	2053	2312	2624	2815	2516	2951	3005	3196	2720	3100	2652	3046	2665	2570	2407	2366	1863	1917	1455	1169	
1645	1305	965	720	340	0	489	734	979	1278	1482	1836	2108	2434	2665	2420	2869	2951	3182	2747	3155	2747	3168	2815	2747	2611	2611	2108	2203	1740	1455	
1264	1455	1047	788	693	489	0	258	612	856	1006	1360	1632	1944	2176	1944	2380	2488	2720	2325	2760	2380	2842	2516	2502	2407	2475	1958	2189	1700	1428	
1183	1645	1237	992	952	734	258	0	421	625	748	1101	1373	1686	1931	1727	2176	2298	2556	2189	2638	2284	2774	2475	2488	2434	2529	2012	2312	1822	1564	
1496	2067	1645	1400	1278	979	612	421	0	299	612	911	1210	1564	1849	1781	2216	2393	2679	2393	2869	2556	3073	2815	2856	2801	2937	2420	2747	2244	1985	
1496	2284	1863	1618	1550	1278	856	625	299	0	394	625	924	1278	1591	1591	1999	2203	2516	2271	2760	2488	3032	2801	2869	2856	3005	2516	2883	2393	2148	
1224	2271	1863	1659	1700	1482	1006	748	612	394	0	353	625	952	1224	1183	1604	1808	2121	1890	2380	2135	2692	2475	2570	2597	2788	2325	2747	2271	2067	
1455	2624	2216	2012	2053	1836	1360	1101	911	625	353	0	299	652	979	1088	1468	1713	2040	1917	2407	2230	2788	2638	2760	2815	3046	2584	3060	2597	2393	
1496	2801	2407	2230	2312	2108	1632	1373	1210	924	625	299	0	340	666	884	1210	1468	1822	1768	2244	2121	2679	2570	2720	2801	3060	2638	3141	2706	2529	
1618	3046	2652	2488	2624	2434	1944	1686	1564	1278	952	652	340	0	340	748	965	1251	1604	1645	2094	2053	2597	2543	2720	2842	3128	2747	3291	2869	2720	
1645	3155	2788	2652	2815	2665	2176	1931	1849	1591	1224	979	666	340	0	584	666	965	1319	1441	1849	1876	2407	2393	2597	2747	3060	2733	3291	2910	2788	
1128	2692	2366	2271	2516	2420	1944	1727	1781	1591	1183	1088	884	748	584	0	435	612	952	897	1360	1319	1849	1808	2012	2162	2488	2162	2733	2380	2298	
1496	3073	2747	2679	2951	2869	2380	2176	2216	1999	1604	1468	1210	965	666	435	0	299	652	870	1224	1346	1822	1876	2121	2312	2665	2407	3005	2692	2638	
1468	3032	2747	2692	3005	2951	2488	2298	2393	2203	1808	1713	1468	1251	965	612	299	0	353	625	924	1101	1550	1645	1890	2108	2475	2271	2869	2597	2584	
1604	3114	2856	2842	3196	3182	2720	2556	2679	2516	2121	2040	1822	1604	1319	952	652	353	0	557	652	952	1305	1482	1740	1999	2366	2230	2828	2624	2638	
1115	2570	2339	2352	2720	2747	2325	2189	2393	2271	1890	1917	1768	1645	1441	897	870	625	557	0	476	462	965	1006	1251	1482	1836	1672	2271	2067	2094	
1509	2828	2652	2706	3100	3155	2760	2638	2869	2760	2380	2407	2244	2094	1849	1360	1224	924	652	476	0	489	652	897	1169	1441	1822	1795	2366	2257	2339	
1101	2339	2176	2244	2652	2747	2380	2284	2556	2488	2135	2230	2121	2053	1876	1319	1346	1101	952	462	489	0	557	530	788	1033	1400	1319	1904	1768	1849	
1591	2556	2488	2597	3046	3168	2842	2774	3073	3032	2692	2788	2679	2597	2407	1849	1822	1550	1305	965	652	557	0	408	639	924	1278	1414	1904	1917	2080	
1305	2148	2080	2203	2665	2815	2516	2475	2815	2801	2475	2638	2570	2543	2393	1808	1876	1645	1482	1006	897	530	408	0	272	557	924	992	1509	1509	1659	
1360	1972	1958	2108	2570	2747	2502	2488	2856	2869	2570	2760	2720	2720	2597	2012	2121	1890	1740	1251	1169	788	639	272	0	285	652	802	1264	1319	1509	
1360	1740	1768	1944	2407	2611	2407	2434	2801	2856	2597	2815	2801	2842	2747	2162	2312	2108	1999	1482	1441	1033	924	557	285	0	367	557	979	1074	1292	
1577	1577	1686	1904	2366	2611	2475	2529	2937	3005	2788	3046	3060	3128	3060	2488	2665	2475	2366	1836	1822	1400	1278	924	652	367	0	516	680	924	1183	
1142	1183	1210	1400	1863	2108	1958	2012	2420	2516	2325	2584	2638	2747	2733	2162	2407	2271	2230	1672	1795	1319	1414	992	802	557	516	0	584	516	720	
1659	992	1237	1496	1917	2203	2189	2312	2747	2883	2747	3060	3141	3291	3291	2733	3005	2869	2828	2271	2366	1904	1904	1509	1264	979	680	584	0	489	775	
1264	666	775	1020	1455	1740	1700	1822	2244	2393	2271	2597	2706	2869	2910	2380	2692	2597	2624	2067	2257	1768	1917	1509	1319	1074	924	516	489	0	285	
1156	489	489	734	1169	1455	1428	1564	1985	2148	2067	2393	2529	2720	2788	2298	2638	2584	2638	2094	2339	1849	2080	1659	1509	1292	1183	720	775	285	0	
V2
0	1693	1357	1328	1722	1766	1357	1270	1606	1606	1314	1562	1606	1737	1766	1211	1606	1576	1722	1197	1620	1182	1708	1401	1460	1460	1693	1226	1781	1357	1241	
1693	0	438	700	1036	1401	1562	1766	2219	2452	2438	2817	3007	3270	3387	2890	3299	3255	3343	2759	3036	2511	2744	2306	2117	1868	1693	1270	1065	715	525	
1357	438	0	277	730	1036	1124	1328	1766	2000	2000	2379	2584	2847	2993	2540	2949	2949	3066	2511	2847	2336	2671	2233	2102	1898	1810	1299	1328	832	525	
1328	700	277	0	496	773	846	1065	1503	1737	1781	2160	2394	2671	2847	2438	2876	2890	3051	2525	2905	2409	2788	2365	2263	2087	2044	1503	1606	1095	788	
1722	1036	730	496	0	365	744	1022	1372	1664	1825	2204	2482	2817	3022	2701	3168	3226	3431	2920	3328	2847	3270	2861	2759	2584	2540	2000	2058	1562	1255	
1766	1401	1036	773	365	0	525	788	1051	1372	1591	1971	2263	2613	2861	2598	3080	3168	3416	2949	3387	2949	3401	3022	2949	2803	2803	2263	2365	1868	1562	
1357	1562	1124	846	744	525	0	277	657	919	1080	1460	1752	2087	2336	2087	2555	2671	2920	2496	2963	2555	3051	2701	2686	2584	2657	2102	2350	1825	1533	
1270	1766	1328	1065	1022	788	277	0	452	671	803	1182	1474	1810	2073	1854	2336	2467	2744	2350	2832	2452	2978	2657	2671	2613	2715	2160	2482	1956	1679	
1606	2219	1766	1503	1372	1051	657	452	0	321	657	978	1299	1679	1985	1912	2379	2569	2876	2569	3080	2744	3299	3022	3066	3007	3153	2598	2949	2409	2131	
1606	2452	2000	1737	1664	1372	919	671	321	0	423	671	992	1372	1708	1708	2146	2365	2701	2438	2963	2671	3255	3007	3080	3066	3226	2701	3095	2569	2306	
1314	2438	2000	1781	1825	1591	1080	803	657	423	0	379	671	1022	1314	1270	1722	1941	2277	2029	2555	2292	2890	2657	2759	2788	2993	2496	2949	2438	2219	
1562	2817	2379	2160	2204	1971	1460	1182	978	671	379	0	321	700	1051	1168	1576	1839	2190	2058	2584	2394	2993	2832	2963	3022	3270	2774	3285	2788	2569	
1606	3007	2584	2394	2482	2263	1752	1474	1299	992	671	321	0	365	715	949	1299	1576	1956	1898	2409	2277	2876	2759	2920	3007	3285	2832	3372	2905	2715	
1737	3270	2847	2671	2817	2613	2087	1810	1679	1372	1022	700	365	0	365	803	1036	1343	1722	1766	2248	2204	2788	2730	2920	3051	3358	2949	3533	3080	2920	
1766	3387	2993	2847	3022	2861	2336	2073	1985	1708	1314	1051	715	365	0	627	715	1036	1416	1547	1985	2014	2584	2569	2788	2949	3285	2934	3533	3124	2993	
1211	2890	2540	2438	2701	2598	2087	1854	1912	1708	1270	1168	949	803	627	0	467	657	1022	963	1460	1416	1985	1941	2160	2321	2671	2321	2934	2555	2467	
1606	3299	2949	2876	3168	3080	2555	2336	2379	2146	1722	1576	1299	1036	715	467	0	321	700	934	1314	1445	1956	2014	2277	2482	2861	2584	3226	2890	2832	
1576	3255	2949	2890	3226	3168	2671	2467	2569	2365	1941	1839	1576	1343	1036	657	321	0	379	671	992	1182	1664	1766	2029	2263	2657	2438	3080	2788	2774	
1722	3343	3066	3051	3431	3416	2920	2744	2876	2701	2277	2190	1956	1722	1416	1022	700	379	0	598	700	1022	1401	1591	1868	2146	2540	2394	3036	2817	2832	
1197	2759	2511	2525	2920	2949	2496	2350	2569	2438	2029	2058	1898	1766	1547	963	934	671	598	0	511	496	1036	1080	1343	1591	1971	1795	2438	2219	2248	
1620	3036	2847	2905	3328	3387	2963	2832	3080	2963	2555	2584	2409	2248	1985	1460	1314	992	700	511	0	525	700	963	1255	1547	1956	1927	2540	2423	2511	
1182	2511	2336	2409	2847	2949	2555	2452	2744	2671	2292	2394	2277	2204	2014	1416	1445	1182	1022	496	525	0	598	569	846	1109	1503	1416	2044	1898	1985	
1708	2744	2671	2788	3270	3401	3051	2978	3299	3255	2890	2993	2876	2788	2584	1985	1956	1664	1401	1036	700	598	0	438	686	992	1372	1518	2044	2058	2233	
1401	2306	2233	2365	2861	3022	2701	2657	3022	3007	2657	2832	2759	2730	2569	1941	2014	1766	1591	1080	963	569	438	0	292	598	992	1065	1620	1620	1781	
1460	2117	2102	2263	2759	2949	2686	2671	3066	3080	2759	2963	2920	2920	2788	2160	2277	2029	1868	1343	1255	846	686	292	0	306	700	861	1357	1416	1620	
1460	1868	1898	2087	2584	2803	2584	2613	3007	3066	2788	3022	3007	3051	2949	2321	2482	2263	2146	1591	1547	1109	992	598	306	0	394	598	1051	1153	1387	
1693	1693	1810	2044	2540	2803	2657	2715	3153	3226	2993	3270	3285	3358	3285	2671	2861	2657	2540	1971	1956	1503	1372	992	700	394	0	554	730	992	1270	
1226	1270	1299	1503	2000	2263	2102	2160	2598	2701	2496	2774	2832	2949	2934	2321	2584	2438	2394	1795	1927	1416	1518	1065	861	598	554	0	627	554	773	
1781	1065	1328	1606	2058	2365	2350	2482	2949	3095	2949	3285	3372	3533	3533	2934	3226	3080	3036	2438	2540	2044	2044	1620	1357	1051	730	627	0	525	832	
1357	715	832	1095	1562	1868	1825	1956	2409	2569	2438	2788	2905	3080	3124	2555	2890	2788	2817	2219	2423	1898	2058	1620	1416	1153	992	554	525	0	306	
1241	525	525	788	1255	1562	1533	1679	2131	2306	2219	2569	2715	2920	2993	2467	2832	2774	2832	2248	2511	1985	2233	1781	1620	1387	1270	773	832	306	0	
V3
0	1856	1488	1456	1888	1936	1488	1392	1760	1760	1440	1712	1760	1904	1936	1328	1760	1728	1888	1312	1776	1296	1872	1536	1600	1600	1856	1344	1952	1488	1360	
1856	0	480	768	1136	1536	1712	1936	2432	2688	2672	3088	3296	3584	3712	3168	3616	3568	3664	3024	3328	2752	3008	2528	2320	2048	1856	1392	1168	784	576	
1488	480	0	304	800	1136	1232	1456	1936	2192	2192	2608	2832	3120	3280	2784	3232	3232	3360	2752	3120	2560	2928	2448	2304	2080	1984	1424	1456	912	576	
1456	768	304	0	544	848	928	1168	1648	1904	1952	2368	2624	2928	3120	2672	3152	3168	3344	2768	3184	2640	3056	2592	2480	2288	2240	1648	1760	1200	864	
1888	1136	800	544	0	400	816	1120	1504	1824	2000	2416	2720	3088	3312	2960	3472	3536	3760	3200	3648	3120	3584	3136	3024	2832	2784	2192	2256	1712	1376	
1936	1536	1136	848	400	0	576	864	1152	1504	1744	2160	2480	2864	3136	2848	3376	3472	3744	3232	3712	3232	3728	3312	3232	3072	3072	2480	2592	2048	1712	
1488	1712	1232	928	816	576	0	304	720	1008	1184	1600	1920	2288	2560	2288	2800	2928	3200	2736	3248	2800	3344	2960	2944	2832	2912	2304	2576	2000	1680	
1392	1936	1456	1168	1120	864	304	0	496	736	880	1296	1616	1984	2272	2032	2560	2704	3008	2576	3104	2688	3264	2912	2928	2864	2976	2368	2720	2144	1840	
1760	2432	1936	1648	1504	1152	720	496	0	352	720	1072	1424	1840	2176	2096	2608	2816	3152	2816	3376	3008	3616	3312	3360	3296	3456	2848	3232	2640	2336	
1760	2688	2192	1904	1824	1504	1008	736	352	0	464	736	1088	1504	1872	1872	2352	2592	2960	2672	3248	2928	3568	3296	3376	3360	3536	2960	3392	2816	2528	
1440	2672	2192	1952	2000	1744	1184	880	720	464	0	416	736	1120	1440	1392	1888	2128	2496	2224	2800	2512	3168	2912	3024	3056	3280	2736	3232	2672	2432	
1712	3088	2608	2368	2416	2160	1600	1296	1072	736	416	0	352	768	1152	1280	1728	2016	2400	2256	2832	2624	3280	3104	3248	3312	3584	3040	3600	3056	2816	
1760	3296	2832	2624	2720	2480	1920	1616	1424	1088	736	352	0	400	784	1040	1424	1728	2144	2080	2640	2496	3152	3024	3200	3296	3600	3104	3696	3184	2976	
1904	3584	3120	2928	3088	2864	2288	1984	1840	1504	1120	768	400	0	400	880	1136	1472	1888	1936	2464	2416	3056	2992	3200	3344	3680	3232	3872	3376	3200	
1936	3712	3280	3120	3312	3136	2560	2272	2176	1872	1440	1152	784	400	0	688	784	1136	1552	1696	2176	2208	2832	2816	3056	3232	3600	3216	3872	3424	3280	
1328	3168	2784	2672	2960	2848	2288	2032	2096	1872	1392	1280	1040	880	688	0	512	720	1120	1056	1600	1552	2176	2128	2368	2544	2928	2544	3216	2800	2704	
1760	3616	3232	3152	3472	3376	2800	2560	2608	2352	1888	1728	1424	1136	784	512	0	352	768	1024	1440	1584	2144	2208	2496	2720	3136	2832	3536	3168	3104	
1728	3568	3232	3168	3536	3472	2928	2704	2816	2592	2128	2016	1728	1472	1136	720	352	0	416	736	1088	1296	1824	1936	2224	2480	2912	2672	3376	3056	3040	
1888	3664	3360	3344	3760	3744	3200	3008	3152	2960	2496	2400	2144	1888	1552	1120	768	416	0	656	768	1120	1536	1744	2048	2352	2784	2624	3328	3088	3104	
1312	3024	2752	2768	3200	3232	2736	2576	2816	2672	2224	2256	2080	1936	1696	1056	1024	736	656	0	560	544	1136	1184	1472	1744	2160	1968	2672	2432	2464	
1776	3328	3120	3184	3648	3712	3248	3104	3376	3248	2800	2832	2640	2464	2176	1600	1440	1088	768	560	0	576	768	1056	1376	1696	2144	2112	2784	2656	2752	
1296	2752	2560	2640	3120	3232	2800	2688	3008	2928	2512	2624	2496	2416	2208	1552	1584	1296	1120	544	576	0	656	624	928	1216	1648	1552	2240	2080	2176	
1872	3008	2928	3056	3584	3728	3344	3264	3616	3568	3168	3280	3152	3056	2832	2176	2144	1824	1536	1136	768	656	0	480	752	1088	1504	1664	2240	2256	2448	
1536	2528	2448	2592	3136	3312	2960	2912	3312	3296	2912	3104	3024	2992	2816	2128	2208	1936	1744	1184	1056	624	480	0	320	656	1088	1168	1776	1776	1952	
1600	2320	2304	2480	3024	3232	2944	2928	3360	3376	3024	3248	3200	3200	3056	2368	2496	2224	2048	1472	1376	928	752	320	0	336	768	944	1488	1552	1776	
1600	2048	2080	2288	2832	3072	2832	2864	3296	3360	3056	3312	3296	3344	3232	2544	2720	2480	2352	1744	1696	1216	1088	656	336	0	432	656	1152	1264	1520	
1856	1856	1984	2240	2784	3072	2912	2976	3456	3536	3280	3584	3600	3680	3600	2928	3136	2912	2784	2160	2144	1648	1504	1088	768	432	0	608	800	1088	1392	
1344	1392	1424	1648	2192	2480	2304	2368	2848	2960	2736	3040	3104	3232	3216	2544	2832	2672	2624	1968	2112	1552	1664	1168	944	656	608	0	688	608	848	
1952	1168	1456	1760	2256	2592	2576	2720	3232	3392	3232	3600	3696	3872	3872	3216	3536	3376	3328	2672	2784	2240	2240	1776	1488	1152	800	688	0	576	912	
1488	784	912	1200	1712	2048	2000	2144	2640	2816	2672	3056	3184	3376	3424	2800	3168	3056	3088	2432	2656	2080	2256	1776	1552	1264	1088	608	576	0	336	
1360	576	576	864	1376	1712	1680	1840	2336	2528	2432	2816	2976	3200	3280	2704	3104	3040	3104	2464	2752	2176	2448	1952	1776	1520	1392	848	912	336	0	
V4
0	1508	1209	1183	1534	1573	1209	1131	1430	1430	1170	1391	1430	1547	1573	1079	1430	1404	1534	1066	1443	1053	1521	1248	1300	1300	1508	1092	1586	1209	1105	
1508	0	390	624	923	1248	1391	1573	1976	2184	2171	2509	2678	2912	3016	2574	2938	2899	2977	2457	2704	2236	2444	2054	1885	1664	1508	1131	949	637	468	
1209	390	0	247	650	923	1001	1183	1573	1781	1781	2119	2301	2535	2665	2262	2626	2626	2730	2236	2535	2080	2379	1989	1872	1690	1612	1157	1183	741	468	
1183	624	247	0	442	689	754	949	1339	1547	1586	1924	2132	2379	2535	2171	2561	2574	2717	2249	2587	2145	2483	2106	2015	1859	1820	1339	1430	975	702	
1534	923	650	442	0	325	663	910	1222	1482	1625	1963	2210	2509	2691	2405	2821	2873	3055	2600	2964	2535	2912	2548	2457	2301	2262	1781	1833	1391	1118	
1573	1248	923	689	325	0	468	702	936	1222	1417	1755	2015	2327	2548	2314	2743	2821	3042	2626	3016	2626	3029	2691	2626	2496	2496	2015	2106	1664	1391	
1209	1391	1001	754	663	468	0	247	585	819	962	1300	1560	1859	2080	1859	2275	2379	2600	2223	2639	2275	2717	2405	2392	2301	2366	1872	2093	1625	1365	
1131	1573	1183	949	910	702	247	0	403	598	715	1053	1313	1612	1846	1651	2080	2197	2444	2093	2522	2184	2652	2366	2379	2327	2418	1924	2210	1742	1495	
1430	1976	1573	1339	1222	936	585	403	0	286	585	871	1157	1495	1768	1703	2119	2288	2561	2288	2743	2444	2938	2691	2730	2678	2808	2314	2626	2145	1898	
1430	2184	1781	1547	1482	1222	819	598	286	0	377	598	884	1222	1521	1521	1911	2106	2405	2171	2639	2379	2899	2678	2743	2730	2873	2405	2756	2288	2054	
1170	2171	1781	1586	1625	1417	962	715	585	377	0	338	598	910	1170	1131	1534	1729	2028	1807	2275	2041	2574	2366	2457	2483	2665	2223	2626	2171	1976	
1391	2509	2119	1924	1963	1755	1300	1053	871	598	338	0	286	624	936	1040	1404	1638	1950	1833	2301	2132	2665	2522	2639	2691	2912	2470	2925	2483	2288	
1430	2678	2301	2132	2210	2015	1560	1313	1157	884	598	286	0	325	637	845	1157	1404	1742	1690	2145	2028	2561	2457	2600	2678	2925	2522	3003	2587	2418	
1547	2912	2535	2379	2509	2327	1859	1612	1495	1222	910	624	325	0	325	715	923	1196	1534	1573	2002	1963	2483	2431	2600	2717	2990	2626	3146	2743	2600	
1573	3016	2665	2535	2691	2548	2080	1846	1768	1521	1170	936	637	325	0	559	637	923	1261	1378	1768	1794	2301	2288	2483	2626	2925	2613	3146	2782	2665	
1079	2574	2262	2171	2405	2314	1859	1651	1703	1521	1131	1040	845	715	559	0	416	585	910	858	1300	1261	1768	1729	1924	2067	2379	2067	2613	2275	2197	
1430	2938	2626	2561	2821	2743	2275	2080	2119	1911	1534	1404	1157	923	637	416	0	286	624	832	1170	1287	1742	1794	2028	2210	2548	2301	2873	2574	2522	
1404	2899	2626	2574	2873	2821	2379	2197	2288	2106	1729	1638	1404	1196	923	585	286	0	338	598	884	1053	1482	1573	1807	2015	2366	2171	2743	2483	2470	
1534	2977	2730	2717	3055	3042	2600	2444	2561	2405	2028	1950	1742	1534	1261	910	624	338	0	533	624	910	1248	1417	1664	1911	2262	2132	2704	2509	2522	
1066	2457	2236	2249	2600	2626	2223	2093	2288	2171	1807	1833	1690	1573	1378	858	832	598	533	0	455	442	923	962	1196	1417	1755	1599	2171	1976	2002	
1443	2704	2535	2587	2964	3016	2639	2522	2743	2639	2275	2301	2145	2002	1768	1300	1170	884	624	455	0	468	624	858	1118	1378	1742	1716	2262	2158	2236	
1053	2236	2080	2145	2535	2626	2275	2184	2444	2379	2041	2132	2028	1963	1794	1261	1287	1053	910	442	468	0	533	507	754	988	1339	1261	1820	1690	1768	
1521	2444	2379	2483	2912	3029	2717	2652	2938	2899	2574	2665	2561	2483	2301	1768	1742	1482	1248	923	624	533	0	390	611	884	1222	1352	1820	1833	1989	
1248	2054	1989	2106	2548	2691	2405	2366	2691	2678	2366	2522	2457	2431	2288	1729	1794	1573	1417	962	858	507	390	0	260	533	884	949	1443	1443	1586	
1300	1885	1872	2015	2457	2626	2392	2379	2730	2743	2457	2639	2600	2600	2483	1924	2028	1807	1664	1196	1118	754	611	260	0	273	624	767	1209	1261	1443	
1300	1664	1690	1859	2301	2496	2301	2327	2678	2730	2483	2691	2678	2717	2626	2067	2210	2015	1911	1417	1378	988	884	533	273	0	351	533	936	1027	1235	
1508	1508	1612	1820	2262	2496	2366	2418	2808	2873	2665	2912	2925	2990	2925	2379	2548	2366	2262	1755	1742	1339	1222	884	624	351	0	494	650	884	1131	
1092	1131	1157	1339	1781	2015	1872	1924	2314	2405	2223	2470	2522	2626	2613	2067	2301	2171	2132	1599	1716	1261	1352	949	767	533	494	0	559	494	689	
1586	949	1183	1430	1833	2106	2093	2210	2626	2756	2626	2925	3003	3146	3146	2613	2873	2743	2704	2171	2262	1820	1820	1443	1209	936	650	559	0	468	741	
1209	637	741	975	1391	1664	1625	1742	2145	2288	2171	2483	2587	2743	2782	2275	2574	2483	2509	1976	2158	1690	1833	1443	1261	1027	884	494	468	0	273	
1105	468	468	702	1118	1391	1365	1495	1898	2054	1976	2288	2418	2600	2665	2197	2522	2470	2522	2002	2236	1768	1989	1586	1443	1235	1131	689	741	273	0	
V5
0	928	744	728	944	968	744	696	880	880	720	856	880	952	968	664	880	864	944	656	888	648	936	768	800	800	928	672	976	744	680	
928	0	240	384	568	768	856	968	1216	1344	1336	1544	1648	1792	1856	1584	1808	1784	1832	1512	1664	1376	1504	1264	1160	1024	928	696	584	392	288	
744	240	0	152	400	568	616	728	968	1096	1096	1304	1416	1560	1640	1392	1616	1616	1680	1376	1560	1280	1464	1224	1152	1040	992	712	728	456	288	
728	384	152	0	272	424	464	584	824	952	976	1184	1312	1464	1560	1336	1576	1584	1672	1384	1592	1320	1528	1296	1240	1144	1120	824	880	600	432	
944	568	400	272	0	200	408	560	752	912	1000	1208	1360	1544	1656	1480	1736	1768	1880	1600	1824	1560	1792	1568	1512	1416	1392	1096	1128	856	688	
968	768	568	424	200	0	288	432	576	752	872	1080	1240	1432	1568	1424	1688	1736	1872	1616	1856	1616	1864	1656	1616	1536	1536	1240	1296	1024	856	
744	856	616	464	408	288	0	152	360	504	592	800	960	1144	1280	1144	1400	1464	1600	1368	1624	1400	1672	1480	1472	1416	1456	1152	1288	1000	840	
696	968	728	584	560	432	152	0	248	368	440	648	808	992	1136	1016	1280	1352	1504	1288	1552	1344	1632	1456	1464	1432	1488	1184	1360	1072	920	
880	1216	968	824	752	576	360	248	0	176	360	536	712	920	1088	1048	1304	1408	1576	1408	1688	1504	1808	1656	1680	1648	1728	1424	1616	1320	1168	
880	1344	1096	952	912	752	504	368	176	0	232	368	544	752	936	936	1176	1296	1480	1336	1624	1464	1784	1648	1688	1680	1768	1480	1696	1408	1264	
720	1336	1096	976	1000	872	592	440	360	232	0	208	368	560	720	696	944	1064	1248	1112	1400	1256	1584	1456	1512	1528	1640	1368	1616	1336	1216	
856	1544	1304	1184	1208	1080	800	648	536	368	208	0	176	384	576	640	864	1008	1200	1128	1416	1312	1640	1552	1624	1656	1792	1520	1800	1528	1408	
880	1648	1416	1312	1360	1240	960	808	712	544	368	176	0	200	392	520	712	864	1072	1040	1320	1248	1576	1512	1600	1648	1800	1552	1848	1592	1488	
952	1792	1560	1464	1544	1432	1144	992	920	752	560	384	200	0	200	440	568	736	944	968	1232	1208	1528	1496	1600	1672	1840	1616	1936	1688	1600	
968	1856	1640	1560	1656	1568	1280	1136	1088	936	720	576	392	200	0	344	392	568	776	848	1088	1104	1416	1408	1528	1616	1800	1608	1936	1712	1640	
664	1584	1392	1336	1480	1424	1144	1016	1048	936	696	640	520	440	344	0	256	360	560	528	800	776	1088	1064	1184	1272	1464	1272	1608	1400	1352	
880	1808	1616	1576	1736	1688	1400	1280	1304	1176	944	864	712	568	392	256	0	176	384	512	720	792	1072	1104	1248	1360	1568	1416	1768	1584	1552	
864	1784	1616	1584	1768	1736	1464	1352	1408	1296	1064	1008	864	736	568	360	176	0	208	368	544	648	912	968	1112	1240	1456	1336	1688	1528	1520	
944	1832	1680	1672	1880	1872	1600	1504	1576	1480	1248	1200	1072	944	776	560	384	208	0	328	384	560	768	872	1024	1176	1392	1312	1664	1544	1552	
656	1512	1376	1384	1600	1616	1368	1288	1408	1336	1112	1128	1040	968	848	528	512	368	328	0	280	272	568	592	736	872	1080	984	1336	1216	1232	
888	1664	1560	1592	1824	1856	1624	1552	1688	1624	1400	1416	1320	1232	1088	800	720	544	384	280	0	288	384	528	688	848	1072	1056	1392	1328	1376	
648	1376	1280	1320	1560	1616	1400	1344	1504	1464	1256	1312	1248	1208	1104	776	792	648	560	272	288	0	328	312	464	608	824	776	1120	1040	1088	
936	1504	1464	1528	1792	1864	1672	1632	1808	1784	1584	1640	1576	1528	1416	1088	1072	912	768	568	384	328	0	240	376	544	752	832	1120	1128	1224	
768	1264	1224	1296	1568	1656	1480	1456	1656	1648	1456	1552	1512	1496	1408	1064	1104	968	872	592	528	312	240	0	160	328	544	584	888	888	976	
800	1160	1152	1240	1512	1616	1472	1464	1680	1688	1512	1624	1600	1600	1528	1184	1248	1112	1024	736	688	464	376	160	0	168	384	472	744	776	888	
800	1024	1040	1144	1416	1536	1416	1432	1648	1680	1528	1656	1648	1672	1616	1272	1360	1240	1176	872	848	608	544	328	168	0	216	328	576	632	760	
928	928	992	1120	1392	1536	1456	1488	1728	1768	1640	1792	1800	1840	1800	1464	1568	1456	1392	1080	1072	824	752	544	384	216	0	304	400	544	696	
672	696	712	824	1096	1240	1152	1184	1424	1480	1368	1520	1552	1616	1608	1272	1416	1336	1312	984	1056	776	832	584	472	328	304	0	344	304	424	
976	584	728	880	1128	1296	1288	1360	1616	1696	1616	1800	1848	1936	1936	1608	1768	1688	1664	1336	1392	1120	1120	888	744	576	400	344	0	288	456	
744	392	456	600	856	1024	1000	1072	1320	1408	1336	1528	1592	1688	1712	1400	1584	1528	1544	1216	1328	1040	1128	888	776	632	544	304	288	0	168	
680	288	288	432	688	856	840	920	1168	1264	1216	1408	1488	1600	1640	1352	1552	1520	1552	1232	1376	1088	1224	976	888	760	696	424	456	168	0	
V6
0	1554	1246	1219	1581	1621	1246	1165	1474	1474	1206	1433	1474	1594	1621	1112	1474	1447	1581	1098	1487	1085	1567	1286	1340	1340	1554	1125	1634	1246	1139	
1554	0	402	643	951	1286	1433	1621	2036	2251	2237	2586	2760	3001	3108	2653	3028	2988	3068	2532	2787	2304	2519	2117	1943	1715	1554	1165	978	656	482	
1246	402	0	254	670	951	1031	1219	1621	1835	1835	2184	2371	2613	2747	2331	2706	2706	2814	2304	2613	2144	2452	2050	1929	1742	1661	1192	1219	763	482	
1219	643	254	0	455	710	777	978	1380	1594	1634	1983	2197	2452	2613	2237	2639	2653	2800	2318	2666	2211	2559	2170	2077	1916	1876	1380	1474	1005	723	
1581	951	670	455	0	335	683	938	1259	1527	1675	2023	2278	2586	2773	2479	2907	2961	3149	2680	3055	2613	3001	2626	2532	2371	2331	1835	1889	1433	1152	
1621	1286	951	710	335	0	482	723	964	1259	1460	1809	2077	2398	2626	2385	2827	2907	3135	2706	3108	2706	3122	2773	2706	2572	2572	2077	2170	1715	1433	
1246	1433	1031	777	683	482	0	254	603	844	991	1340	1608	1916	2144	1916	2345	2452	2680	2291	2720	2345	2800	2479	2465	2371	2438	1929	2157	1675	1407	
1165	1621	1219	978	938	723	254	0	415	616	737	1085	1353	1661	1902	1701	2144	2264	2519	2157	2599	2251	2733	2438	2452	2398	2492	1983	2278	1795	1541	
1474	2036	1621	1380	1259	964	603	415	0	294	603	897	1192	1541	1822	1755	2184	2358	2639	2358	2827	2519	3028	2773	2814	2760	2894	2385	2706	2211	1956	
1474	2251	1835	1594	1527	1259	844	616	294	0	388	616	911	1259	1567	1567	1969	2170	2479	2237	2720	2452	2988	2760	2827	2814	2961	2479	2840	2358	2117	
1206	2237	1835	1634	1675	1460	991	737	603	388	0	348	616	938	1206	1165	1581	1782	2090	1862	2345	2103	2653	2438	2532	2559	2747	2291	2706	2237	2036	
1433	2586	2184	1983	2023	1809	1340	1085	897	616	348	0	294	643	964	1072	1447	1688	2010	1889	2371	2197	2747	2599	2720	2773	3001	2546	3015	2559	2358	
1474	2760	2371	2197	2278	2077	1608	1353	1192	911	616	294	0	335	656	871	1192	1447	1795	1742	2211	2090	2639	2532	2680	2760	3015	2599	3095	2666	2492	
1594	3001	2613	2452	2586	2398	1916	1661	1541	1259	938	643	335	0	335	737	951	1232	1581	1621	2063	2023	2559	2505	2680	2800	3082	2706	3242	2827	2680	
1621	3108	2747	2613	2773	2626	2144	1902	1822	1567	1206	964	656	335	0	576	656	951	1299	1420	1822	1849	2371	2358	2559	2706	3015	2693	3242	2867	2747	
1112	2653	2331	2237	2479	2385	1916	1701	1755	1567	1165	1072	871	737	576	0	428	603	938	884	1340	1299	1822	1782	1983	2130	2452	2130	2693	2345	2264	
1474	3028	2706	2639	2907	2827	2345	2144	2184	1969	1581	1447	1192	951	656	428	0	294	643	857	1206	1326	1795	1849	2090	2278	2626	2371	2961	2653	2599	
1447	2988	2706	2653	2961	2907	2452	2264	2358	2170	1782	1688	1447	1232	951	603	294	0	348	616	911	1085	1527	1621	1862	2077	2438	2237	2827	2559	2546	
1581	3068	2814	2800	3149	3135	2680	2519	2639	2479	2090	2010	1795	1581	1299	938	643	348	0	549	643	938	1286	1460	1715	1969	2331	2197	2787	2586	2599	
1098	2532	2304	2318	2680	2706	2291	2157	2358	2237	1862	1889	1742	1621	1420	884	857	616	549	0	469	455	951	991	1232	1460	1809	1648	2237	2036	2063	
1487	2787	2613	2666	3055	3108	2720	2599	2827	2720	2345	2371	2211	2063	1822	1340	1206	911	643	469	0	482	643	884	1152	1420	1795	1768	2331	2224	2304	
1085	2304	2144	2211	2613	2706	2345	2251	2519	2452	2103	2197	2090	2023	1849	1299	1326	1085	938	455	482	0	549	522	777	1018	1380	1299	1876	1742	1822	
1567	2519	2452	2559	3001	3122	2800	2733	3028	2988	2653	2747	2639	2559	2371	1822	1795	1527	1286	951	643	549	0	402	629	911	1259	1393	1876	1889	2050	
1286	2117	2050	2170	2626	2773	2479	2438	2773	2760	2438	2599	2532	2505	2358	1782	1849	1621	1460	991	884	522	402	0	268	549	911	978	1487	1487	1634	
1340	1943	1929	2077	2532	2706	2465	2452	2814	2827	2532	2720	2680	2680	2559	1983	2090	1862	1715	1232	1152	777	629	268	0	281	643	790	1246	1299	1487	
1340	1715	1742	1916	2371	2572	2371	2398	2760	2814	2559	2773	2760	2800	2706	2130	2278	2077	1969	1460	1420	1018	911	549	281	0	361	549	964	1058	1273	
1554	1554	1661	1876	2331	2572	2438	2492	2894	2961	2747	3001	3015	3082	3015	2452	2626	2438	2331	1809	1795	1380	1259	911	643	361	0	509	670	911	1165	
1125	1165	1192	1380	1835	2077	1929	1983	2385	2479	2291	2546	2599	2706	2693	2130	2371	2237	2197	1648	1768	1299	1393	978	790	549	509	0	576	509	710	
1634	978	1219	1474	1889	2170	2157	2278	2706	2840	2706	3015	3095	3242	3242	2693	2961	2827	2787	2237	2331	1876	1876	1487	1246	964	670	576	0	482	763	
1246	656	763	1005	1433	1715	1675	1795	2211	2358	2237	2559	2666	2827	2867	2345	2653	2559	2586	2036	2224	1742	1889	1487	1299	1058	911	509	482	0	281	
1139	482	482	723	1152	1433	1407	1541	1956	2117	2036	2358	2492	2680	2747	2264	2599	2546	2599	2063	2304	1822	2050	1634	1487	1273	1165	710	763	281	0	
V7
0	1902	1525	1492	1935	1984	1525	1426	1804	1804	1476	1754	1804	1951	1984	1361	1804	1771	1935	1344	1820	1328	1918	1574	1640	1640	1902	1377	2000	1525	1394	
1902	0	492	787	1164	1574	1754	1984	2492	2755	2738	3165	3378	3673	3804	3247	3706	3657	3755	3099	3411	2820	3083	2591	2378	2099	1902	1426	1197	803	590	
1525	492	0	311	820	1164	1262	1492	1984	2246	2246	2673	2902	3198	3362	2853	3312	3312	3444	2820	3198	2624	3001	2509	2361	2132	2033	1459	1492	934	590	
1492	787	311	0	557	869	951	1197	1689	1951	2000	2427	2689	3001	3198	2738	3230	3247	3427	2837	3263	2706	3132	2656	2542	2345	2296	1689	1804	1230	885	
1935	1164	820	557	0	410	836	1148	1541	1869	2050	2476	2788	3165	3394	3034	3558	3624	3854	3280	3739	3198	3673	3214	3099	2902	2853	2246	2312	1754	1410	
1984	1574	1164	869	410	0	590	885	1180	1541	1787	2214	2542	2935	3214	2919	3460	3558	3837	3312	3804	3312	3821	3394	3312	3148	3148	2542	2656	2099	1754	
1525	1754	1262	951	836	590	0	311	738	1033	1213	1640	1968	2345	2624	2345	2870	3001	3280	2804	3329	2870	3427	3034	3017	2902	2984	2361	2640	2050	1722	
1426	1984	1492	1197	1148	885	311	0	508	754	902	1328	1656	2033	2328	2082	2624	2771	3083	2640	3181	2755	3345	2984	3001	2935	3050	2427	2788	2197	1886	
1804	2492	1984	1689	1541	1180	738	508	0	360	738	1098	1459	1886	2230	2148	2673	2886	3230	2886	3460	3083	3706	3394	3444	3378	3542	2919	3312	2706	2394	
1804	2755	2246	1951	1869	1541	1033	754	360	0	475	754	1115	1541	1918	1918	2410	2656	3034	2738	3329	3001	3657	3378	3460	3444	3624	3034	3476	2886	2591	
1476	2738	2246	2000	2050	1787	1213	902	738	475	0	426	754	1148	1476	1426	1935	2181	2558	2279	2870	2574	3247	2984	3099	3132	3362	2804	3312	2738	2492	
1754	3165	2673	2427	2476	2214	1640	1328	1098	754	426	0	360	787	1180	1312	1771	2066	2460	2312	2902	2689	3362	3181	3329	3394	3673	3116	3690	3132	2886	
1804	3378	2902	2689	2788	2542	1968	1656	1459	1115	754	360	0	410	803	1066	1459	1771	2197	2132	2706	2558	3230	3099	3280	3378	3690	3181	3788	3263	3050	
1951	3673	3198	3001	3165	2935	2345	2033	1886	1541	1148	787	410	0	410	902	1164	1508	1935	1984	2525	2476	3132	3066	3280	3427	3772	3312	3968	3460	3280	
1984	3804	3362	3198	3394	3214	2624	2328	2230	1918	1476	1180	803	410	0	705	803	1164	1590	1738	2230	2263	2902	2886	3132	3312	3690	3296	3968	3509	3362	
1361	3247	2853	2738	3034	2919	2345	2082	2148	1918	1426	1312	1066	902	705	0	524	738	1148	1082	1640	1590	2230	2181	2427	2607	3001	2607	3296	2870	2771	
1804	3706	3312	3230	3558	3460	2870	2624	2673	2410	1935	1771	1459	1164	803	524	0	360	787	1049	1476	1623	2197	2263	2558	2788	3214	2902	3624	3247	3181	
1771	3657	3312	3247	3624	3558	3001	2771	2886	2656	2181	2066	1771	1508	1164	738	360	0	426	754	1115	1328	1869	1984	2279	2542	2984	2738	3460	3132	3116	
1935	3755	3444	3427	3854	3837	3280	3083	3230	3034	2558	2460	2197	1935	1590	1148	787	426	0	672	787	1148	1574	1787	2099	2410	2853	2689	3411	3165	3181	
1344	3099	2820	2837	3280	3312	2804	2640	2886	2738	2279	2312	2132	1984	1738	1082	1049	754	672	0	574	557	1164	1213	1508	1787	2214	2017	2738	2492	2525	
1820	3411	3198	3263	3739	3804	3329	3181	3460	3329	2870	2902	2706	2525	2230	1640	1476	1115	787	574	0	590	787	1082	1410	1738	2197	2164	2853	2722	2820	
1328	2820	2624	2706	3198	3312	2870	2755	3083	3001	2574	2689	2558	2476	2263	1590	1623	1328	1148	557	590	0	672	639	951	1246	1689	1590	2296	2132	2230	
1918	3083	3001	3132	3673	3821	3427	3345	3706	3657	3247	3362	3230	3132	2902	2230	2197	1869	1574	1164	787	672	0	492	770	1115	1541	1705	2296	2312	2509	
1574	2591	2509	2656	3214	3394	3034	2984	3394	3378	2984	3181	3099	3066	2886	2181	2263	1984	1787	1213	1082	639	492	0	328	672	1115	1197	1820	1820	2000	
1640	2378	2361	2542	3099	3312	3017	3001	3444	3460	3099	3329	3280	3280	3132	2427	2558	2279	2099	1508	1410	951	770	328	0	344	787	967	1525	1590	1820	
1640	2099	2132	2345	2902	3148	2902	2935	3378	3444	3132	3394	3378	3427	3312	2607	2788	2542	2410	1787	1738	1246	1115	672	344	0	442	672	1180	1295	1558	
1902	1902	2033	2296	2853	3148	2984	3050	3542	3624	3362	3673	3690	3772	3690	3001	3214	2984	2853	2214	2197	1689	1541	1115	787	442	0	623	820	1115	1426	
1377	1426	1459	1689	2246	2542	2361	2427	2919	3034	2804	3116	3181	3312	3296	2607	2902	2738	2689	2017	2164	1590	1705	1197	967	672	623	0	705	623	869	
2000	1197	1492	1804	2312	2656	2640	2788	3312	3476	3312	3690	3788	3968	3968	3296	3624	3460	3411	2738	2853	2296	2296	1820	1525	1180	820	705	0	590	934	
1525	803	934	1230	1754	2099	2050	2197	2706	2886	2738	3132	3263	3460	3509	2870	3247	3132	3165	2492	2722	2132	2312	1820	1590	1295	1115	623	590	0	344	
1394	590	590	885	1410	1754	1722	1886	2394	2591	2492	2886	3050	3280	3362	2771	3181	3116	3181	2525	2820	2230	2509	2000	1820	1558	1426	869	934	344	0	
V8
0	1995	1599	1565	2029	2081	1599	1496	1892	1892	1548	1840	1892	2046	2081	1427	1892	1857	2029	1410	1909	1393	2012	1651	1720	1720	1995	1444	2098	1599	1462	
1995	0	516	825	1221	1651	1840	2081	2614	2889	2872	3319	3543	3852	3990	3405	3887	3835	3938	3250	3577	2958	3233	2717	2494	2201	1995	1496	1255	842	619	
1599	516	0	326	860	1221	1324	1565	2081	2356	2356	2803	3044	3354	3526	2992	3474	3474	3612	2958	3354	2752	3147	2631	2476	2236	2132	1530	1565	980	619	
1565	825	326	0	584	911	997	1255	1771	2046	2098	2545	2820	3147	3354	2872	3388	3405	3594	2975	3422	2838	3285	2786	2666	2459	2408	1771	1892	1290	928	
2029	1221	860	584	0	430	877	1204	1616	1960	2150	2597	2924	3319	3560	3182	3732	3801	4042	3440	3921	3354	3852	3371	3250	3044	2992	2356	2425	1840	1479	
2081	1651	1221	911	430	0	619	928	1238	1616	1874	2322	2666	3078	3371	3061	3629	3732	4024	3474	3990	3474	4007	3560	3474	3302	3302	2666	2786	2201	1840	
1599	1840	1324	997	877	619	0	326	774	1083	1272	1720	2064	2459	2752	2459	3010	3147	3440	2941	3491	3010	3594	3182	3164	3044	3130	2476	2769	2150	1806	
1496	2081	1565	1255	1204	928	326	0	533	791	946	1393	1737	2132	2442	2184	2752	2906	3233	2769	3336	2889	3508	3130	3147	3078	3199	2545	2924	2304	1978	
1892	2614	2081	1771	1616	1238	774	533	0	378	774	1152	1530	1978	2339	2253	2803	3027	3388	3027	3629	3233	3887	3560	3612	3543	3715	3061	3474	2838	2511	
1892	2889	2356	2046	1960	1616	1083	791	378	0	498	791	1169	1616	2012	2012	2528	2786	3182	2872	3491	3147	3835	3543	3629	3612	3801	3182	3646	3027	2717	
1548	2872	2356	2098	2150	1874	1272	946	774	498	0	447	791	1204	1548	1496	2029	2287	2683	2390	3010	2700	3405	3130	3250	3285	3526	2941	3474	2872	2614	
1840	3319	2803	2545	2597	2322	1720	1393	1152	791	447	0	378	825	1238	1376	1857	2167	2580	2425	3044	2820	3526	3336	3491	3560	3852	3268	3870	3285	3027	
1892	3543	3044	2820	2924	2666	2064	1737	1530	1169	791	378	0	430	842	1118	1530	1857	2304	2236	2838	2683	3388	3250	3440	3543	3870	3336	3973	3422	3199	
2046	3852	3354	3147	3319	3078	2459	2132	1978	1616	1204	825	430	0	430	946	1221	1582	2029	2081	2648	2597	3285	3216	3440	3594	3956	3474	4162	3629	3440	
2081	3990	3526	3354	3560	3371	2752	2442	2339	2012	1548	1238	842	430	0	739	842	1221	1668	1823	2339	2373	3044	3027	3285	3474	3870	3457	4162	3680	3526	
1427	3405	2992	2872	3182	3061	2459	2184	2253	2012	1496	1376	1118	946	739	0	550	774	1204	1135	1720	1668	2339	2287	2545	2734	3147	2734	3457	3010	2906	
1892	3887	3474	3388	3732	3629	3010	2752	2803	2528	2029	1857	1530	1221	842	550	0	378	825	1100	1548	1702	2304	2373	2683	2924	3371	3044	3801	3405	3336	
1857	3835	3474	3405	3801	3732	3147	2906	3027	2786	2287	2167	1857	1582	1221	774	378	0	447	791	1169	1393	1960	2081	2390	2666	3130	2872	3629	3285	3268	
2029	3938	3612	3594	4042	4024	3440	3233	3388	3182	2683	2580	2304	2029	1668	1204	825	447	0	705	825	1204	1651	1874	2201	2528	2992	2820	3577	3319	3336	
1410	3250	2958	2975	3440	3474	2941	2769	3027	2872	2390	2425	2236	2081	1823	1135	1100	791	705	0	602	584	1221	1272	1582	1874	2322	2115	2872	2614	2648	
1909	3577	3354	3422	3921	3990	3491	3336	3629	3491	3010	3044	2838	2648	2339	1720	1548	1169	825	602	0	619	825	1135	1479	1823	2304	2270	2992	2855	2958	
1393	2958	2752	2838	3354	3474	3010	2889	3233	3147	2700	2820	2683	2597	2373	1668	1702	1393	1204	584	619	0	705	670	997	1307	1771	1668	2408	2236	2339	
2012	3233	3147	3285	3852	4007	3594	3508	3887	3835	3405	3526	3388	3285	3044	2339	2304	1960	1651	1221	825	705	0	516	808	1169	1616	1788	2408	2425	2631	
1651	2717	2631	2786	3371	3560	3182	3130	3560	3543	3130	3336	3250	3216	3027	2287	2373	2081	1874	1272	1135	670	516	0	344	705	1169	1255	1909	1909	2098	
1720	2494	2476	2666	3250	3474	3164	3147	3612	3629	3250	3491	3440	3440	3285	2545	2683	2390	2201	1582	1479	997	808	344	0	361	825	1014	1599	1668	1909	
1720	2201	2236	2459	3044	3302	3044	3078	3543	3612	3285	3560	3543	3594	3474	2734	2924	2666	2528	1874	1823	1307	1169	705	361	0	464	705	1238	1358	1634	
1995	1995	2132	2408	2992	3302	3130	3199	3715	3801	3526	3852	3870	3956	3870	3147	3371	3130	2992	2322	2304	1771	1616	1169	825	464	0	653	860	1169	1496	
1444	1496	1530	1771	2356	2666	2476	2545	3061	3182	2941	3268	3336	3474	3457	2734	3044	2872	2820	2115	2270	1668	1788	1255	1014	705	653	0	739	653	911	
2098	1255	1565	1892	2425	2786	2769	2924	3474	3646	3474	3870	3973	4162	4162	3457	3801	3629	3577	2872	2992	2408	2408	1909	1599	1238	860	739	0	619	980	
1599	842	980	1290	1840	2201	2150	2304	2838	3027	2872	3285	3422	3629	3680	3010	3405	3285	3319	2614	2855	2236	2425	1909	1668	1358	1169	653	619	0	361	
1462	619	619	928	1479	1840	1806	1978	2511	2717	2614	3027	3199	3440	3526	2906	3336	3268	3336	2648	2958	2339	2631	2098	1909	1634	1496	911	980	361	0	
V9
0	1600	1283	1255	1628	1669	1283	1200	1518	1518	1242	1476	1518	1642	1669	1145	1518	1490	1628	1131	1531	1117	1614	1324	1380	1380	1600	1159	1683	1283	1173	
1600	0	414	662	979	1324	1476	1669	2097	2318	2304	2663	2842	3091	3201	2732	3118	3077	3160	2608	2870	2373	2594	2180	2001	1766	1600	1200	1007	676	496	
1283	414	0	262	690	979	1062	1255	1669	1890	1890	2249	2442	2691	2829	2401	2787	2787	2898	2373	2691	2208	2525	2111	1987	1794	1711	1228	1255	786	496	
1255	662	262	0	469	731	800	1007	1421	1642	1683	2042	2263	2525	2691	2304	2718	2732	2884	2387	2746	2277	2635	2235	2139	1973	1932	1421	1518	1035	745	
1628	979	690	469	0	345	703	966	1297	1573	1725	2083	2346	2663	2856	2553	2994	3049	3243	2760	3146	2691	3091	2704	2608	2442	2401	1890	1945	1476	1186	
1669	1324	979	731	345	0	496	745	993	1297	1504	1863	2139	2470	2704	2456	2911	2994	3229	2787	3201	2787	3215	2856	2787	2649	2649	2139	2235	1766	1476	
1283	1476	1062	800	703	496	0	262	621	869	1021	1380	1656	1973	2208	1973	2415	2525	2760	2359	2801	2415	2884	2553	2539	2442	2511	1987	2221	1725	1449	
1200	1669	1255	1007	966	745	262	0	427	634	759	1117	1393	1711	1959	1752	2208	2332	2594	2221	2677	2318	2815	2511	2525	2470	2566	2042	2346	1849	1587	
1518	2097	1669	1421	1297	993	621	427	0	303	621	924	1228	1587	1876	1807	2249	2428	2718	2428	2911	2594	3118	2856	2898	2842	2980	2456	2787	2277	2014	
1518	2318	1890	1642	1573	1297	869	634	303	0	400	634	938	1297	1614	1614	2028	2235	2553	2304	2801	2525	3077	2842	2911	2898	3049	2553	2925	2428	2180	
1242	2304	1890	1683	1725	1504	1021	759	621	400	0	358	634	966	1242	1200	1628	1835	2152	1918	2415	2166	2732	2511	2608	2635	2829	2359	2787	2304	2097	
1476	2663	2249	2042	2083	1863	1380	1117	924	634	358	0	303	662	993	1104	1490	1738	2070	1945	2442	2263	2829	2677	2801	2856	3091	2622	3105	2635	2428	
1518	2842	2442	2263	2346	2139	1656	1393	1228	938	634	303	0	345	676	897	1228	1490	1849	1794	2277	2152	2718	2608	2760	2842	3105	2677	3187	2746	2566	
1642	3091	2691	2525	2663	2470	1973	1711	1587	1297	966	662	345	0	345	759	979	1269	1628	1669	2125	2083	2635	2580	2760	2884	3174	2787	3339	2911	2760	
1669	3201	2829	2691	2856	2704	2208	1959	1876	1614	1242	993	676	345	0	593	676	979	1338	1462	1876	1904	2442	2428	2635	2787	3105	2773	3339	2953	2829	
1145	2732	2401	2304	2553	2456	1973	1752	1807	1614	1200	1104	897	759	593	0	441	621	966	910	1380	1338	1876	1835	2042	2194	2525	2194	2773	2415	2332	
1518	3118	2787	2718	2994	2911	2415	2208	2249	2028	1628	1490	1228	979	676	441	0	303	662	883	1242	1366	1849	1904	2152	2346	2704	2442	3049	2732	2677	
1490	3077	2787	2732	3049	2994	2525	2332	2428	2235	1835	1738	1490	1269	979	621	303	0	358	634	938	1117	1573	1669	1918	2139	2511	2304	2911	2635	2622	
1628	3160	2898	2884	3243	3229	2760	2594	2718	2553	2152	2070	1849	1628	1338	966	662	358	0	565	662	966	1324	1504	1766	2028	2401	2263	2870	2663	2677	
1131	2608	2373	2387	2760	2787	2359	2221	2428	2304	1918	1945	1794	1669	1462	910	883	634	565	0	483	469	979	1021	1269	1504	1863	1697	2304	2097	2125	
1531	2870	2691	2746	3146	3201	2801	2677	2911	2801	2415	2442	2277	2125	1876	1380	1242	938	662	483	0	496	662	910	1186	1462	1849	1821	2401	2290	2373	
1117	2373	2208	2277	2691	2787	2415	2318	2594	2525	2166	2263	2152	2083	1904	1338	1366	1117	966	469	496	0	565	538	800	1048	1421	1338	1932	1794	1876	
1614	2594	2525	2635	3091	3215	2884	2815	3118	3077	2732	2829	2718	2635	2442	1876	1849	1573	1324	979	662	565	0	414	648	938	1297	1435	1932	1945	2111	
1324	2180	2111	2235	2704	2856	2553	2511	2856	2842	2511	2677	2608	2580	2428	1835	1904	1669	1504	1021	910	538	414	0	276	565	938	1007	1531	1531	1683	
1380	2001	1987	2139	2608	2787	2539	2525	2898	2911	2608	2801	2760	2760	2635	2042	2152	1918	1766	1269	1186	800	648	276	0	289	662	814	1283	1338	1531	
1380	1766	1794	1973	2442	2649	2442	2470	2842	2898	2635	2856	2842	2884	2787	2194	2346	2139	2028	1504	1462	1048	938	565	289	0	372	565	993	1090	1311	
1600	1600	1711	1932	2401	2649	2511	2566	2980	3049	2829	3091	3105	3174	3105	2525	2704	2511	2401	1863	1849	1421	1297	938	662	372	0	524	690	938	1200	
1159	1200	1228	1421	1890	2139	1987	2042	2456	2553	2359	2622	2677	2787	2773	2194	2442	2304	2263	1697	1821	1338	1435	1007	814	565	524	0	593	524	731	
1683	1007	1255	1518	1945	2235	2221	2346	2787	2925	2787	3105	3187	3339	3339	2773	3049	2911	2870	2304	2401	1932	1932	1531	1283	993	690	593	0	496	786	
1283	676	786	1035	1476	1766	1725	1849	2277	2428	2304	2635	2746	2911	2953	2415	2732	2635	2663	2097	2290	1794	1945	1531	1338	1090	938	524	496	0	289	
1173	496	496	745	1186	1476	1449	1587	2014	2180	2097	2428	2566	2760	2829	2332	2677	2622	2677	2125	2373	1876	2111	1683	1531	1311	1200	731	786	289	0	
V10
0	1531	1227	1201	1557	1597	1227	1148	1452	1452	1188	1412	1452	1570	1597	1095	1452	1425	1557	1082	1465	1069	1544	1267	1320	1320	1531	1108	1610	1227	1122	
1531	0	396	633	937	1267	1412	1597	2006	2217	2204	2547	2719	2956	3062	2613	2983	2943	3022	2494	2745	2270	2481	2085	1914	1689	1531	1148	963	646	475	
1227	396	0	250	660	937	1016	1201	1597	1808	1808	2151	2336	2574	2706	2296	2666	2666	2772	2270	2574	2112	2415	2019	1900	1716	1636	1174	1201	752	475	
1201	633	250	0	448	699	765	963	1359	1570	1610	1953	2164	2415	2574	2204	2600	2613	2758	2283	2626	2178	2521	2138	2046	1887	1848	1359	1452	990	712	
1557	937	660	448	0	330	673	924	1240	1504	1650	1993	2244	2547	2732	2442	2864	2917	3102	2640	3009	2574	2956	2587	2494	2336	2296	1808	1861	1412	1135	
1597	1267	937	699	330	0	475	712	950	1240	1438	1782	2046	2362	2587	2349	2785	2864	3088	2666	3062	2666	3075	2732	2666	2534	2534	2046	2138	1689	1412	
1227	1412	1016	765	673	475	0	250	594	831	976	1320	1584	1887	2112	1887	2310	2415	2640	2257	2679	2310	2758	2442	2428	2336	2402	1900	2125	1650	1386	
1148	1597	1201	963	924	712	250	0	409	607	726	1069	1333	1636	1874	1676	2112	2230	2481	2125	2560	2217	2692	2402	2415	2362	2455	1953	2244	1768	1518	
1452	2006	1597	1359	1240	950	594	409	0	290	594	884	1174	1518	1795	1729	2151	2323	2600	2323	2785	2481	2983	2732	2772	2719	2851	2349	2666	2178	1927	
1452	2217	1808	1570	1504	1240	831	607	290	0	382	607	897	1240	1544	1544	1940	2138	2442	2204	2679	2415	2943	2719	2785	2772	2917	2442	2798	2323	2085	
1188	2204	1808	1610	1650	1438	976	726	594	382	0	343	607	924	1188	1148	1557	1755	2059	1834	2310	2072	2613	2402	2494	2521	2706	2257	2666	2204	2006	
1412	2547	2151	1953	1993	1782	1320	1069	884	607	343	0	290	633	950	1056	1425	1663	1980	1861	2336	2164	2706	2560	2679	2732	2956	2508	2970	2521	2323	
1452	2719	2336	2164	2244	2046	1584	1333	1174	897	607	290	0	330	646	858	1174	1425	1768	1716	2178	2059	2600	2494	2640	2719	2970	2560	3049	2626	2455	
1570	2956	2574	2415	2547	2362	1887	1636	1518	1240	924	633	330	0	330	726	937	1214	1557	1597	2032	1993	2521	2468	2640	2758	3036	2666	3194	2785	2640	
1597	3062	2706	2574	2732	2587	2112	1874	1795	1544	1188	950	646	330	0	567	646	937	1280	1399	1795	1821	2336	2323	2521	2666	2970	2653	3194	2824	2706	
1095	2613	2296	2204	2442	2349	1887	1676	1729	1544	1148	1056	858	726	567	0	422	594	924	871	1320	1280	1795	1755	1953	2098	2415	2098	2653	2310	2230	
1452	2983	2666	2600	2864	2785	2310	2112	2151	1940	1557	1425	1174	937	646	422	0	290	633	844	1188	1306	1768	1821	2059	2244	2587	2336	2917	2613	2560	
1425	2943	2666	2613	2917	2864	2415	2230	2323	2138	1755	1663	1425	1214	937	594	290	0	343	607	897	1069	1504	1597	1834	2046	2402	2204	2785	2521	2508	
1557	3022	2772	2758	3102	3088	2640	2481	2600	2442	2059	1980	1768	1557	1280	924	633	343	0	541	633	924	1267	1438	1689	1940	2296	2164	2745	2547	2560	
1082	2494	2270	2283	2640	2666	2257	2125	2323	2204	1834	1861	1716	1597	1399	871	844	607	541	0	462	448	937	976	1214	1438	1782	1623	2204	2006	2032	
1465	2745	2574	2626	3009	3062	2679	2560	2785	2679	2310	2336	2178	2032	1795	1320	1188	897	633	462	0	475	633	871	1135	1399	1768	1742	2296	2191	2270	
1069	2270	2112	2178	2574	2666	2310	2217	2481	2415	2072	2164	2059	1993	1821	1280	1306	1069	924	448	475	0	541	514	765	1003	1359	1280	1848	1716	1795	
1544	2481	2415	2521	2956	3075	2758	2692	2983	2943	2613	2706	2600	2521	2336	1795	1768	1504	1267	937	633	541	0	396	620	897	1240	1372	1848	1861	2019	
1267	2085	2019	2138	2587	2732	2442	2402	2732	2719	2402	2560	2494	2468	2323	1755	1821	1597	1438	976	871	514	396	0	264	541	897	963	1465	1465	1610	
1320	1914	1900	2046	2494	2666	2428	2415	2772	2785	2494	2679	2640	2640	2521	1953	2059	1834	1689	1214	1135	765	620	264	0	277	633	778	1227	1280	1465	
1320	1689	1716	1887	2336	2534	2336	2362	2719	2772	2521	2732	2719	2758	2666	2098	2244	2046	1940	1438	1399	1003	897	541	277	0	356	541	950	1042	1254	
1531	1531	1636	1848	2296	2534	2402	2455	2851	2917	2706	2956	2970	3036	2970	2415	2587	2402	2296	1782	1768	1359	1240	897	633	356	0	501	660	897	1148	
1108	1148	1174	1359	1808	2046	1900	1953	2349	2442	2257	2508	2560	2666	2653	2098	2336	2204	2164	1623	1742	1280	1372	963	778	541	501	0	567	501	699	
1610	963	1201	1452	1861	2138	2125	2244	2666	2798	2666	2970	3049	3194	3194	2653	2917	2785	2745	2204	2296	1848	1848	1465	1227	950	660	567	0	475	752	
1227	646	752	990	1412	1689	1650	1768	2178	2323	2204	2521	2626	2785	2824	2310	2613	2521	2547	2006	2191	1716	1861	1465	1280	1042	897	501	475	0	277	
1122	475	475	712	1135	1412	1386	1518	1927	2085	2006	2323	2455	2640	2706	2230	2560	2508	2560	2032	2270	1795	2019	1610	1465	1254	1148	699	752	277	0	
Velocidade_Veiculos
1	1	1	1	1	1	1	1	1	1	1	