M: 4
N: 30
Nun_Veiculos: 12
Capacidade_Total: 826
Demanda_Total: 636
Setup_Min: 1
Setup_Max: 99
Raio: 100
Circulos: 1
Tempo_Processamento_Min: 1
Tempo_Processamento_Max: 49
Demanda_Min: 10
Demanda_Max: 30
Priority_Factor: 0.2
Range_Factor_R: 0.8
U_factor: 2
ALpha: 0.2Replicao: 0
Tempos_Processamentos
0	0	1	0	2	0	3	0	
0	14	1	30	2	46	3	39	
0	27	1	8	2	37	3	25	
0	29	1	42	2	16	3	15	
0	40	1	33	2	21	3	47	
0	8	1	23	2	20	3	48	
0	35	1	44	2	22	3	35	
0	35	1	35	2	15	3	28	
0	39	1	11	2	1	3	3	
0	25	1	15	2	35	3	10	
0	31	1	32	2	17	3	46	
0	43	1	31	2	28	3	37	
0	6	1	4	2	15	3	27	
0	37	1	42	2	28	3	38	
0	39	1	22	2	46	3	14	
0	15	1	5	2	24	3	22	
0	43	1	37	2	37	3	19	
0	39	1	36	2	32	3	33	
0	45	1	29	2	32	3	24	
0	28	1	37	2	48	3	39	
0	29	1	44	2	15	3	38	
0	30	1	19	2	21	3	32	
0	49	1	10	2	42	3	11	
0	29	1	23	2	24	3	19	
0	41	1	45	2	43	3	11	
0	14	1	10	2	30	3	2	
0	1	1	45	2	18	3	21	
0	9	1	2	2	28	3	43	
0	41	1	34	2	48	3	7	
0	19	1	39	2	44	3	38	
0	37	1	37	2	25	3	15	

Tempos_setup
M0
0	0	0	0	0	0	0	0	0	0	0	0	0	0	0	0	0	0	0	0	0	0	0	0	0	0	0	0	0	0	0	
0	0	16	10	20	14	5	16	12	13	18	13	11	16	2	18	11	17	16	17	1	14	4	11	21	11	13	20	12	15	15	
0	15	0	17	20	10	15	17	14	15	19	14	12	18	17	19	11	19	13	21	16	21	11	17	15	15	15	21	22	26	17	
0	10	11	0	10	4	9	11	8	9	13	8	6	10	12	13	5	11	6	15	11	4	11	1	17	7	7	15	16	18	17	
0	8	22	17	0	20	13	24	13	13	16	2	16	17	10	21	15	18	15	25	9	18	12	16	11	15	14	9	20	10	13	
0	6	12	7	10	0	5	7	4	5	9	4	2	8	8	9	1	9	3	11	7	11	7	7	13	5	5	11	12	16	15	
0	10	17	8	18	12	0	19	8	9	17	9	7	12	12	16	6	13	13	16	11	12	2	9	17	10	9	16	7	21	10	
0	18	7	11	10	14	15	0	16	16	2	11	12	10	2	2	13	11	6	6	12	4	11	12	20	16	7	18	20	15	16	
0	2	13	4	13	8	7	15	0	1	17	11	5	4	4	8	9	5	6	19	3	8	5	3	9	9	1	18	10	17	11	
0	12	20	14	12	18	7	18	10	0	20	10	4	13	14	18	13	14	5	19	13	18	9	13	8	12	10	17	14	22	10	
0	16	6	9	8	13	13	17	17	14	0	9	10	8	14	19	14	9	4	23	13	2	9	10	18	16	5	16	18	18	15	
0	13	24	15	19	18	17	25	11	12	27	0	16	15	15	19	19	16	13	29	14	19	16	14	9	13	12	7	20	24	11	
0	13	20	11	14	15	3	22	11	12	20	12	0	15	15	19	9	16	16	19	14	15	5	12	20	13	12	19	10	24	13	
0	15	18	10	16	14	5	21	13	14	14	11	2	0	17	21	11	1	16	21	16	14	7	9	14	9	11	18	12	18	7	
0	23	21	24	24	28	18	14	21	22	16	21	19	21	0	16	18	22	20	20	10	18	20	24	30	22	18	28	25	13	28	
0	21	18	11	21	15	20	22	19	20	18	16	17	21	15	0	16	17	17	17	17	15	22	10	25	14	18	23	27	25	23	
0	5	11	6	15	10	4	17	3	4	11	3	1	7	7	11	0	8	9	10	6	10	6	6	12	4	4	10	11	15	14	
0	14	17	9	15	13	4	20	12	13	13	10	1	16	16	20	10	0	15	20	15	13	6	8	13	8	13	17	11	17	6	
0	15	20	20	7	23	18	13	16	17	15	5	15	20	15	15	14	21	0	19	16	17	19	19	14	18	17	12	25	17	16	
0	16	1	8	11	11	12	18	15	16	3	12	9	11	17	20	12	12	7	0	16	5	12	7	16	12	8	19	19	21	10	
0	23	15	21	24	25	13	15	21	22	17	22	10	22	1	17	19	23	21	16	0	19	15	22	30	23	19	29	20	14	23	
0	14	22	13	6	17	11	15	18	12	17	7	8	6	16	17	16	7	2	21	15	0	7	14	16	14	3	14	16	16	13	
0	16	17	6	16	10	15	17	14	15	19	14	12	16	18	19	11	17	12	21	17	10	0	7	21	13	13	19	22	24	23	
0	11	10	1	11	5	10	12	9	10	14	8	7	11	13	14	6	12	7	16	12	5	12	0	17	6	8	15	17	17	18	
0	4	15	6	10	10	9	17	2	3	19	6	7	6	6	10	11	7	4	21	5	10	7	5	0	4	3	13	11	15	2	
0	12	13	2	12	6	11	13	10	11	15	2	8	12	14	15	7	13	8	17	13	6	13	3	11	0	9	9	14	11	13	
0	14	20	10	19	14	8	21	16	17	17	14	5	3	16	23	14	4	16	19	15	14	4	11	17	12	0	21	15	21	10	
0	6	17	8	12	11	10	18	4	5	20	8	9	8	8	12	12	9	6	22	7	12	9	7	2	6	5	0	13	17	4	
0	15	12	5	13	9	14	16	13	14	15	11	11	15	17	18	10	16	6	12	16	9	4	6	20	12	12	18	0	23	22	
0	10	16	11	20	15	5	22	8	9	16	8	6	12	12	16	5	13	14	15	11	15	7	11	17	9	9	15	12	0	15	
0	11	15	4	14	8	11	15	9	10	17	4	8	13	13	17	9	14	10	19	12	8	13	5	7	2	10	11	16	13	0	
M1
0	0	0	0	0	0	0	0	0	0	0	0	0	0	0	0	0	0	0	0	0	0	0	0	0	0	0	0	0	0	0	
0	0	9	11	6	6	5	21	13	11	20	7	9	4	7	22	16	18	18	10	13	7	16	20	19	15	5	2	6	10	8	
0	18	0	13	16	24	15	31	19	20	15	24	19	22	25	29	20	28	15	18	10	17	18	22	16	18	23	20	16	15	20	
0	6	15	0	12	12	11	27	15	17	26	13	15	10	13	25	16	24	11	16	19	13	14	26	25	5	11	8	12	16	14	
0	10	14	15	0	16	2	29	17	8	15	8	6	14	17	21	12	15	13	11	8	11	10	17	14	9	15	12	3	7	16	
0	13	13	12	6	0	5	28	7	11	14	1	6	4	20	21	17	18	12	4	7	8	15	19	13	15	5	2	6	10	8	
0	11	15	13	1	17	0	30	17	6	16	9	7	15	18	22	13	13	13	12	9	9	11	15	15	10	16	13	1	5	14	
0	13	13	11	13	19	12	0	10	18	14	17	9	5	20	22	17	25	12	4	7	7	15	19	13	16	18	15	13	14	17	
0	12	21	20	18	18	17	26	0	16	22	19	21	16	19	14	24	29	20	17	18	19	23	25	11	20	17	14	18	12	15	
0	5	14	16	11	11	10	26	16	0	23	12	14	9	12	19	10	23	19	15	18	12	8	9	12	4	10	7	11	13	13	
0	3	12	14	9	9	8	20	16	14	0	10	12	7	10	25	19	21	20	13	16	10	19	23	22	18	8	5	9	12	11	
0	12	12	11	12	18	11	27	15	17	13	0	9	16	19	22	16	20	11	3	6	7	14	18	12	16	17	14	12	13	9	
0	15	23	26	20	21	20	36	26	10	24	22	0	19	22	29	20	33	22	25	17	22	18	19	22	14	20	17	13	23	23	
0	22	26	26	19	28	18	33	10	24	29	27	16	0	29	24	31	20	27	24	25	27	29	33	18	28	18	15	19	19	21	
0	15	2	12	5	21	4	14	13	10	17	13	11	3	0	26	17	17	17	16	12	13	15	13	18	14	4	1	5	9	7	
0	26	29	25	29	32	28	41	15	21	30	17	11	30	33	0	28	37	23	20	23	24	26	30	26	25	31	28	24	27	20	
0	19	17	13	20	25	19	29	13	19	22	23	9	18	15	23	0	32	9	12	15	13	12	27	21	18	19	16	20	22	22	
0	2	11	6	8	8	7	23	12	13	18	9	11	6	9	24	18	0	17	12	15	9	18	22	21	11	7	4	8	12	1	
0	10	12	4	13	16	14	24	4	20	20	17	14	13	10	14	5	27	0	10	13	14	3	23	15	9	14	11	15	16	17	
0	9	9	8	9	15	8	24	12	14	10	14	6	13	16	19	13	21	8	0	3	4	11	15	9	13	14	11	9	10	13	
0	10	6	9	6	16	5	21	9	11	7	14	12	14	15	19	10	18	5	12	0	14	8	12	6	14	15	12	6	7	10	
0	10	15	4	15	16	14	30	18	12	16	10	2	12	17	15	19	27	14	13	9	0	17	21	15	9	15	12	14	16	18	
0	20	9	15	10	13	11	21	13	17	24	14	11	10	7	11	2	24	11	14	17	15	0	20	23	19	11	8	12	16	14	
0	14	13	20	14	20	13	35	24	9	22	21	18	15	21	28	19	26	20	12	15	16	17	0	21	13	19	16	14	18	22	
0	14	13	9	13	20	12	15	13	17	11	20	12	16	13	23	13	25	9	6	7	10	12	19	0	14	17	14	12	1	4	
0	1	10	12	7	7	6	22	12	12	21	8	10	5	8	23	17	19	19	11	14	8	17	21	20	0	6	3	7	11	9	
0	21	28	15	19	27	18	42	27	23	27	27	20	17	28	33	29	31	24	25	22	18	27	32	28	20	0	15	18	16	10	
0	14	18	11	4	20	3	32	12	9	19	12	10	2	21	25	16	16	16	15	12	12	14	18	18	13	3	0	4	8	6	
0	10	19	13	7	16	9	31	16	5	21	15	13	14	17	24	15	22	20	18	15	17	13	14	17	9	15	12	0	14	18	
0	16	12	12	12	22	11	27	12	17	13	20	18	20	18	22	13	24	8	18	6	20	11	18	12	17	21	18	12	0	12	
0	11	20	5	15	17	16	32	20	13	17	18	10	15	18	23	21	29	16	15	17	8	19	22	23	10	16	13	8	21	0	
M2
0	0	0	0	0	0	0	0	0	0	0	0	0	0	0	0	0	0	0	0	0	0	0	0	0	0	0	0	0	0	0	
0	0	20	7	17	11	12	8	16	10	2	22	15	15	26	16	11	4	6	15	15	18	10	9	8	16	9	6	13	8	20	
0	15	0	16	13	11	18	14	3	19	11	14	15	21	19	14	17	19	15	22	14	9	21	17	17	24	18	15	19	19	11	
0	11	20	0	20	19	17	11	19	10	2	20	23	18	24	13	9	14	6	15	15	18	20	14	8	21	9	6	8	18	20	
0	6	14	13	0	17	5	9	9	14	8	23	14	8	25	1	12	10	12	9	18	13	16	15	14	22	15	7	6	14	15	
0	10	19	8	15	0	11	10	5	9	1	24	4	11	21	7	13	10	5	14	14	17	10	9	7	16	8	5	12	8	13	
0	5	19	10	13	14	0	4	10	9	7	18	9	11	26	10	7	7	11	14	17	23	13	12	10	19	14	9	1	11	18	
0	9	15	11	9	17	14	0	9	5	4	14	15	7	25	10	3	13	8	10	17	20	19	8	10	15	11	8	15	17	16	
0	16	20	15	10	8	15	11	0	16	8	21	12	18	16	11	14	18	12	19	20	23	18	17	14	24	15	12	16	16	8	
0	25	10	17	23	21	27	24	13	0	19	15	25	17	26	24	26	29	23	5	24	19	31	27	25	21	26	18	25	29	21	
0	9	18	7	18	17	20	9	18	8	0	23	21	16	24	19	12	12	4	13	13	16	18	17	6	21	7	4	15	16	18	
0	13	22	2	22	21	19	13	21	12	4	0	25	20	17	15	11	16	8	17	17	20	22	16	10	23	11	8	10	20	22	
0	9	17	5	11	7	14	7	1	7	7	21	0	7	17	12	10	6	2	12	11	14	6	5	4	12	14	8	13	4	9	
0	9	23	16	13	11	18	14	3	19	11	24	15	0	19	14	17	13	15	22	10	26	19	18	17	25	18	6	19	17	11	
0	15	7	18	20	10	14	18	10	19	11	21	14	21	0	14	17	19	15	24	21	7	20	19	16	26	18	15	11	18	9	
0	9	23	14	17	16	4	8	8	13	11	22	13	15	24	0	11	11	15	18	21	27	17	16	14	23	18	13	5	15	16	
0	10	19	8	19	18	21	10	19	9	1	11	22	17	25	17	0	13	5	14	14	17	19	5	7	12	8	5	14	17	19	
0	10	23	3	21	7	8	12	12	13	5	23	11	18	25	12	12	0	9	18	15	21	6	5	11	12	12	2	9	4	20	
0	14	15	3	14	13	19	5	14	5	5	19	17	12	20	15	8	17	0	10	9	12	19	13	2	17	12	9	11	17	14	
0	20	5	21	18	16	23	19	8	17	16	19	20	12	21	19	22	24	20	0	19	14	26	22	22	16	23	13	24	24	16	
0	12	18	10	19	4	15	12	9	11	3	26	8	15	11	11	15	12	7	16	0	18	10	9	9	16	10	7	16	8	17	
0	16	14	17	24	23	11	15	15	20	18	15	20	22	31	7	18	18	22	25	28	0	24	23	21	30	25	20	12	22	2	
0	15	26	18	23	13	10	14	14	19	11	21	17	21	19	6	10	17	15	24	9	19	0	15	17	15	18	15	11	17	21	
0	16	25	14	25	24	16	16	20	15	7	28	25	19	27	12	17	19	11	20	20	23	25	0	13	7	14	11	17	23	25	
0	19	25	10	20	11	22	11	16	16	10	25	15	18	18	18	14	19	14	21	7	25	17	16	0	15	17	10	18	15	24	
0	14	27	18	22	21	9	13	13	18	11	21	18	20	20	5	10	16	15	23	24	27	22	15	17	0	18	15	10	20	21	
0	2	22	3	19	12	13	10	17	12	4	23	16	17	27	16	12	5	8	17	17	13	11	10	10	17	0	7	11	9	15	
0	26	35	24	35	21	32	26	26	25	17	27	25	32	28	28	16	29	21	30	17	33	27	21	23	28	24	0	30	25	34	
0	4	24	11	12	15	13	12	16	14	6	26	15	19	27	9	15	8	10	19	16	22	14	13	9	20	13	10	0	12	24	
0	13	22	7	18	3	12	13	8	12	4	23	7	14	21	8	12	4	8	17	11	20	2	1	10	8	11	6	13	0	16	
0	25	12	15	25	21	20	24	15	25	17	13	25	31	30	16	20	22	21	30	26	21	28	25	23	32	24	21	21	26	0	
M3
0	0	0	0	0	0	0	0	0	0	0	0	0	0	0	0	0	0	0	0	0	0	0	0	0	0	0	0	0	0	0	
0	0	13	21	14	12	12	10	16	21	8	7	27	7	16	11	17	15	11	21	18	9	24	10	13	11	8	5	25	15	16	
0	6	0	20	2	13	2	8	15	11	8	6	26	9	7	9	16	17	5	20	20	8	23	12	1	10	10	7	27	15	6	
0	12	11	0	13	7	10	8	12	19	16	11	22	5	15	9	21	13	1	17	16	10	22	8	12	9	6	3	20	18	14	
0	5	18	18	0	17	17	12	13	24	13	4	27	12	17	13	14	15	16	18	23	6	24	15	10	16	13	10	25	20	19	
0	17	12	10	14	0	14	13	5	22	19	16	15	10	19	14	26	7	11	10	21	11	18	13	13	10	11	8	17	20	17	
0	14	11	21	13	11	0	10	16	9	6	13	25	7	17	11	23	15	3	21	18	10	22	10	12	9	8	5	25	13	4	
0	11	12	15	12	9	11	0	14	20	17	10	19	6	16	1	20	14	10	13	17	11	23	7	13	10	5	4	24	17	15	
0	15	16	5	12	12	15	13	0	17	14	16	24	10	18	14	26	16	6	5	17	7	27	13	11	14	11	8	25	21	12	
0	12	11	19	13	9	10	8	14	0	1	11	22	5	15	9	20	13	1	19	16	10	19	8	12	9	6	3	23	7	14	
0	11	21	19	13	9	10	18	14	19	0	10	22	13	19	19	20	16	13	19	24	12	19	7	12	19	18	15	26	7	14	
0	1	14	14	7	13	13	8	9	20	9	0	23	8	13	9	10	11	12	14	19	2	20	11	6	12	9	6	21	16	15	
0	9	19	17	4	18	12	16	17	17	14	8	0	7	17	14	18	15	15	22	18	10	26	16	14	17	14	11	25	21	12	
0	9	12	18	14	11	5	9	16	14	11	12	22	0	10	10	22	8	8	21	11	11	19	9	13	10	7	4	18	18	9	
0	11	14	16	6	18	16	17	19	12	9	10	28	17	0	18	20	21	13	24	28	12	25	16	10	12	18	15	31	16	7	
0	10	11	14	13	8	10	6	13	19	16	9	23	5	15	0	19	13	9	18	16	10	22	6	12	9	4	3	23	16	14	
0	13	22	21	15	11	11	20	16	20	2	12	13	15	21	20	0	18	14	21	26	14	10	9	14	20	19	16	28	9	15	
0	11	5	16	7	18	7	13	11	16	13	11	14	14	12	14	21	0	10	16	16	4	11	17	6	3	15	12	10	13	11	
0	11	10	18	12	8	9	7	13	18	15	10	23	4	14	8	20	12	0	18	15	9	21	7	11	8	5	2	22	17	13	
0	17	14	19	16	15	16	20	19	12	9	16	28	17	21	21	26	21	13	0	12	12	25	13	15	12	18	15	25	16	7	
0	5	15	13	11	3	10	12	8	10	11	4	18	5	15	13	14	10	8	13	0	6	21	1	10	13	12	9	13	10	12	
0	9	14	12	5	19	16	11	7	23	17	9	23	16	11	12	19	9	13	12	24	0	20	18	4	12	16	14	19	22	18	
0	12	18	20	7	14	15	19	19	20	17	11	3	10	20	17	21	18	18	24	21	13	0	12	17	16	17	14	28	22	15	
0	4	14	12	10	2	11	11	7	20	12	3	17	6	16	12	13	9	7	12	17	5	20	0	9	12	12	9	19	10	15	
0	5	11	19	1	16	13	7	14	19	13	5	25	12	7	8	15	16	16	19	23	7	22	14	0	9	12	10	26	20	14	
0	8	2	13	4	15	4	10	8	13	10	8	16	11	9	11	18	10	7	13	22	1	13	14	3	0	12	9	20	17	8	
0	6	14	14	12	4	13	2	9	22	14	5	19	8	18	3	15	11	9	14	19	7	19	2	11	12	0	6	20	12	17	
0	9	8	17	10	7	7	5	12	16	13	8	22	2	12	6	18	10	6	17	13	7	19	5	9	6	3	0	20	15	11	
0	8	17	20	3	11	16	5	16	25	14	7	14	11	13	6	16	18	15	18	22	9	15	12	6	15	10	9	0	3	20	
0	10	16	24	6	21	18	12	19	24	15	10	15	17	12	13	13	21	21	24	28	12	12	19	5	14	17	15	31	0	19	
0	13	7	18	9	11	9	13	13	5	2	12	21	10	14	14	22	15	6	18	21	6	18	9	8	5	11	8	25	9	0	
Tamanho_Tarefas
0	20	13	17	34	12	32	23	8	21	29	28	10	35	22	9	19	35	29	28	24	24	21	19	23	8	11	18	12	24	28	
Data_Entrega
0	195	254	243	230	184	192	197	263	220	241	208	231	239	265	224	205	224	239	215	213	188	239	185	216	192	229	211	265	185	257	
Penalidade_Atraso
0	12	9	5	15	12	20	8	18	2	19	7	3	19	10	11	6	20	13	12	1	5	8	6	4	1	2	8	9	17	15	
Capacidade_Veiculo
76	47	40	87	79	82	56	48	64	83	82	82	
Custo_Fixo_Veiculo
760	470	400	870	790	820	560	480	640	830	820	820	
Coordenadas_Clientes
x	0	y	0
x	79	y	0
x	76	y	16
x	105	y	46
x	95	y	69
x	78	y	86
x	41	y	71
x	33	y	104
x	10	y	98
x	-11	y	110
x	-35	y	109
x	-45	y	77
x	-74	y	83
x	-80	y	58
x	-108	y	48
x	-75	y	16
x	-123	y	0
x	-79	y	-16
x	-98	y	-43
x	-96	y	-69
x	-54	y	-60
x	-43	y	-76
x	-28	y	-86
x	-9	y	-88
x	11	y	-110
x	38	y	-118
x	43	y	-75
x	76	y	-85
x	84	y	-61
x	69	y	-30
x	106	y	-22
Tempo_Viagem
0	79	77	114	117	116	81	109	98	110	114	89	111	98	118	76	123	80	107	118	80	87	90	88	110	123	86	114	103	75	108	
79	0	16	52	70	86	80	113	119	142	157	145	174	169	193	154	202	158	182	187	145	143	137	124	129	124	82	85	61	31	34	
77	16	0	41	56	70	65	97	105	128	144	135	164	161	186	151	199	157	183	191	150	150	145	134	141	139	96	101	77	46	48	
114	52	41	0	25	48	68	92	108	132	152	153	182	185	213	182	232	194	221	231	191	191	186	175	181	176	134	134	109	83	68	
117	70	56	25	0	24	54	71	89	113	135	140	169	175	204	178	228	193	223	235	197	200	197	188	197	194	152	155	130	101	91	
116	86	70	48	24	0	39	48	69	92	115	123	152	160	189	167	217	187	218	233	196	202	202	194	207	207	164	171	147	116	111	
81	80	65	68	54	39	0	33	41	65	84	86	115	121	150	128	178	148	179	195	161	168	171	166	183	189	146	159	138	104	113	
109	113	97	92	71	48	33	0	23	44	68	81	108	120	149	139	187	164	196	215	185	195	199	196	215	222	179	192	171	137	145	
98	119	105	108	89	69	41	23	0	24	46	58	85	97	126	118	165	144	177	197	170	181	187	186	208	217	176	194	174	140	153	
110	142	128	132	113	92	65	44	24	0	24	47	68	86	115	113	156	143	176	198	175	188	196	198	220	233	192	213	195	161	176	
114	157	144	152	135	115	84	68	46	24	0	33	46	68	94	100	140	132	163	187	170	185	195	198	223	237	199	223	207	173	191	
89	145	135	153	140	123	86	81	58	47	33	0	29	39	68	67	109	99	130	154	137	153	163	168	195	211	175	202	188	156	179	
111	174	164	182	169	152	115	108	85	68	46	29	0	25	48	67	96	99	127	153	144	161	175	182	210	230	196	225	213	182	208	
98	169	161	185	175	160	121	120	97	86	68	39	25	0	29	42	72	74	102	128	120	139	153	162	191	211	181	211	201	173	202	
118	193	186	213	204	189	150	149	126	115	94	68	48	29	0	45	50	70	91	117	120	139	156	168	197	220	194	226	220	193	225	
76	154	151	182	178	167	128	139	118	113	100	67	67	42	45	0	50	32	63	87	78	97	112	123	152	175	149	181	176	151	184	
123	202	199	232	228	217	178	187	165	156	140	109	96	72	50	50	0	46	49	74	91	110	127	144	172	199	181	215	215	194	230	
80	158	157	194	193	187	148	164	144	143	132	99	99	74	70	32	46	0	33	55	50	69	86	100	129	155	135	169	169	148	185	
107	182	183	221	223	218	179	196	177	176	163	130	127	102	91	63	49	33	0	26	47	64	82	99	127	154	144	178	182	167	204	
118	187	191	231	235	233	195	215	197	198	187	154	153	128	117	87	74	55	26	0	42	53	70	89	114	142	139	172	180	168	205	
80	145	150	191	197	196	161	185	170	175	170	137	144	120	120	78	91	50	47	42	0	19	36	53	81	108	98	132	138	126	163	
87	143	150	191	200	202	168	195	181	188	185	153	161	139	139	97	110	69	64	53	19	0	18	36	63	91	86	119	127	121	158	
90	137	145	186	197	202	171	199	187	196	195	163	175	153	156	112	127	86	82	70	36	18	0	19	45	73	71	104	114	112	148	
88	124	134	175	188	194	166	196	186	198	198	168	182	162	168	123	144	100	99	89	53	36	19	0	29	55	53	85	96	97	132	
110	129	141	181	197	207	183	215	208	220	223	195	210	191	197	152	172	129	127	114	81	63	45	29	0	28	47	69	87	98	129	
123	124	139	176	194	207	189	222	217	233	237	211	230	211	220	175	199	155	154	142	108	91	73	55	28	0	43	50	73	93	117	
86	82	96	134	152	164	146	179	176	192	199	175	196	181	194	149	181	135	144	139	98	86	71	53	47	43	0	34	43	51	82	
114	85	101	134	155	171	159	192	194	213	223	202	225	211	226	181	215	169	178	172	132	119	104	85	69	50	34	0	25	55	69	
103	61	77	109	130	147	138	171	174	195	207	188	213	201	220	176	215	169	182	180	138	127	114	96	87	73	43	25	0	34	44	
75	31	46	83	101	116	104	137	140	161	173	156	182	173	193	151	194	148	167	168	126	121	112	97	98	93	51	55	34	0	37	
108	34	48	68	91	111	113	145	153	176	191	179	208	202	225	184	230	185	204	205	163	158	148	132	129	117	82	69	44	37	0	
Custo_Viagem
V0
0	1200	1170	1732	1778	1763	1231	1656	1489	1672	1732	1352	1687	1489	1793	1155	1869	1216	1626	1793	1216	1322	1368	1337	1672	1869	1307	1732	1565	1140	1641	
1200	0	243	790	1064	1307	1216	1717	1808	2158	2386	2204	2644	2568	2933	2340	3070	2401	2766	2857	2204	2173	2082	1884	1960	1884	1261	1292	927	471	516	
1170	243	0	623	851	1064	988	1474	1596	1945	2188	2052	2492	2447	2827	2295	3024	2401	2781	2903	2280	2280	2204	2036	2143	2112	1459	1535	1170	699	729	
1732	790	623	0	380	729	1033	1398	1641	2006	2325	2325	2766	2812	3237	2766	3526	2948	3359	3511	2903	2903	2842	2660	2766	2690	2052	2036	1656	1276	1033	
1778	1064	851	380	0	364	820	1079	1352	1717	2067	2128	2568	2660	3100	2705	3465	2933	3389	3572	2994	3040	2994	2857	2994	2964	2325	2356	1976	1550	1383	
1763	1307	1064	729	364	0	592	729	1048	1398	1748	1869	2310	2432	2872	2553	3313	2842	3313	3541	2979	3070	3070	2948	3146	3146	2492	2599	2234	1763	1687	
1231	1216	988	1033	820	592	0	501	623	988	1276	1307	1748	1839	2280	1945	2705	2249	2720	2964	2447	2568	2599	2523	2781	2872	2219	2416	2097	1580	1717	
1656	1717	1474	1398	1079	729	501	0	349	668	1033	1246	1656	1854	2295	2112	2842	2492	2979	3268	2812	2964	3024	2979	3268	3374	2720	2933	2614	2097	2204	
1489	1808	1596	1641	1352	1048	623	349	0	364	699	881	1292	1489	1945	1793	2508	2188	2690	2994	2584	2751	2842	2827	3161	3298	2675	2948	2660	2128	2325	
1672	2158	1945	2006	1717	1398	988	668	364	0	364	714	1033	1307	1748	1717	2371	2173	2675	3009	2660	2857	2979	3009	3359	3541	2918	3237	2964	2447	2675	
1732	2386	2188	2325	2067	1748	1276	1033	699	364	0	501	699	1033	1444	1535	2128	2006	2492	2857	2584	2812	2964	3009	3389	3617	3024	3389	3146	2629	2918	
1352	2204	2052	2325	2128	1869	1307	1246	881	714	501	0	440	592	1048	1018	1656	1504	1991	2340	2082	2325	2477	2553	2964	3207	2660	3070	2857	2371	2736	
1687	2644	2492	2766	2568	2310	1748	1656	1292	1033	699	440	0	380	729	1018	1459	1504	1945	2325	2188	2447	2660	2766	3192	3496	2979	3420	3237	2766	3161	
1489	2568	2447	2812	2660	2432	1839	1854	1489	1307	1033	592	380	0	440	638	1094	1124	1550	1945	1824	2112	2325	2462	2903	3207	2751	3207	3070	2629	3070	
1793	2933	2827	3237	3100	2872	2280	2295	1945	1748	1444	1048	729	440	0	684	760	1064	1383	1778	1824	2128	2371	2553	2994	3359	2948	3450	3344	2933	3420	
1155	2340	2295	2766	2705	2553	1945	2112	1793	1717	1535	1018	1018	638	684	0	760	486	957	1322	1185	1474	1702	1869	2310	2660	2264	2751	2675	2295	2796	
1869	3070	3024	3526	3465	3313	2705	2842	2508	2371	2128	1656	1459	1094	760	760	0	699	744	1124	1383	1672	1945	2188	2629	3024	2766	3283	3268	2948	3496	
1216	2401	2401	2948	2933	2842	2249	2492	2188	2173	2006	1504	1504	1124	1064	486	699	0	501	836	760	1048	1307	1520	1976	2356	2052	2568	2568	2249	2812	
1626	2766	2781	3359	3389	3313	2720	2979	2690	2675	2492	1991	1945	1550	1383	957	744	501	0	395	714	972	1246	1504	1930	2356	2188	2705	2766	2538	3116	
1793	2857	2903	3511	3572	3541	2964	3268	2994	3009	2857	2340	2325	1945	1778	1322	1124	836	395	0	638	805	1064	1352	1732	2158	2112	2614	2736	2568	3146	
1216	2204	2280	2903	2994	2979	2447	2812	2584	2660	2584	2082	2188	1824	1824	1185	1383	760	714	638	0	288	547	805	1246	1641	1489	2006	2097	1915	2492	
1322	2173	2280	2903	3040	3070	2568	2964	2751	2857	2812	2325	2447	2112	2128	1474	1672	1048	972	805	288	0	273	547	957	1383	1307	1808	1930	1839	2401	
1368	2082	2204	2842	2994	3070	2599	3024	2842	2979	2964	2477	2660	2325	2371	1702	1945	1307	1246	1064	547	273	0	288	684	1109	1079	1580	1732	1702	2249	
1337	1884	2036	2660	2857	2948	2523	2979	2827	3009	3009	2553	2766	2462	2553	1869	2188	1520	1504	1352	805	547	288	0	440	836	805	1292	1459	1474	2006	
1672	1960	2143	2766	2994	3146	2781	3268	3161	3359	3389	2964	3192	2903	2994	2310	2629	1976	1930	1732	1246	957	684	440	0	425	714	1048	1322	1489	1960	
1869	1884	2112	2690	2964	3146	2872	3374	3298	3541	3617	3207	3496	3207	3359	2660	3024	2356	2356	2158	1641	1383	1109	836	425	0	653	760	1109	1413	1778	
1307	1261	1459	2052	2325	2492	2219	2720	2675	2918	3024	2660	2979	2751	2948	2264	2766	2052	2188	2112	1489	1307	1079	805	714	653	0	516	653	775	1246	
1732	1292	1535	2036	2356	2599	2416	2933	2948	3237	3389	3070	3420	3207	3450	2751	3283	2568	2705	2614	2006	1808	1580	1292	1048	760	516	0	380	836	1048	
1565	927	1170	1656	1976	2234	2097	2614	2660	2964	3146	2857	3237	3070	3344	2675	3268	2568	2766	2736	2097	1930	1732	1459	1322	1109	653	380	0	516	668	
1140	471	699	1276	1550	1763	1580	2097	2128	2447	2629	2371	2766	2629	2933	2295	2948	2249	2538	2568	1915	1839	1702	1474	1489	1413	775	836	516	0	562	
1641	516	729	1033	1383	1687	1717	2204	2325	2675	2918	2736	3161	3070	3420	2796	3496	2812	3116	3146	2492	2401	2249	2006	1960	1778	1246	1048	668	562	0	
V1
0	742	723	1071	1099	1090	761	1024	921	1034	1071	836	1043	921	1109	714	1156	752	1005	1109	752	817	846	827	1034	1156	808	1071	968	705	1015	
742	0	150	488	658	808	752	1062	1118	1334	1475	1363	1635	1588	1814	1447	1898	1485	1710	1767	1363	1344	1287	1165	1212	1165	780	799	573	291	319	
723	150	0	385	526	658	611	911	987	1203	1353	1269	1541	1513	1748	1419	1870	1485	1720	1795	1410	1410	1363	1259	1325	1306	902	949	723	432	451	
1071	488	385	0	235	451	639	864	1015	1240	1438	1438	1710	1739	2002	1710	2180	1823	2077	2171	1795	1795	1757	1645	1710	1663	1269	1259	1024	789	639	
1099	658	526	235	0	225	507	667	836	1062	1278	1316	1588	1645	1917	1673	2143	1814	2096	2209	1851	1880	1851	1767	1851	1833	1438	1457	1222	958	855	
1090	808	658	451	225	0	366	451	648	864	1081	1156	1428	1504	1776	1579	2049	1757	2049	2190	1842	1898	1898	1823	1945	1945	1541	1607	1381	1090	1043	
761	752	611	639	507	366	0	310	385	611	789	808	1081	1137	1410	1203	1673	1391	1682	1833	1513	1588	1607	1560	1720	1776	1372	1494	1297	977	1062	
1024	1062	911	864	667	451	310	0	216	413	639	770	1024	1146	1419	1306	1757	1541	1842	2021	1739	1833	1870	1842	2021	2086	1682	1814	1616	1297	1363	
921	1118	987	1015	836	648	385	216	0	225	432	545	799	921	1203	1109	1551	1353	1663	1851	1598	1701	1757	1748	1955	2039	1654	1823	1645	1316	1438	
1034	1334	1203	1240	1062	864	611	413	225	0	225	441	639	808	1081	1062	1466	1344	1654	1861	1645	1767	1842	1861	2077	2190	1804	2002	1833	1513	1654	
1071	1475	1353	1438	1278	1081	789	639	432	225	0	310	432	639	893	949	1316	1240	1541	1767	1598	1739	1833	1861	2096	2237	1870	2096	1945	1626	1804	
836	1363	1269	1438	1316	1156	808	770	545	441	310	0	272	366	648	629	1024	930	1231	1447	1287	1438	1532	1579	1833	1983	1645	1898	1767	1466	1692	
1043	1635	1541	1710	1588	1428	1081	1024	799	639	432	272	0	235	451	629	902	930	1203	1438	1353	1513	1645	1710	1974	2162	1842	2115	2002	1710	1955	
921	1588	1513	1739	1645	1504	1137	1146	921	808	639	366	235	0	272	394	676	695	958	1203	1128	1306	1438	1522	1795	1983	1701	1983	1898	1626	1898	
1109	1814	1748	2002	1917	1776	1410	1419	1203	1081	893	648	451	272	0	423	470	658	855	1099	1128	1316	1466	1579	1851	2077	1823	2133	2068	1814	2115	
714	1447	1419	1710	1673	1579	1203	1306	1109	1062	949	629	629	394	423	0	470	300	592	817	733	911	1052	1156	1428	1645	1400	1701	1654	1419	1729	
1156	1898	1870	2180	2143	2049	1673	1757	1551	1466	1316	1024	902	676	470	470	0	432	460	695	855	1034	1203	1353	1626	1870	1710	2030	2021	1823	2162	
752	1485	1485	1823	1814	1757	1391	1541	1353	1344	1240	930	930	695	658	300	432	0	310	517	470	648	808	940	1222	1457	1269	1588	1588	1391	1739	
1005	1710	1720	2077	2096	2049	1682	1842	1663	1654	1541	1231	1203	958	855	592	460	310	0	244	441	601	770	930	1193	1457	1353	1673	1710	1569	1927	
1109	1767	1795	2171	2209	2190	1833	2021	1851	1861	1767	1447	1438	1203	1099	817	695	517	244	0	394	498	658	836	1071	1334	1306	1616	1692	1588	1945	
752	1363	1410	1795	1851	1842	1513	1739	1598	1645	1598	1287	1353	1128	1128	733	855	470	441	394	0	178	338	498	770	1015	921	1240	1297	1184	1541	
817	1344	1410	1795	1880	1898	1588	1833	1701	1767	1739	1438	1513	1306	1316	911	1034	648	601	498	178	0	169	338	592	855	808	1118	1193	1137	1485	
846	1287	1363	1757	1851	1898	1607	1870	1757	1842	1833	1532	1645	1438	1466	1052	1203	808	770	658	338	169	0	178	423	686	667	977	1071	1052	1391	
827	1165	1259	1645	1767	1823	1560	1842	1748	1861	1861	1579	1710	1522	1579	1156	1353	940	930	836	498	338	178	0	272	517	498	799	902	911	1240	
1034	1212	1325	1710	1851	1945	1720	2021	1955	2077	2096	1833	1974	1795	1851	1428	1626	1222	1193	1071	770	592	423	272	0	263	441	648	817	921	1212	
1156	1165	1306	1663	1833	1945	1776	2086	2039	2190	2237	1983	2162	1983	2077	1645	1870	1457	1457	1334	1015	855	686	517	263	0	404	470	686	874	1099	
808	780	902	1269	1438	1541	1372	1682	1654	1804	1870	1645	1842	1701	1823	1400	1710	1269	1353	1306	921	808	667	498	441	404	0	319	404	479	770	
1071	799	949	1259	1457	1607	1494	1814	1823	2002	2096	1898	2115	1983	2133	1701	2030	1588	1673	1616	1240	1118	977	799	648	470	319	0	235	517	648	
968	573	723	1024	1222	1381	1297	1616	1645	1833	1945	1767	2002	1898	2068	1654	2021	1588	1710	1692	1297	1193	1071	902	817	686	404	235	0	319	413	
705	291	432	789	958	1090	977	1297	1316	1513	1626	1466	1710	1626	1814	1419	1823	1391	1569	1588	1184	1137	1052	911	921	874	479	517	319	0	347	
1015	319	451	639	855	1043	1062	1363	1438	1654	1804	1692	1955	1898	2115	1729	2162	1739	1927	1945	1541	1485	1391	1240	1212	1099	770	648	413	347	0	
V2
0	632	616	912	936	928	648	872	784	880	912	712	888	784	944	608	984	640	856	944	640	696	720	704	880	984	688	912	824	600	864	
632	0	128	416	560	688	640	904	952	1136	1256	1160	1392	1352	1544	1232	1616	1264	1456	1504	1160	1144	1096	992	1032	992	664	680	488	248	272	
616	128	0	328	448	560	520	776	840	1024	1152	1080	1312	1288	1488	1208	1592	1264	1464	1528	1200	1200	1160	1072	1128	1112	768	808	616	368	384	
912	416	328	0	200	384	544	736	864	1056	1224	1224	1456	1480	1704	1456	1856	1552	1768	1848	1528	1528	1496	1400	1456	1416	1080	1072	872	672	544	
936	560	448	200	0	192	432	568	712	904	1088	1120	1352	1400	1632	1424	1824	1544	1784	1880	1576	1600	1576	1504	1576	1560	1224	1240	1040	816	728	
928	688	560	384	192	0	312	384	552	736	920	984	1216	1280	1512	1344	1744	1496	1744	1864	1568	1616	1616	1552	1656	1656	1312	1368	1176	928	888	
648	640	520	544	432	312	0	264	328	520	672	688	920	968	1200	1024	1424	1184	1432	1560	1288	1352	1368	1328	1464	1512	1168	1272	1104	832	904	
872	904	776	736	568	384	264	0	184	352	544	656	872	976	1208	1112	1496	1312	1568	1720	1480	1560	1592	1568	1720	1776	1432	1544	1376	1104	1160	
784	952	840	864	712	552	328	184	0	192	368	464	680	784	1024	944	1320	1152	1416	1576	1360	1448	1496	1488	1664	1736	1408	1552	1400	1120	1224	
880	1136	1024	1056	904	736	520	352	192	0	192	376	544	688	920	904	1248	1144	1408	1584	1400	1504	1568	1584	1768	1864	1536	1704	1560	1288	1408	
912	1256	1152	1224	1088	920	672	544	368	192	0	264	368	544	760	808	1120	1056	1312	1504	1360	1480	1560	1584	1784	1904	1592	1784	1656	1384	1536	
712	1160	1080	1224	1120	984	688	656	464	376	264	0	232	312	552	536	872	792	1048	1232	1096	1224	1304	1344	1560	1688	1400	1616	1504	1248	1440	
888	1392	1312	1456	1352	1216	920	872	680	544	368	232	0	200	384	536	768	792	1024	1224	1152	1288	1400	1456	1680	1840	1568	1800	1704	1456	1664	
784	1352	1288	1480	1400	1280	968	976	784	688	544	312	200	0	232	336	576	592	816	1024	960	1112	1224	1296	1528	1688	1448	1688	1616	1384	1616	
944	1544	1488	1704	1632	1512	1200	1208	1024	920	760	552	384	232	0	360	400	560	728	936	960	1120	1248	1344	1576	1768	1552	1816	1760	1544	1800	
608	1232	1208	1456	1424	1344	1024	1112	944	904	808	536	536	336	360	0	400	256	504	696	624	776	896	984	1216	1400	1192	1448	1408	1208	1472	
984	1616	1592	1856	1824	1744	1424	1496	1320	1248	1120	872	768	576	400	400	0	368	392	592	728	880	1024	1152	1384	1592	1456	1728	1720	1552	1840	
640	1264	1264	1552	1544	1496	1184	1312	1152	1144	1056	792	792	592	560	256	368	0	264	440	400	552	688	800	1040	1240	1080	1352	1352	1184	1480	
856	1456	1464	1768	1784	1744	1432	1568	1416	1408	1312	1048	1024	816	728	504	392	264	0	208	376	512	656	792	1016	1240	1152	1424	1456	1336	1640	
944	1504	1528	1848	1880	1864	1560	1720	1576	1584	1504	1232	1224	1024	936	696	592	440	208	0	336	424	560	712	912	1136	1112	1376	1440	1352	1656	
640	1160	1200	1528	1576	1568	1288	1480	1360	1400	1360	1096	1152	960	960	624	728	400	376	336	0	152	288	424	656	864	784	1056	1104	1008	1312	
696	1144	1200	1528	1600	1616	1352	1560	1448	1504	1480	1224	1288	1112	1120	776	880	552	512	424	152	0	144	288	504	728	688	952	1016	968	1264	
720	1096	1160	1496	1576	1616	1368	1592	1496	1568	1560	1304	1400	1224	1248	896	1024	688	656	560	288	144	0	152	360	584	568	832	912	896	1184	
704	992	1072	1400	1504	1552	1328	1568	1488	1584	1584	1344	1456	1296	1344	984	1152	800	792	712	424	288	152	0	232	440	424	680	768	776	1056	
880	1032	1128	1456	1576	1656	1464	1720	1664	1768	1784	1560	1680	1528	1576	1216	1384	1040	1016	912	656	504	360	232	0	224	376	552	696	784	1032	
984	992	1112	1416	1560	1656	1512	1776	1736	1864	1904	1688	1840	1688	1768	1400	1592	1240	1240	1136	864	728	584	440	224	0	344	400	584	744	936	
688	664	768	1080	1224	1312	1168	1432	1408	1536	1592	1400	1568	1448	1552	1192	1456	1080	1152	1112	784	688	568	424	376	344	0	272	344	408	656	
912	680	808	1072	1240	1368	1272	1544	1552	1704	1784	1616	1800	1688	1816	1448	1728	1352	1424	1376	1056	952	832	680	552	400	272	0	200	440	552	
824	488	616	872	1040	1176	1104	1376	1400	1560	1656	1504	1704	1616	1760	1408	1720	1352	1456	1440	1104	1016	912	768	696	584	344	200	0	272	352	
600	248	368	672	816	928	832	1104	1120	1288	1384	1248	1456	1384	1544	1208	1552	1184	1336	1352	1008	968	896	776	784	744	408	440	272	0	296	
864	272	384	544	728	888	904	1160	1224	1408	1536	1440	1664	1616	1800	1472	1840	1480	1640	1656	1312	1264	1184	1056	1032	936	656	552	352	296	0	
V3
0	1374	1339	1983	2035	2018	1409	1896	1705	1914	1983	1548	1931	1705	2053	1322	2140	1392	1861	2053	1392	1513	1566	1531	1914	2140	1496	1983	1792	1305	1879	
1374	0	278	904	1218	1496	1392	1966	2070	2470	2731	2523	3027	2940	3358	2679	3514	2749	3166	3271	2523	2488	2383	2157	2244	2157	1444	1479	1061	539	591	
1339	278	0	713	974	1218	1131	1687	1827	2227	2505	2349	2853	2801	3236	2627	3462	2749	3184	3323	2610	2610	2523	2331	2453	2418	1670	1757	1339	800	835	
1983	904	713	0	435	835	1183	1600	1879	2296	2662	2662	3166	3219	3706	3166	4036	3375	3845	4019	3323	3323	3253	3045	3166	3079	2349	2331	1896	1461	1183	
2035	1218	974	435	0	417	939	1235	1548	1966	2366	2436	2940	3045	3549	3097	3967	3358	3880	4089	3427	3480	3427	3271	3427	3393	2662	2697	2262	1774	1583	
2018	1496	1218	835	417	0	678	835	1200	1600	2001	2140	2644	2784	3288	2923	3793	3253	3793	4054	3410	3514	3514	3375	3601	3601	2853	2975	2557	2018	1931	
1409	1392	1131	1183	939	678	0	574	713	1131	1461	1496	2001	2105	2610	2227	3097	2575	3114	3393	2801	2940	2975	2888	3184	3288	2540	2766	2401	1809	1966	
1896	1966	1687	1600	1235	835	574	0	400	765	1183	1426	1896	2122	2627	2418	3253	2853	3410	3741	3219	3393	3462	3410	3741	3862	3114	3358	2992	2401	2523	
1705	2070	1827	1879	1548	1200	713	400	0	417	800	1009	1479	1705	2227	2053	2871	2505	3079	3427	2958	3149	3253	3236	3619	3775	3062	3375	3045	2436	2662	
1914	2470	2227	2296	1966	1600	1131	765	417	0	417	817	1183	1496	2001	1966	2714	2488	3062	3445	3045	3271	3410	3445	3845	4054	3340	3706	3393	2801	3062	
1983	2731	2505	2662	2366	2001	1461	1183	800	417	0	574	800	1183	1653	1757	2436	2296	2853	3271	2958	3219	3393	3445	3880	4141	3462	3880	3601	3010	3340	
1548	2523	2349	2662	2436	2140	1496	1426	1009	817	574	0	504	678	1200	1165	1896	1722	2279	2679	2383	2662	2836	2923	3393	3671	3045	3514	3271	2714	3132	
1931	3027	2853	3166	2940	2644	2001	1896	1479	1183	800	504	0	435	835	1165	1670	1722	2227	2662	2505	2801	3045	3166	3654	4002	3410	3915	3706	3166	3619	
1705	2940	2801	3219	3045	2784	2105	2122	1705	1496	1183	678	435	0	504	730	1252	1287	1774	2227	2088	2418	2662	2818	3323	3671	3149	3671	3514	3010	3514	
2053	3358	3236	3706	3549	3288	2610	2627	2227	2001	1653	1200	835	504	0	783	870	1218	1583	2035	2088	2436	2714	2923	3427	3845	3375	3949	3828	3358	3915	
1322	2679	2627	3166	3097	2923	2227	2418	2053	1966	1757	1165	1165	730	783	0	870	556	1096	1513	1357	1687	1948	2140	2644	3045	2592	3149	3062	2627	3201	
2140	3514	3462	4036	3967	3793	3097	3253	2871	2714	2436	1896	1670	1252	870	870	0	800	852	1287	1583	1914	2227	2505	3010	3462	3166	3758	3741	3375	4002	
1392	2749	2749	3375	3358	3253	2575	2853	2505	2488	2296	1722	1722	1287	1218	556	800	0	574	957	870	1200	1496	1740	2262	2697	2349	2940	2940	2575	3219	
1861	3166	3184	3845	3880	3793	3114	3410	3079	3062	2853	2279	2227	1774	1583	1096	852	574	0	452	817	1113	1426	1722	2209	2697	2505	3097	3166	2905	3567	
2053	3271	3323	4019	4089	4054	3393	3741	3427	3445	3271	2679	2662	2227	2035	1513	1287	957	452	0	730	922	1218	1548	1983	2470	2418	2992	3132	2940	3601	
1392	2523	2610	3323	3427	3410	2801	3219	2958	3045	2958	2383	2505	2088	2088	1357	1583	870	817	730	0	330	626	922	1426	1879	1705	2296	2401	2192	2853	
1513	2488	2610	3323	3480	3514	2940	3393	3149	3271	3219	2662	2801	2418	2436	1687	1914	1200	1113	922	330	0	313	626	1096	1583	1496	2070	2209	2105	2749	
1566	2383	2523	3253	3427	3514	2975	3462	3253	3410	3393	2836	3045	2662	2714	1948	2227	1496	1426	1218	626	313	0	330	783	1270	1235	1809	1983	1948	2575	
1531	2157	2331	3045	3271	3375	2888	3410	3236	3445	3445	2923	3166	2818	2923	2140	2505	1740	1722	1548	922	626	330	0	504	957	922	1479	1670	1687	2296	
1914	2244	2453	3166	3427	3601	3184	3741	3619	3845	3880	3393	3654	3323	3427	2644	3010	2262	2209	1983	1426	1096	783	504	0	487	817	1200	1513	1705	2244	
2140	2157	2418	3079	3393	3601	3288	3862	3775	4054	4141	3671	4002	3671	3845	3045	3462	2697	2697	2470	1879	1583	1270	957	487	0	748	870	1270	1618	2035	
1496	1444	1670	2349	2662	2853	2540	3114	3062	3340	3462	3045	3410	3149	3375	2592	3166	2349	2505	2418	1705	1496	1235	922	817	748	0	591	748	887	1426	
1983	1479	1757	2331	2697	2975	2766	3358	3375	3706	3880	3514	3915	3671	3949	3149	3758	2940	3097	2992	2296	2070	1809	1479	1200	870	591	0	435	957	1200	
1792	1061	1339	1896	2262	2557	2401	2992	3045	3393	3601	3271	3706	3514	3828	3062	3741	2940	3166	3132	2401	2209	1983	1670	1513	1270	748	435	0	591	765	
1305	539	800	1461	1774	2018	1809	2401	2436	2801	3010	2714	3166	3010	3358	2627	3375	2575	2905	2940	2192	2105	1948	1687	1705	1618	887	957	591	0	643	
1879	591	835	1183	1583	1931	1966	2523	2662	3062	3340	3132	3619	3514	3915	3201	4002	3219	3567	3601	2853	2749	2575	2296	2244	2035	1426	1200	765	643	0	
V4
0	1248	1216	1801	1848	1832	1279	1722	1548	1738	1801	1406	1753	1548	1864	1200	1943	1264	1690	1864	1264	1374	1422	1390	1738	1943	1358	1801	1627	1185	1706	
1248	0	252	821	1106	1358	1264	1785	1880	2243	2480	2291	2749	2670	3049	2433	3191	2496	2875	2970	2291	2259	2164	1959	2038	1959	1311	1343	963	489	537	
1216	252	0	647	884	1106	1027	1532	1659	2022	2275	2133	2591	2543	2938	2385	3144	2496	2891	3017	2370	2370	2291	2117	2227	2196	1516	1595	1216	726	758	
1801	821	647	0	395	758	1074	1453	1706	2085	2417	2417	2875	2923	3365	2875	3665	3065	3491	3649	3017	3017	2954	2765	2875	2796	2133	2117	1722	1327	1074	
1848	1106	884	395	0	379	853	1121	1406	1785	2148	2212	2670	2765	3223	2812	3602	3049	3523	3713	3112	3160	3112	2970	3112	3081	2417	2449	2054	1611	1437	
1832	1358	1106	758	379	0	616	758	1090	1453	1817	1943	2401	2528	2986	2654	3444	2954	3444	3681	3096	3191	3191	3065	3270	3270	2591	2701	2322	1832	1753	
1279	1264	1027	1074	853	616	0	521	647	1027	1327	1358	1817	1911	2370	2022	2812	2338	2828	3081	2543	2670	2701	2622	2891	2986	2306	2512	2180	1643	1785	
1722	1785	1532	1453	1121	758	521	0	363	695	1074	1295	1722	1927	2385	2196	2954	2591	3096	3397	2923	3081	3144	3096	3397	3507	2828	3049	2717	2180	2291	
1548	1880	1659	1706	1406	1090	647	363	0	379	726	916	1343	1548	2022	1864	2607	2275	2796	3112	2686	2859	2954	2938	3286	3428	2780	3065	2765	2212	2417	
1738	2243	2022	2085	1785	1453	1027	695	379	0	379	742	1074	1358	1817	1785	2464	2259	2780	3128	2765	2970	3096	3128	3491	3681	3033	3365	3081	2543	2780	
1801	2480	2275	2417	2148	1817	1327	1074	726	379	0	521	726	1074	1501	1595	2212	2085	2591	2970	2686	2923	3081	3128	3523	3760	3144	3523	3270	2733	3033	
1406	2291	2133	2417	2212	1943	1358	1295	916	742	521	0	458	616	1090	1058	1722	1564	2069	2433	2164	2417	2575	2654	3081	3333	2765	3191	2970	2464	2844	
1753	2749	2591	2875	2670	2401	1817	1722	1343	1074	726	458	0	395	758	1058	1516	1564	2022	2417	2275	2543	2765	2875	3318	3634	3096	3555	3365	2875	3286	
1548	2670	2543	2923	2765	2528	1911	1927	1548	1358	1074	616	395	0	458	663	1137	1169	1611	2022	1896	2196	2417	2559	3017	3333	2859	3333	3191	2733	3191	
1864	3049	2938	3365	3223	2986	2370	2385	2022	1817	1501	1090	758	458	0	711	790	1106	1437	1848	1896	2212	2464	2654	3112	3491	3065	3586	3476	3049	3555	
1200	2433	2385	2875	2812	2654	2022	2196	1864	1785	1595	1058	1058	663	711	0	790	505	995	1374	1232	1532	1769	1943	2401	2765	2354	2859	2780	2385	2907	
1943	3191	3144	3665	3602	3444	2812	2954	2607	2464	2212	1722	1516	1137	790	790	0	726	774	1169	1437	1738	2022	2275	2733	3144	2875	3412	3397	3065	3634	
1264	2496	2496	3065	3049	2954	2338	2591	2275	2259	2085	1564	1564	1169	1106	505	726	0	521	869	790	1090	1358	1580	2054	2449	2133	2670	2670	2338	2923	
1690	2875	2891	3491	3523	3444	2828	3096	2796	2780	2591	2069	2022	1611	1437	995	774	521	0	410	742	1011	1295	1564	2006	2449	2275	2812	2875	2638	3239	
1864	2970	3017	3649	3713	3681	3081	3397	3112	3128	2970	2433	2417	2022	1848	1374	1169	869	410	0	663	837	1106	1406	1801	2243	2196	2717	2844	2670	3270	
1264	2291	2370	3017	3112	3096	2543	2923	2686	2765	2686	2164	2275	1896	1896	1232	1437	790	742	663	0	300	568	837	1295	1706	1548	2085	2180	1990	2591	
1374	2259	2370	3017	3160	3191	2670	3081	2859	2970	2923	2417	2543	2196	2212	1532	1738	1090	1011	837	300	0	284	568	995	1437	1358	1880	2006	1911	2496	
1422	2164	2291	2954	3112	3191	2701	3144	2954	3096	3081	2575	2765	2417	2464	1769	2022	1358	1295	1106	568	284	0	300	711	1153	1121	1643	1801	1769	2338	
1390	1959	2117	2765	2970	3065	2622	3096	2938	3128	3128	2654	2875	2559	2654	1943	2275	1580	1564	1406	837	568	300	0	458	869	837	1343	1516	1532	2085	
1738	2038	2227	2875	3112	3270	2891	3397	3286	3491	3523	3081	3318	3017	3112	2401	2733	2054	2006	1801	1295	995	711	458	0	442	742	1090	1374	1548	2038	
1943	1959	2196	2796	3081	3270	2986	3507	3428	3681	3760	3333	3634	3333	3491	2765	3144	2449	2449	2243	1706	1437	1153	869	442	0	679	790	1153	1469	1848	
1358	1311	1516	2133	2417	2591	2306	2828	2780	3033	3144	2765	3096	2859	3065	2354	2875	2133	2275	2196	1548	1358	1121	837	742	679	0	537	679	805	1295	
1801	1343	1595	2117	2449	2701	2512	3049	3065	3365	3523	3191	3555	3333	3586	2859	3412	2670	2812	2717	2085	1880	1643	1343	1090	790	537	0	395	869	1090	
1627	963	1216	1722	2054	2322	2180	2717	2765	3081	3270	2970	3365	3191	3476	2780	3397	2670	2875	2844	2180	2006	1801	1516	1374	1153	679	395	0	537	695	
1185	489	726	1327	1611	1832	1643	2180	2212	2543	2733	2464	2875	2733	3049	2385	3065	2338	2638	2670	1990	1911	1769	1532	1548	1469	805	869	537	0	584	
1706	537	758	1074	1437	1753	1785	2291	2417	2780	3033	2844	3286	3191	3555	2907	3634	2923	3239	3270	2591	2496	2338	2085	2038	1848	1295	1090	695	584	0	
V5
0	1295	1262	1869	1918	1902	1328	1787	1607	1804	1869	1459	1820	1607	1935	1246	2017	1312	1754	1935	1312	1426	1476	1443	1804	2017	1410	1869	1689	1230	1771	
1295	0	262	852	1148	1410	1312	1853	1951	2328	2574	2378	2853	2771	3165	2525	3312	2591	2984	3083	2378	2345	2246	2033	2115	2033	1361	1394	1000	508	557	
1262	262	0	672	918	1148	1066	1590	1722	2099	2361	2214	2689	2640	3050	2476	3263	2591	3001	3132	2460	2460	2378	2197	2312	2279	1574	1656	1262	754	787	
1869	852	672	0	410	787	1115	1508	1771	2164	2509	2509	2984	3034	3493	2984	3804	3181	3624	3788	3132	3132	3066	2870	2984	2902	2214	2197	1787	1377	1115	
1918	1148	918	410	0	393	885	1164	1459	1853	2230	2296	2771	2870	3345	2919	3739	3165	3657	3854	3230	3280	3230	3083	3230	3198	2509	2542	2132	1672	1492	
1902	1410	1148	787	393	0	639	787	1131	1508	1886	2017	2492	2624	3099	2755	3575	3066	3575	3821	3214	3312	3312	3181	3394	3394	2689	2804	2410	1902	1820	
1328	1312	1066	1115	885	639	0	541	672	1066	1377	1410	1886	1984	2460	2099	2919	2427	2935	3198	2640	2771	2804	2722	3001	3099	2394	2607	2263	1705	1853	
1787	1853	1590	1508	1164	787	541	0	377	721	1115	1344	1787	2000	2476	2279	3066	2689	3214	3526	3034	3198	3263	3214	3526	3640	2935	3165	2820	2263	2378	
1607	1951	1722	1771	1459	1131	672	377	0	393	754	951	1394	1607	2099	1935	2706	2361	2902	3230	2788	2968	3066	3050	3411	3558	2886	3181	2870	2296	2509	
1804	2328	2099	2164	1853	1508	1066	721	393	0	393	770	1115	1410	1886	1853	2558	2345	2886	3247	2870	3083	3214	3247	3624	3821	3148	3493	3198	2640	2886	
1869	2574	2361	2509	2230	1886	1377	1115	754	393	0	541	754	1115	1558	1656	2296	2164	2689	3083	2788	3034	3198	3247	3657	3903	3263	3657	3394	2837	3148	
1459	2378	2214	2509	2296	2017	1410	1344	951	770	541	0	475	639	1131	1098	1787	1623	2148	2525	2246	2509	2673	2755	3198	3460	2870	3312	3083	2558	2952	
1820	2853	2689	2984	2771	2492	1886	1787	1394	1115	754	475	0	410	787	1098	1574	1623	2099	2509	2361	2640	2870	2984	3444	3772	3214	3690	3493	2984	3411	
1607	2771	2640	3034	2870	2624	1984	2000	1607	1410	1115	639	410	0	475	688	1180	1213	1672	2099	1968	2279	2509	2656	3132	3460	2968	3460	3312	2837	3312	
1935	3165	3050	3493	3345	3099	2460	2476	2099	1886	1558	1131	787	475	0	738	820	1148	1492	1918	1968	2296	2558	2755	3230	3624	3181	3722	3608	3165	3690	
1246	2525	2476	2984	2919	2755	2099	2279	1935	1853	1656	1098	1098	688	738	0	820	524	1033	1426	1279	1590	1836	2017	2492	2870	2443	2968	2886	2476	3017	
2017	3312	3263	3804	3739	3575	2919	3066	2706	2558	2296	1787	1574	1180	820	820	0	754	803	1213	1492	1804	2099	2361	2837	3263	2984	3542	3526	3181	3772	
1312	2591	2591	3181	3165	3066	2427	2689	2361	2345	2164	1623	1623	1213	1148	524	754	0	541	902	820	1131	1410	1640	2132	2542	2214	2771	2771	2427	3034	
1754	2984	3001	3624	3657	3575	2935	3214	2902	2886	2689	2148	2099	1672	1492	1033	803	541	0	426	770	1049	1344	1623	2082	2542	2361	2919	2984	2738	3362	
1935	3083	3132	3788	3854	3821	3198	3526	3230	3247	3083	2525	2509	2099	1918	1426	1213	902	426	0	688	869	1148	1459	1869	2328	2279	2820	2952	2771	3394	
1312	2378	2460	3132	3230	3214	2640	3034	2788	2870	2788	2246	2361	1968	1968	1279	1492	820	770	688	0	311	590	869	1344	1771	1607	2164	2263	2066	2689	
1426	2345	2460	3132	3280	3312	2771	3198	2968	3083	3034	2509	2640	2279	2296	1590	1804	1131	1049	869	311	0	295	590	1033	1492	1410	1951	2082	1984	2591	
1476	2246	2378	3066	3230	3312	2804	3263	3066	3214	3198	2673	2870	2509	2558	1836	2099	1410	1344	1148	590	295	0	311	738	1197	1164	1705	1869	1836	2427	
1443	2033	2197	2870	3083	3181	2722	3214	3050	3247	3247	2755	2984	2656	2755	2017	2361	1640	1623	1459	869	590	311	0	475	902	869	1394	1574	1590	2164	
1804	2115	2312	2984	3230	3394	3001	3526	3411	3624	3657	3198	3444	3132	3230	2492	2837	2132	2082	1869	1344	1033	738	475	0	459	770	1131	1426	1607	2115	
2017	2033	2279	2902	3198	3394	3099	3640	3558	3821	3903	3460	3772	3460	3624	2870	3263	2542	2542	2328	1771	1492	1197	902	459	0	705	820	1197	1525	1918	
1410	1361	1574	2214	2509	2689	2394	2935	2886	3148	3263	2870	3214	2968	3181	2443	2984	2214	2361	2279	1607	1410	1164	869	770	705	0	557	705	836	1344	
1869	1394	1656	2197	2542	2804	2607	3165	3181	3493	3657	3312	3690	3460	3722	2968	3542	2771	2919	2820	2164	1951	1705	1394	1131	820	557	0	410	902	1131	
1689	1000	1262	1787	2132	2410	2263	2820	2870	3198	3394	3083	3493	3312	3608	2886	3526	2771	2984	2952	2263	2082	1869	1574	1426	1197	705	410	0	557	721	
1230	508	754	1377	1672	1902	1705	2263	2296	2640	2837	2558	2984	2837	3165	2476	3181	2427	2738	2771	2066	1984	1836	1590	1607	1525	836	902	557	0	606	
1771	557	787	1115	1492	1820	1853	2378	2509	2886	3148	2952	3411	3312	3690	3017	3772	3034	3362	3394	2689	2591	2427	2164	2115	1918	1344	1131	721	606	0	
V6
0	884	862	1276	1310	1299	907	1220	1097	1232	1276	996	1243	1097	1321	851	1377	896	1198	1321	896	974	1008	985	1232	1377	963	1276	1153	840	1209	
884	0	179	582	784	963	896	1265	1332	1590	1758	1624	1948	1892	2161	1724	2262	1769	2038	2105	1624	1601	1534	1388	1444	1388	929	952	683	347	380	
862	179	0	459	627	784	728	1086	1176	1433	1612	1512	1836	1803	2083	1691	2228	1769	2049	2139	1680	1680	1624	1500	1579	1556	1075	1131	862	515	537	
1276	582	459	0	280	537	761	1030	1209	1478	1713	1713	2038	2072	2385	2038	2598	2172	2475	2587	2139	2139	2094	1960	2038	1982	1512	1500	1220	940	761	
1310	784	627	280	0	268	604	795	996	1265	1523	1568	1892	1960	2284	1993	2553	2161	2497	2632	2206	2240	2206	2105	2206	2184	1713	1736	1456	1142	1019	
1299	963	784	537	268	0	436	537	772	1030	1288	1377	1702	1792	2116	1881	2441	2094	2441	2609	2195	2262	2262	2172	2318	2318	1836	1915	1646	1299	1243	
907	896	728	761	604	436	0	369	459	728	940	963	1288	1355	1680	1433	1993	1657	2004	2184	1803	1892	1915	1859	2049	2116	1635	1780	1545	1164	1265	
1220	1265	1086	1030	795	537	369	0	257	492	761	918	1220	1366	1691	1556	2094	1836	2195	2408	2072	2184	2228	2195	2408	2486	2004	2161	1926	1545	1624	
1097	1332	1176	1209	996	772	459	257	0	268	515	649	952	1097	1433	1321	1848	1612	1982	2206	1904	2027	2094	2083	2329	2430	1971	2172	1960	1568	1713	
1232	1590	1433	1478	1265	1030	728	492	268	0	268	526	761	963	1288	1265	1747	1601	1971	2217	1960	2105	2195	2217	2475	2609	2150	2385	2184	1803	1971	
1276	1758	1612	1713	1523	1288	940	761	515	268	0	369	515	761	1064	1131	1568	1478	1836	2105	1904	2072	2184	2217	2497	2665	2228	2497	2318	1937	2150	
996	1624	1512	1713	1568	1377	963	918	649	526	369	0	324	436	772	750	1220	1108	1467	1724	1534	1713	1825	1881	2184	2363	1960	2262	2105	1747	2016	
1243	1948	1836	2038	1892	1702	1288	1220	952	761	515	324	0	280	537	750	1075	1108	1433	1713	1612	1803	1960	2038	2352	2576	2195	2520	2385	2038	2329	
1097	1892	1803	2072	1960	1792	1355	1366	1097	963	761	436	280	0	324	470	806	828	1142	1433	1344	1556	1713	1814	2139	2363	2027	2363	2262	1937	2262	
1321	2161	2083	2385	2284	2116	1680	1691	1433	1288	1064	772	537	324	0	504	560	784	1019	1310	1344	1568	1747	1881	2206	2475	2172	2542	2464	2161	2520	
851	1724	1691	2038	1993	1881	1433	1556	1321	1265	1131	750	750	470	504	0	560	358	705	974	873	1086	1254	1377	1702	1960	1668	2027	1971	1691	2060	
1377	2262	2228	2598	2553	2441	1993	2094	1848	1747	1568	1220	1075	806	560	560	0	515	548	828	1019	1232	1433	1612	1937	2228	2038	2419	2408	2172	2576	
896	1769	1769	2172	2161	2094	1657	1836	1612	1601	1478	1108	1108	828	784	358	515	0	369	616	560	772	963	1120	1456	1736	1512	1892	1892	1657	2072	
1198	2038	2049	2475	2497	2441	2004	2195	1982	1971	1836	1467	1433	1142	1019	705	548	369	0	291	526	716	918	1108	1422	1736	1612	1993	2038	1870	2296	
1321	2105	2139	2587	2632	2609	2184	2408	2206	2217	2105	1724	1713	1433	1310	974	828	616	291	0	470	593	784	996	1276	1590	1556	1926	2016	1892	2318	
896	1624	1680	2139	2206	2195	1803	2072	1904	1960	1904	1534	1612	1344	1344	873	1019	560	526	470	0	212	403	593	918	1209	1097	1478	1545	1411	1836	
974	1601	1680	2139	2240	2262	1892	2184	2027	2105	2072	1713	1803	1556	1568	1086	1232	772	716	593	212	0	201	403	705	1019	963	1332	1422	1355	1769	
1008	1534	1624	2094	2206	2262	1915	2228	2094	2195	2184	1825	1960	1713	1747	1254	1433	963	918	784	403	201	0	212	504	817	795	1164	1276	1254	1657	
985	1388	1500	1960	2105	2172	1859	2195	2083	2217	2217	1881	2038	1814	1881	1377	1612	1120	1108	996	593	403	212	0	324	616	593	952	1075	1086	1478	
1232	1444	1579	2038	2206	2318	2049	2408	2329	2475	2497	2184	2352	2139	2206	1702	1937	1456	1422	1276	918	705	504	324	0	313	526	772	974	1097	1444	
1377	1388	1556	1982	2184	2318	2116	2486	2430	2609	2665	2363	2576	2363	2475	1960	2228	1736	1736	1590	1209	1019	817	616	313	0	481	560	817	1041	1310	
963	929	1075	1512	1713	1836	1635	2004	1971	2150	2228	1960	2195	2027	2172	1668	2038	1512	1612	1556	1097	963	795	593	526	481	0	380	481	571	918	
1276	952	1131	1500	1736	1915	1780	2161	2172	2385	2497	2262	2520	2363	2542	2027	2419	1892	1993	1926	1478	1332	1164	952	772	560	380	0	280	616	772	
1153	683	862	1220	1456	1646	1545	1926	1960	2184	2318	2105	2385	2262	2464	1971	2408	1892	2038	2016	1545	1422	1276	1075	974	817	481	280	0	380	492	
840	347	515	940	1142	1299	1164	1545	1568	1803	1937	1747	2038	1937	2161	1691	2172	1657	1870	1892	1411	1355	1254	1086	1097	1041	571	616	380	0	414	
1209	380	537	761	1019	1243	1265	1624	1713	1971	2150	2016	2329	2262	2520	2060	2576	2072	2296	2318	1836	1769	1657	1478	1444	1310	918	772	492	414	0	
V7
0	758	739	1094	1123	1113	777	1046	940	1056	1094	854	1065	940	1132	729	1180	768	1027	1132	768	835	864	844	1056	1180	825	1094	988	720	1036	
758	0	153	499	672	825	768	1084	1142	1363	1507	1392	1670	1622	1852	1478	1939	1516	1747	1804	1392	1372	1315	1190	1238	1190	796	816	585	297	326	
739	153	0	393	537	672	624	931	1008	1228	1382	1296	1574	1545	1785	1449	1910	1516	1756	1833	1440	1440	1392	1286	1353	1334	921	969	739	441	460	
1094	499	393	0	240	460	652	883	1036	1267	1468	1468	1747	1776	2044	1747	2227	1862	2121	2217	1833	1833	1795	1680	1747	1699	1296	1286	1046	806	652	
1123	672	537	240	0	230	518	681	854	1084	1305	1344	1622	1680	1958	1708	2188	1852	2140	2256	1891	1920	1891	1804	1891	1872	1468	1488	1248	979	873	
1113	825	672	460	230	0	374	460	662	883	1104	1180	1459	1536	1814	1612	2092	1795	2092	2236	1881	1939	1939	1862	1987	1987	1574	1641	1411	1113	1065	
777	768	624	652	518	374	0	316	393	624	806	825	1104	1161	1440	1228	1708	1420	1718	1872	1545	1622	1641	1593	1756	1814	1401	1526	1324	998	1084	
1046	1084	931	883	681	460	316	0	220	422	652	787	1046	1171	1449	1334	1795	1574	1881	2064	1776	1872	1910	1881	2064	2131	1718	1852	1651	1324	1392	
940	1142	1008	1036	854	662	393	220	0	230	441	556	816	940	1228	1132	1584	1382	1699	1891	1632	1737	1795	1785	1996	2083	1689	1862	1680	1344	1468	
1056	1363	1228	1267	1084	883	624	422	230	0	230	451	652	825	1104	1084	1497	1372	1689	1900	1680	1804	1881	1900	2121	2236	1843	2044	1872	1545	1689	
1094	1507	1382	1468	1305	1104	806	652	441	230	0	316	441	652	912	969	1344	1267	1574	1804	1632	1776	1872	1900	2140	2284	1910	2140	1987	1660	1843	
854	1392	1296	1468	1344	1180	825	787	556	451	316	0	278	374	662	643	1046	950	1257	1478	1315	1468	1564	1612	1872	2025	1680	1939	1804	1497	1728	
1065	1670	1574	1747	1622	1459	1104	1046	816	652	441	278	0	240	460	643	921	950	1228	1468	1382	1545	1680	1747	2016	2208	1881	2160	2044	1747	1996	
940	1622	1545	1776	1680	1536	1161	1171	940	825	652	374	240	0	278	403	691	710	979	1228	1152	1334	1468	1555	1833	2025	1737	2025	1939	1660	1939	
1132	1852	1785	2044	1958	1814	1440	1449	1228	1104	912	662	460	278	0	432	480	672	873	1123	1152	1344	1497	1612	1891	2121	1862	2179	2112	1852	2160	
729	1478	1449	1747	1708	1612	1228	1334	1132	1084	969	643	643	403	432	0	480	307	604	835	748	931	1075	1180	1459	1680	1430	1737	1689	1449	1766	
1180	1939	1910	2227	2188	2092	1708	1795	1584	1497	1344	1046	921	691	480	480	0	441	470	710	873	1056	1228	1382	1660	1910	1747	2073	2064	1862	2208	
768	1516	1516	1862	1852	1795	1420	1574	1382	1372	1267	950	950	710	672	307	441	0	316	528	480	662	825	960	1248	1488	1296	1622	1622	1420	1776	
1027	1747	1756	2121	2140	2092	1718	1881	1699	1689	1574	1257	1228	979	873	604	470	316	0	249	451	614	787	950	1219	1488	1382	1708	1747	1603	1968	
1132	1804	1833	2217	2256	2236	1872	2064	1891	1900	1804	1478	1468	1228	1123	835	710	528	249	0	403	508	672	854	1094	1363	1334	1651	1728	1622	1987	
768	1392	1440	1833	1891	1881	1545	1776	1632	1680	1632	1315	1382	1152	1152	748	873	480	451	403	0	182	345	508	787	1036	940	1267	1324	1209	1574	
835	1372	1440	1833	1920	1939	1622	1872	1737	1804	1776	1468	1545	1334	1344	931	1056	662	614	508	182	0	172	345	604	873	825	1142	1219	1161	1516	
864	1315	1392	1795	1891	1939	1641	1910	1795	1881	1872	1564	1680	1468	1497	1075	1228	825	787	672	345	172	0	182	432	700	681	998	1094	1075	1420	
844	1190	1286	1680	1804	1862	1593	1881	1785	1900	1900	1612	1747	1555	1612	1180	1382	960	950	854	508	345	182	0	278	528	508	816	921	931	1267	
1056	1238	1353	1747	1891	1987	1756	2064	1996	2121	2140	1872	2016	1833	1891	1459	1660	1248	1219	1094	787	604	432	278	0	268	451	662	835	940	1238	
1180	1190	1334	1699	1872	1987	1814	2131	2083	2236	2284	2025	2208	2025	2121	1680	1910	1488	1488	1363	1036	873	700	528	268	0	412	480	700	892	1123	
825	796	921	1296	1468	1574	1401	1718	1689	1843	1910	1680	1881	1737	1862	1430	1747	1296	1382	1334	940	825	681	508	451	412	0	326	412	489	787	
1094	816	969	1286	1488	1641	1526	1852	1862	2044	2140	1939	2160	2025	2179	1737	2073	1622	1708	1651	1267	1142	998	816	662	480	326	0	240	528	662	
988	585	739	1046	1248	1411	1324	1651	1680	1872	1987	1804	2044	1939	2112	1689	2064	1622	1747	1728	1324	1219	1094	921	835	700	412	240	0	326	422	
720	297	441	806	979	1113	998	1324	1344	1545	1660	1497	1747	1660	1852	1449	1862	1420	1603	1622	1209	1161	1075	931	940	892	489	528	326	0	355	
1036	326	460	652	873	1065	1084	1392	1468	1689	1843	1728	1996	1939	2160	1766	2208	1776	1968	1987	1574	1516	1420	1267	1238	1123	787	662	422	355	0	
V8
0	1011	985	1459	1497	1484	1036	1395	1254	1408	1459	1139	1420	1254	1510	972	1574	1024	1369	1510	1024	1113	1152	1126	1408	1574	1100	1459	1318	960	1382	
1011	0	204	665	896	1100	1024	1446	1523	1817	2009	1856	2227	2163	2470	1971	2585	2022	2329	2406	1856	1830	1753	1587	1651	1587	1062	1088	780	396	435	
985	204	0	524	716	896	832	1241	1344	1638	1843	1728	2099	2060	2380	1932	2547	2022	2342	2444	1920	1920	1856	1715	1804	1779	1228	1292	985	588	614	
1459	665	524	0	320	614	870	1177	1382	1689	1958	1958	2329	2368	2726	2329	2969	2483	2828	2956	2444	2444	2393	2240	2329	2265	1728	1715	1395	1075	870	
1497	896	716	320	0	307	691	908	1139	1446	1740	1792	2163	2240	2611	2278	2918	2470	2854	3008	2521	2560	2521	2406	2521	2496	1958	1984	1664	1305	1164	
1484	1100	896	614	307	0	499	614	883	1177	1472	1574	1945	2048	2419	2150	2790	2393	2790	2982	2508	2585	2585	2483	2649	2649	2099	2188	1881	1484	1420	
1036	1024	832	870	691	499	0	422	524	832	1075	1100	1472	1548	1920	1638	2278	1894	2291	2496	2060	2163	2188	2124	2342	2419	1868	2035	1766	1331	1446	
1395	1446	1241	1177	908	614	422	0	294	563	870	1049	1395	1561	1932	1779	2393	2099	2508	2752	2368	2496	2547	2508	2752	2841	2291	2470	2201	1766	1856	
1254	1523	1344	1382	1139	883	524	294	0	307	588	742	1088	1254	1638	1510	2112	1843	2265	2521	2176	2316	2393	2380	2662	2777	2252	2483	2240	1792	1958	
1408	1817	1638	1689	1446	1177	832	563	307	0	307	601	870	1100	1472	1446	1996	1830	2252	2534	2240	2406	2508	2534	2828	2982	2457	2726	2496	2060	2252	
1459	2009	1843	1958	1740	1472	1075	870	588	307	0	422	588	870	1216	1292	1792	1689	2099	2406	2176	2368	2496	2534	2854	3046	2547	2854	2649	2214	2457	
1139	1856	1728	1958	1792	1574	1100	1049	742	601	422	0	371	499	883	857	1395	1267	1676	1971	1753	1958	2086	2150	2496	2700	2240	2585	2406	1996	2304	
1420	2227	2099	2329	2163	1945	1472	1395	1088	870	588	371	0	320	614	857	1228	1267	1638	1958	1843	2060	2240	2329	2688	2944	2508	2880	2726	2329	2662	
1254	2163	2060	2368	2240	2048	1548	1561	1254	1100	870	499	320	0	371	537	921	947	1305	1638	1536	1779	1958	2073	2444	2700	2316	2700	2585	2214	2585	
1510	2470	2380	2726	2611	2419	1920	1932	1638	1472	1216	883	614	371	0	576	640	896	1164	1497	1536	1792	1996	2150	2521	2828	2483	2905	2816	2470	2880	
972	1971	1932	2329	2278	2150	1638	1779	1510	1446	1292	857	857	537	576	0	640	409	806	1113	998	1241	1433	1574	1945	2240	1907	2316	2252	1932	2355	
1574	2585	2547	2969	2918	2790	2278	2393	2112	1996	1792	1395	1228	921	640	640	0	588	627	947	1164	1408	1638	1843	2214	2547	2329	2764	2752	2483	2944	
1024	2022	2022	2483	2470	2393	1894	2099	1843	1830	1689	1267	1267	947	896	409	588	0	422	704	640	883	1100	1280	1664	1984	1728	2163	2163	1894	2368	
1369	2329	2342	2828	2854	2790	2291	2508	2265	2252	2099	1676	1638	1305	1164	806	627	422	0	332	601	819	1049	1267	1625	1984	1843	2278	2329	2137	2624	
1510	2406	2444	2956	3008	2982	2496	2752	2521	2534	2406	1971	1958	1638	1497	1113	947	704	332	0	537	678	896	1139	1459	1817	1779	2201	2304	2163	2649	
1024	1856	1920	2444	2521	2508	2060	2368	2176	2240	2176	1753	1843	1536	1536	998	1164	640	601	537	0	243	460	678	1049	1382	1254	1689	1766	1612	2099	
1113	1830	1920	2444	2560	2585	2163	2496	2316	2406	2368	1958	2060	1779	1792	1241	1408	883	819	678	243	0	230	460	806	1164	1100	1523	1625	1548	2022	
1152	1753	1856	2393	2521	2585	2188	2547	2393	2508	2496	2086	2240	1958	1996	1433	1638	1100	1049	896	460	230	0	243	576	934	908	1331	1459	1433	1894	
1126	1587	1715	2240	2406	2483	2124	2508	2380	2534	2534	2150	2329	2073	2150	1574	1843	1280	1267	1139	678	460	243	0	371	704	678	1088	1228	1241	1689	
1408	1651	1804	2329	2521	2649	2342	2752	2662	2828	2854	2496	2688	2444	2521	1945	2214	1664	1625	1459	1049	806	576	371	0	358	601	883	1113	1254	1651	
1574	1587	1779	2265	2496	2649	2419	2841	2777	2982	3046	2700	2944	2700	2828	2240	2547	1984	1984	1817	1382	1164	934	704	358	0	550	640	934	1190	1497	
1100	1062	1228	1728	1958	2099	1868	2291	2252	2457	2547	2240	2508	2316	2483	1907	2329	1728	1843	1779	1254	1100	908	678	601	550	0	435	550	652	1049	
1459	1088	1292	1715	1984	2188	2035	2470	2483	2726	2854	2585	2880	2700	2905	2316	2764	2163	2278	2201	1689	1523	1331	1088	883	640	435	0	320	704	883	
1318	780	985	1395	1664	1881	1766	2201	2240	2496	2649	2406	2726	2585	2816	2252	2752	2163	2329	2304	1766	1625	1459	1228	1113	934	550	320	0	435	563	
960	396	588	1075	1305	1484	1331	1766	1792	2060	2214	1996	2329	2214	2470	1932	2483	1894	2137	2163	1612	1548	1433	1241	1254	1190	652	704	435	0	473	
1382	435	614	870	1164	1420	1446	1856	1958	2252	2457	2304	2662	2585	2880	2355	2944	2368	2624	2649	2099	2022	1894	1689	1651	1497	1049	883	563	473	0	
V9
0	1311	1278	1892	1942	1925	1344	1809	1626	1826	1892	1477	1842	1626	1958	1261	2041	1328	1776	1958	1328	1444	1494	1460	1826	2041	1427	1892	1709	1245	1792	
1311	0	265	863	1162	1427	1328	1875	1975	2357	2606	2407	2888	2805	3203	2556	3353	2622	3021	3120	2407	2373	2274	2058	2141	2058	1377	1411	1012	514	564	
1278	265	0	680	929	1162	1079	1610	1743	2124	2390	2241	2722	2672	3087	2506	3303	2622	3037	3170	2490	2490	2407	2224	2340	2307	1593	1676	1278	763	796	
1892	863	680	0	415	796	1128	1527	1792	2191	2539	2539	3021	3071	3535	3021	3851	3220	3668	3834	3170	3170	3104	2905	3021	2938	2241	2224	1809	1394	1128	
1942	1162	929	415	0	398	896	1178	1477	1875	2257	2324	2805	2905	3386	2954	3784	3203	3701	3901	3270	3320	3270	3120	3270	3237	2539	2573	2158	1693	1510	
1925	1427	1162	796	398	0	647	796	1145	1527	1909	2041	2523	2656	3137	2788	3618	3104	3618	3867	3253	3353	3353	3220	3436	3436	2722	2838	2440	1925	1842	
1344	1328	1079	1128	896	647	0	547	680	1079	1394	1427	1909	2008	2490	2124	2954	2456	2971	3237	2672	2805	2838	2755	3037	3137	2423	2639	2290	1726	1875	
1809	1875	1610	1527	1178	796	547	0	381	730	1128	1361	1809	2025	2506	2307	3104	2722	3253	3569	3071	3237	3303	3253	3569	3685	2971	3203	2855	2290	2407	
1626	1975	1743	1792	1477	1145	680	381	0	398	763	962	1411	1626	2124	1958	2739	2390	2938	3270	2822	3004	3104	3087	3452	3602	2921	3220	2905	2324	2539	
1826	2357	2124	2191	1875	1527	1079	730	398	0	398	780	1128	1427	1909	1875	2589	2373	2921	3286	2905	3120	3253	3286	3668	3867	3187	3535	3237	2672	2921	
1892	2606	2390	2539	2257	1909	1394	1128	763	398	0	547	763	1128	1577	1676	2324	2191	2722	3120	2822	3071	3237	3286	3701	3950	3303	3701	3436	2871	3187	
1477	2407	2241	2539	2324	2041	1427	1361	962	780	547	0	481	647	1145	1112	1809	1643	2174	2556	2274	2539	2705	2788	3237	3502	2905	3353	3120	2589	2988	
1842	2888	2722	3021	2805	2523	1909	1809	1411	1128	763	481	0	415	796	1112	1593	1643	2124	2539	2390	2672	2905	3021	3486	3818	3253	3735	3535	3021	3452	
1626	2805	2672	3071	2905	2656	2008	2025	1626	1427	1128	647	415	0	481	697	1195	1228	1693	2124	1992	2307	2539	2689	3170	3502	3004	3502	3353	2871	3353	
1958	3203	3087	3535	3386	3137	2490	2506	2124	1909	1577	1145	796	481	0	747	830	1162	1510	1942	1992	2324	2589	2788	3270	3668	3220	3768	3652	3203	3735	
1261	2556	2506	3021	2954	2788	2124	2307	1958	1875	1676	1112	1112	697	747	0	830	531	1045	1444	1294	1610	1859	2041	2523	2905	2473	3004	2921	2506	3054	
2041	3353	3303	3851	3784	3618	2954	3104	2739	2589	2324	1809	1593	1195	830	830	0	763	813	1228	1510	1826	2124	2390	2871	3303	3021	3585	3569	3220	3818	
1328	2622	2622	3220	3203	3104	2456	2722	2390	2373	2191	1643	1643	1228	1162	531	763	0	547	913	830	1145	1427	1660	2158	2573	2241	2805	2805	2456	3071	
1776	3021	3037	3668	3701	3618	2971	3253	2938	2921	2722	2174	2124	1693	1510	1045	813	547	0	431	780	1062	1361	1643	2108	2573	2390	2954	3021	2772	3403	
1958	3120	3170	3834	3901	3867	3237	3569	3270	3286	3120	2556	2539	2124	1942	1444	1228	913	431	0	697	879	1162	1477	1892	2357	2307	2855	2988	2805	3436	
1328	2407	2490	3170	3270	3253	2672	3071	2822	2905	2822	2274	2390	1992	1992	1294	1510	830	780	697	0	315	597	879	1361	1792	1626	2191	2290	2091	2722	
1444	2373	2490	3170	3320	3353	2805	3237	3004	3120	3071	2539	2672	2307	2324	1610	1826	1145	1062	879	315	0	298	597	1045	1510	1427	1975	2108	2008	2622	
1494	2274	2407	3104	3270	3353	2838	3303	3104	3253	3237	2705	2905	2539	2589	1859	2124	1427	1361	1162	597	298	0	315	747	1211	1178	1726	1892	1859	2456	
1460	2058	2224	2905	3120	3220	2755	3253	3087	3286	3286	2788	3021	2689	2788	2041	2390	1660	1643	1477	879	597	315	0	481	913	879	1411	1593	1610	2191	
1826	2141	2340	3021	3270	3436	3037	3569	3452	3668	3701	3237	3486	3170	3270	2523	2871	2158	2108	1892	1361	1045	747	481	0	464	780	1145	1444	1626	2141	
2041	2058	2307	2938	3237	3436	3137	3685	3602	3867	3950	3502	3818	3502	3668	2905	3303	2573	2573	2357	1792	1510	1211	913	464	0	713	830	1211	1543	1942	
1427	1377	1593	2241	2539	2722	2423	2971	2921	3187	3303	2905	3253	3004	3220	2473	3021	2241	2390	2307	1626	1427	1178	879	780	713	0	564	713	846	1361	
1892	1411	1676	2224	2573	2838	2639	3203	3220	3535	3701	3353	3735	3502	3768	3004	3585	2805	2954	2855	2191	1975	1726	1411	1145	830	564	0	415	913	1145	
1709	1012	1278	1809	2158	2440	2290	2855	2905	3237	3436	3120	3535	3353	3652	2921	3569	2805	3021	2988	2290	2108	1892	1593	1444	1211	713	415	0	564	730	
1245	514	763	1394	1693	1925	1726	2290	2324	2672	2871	2589	3021	2871	3203	2506	3220	2456	2772	2805	2091	2008	1859	1610	1626	1543	846	913	564	0	614	
1792	564	796	1128	1510	1842	1875	2407	2539	2921	3187	2988	3452	3353	3735	3054	3818	3071	3403	3436	2722	2622	2456	2191	2141	1942	1361	1145	730	614	0	
V10
0	1295	1262	1869	1918	1902	1328	1787	1607	1804	1869	1459	1820	1607	1935	1246	2017	1312	1754	1935	1312	1426	1476	1443	1804	2017	1410	1869	1689	1230	1771	
1295	0	262	852	1148	1410	1312	1853	1951	2328	2574	2378	2853	2771	3165	2525	3312	2591	2984	3083	2378	2345	2246	2033	2115	2033	1361	1394	1000	508	557	
1262	262	0	672	918	1148	1066	1590	1722	2099	2361	2214	2689	2640	3050	2476	3263	2591	3001	3132	2460	2460	2378	2197	2312	2279	1574	1656	1262	754	787	
1869	852	672	0	410	787	1115	1508	1771	2164	2509	2509	2984	3034	3493	2984	3804	3181	3624	3788	3132	3132	3066	2870	2984	2902	2214	2197	1787	1377	1115	
1918	1148	918	410	0	393	885	1164	1459	1853	2230	2296	2771	2870	3345	2919	3739	3165	3657	3854	3230	3280	3230	3083	3230	3198	2509	2542	2132	1672	1492	
1902	1410	1148	787	393	0	639	787	1131	1508	1886	2017	2492	2624	3099	2755	3575	3066	3575	3821	3214	3312	3312	3181	3394	3394	2689	2804	2410	1902	1820	
1328	1312	1066	1115	885	639	0	541	672	1066	1377	1410	1886	1984	2460	2099	2919	2427	2935	3198	2640	2771	2804	2722	3001	3099	2394	2607	2263	1705	1853	
1787	1853	1590	1508	1164	787	541	0	377	721	1115	1344	1787	2000	2476	2279	3066	2689	3214	3526	3034	3198	3263	3214	3526	3640	2935	3165	2820	2263	2378	
1607	1951	1722	1771	1459	1131	672	377	0	393	754	951	1394	1607	2099	1935	2706	2361	2902	3230	2788	2968	3066	3050	3411	3558	2886	3181	2870	2296	2509	
1804	2328	2099	2164	1853	1508	1066	721	393	0	393	770	1115	1410	1886	1853	2558	2345	2886	3247	2870	3083	3214	3247	3624	3821	3148	3493	3198	2640	2886	
1869	2574	2361	2509	2230	1886	1377	1115	754	393	0	541	754	1115	1558	1656	2296	2164	2689	3083	2788	3034	3198	3247	3657	3903	3263	3657	3394	2837	3148	
1459	2378	2214	2509	2296	2017	1410	1344	951	770	541	0	475	639	1131	1098	1787	1623	2148	2525	2246	2509	2673	2755	3198	3460	2870	3312	3083	2558	2952	
1820	2853	2689	2984	2771	2492	1886	1787	1394	1115	754	475	0	410	787	1098	1574	1623	2099	2509	2361	2640	2870	2984	3444	3772	3214	3690	3493	2984	3411	
1607	2771	2640	3034	2870	2624	1984	2000	1607	1410	1115	639	410	0	475	688	1180	1213	1672	2099	1968	2279	2509	2656	3132	3460	2968	3460	3312	2837	3312	
1935	3165	3050	3493	3345	3099	2460	2476	2099	1886	1558	1131	787	475	0	738	820	1148	1492	1918	1968	2296	2558	2755	3230	3624	3181	3722	3608	3165	3690	
1246	2525	2476	2984	2919	2755	2099	2279	1935	1853	1656	1098	1098	688	738	0	820	524	1033	1426	1279	1590	1836	2017	2492	2870	2443	2968	2886	2476	3017	
2017	3312	3263	3804	3739	3575	2919	3066	2706	2558	2296	1787	1574	1180	820	820	0	754	803	1213	1492	1804	2099	2361	2837	3263	2984	3542	3526	3181	3772	
1312	2591	2591	3181	3165	3066	2427	2689	2361	2345	2164	1623	1623	1213	1148	524	754	0	541	902	820	1131	1410	1640	2132	2542	2214	2771	2771	2427	3034	
1754	2984	3001	3624	3657	3575	2935	3214	2902	2886	2689	2148	2099	1672	1492	1033	803	541	0	426	770	1049	1344	1623	2082	2542	2361	2919	2984	2738	3362	
1935	3083	3132	3788	3854	3821	3198	3526	3230	3247	3083	2525	2509	2099	1918	1426	1213	902	426	0	688	869	1148	1459	1869	2328	2279	2820	2952	2771	3394	
1312	2378	2460	3132	3230	3214	2640	3034	2788	2870	2788	2246	2361	1968	1968	1279	1492	820	770	688	0	311	590	869	1344	1771	1607	2164	2263	2066	2689	
1426	2345	2460	3132	3280	3312	2771	3198	2968	3083	3034	2509	2640	2279	2296	1590	1804	1131	1049	869	311	0	295	590	1033	1492	1410	1951	2082	1984	2591	
1476	2246	2378	3066	3230	3312	2804	3263	3066	3214	3198	2673	2870	2509	2558	1836	2099	1410	1344	1148	590	295	0	311	738	1197	1164	1705	1869	1836	2427	
1443	2033	2197	2870	3083	3181	2722	3214	3050	3247	3247	2755	2984	2656	2755	2017	2361	1640	1623	1459	869	590	311	0	475	902	869	1394	1574	1590	2164	
1804	2115	2312	2984	3230	3394	3001	3526	3411	3624	3657	3198	3444	3132	3230	2492	2837	2132	2082	1869	1344	1033	738	475	0	459	770	1131	1426	1607	2115	
2017	2033	2279	2902	3198	3394	3099	3640	3558	3821	3903	3460	3772	3460	3624	2870	3263	2542	2542	2328	1771	1492	1197	902	459	0	705	820	1197	1525	1918	
1410	1361	1574	2214	2509	2689	2394	2935	2886	3148	3263	2870	3214	2968	3181	2443	2984	2214	2361	2279	1607	1410	1164	869	770	705	0	557	705	836	1344	
1869	1394	1656	2197	2542	2804	2607	3165	3181	3493	3657	3312	3690	3460	3722	2968	3542	2771	2919	2820	2164	1951	1705	1394	1131	820	557	0	410	902	1131	
1689	1000	1262	1787	2132	2410	2263	2820	2870	3198	3394	3083	3493	3312	3608	2886	3526	2771	2984	2952	2263	2082	1869	1574	1426	1197	705	410	0	557	721	
1230	508	754	1377	1672	1902	1705	2263	2296	2640	2837	2558	2984	2837	3165	2476	3181	2427	2738	2771	2066	1984	1836	1590	1607	1525	836	902	557	0	606	
1771	557	787	1115	1492	1820	1853	2378	2509	2886	3148	2952	3411	3312	3690	3017	3772	3034	3362	3394	2689	2591	2427	2164	2115	1918	1344	1131	721	606	0	
V11
0	1295	1262	1869	1918	1902	1328	1787	1607	1804	1869	1459	1820	1607	1935	1246	2017	1312	1754	1935	1312	1426	1476	1443	1804	2017	1410	1869	1689	1230	1771	
1295	0	262	852	1148	1410	1312	1853	1951	2328	2574	2378	2853	2771	3165	2525	3312	2591	2984	3083	2378	2345	2246	2033	2115	2033	1361	1394	1000	508	557	
1262	262	0	672	918	1148	1066	1590	1722	2099	2361	2214	2689	2640	3050	2476	3263	2591	3001	3132	2460	2460	2378	2197	2312	2279	1574	1656	1262	754	787	
1869	852	672	0	410	787	1115	1508	1771	2164	2509	2509	2984	3034	3493	2984	3804	3181	3624	3788	3132	3132	3066	2870	2984	2902	2214	2197	1787	1377	1115	
1918	1148	918	410	0	393	885	1164	1459	1853	2230	2296	2771	2870	3345	2919	3739	3165	3657	3854	3230	3280	3230	3083	3230	3198	2509	2542	2132	1672	1492	
1902	1410	1148	787	393	0	639	787	1131	1508	1886	2017	2492	2624	3099	2755	3575	3066	3575	3821	3214	3312	3312	3181	3394	3394	2689	2804	2410	1902	1820	
1328	1312	1066	1115	885	639	0	541	672	1066	1377	1410	1886	1984	2460	2099	2919	2427	2935	3198	2640	2771	2804	2722	3001	3099	2394	2607	2263	1705	1853	
1787	1853	1590	1508	1164	787	541	0	377	721	1115	1344	1787	2000	2476	2279	3066	2689	3214	3526	3034	3198	3263	3214	3526	3640	2935	3165	2820	2263	2378	
1607	1951	1722	1771	1459	1131	672	377	0	393	754	951	1394	1607	2099	1935	2706	2361	2902	3230	2788	2968	3066	3050	3411	3558	2886	3181	2870	2296	2509	
1804	2328	2099	2164	1853	1508	1066	721	393	0	393	770	1115	1410	1886	1853	2558	2345	2886	3247	2870	3083	3214	3247	3624	3821	3148	3493	3198	2640	2886	
1869	2574	2361	2509	2230	1886	1377	1115	754	393	0	541	754	1115	1558	1656	2296	2164	2689	3083	2788	3034	3198	3247	3657	3903	3263	3657	3394	2837	3148	
1459	2378	2214	2509	2296	2017	1410	1344	951	770	541	0	475	639	1131	1098	1787	1623	2148	2525	2246	2509	2673	2755	3198	3460	2870	3312	3083	2558	2952	
1820	2853	2689	2984	2771	2492	1886	1787	1394	1115	754	475	0	410	787	1098	1574	1623	2099	2509	2361	2640	2870	2984	3444	3772	3214	3690	3493	2984	3411	
1607	2771	2640	3034	2870	2624	1984	2000	1607	1410	1115	639	410	0	475	688	1180	1213	1672	2099	1968	2279	2509	2656	3132	3460	2968	3460	3312	2837	3312	
1935	3165	3050	3493	3345	3099	2460	2476	2099	1886	1558	1131	787	475	0	738	820	1148	1492	1918	1968	2296	2558	2755	3230	3624	3181	3722	3608	3165	3690	
1246	2525	2476	2984	2919	2755	2099	2279	1935	1853	1656	1098	1098	688	738	0	820	524	1033	1426	1279	1590	1836	2017	2492	2870	2443	2968	2886	2476	3017	
2017	3312	3263	3804	3739	3575	2919	3066	2706	2558	2296	1787	1574	1180	820	820	0	754	803	1213	1492	1804	2099	2361	2837	3263	2984	3542	3526	3181	3772	
1312	2591	2591	3181	3165	3066	2427	2689	2361	2345	2164	1623	1623	1213	1148	524	754	0	541	902	820	1131	1410	1640	2132	2542	2214	2771	2771	2427	3034	
1754	2984	3001	3624	3657	3575	2935	3214	2902	2886	2689	2148	2099	1672	1492	1033	803	541	0	426	770	1049	1344	1623	2082	2542	2361	2919	2984	2738	3362	
1935	3083	3132	3788	3854	3821	3198	3526	3230	3247	3083	2525	2509	2099	1918	1426	1213	902	426	0	688	869	1148	1459	1869	2328	2279	2820	2952	2771	3394	
1312	2378	2460	3132	3230	3214	2640	3034	2788	2870	2788	2246	2361	1968	1968	1279	1492	820	770	688	0	311	590	869	1344	1771	1607	2164	2263	2066	2689	
1426	2345	2460	3132	3280	3312	2771	3198	2968	3083	3034	2509	2640	2279	2296	1590	1804	1131	1049	869	311	0	295	590	1033	1492	1410	1951	2082	1984	2591	
1476	2246	2378	3066	3230	3312	2804	3263	3066	3214	3198	2673	2870	2509	2558	1836	2099	1410	1344	1148	590	295	0	311	738	1197	1164	1705	1869	1836	2427	
1443	2033	2197	2870	3083	3181	2722	3214	3050	3247	3247	2755	2984	2656	2755	2017	2361	1640	1623	1459	869	590	311	0	475	902	869	1394	1574	1590	2164	
1804	2115	2312	2984	3230	3394	3001	3526	3411	3624	3657	3198	3444	3132	3230	2492	2837	2132	2082	1869	1344	1033	738	475	0	459	770	1131	1426	1607	2115	
2017	2033	2279	2902	3198	3394	3099	3640	3558	3821	3903	3460	3772	3460	3624	2870	3263	2542	2542	2328	1771	1492	1197	902	459	0	705	820	1197	1525	1918	
1410	1361	1574	2214	2509	2689	2394	2935	2886	3148	3263	2870	3214	2968	3181	2443	2984	2214	2361	2279	1607	1410	1164	869	770	705	0	557	705	836	1344	
1869	1394	1656	2197	2542	2804	2607	3165	3181	3493	3657	3312	3690	3460	3722	2968	3542	2771	2919	2820	2164	1951	1705	1394	1131	820	557	0	410	902	1131	
1689	1000	1262	1787	2132	2410	2263	2820	2870	3198	3394	3083	3493	3312	3608	2886	3526	2771	2984	2952	2263	2082	1869	1574	1426	1197	705	410	0	557	721	
1230	508	754	1377	1672	1902	1705	2263	2296	2640	2837	2558	2984	2837	3165	2476	3181	2427	2738	2771	2066	1984	1836	1590	1607	1525	836	902	557	0	606	
1771	557	787	1115	1492	1820	1853	2378	2509	2886	3148	2952	3411	3312	3690	3017	3772	3034	3362	3394	2689	2591	2427	2164	2115	1918	1344	1131	721	606	0	
Velocidade_Veiculos
1	1	1	1	1	1	1	1	1	1	1	1	