M: 4
N: 30
Nun_Veiculos: 17
Capacidade_Total: 1116
Demanda_Total: 579
Setup_Min: 1
Setup_Max: 99
Raio: 20
Circulos: 1
Tempo_Processamento_Min: 1
Tempo_Processamento_Max: 49
Demanda_Min: 10
Demanda_Max: 30
Priority_Factor: 0.2
Range_Factor_R: 0.8
U_factor: 2
ALpha: 0.2Replicao: 4
Tempos_Processamentos
0	0	1	0	2	0	3	0	
0	18	1	42	2	7	3	39	
0	3	1	12	2	2	3	5	
0	36	1	13	2	16	3	20	
0	49	1	13	2	47	3	4	
0	33	1	21	2	6	3	1	
0	27	1	48	2	25	3	16	
0	26	1	29	2	18	3	10	
0	13	1	8	2	35	3	17	
0	46	1	31	2	14	3	20	
0	21	1	29	2	18	3	33	
0	1	1	9	2	26	3	7	
0	39	1	17	2	41	3	49	
0	17	1	13	2	45	3	12	
0	40	1	45	2	35	3	30	
0	9	1	33	2	30	3	38	
0	20	1	28	2	21	3	18	
0	18	1	38	2	10	3	42	
0	12	1	23	2	37	3	35	
0	11	1	26	2	24	3	11	
0	36	1	24	2	17	3	10	
0	34	1	8	2	33	3	31	
0	9	1	22	2	38	3	31	
0	46	1	22	2	32	3	32	
0	15	1	41	2	26	3	41	
0	32	1	42	2	44	3	25	
0	25	1	43	2	37	3	37	
0	10	1	41	2	6	3	9	
0	4	1	42	2	27	3	32	
0	41	1	49	2	44	3	25	
0	24	1	14	2	45	3	12	

Tempos_setup
M0
0	0	0	0	0	0	0	0	0	0	0	0	0	0	0	0	0	0	0	0	0	0	0	0	0	0	0	0	0	0	0	
0	0	18	21	13	19	20	12	19	12	17	5	12	19	3	16	24	18	14	10	24	23	15	17	9	19	18	17	21	12	22	
0	22	0	14	10	1	11	18	17	18	16	11	9	25	18	6	21	17	18	7	20	13	11	6	15	25	11	5	4	18	19	
0	14	17	0	13	18	14	21	20	20	19	14	12	12	16	16	24	20	9	24	18	16	14	9	18	20	16	8	7	10	22	
0	20	23	23	0	17	20	27	11	11	16	20	18	19	22	22	23	22	24	26	24	22	20	15	24	21	27	14	13	16	26	
0	21	13	13	9	0	10	17	16	17	15	10	8	24	17	12	20	16	17	20	20	12	10	5	14	24	17	4	3	17	18	
0	19	11	11	7	12	0	15	14	15	13	8	6	22	15	10	18	14	15	18	18	10	8	3	12	14	13	2	1	15	16	
0	9	13	14	8	14	11	0	15	16	21	9	7	23	11	11	28	15	8	19	14	20	10	6	13	13	15	5	11	5	17	
0	9	13	13	9	14	10	17	0	16	15	10	8	24	11	12	20	16	17	19	14	12	10	5	14	10	17	4	3	5	15	
0	18	22	23	9	23	12	19	20	0	5	16	18	8	20	22	12	11	13	15	30	14	20	12	20	26	20	14	13	14	25	
0	22	18	18	14	19	7	14	21	18	0	11	13	17	22	17	7	6	8	10	25	9	15	10	15	21	15	9	8	18	20	
0	11	13	16	8	14	18	7	14	7	12	0	7	14	13	11	19	13	15	20	19	21	10	12	4	20	16	12	17	7	17	
0	13	6	18	1	7	17	9	8	9	14	2	0	16	15	4	21	8	9	13	12	18	3	12	6	18	9	11	10	9	10	
0	10	14	24	1	15	21	19	12	12	17	12	10	0	12	14	23	11	19	20	22	23	13	16	14	22	19	15	14	6	17	
0	4	16	25	17	17	17	16	21	16	21	9	16	17	0	14	28	22	18	14	28	27	19	20	13	16	19	19	18	16	21	
0	22	2	16	12	3	13	20	19	18	18	13	11	26	20	0	23	19	14	9	22	15	13	8	15	27	5	7	6	18	21	
0	20	12	12	8	13	1	16	15	13	5	9	7	21	16	11	0	11	13	15	19	2	9	4	13	15	14	3	2	16	17	
0	17	21	22	16	21	19	8	23	24	25	17	15	31	19	19	30	0	16	27	22	22	14	14	21	21	23	13	19	13	14	
0	17	13	11	8	14	15	16	15	16	21	9	7	23	19	11	28	15	0	16	19	25	10	10	13	25	7	9	16	13	17	
0	18	9	23	19	10	20	25	26	25	16	18	18	31	14	15	23	22	24	0	29	22	20	15	22	30	20	14	13	25	27	
0	12	14	14	9	9	11	8	15	2	7	1	8	10	13	12	14	13	15	17	0	6	11	6	5	21	17	5	12	8	18	
0	25	20	20	16	21	9	17	23	11	3	14	15	19	24	19	8	9	11	13	27	0	17	12	18	23	18	11	10	21	23	
0	24	16	23	14	17	21	20	18	14	19	13	19	22	25	14	23	25	12	23	12	18	0	16	17	28	19	15	14	20	19	
0	32	22	22	22	23	19	28	26	22	19	21	25	30	33	22	26	25	20	29	20	26	8	0	25	33	27	13	20	28	27	
0	7	11	12	12	12	15	19	21	3	8	12	19	11	9	17	15	12	16	17	20	17	22	14	0	25	17	16	15	3	26	
0	14	8	18	14	9	15	22	5	21	20	15	13	25	16	14	25	20	13	15	19	17	15	10	19	0	19	9	8	10	5	
0	17	12	20	17	13	23	24	24	13	18	18	16	21	17	18	25	16	9	19	28	25	19	18	10	33	0	17	16	13	26	
0	22	17	9	13	18	6	21	20	18	19	14	12	21	21	16	24	20	18	24	21	16	9	1	15	20	19	0	7	18	22	
0	18	10	10	6	11	7	14	13	14	12	7	5	21	14	9	17	13	14	17	17	9	7	2	11	21	14	1	0	14	15	
0	4	8	22	17	9	19	16	23	16	21	9	16	23	6	14	27	22	18	14	28	21	19	14	13	22	14	13	12	0	26	
0	25	17	19	16	18	23	24	23	24	29	17	15	31	27	19	36	23	8	24	27	30	18	15	21	33	15	17	21	21	0	
M1
0	0	0	0	0	0	0	0	0	0	0	0	0	0	0	0	0	0	0	0	0	0	0	0	0	0	0	0	0	0	0	
0	0	10	8	17	12	4	6	20	5	21	4	9	18	17	22	11	10	17	21	9	9	19	2	22	14	13	18	11	20	14	
0	2	0	10	7	14	6	8	14	7	16	6	11	10	14	20	3	8	11	23	11	11	10	4	17	4	3	16	1	21	16	
0	7	5	0	12	19	11	13	19	12	21	11	16	15	10	25	8	13	16	25	16	16	15	9	22	9	8	13	6	21	21	
0	19	18	14	0	23	21	13	16	19	18	9	4	18	7	22	21	9	13	22	25	19	12	13	19	22	21	27	18	18	20	
0	15	14	9	20	0	19	6	25	16	23	4	9	20	19	30	17	10	25	21	14	17	24	2	24	18	13	22	14	20	14	
0	8	6	4	13	16	0	14	16	1	17	7	12	14	13	22	7	14	13	20	5	5	15	10	18	10	9	14	7	23	19	
0	16	14	12	16	18	20	0	19	18	17	7	12	20	19	25	13	4	19	15	20	11	19	8	18	18	17	20	15	17	8	
0	9	7	6	10	16	13	10	0	3	2	9	14	7	13	6	10	6	8	9	12	8	7	10	3	11	10	17	8	7	4	
0	7	5	3	12	19	11	13	19	0	21	11	16	15	13	25	8	13	16	28	16	16	15	9	22	9	8	16	6	24	21	
0	7	5	4	10	18	11	8	17	1	0	7	12	15	13	23	8	4	14	9	10	6	15	8	1	9	8	15	6	17	2	
0	12	10	5	17	21	16	14	24	17	22	0	5	20	15	26	13	10	21	20	21	20	20	14	22	14	13	18	11	16	22	
0	20	18	13	23	19	24	9	21	23	22	8	0	23	12	21	17	5	18	22	21	15	17	9	17	22	20	24	19	18	17	
0	8	7	5	14	9	12	14	9	2	11	12	17	0	15	15	4	15	13	18	11	17	12	10	12	11	10	18	8	16	13	
0	12	11	7	16	20	14	16	9	12	11	2	7	11	0	15	14	12	6	15	19	17	5	14	12	15	14	20	11	11	13	
0	6	12	11	6	16	9	12	5	8	7	9	10	7	7	0	11	11	2	5	14	13	1	8	8	16	15	19	7	1	9	
0	4	14	12	21	12	8	10	12	9	14	8	13	7	11	18	0	14	9	21	13	13	8	6	15	18	14	19	14	19	16	
0	15	13	8	18	14	19	4	19	18	17	3	8	19	18	22	12	0	16	17	16	10	15	4	18	17	15	19	14	13	12	
0	12	10	9	13	14	16	13	3	6	5	12	17	5	16	9	9	9	0	12	15	11	10	13	6	14	13	20	11	10	7	
0	1	7	6	1	13	5	7	17	3	2	5	5	17	8	23	10	6	14	0	10	8	13	3	3	11	10	17	8	19	4	
0	13	19	14	18	11	17	11	29	17	28	9	14	29	24	35	22	15	26	26	0	22	29	7	23	23	14	14	12	23	19	
0	6	16	14	16	14	10	12	11	11	12	10	15	9	8	17	2	16	8	15	15	0	10	8	13	20	14	9	15	18	14	
0	7	11	10	14	15	9	13	4	7	6	8	13	6	6	10	10	10	1	13	14	12	0	9	7	15	14	21	6	11	8	
0	13	12	7	18	10	17	4	23	14	21	2	7	22	17	28	15	8	23	19	12	15	22	0	22	16	11	20	12	18	12	
0	11	21	19	21	19	15	17	16	16	17	14	13	14	12	22	7	18	13	20	9	5	15	13	0	25	19	14	20	23	19	
0	8	15	10	3	16	12	10	16	13	18	5	7	11	10	22	4	7	13	24	17	17	12	6	13	0	17	23	16	20	18	
0	2	12	10	19	14	6	8	22	7	22	6	11	20	19	24	13	5	19	22	11	11	20	4	17	16	0	13	1	18	16	
0	10	8	6	14	22	14	12	17	3	15	11	14	18	16	23	11	8	19	13	19	18	18	12	16	12	11	0	9	9	13	
0	1	11	9	18	13	5	7	21	6	22	5	10	19	18	23	12	11	18	22	10	10	20	3	23	15	14	19	0	20	15	
0	5	11	10	5	17	8	11	8	7	6	9	9	15	9	14	14	10	15	4	13	12	14	7	7	15	14	18	12	0	8	
0	8	6	10	8	16	12	6	20	10	9	5	10	16	15	24	9	2	17	7	17	12	16	6	10	10	9	21	7	15	0	
M2
0	0	0	0	0	0	0	0	0	0	0	0	0	0	0	0	0	0	0	0	0	0	0	0	0	0	0	0	0	0	0	
0	0	12	16	22	13	19	14	10	15	6	15	16	13	10	11	17	16	13	8	30	12	10	13	31	18	3	25	18	9	23	
0	16	0	32	16	12	17	19	19	22	22	24	23	20	11	17	15	21	22	20	29	21	21	29	22	23	19	24	13	15	21	
0	19	18	0	21	15	17	10	12	17	10	10	9	16	14	13	21	18	17	15	23	5	12	17	15	20	7	16	24	1	21	
0	11	10	25	0	8	10	3	15	6	12	10	12	4	10	14	17	5	8	8	24	16	15	19	24	7	9	20	14	7	14	
0	4	16	20	23	0	19	12	13	17	10	18	11	17	12	11	21	20	16	12	31	13	14	17	25	22	7	12	22	3	21	
0	15	7	29	21	12	0	19	15	14	15	14	18	21	14	13	21	25	12	7	29	17	19	22	15	11	12	17	17	15	4	
0	9	14	25	19	5	7	0	13	17	13	18	16	20	12	11	24	23	16	5	21	15	17	20	22	18	10	17	15	8	11	
0	19	15	22	25	16	20	14	0	16	7	7	13	14	11	12	18	13	14	15	20	2	11	14	32	15	4	28	17	10	24	
0	19	4	33	20	16	14	23	23	0	20	18	27	24	15	21	19	25	16	18	27	25	24	27	26	15	17	28	17	19	18	
0	13	13	26	22	13	13	8	7	9	0	11	10	7	6	5	11	10	10	8	24	6	4	7	28	12	8	25	17	3	17	
0	18	16	15	23	14	22	15	6	12	12	0	19	19	4	6	20	19	11	9	25	8	16	19	30	18	9	26	16	15	26	
0	10	12	25	12	6	8	1	3	8	10	10	0	7	5	4	18	9	9	6	22	5	3	17	23	11	7	18	16	9	12	
0	18	6	33	15	14	16	9	11	2	17	18	8	0	13	12	18	17	17	9	29	13	11	24	28	17	14	26	19	17	20	
0	28	18	39	34	28	28	23	22	14	15	24	25	22	0	20	26	25	22	23	39	21	19	22	40	27	12	40	29	18	32	
0	12	10	22	17	8	16	9	2	6	6	7	15	13	1	0	14	15	5	3	22	4	10	13	29	12	3	20	13	9	20	
0	12	9	27	23	10	2	5	9	11	13	12	15	10	8	7	0	12	12	9	14	11	6	20	17	13	10	19	8	13	6	
0	6	9	20	22	9	11	4	11	5	7	5	10	12	9	11	12	0	3	9	25	13	11	14	19	2	4	17	11	2	15	
0	17	6	17	22	16	11	12	8	2	4	2	14	11	6	8	9	14	0	11	23	10	8	11	26	16	1	28	17	7	15	
0	9	16	25	14	5	21	15	8	12	8	13	16	15	7	6	19	18	11	0	22	10	12	15	27	18	5	17	10	8	25	
0	16	20	19	21	12	25	19	10	16	15	4	23	22	8	10	24	23	15	7	0	12	19	22	34	22	12	11	17	15	20	
0	18	13	20	27	14	18	13	11	14	5	5	15	12	9	10	16	15	12	13	18	0	9	12	33	17	2	26	19	8	22	
0	12	9	23	18	9	17	10	3	5	7	8	9	4	2	1	15	6	6	4	23	5	0	14	25	8	4	21	14	8	21	
0	6	13	22	15	6	6	1	6	11	12	9	3	10	8	7	4	12	12	6	18	8	6	0	21	14	9	18	10	9	10	
0	9	5	25	21	5	22	17	14	18	15	12	16	22	13	12	20	25	17	15	33	15	19	22	0	18	12	2	18	8	11	
0	4	7	18	23	17	12	13	9	3	5	3	15	10	7	9	10	15	1	12	24	11	9	12	17	0	2	19	9	8	16	
0	16	16	27	25	16	16	11	10	12	3	12	13	10	7	8	14	13	10	11	27	9	7	10	31	15	0	28	17	6	20	
0	7	12	23	26	3	22	15	16	19	13	13	14	20	15	14	24	23	17	15	31	13	17	20	28	16	10	0	25	6	9	
0	4	14	20	21	12	20	13	6	10	10	11	19	17	5	4	18	19	9	7	18	8	14	17	17	16	7	19	0	13	24	
0	18	20	33	20	14	16	9	11	16	18	18	8	15	13	12	26	17	17	14	30	13	11	25	31	19	15	26	24	0	20	
0	11	3	25	19	15	19	20	16	10	12	10	22	17	14	16	17	22	8	19	31	18	16	19	24	7	9	26	16	15	0	
M3
0	0	0	0	0	0	0	0	0	0	0	0	0	0	0	0	0	0	0	0	0	0	0	0	0	0	0	0	0	0	0	
0	0	11	8	15	13	22	6	7	16	5	4	16	19	12	8	19	14	11	8	13	10	11	15	18	8	20	22	15	18	20	
0	27	0	15	5	15	22	23	14	13	22	20	10	14	9	19	13	13	18	19	16	9	13	14	19	5	18	19	22	28	14	
0	32	16	0	17	8	25	16	10	16	22	20	17	19	14	18	20	16	3	22	23	12	9	17	21	21	23	24	12	28	21	
0	29	11	20	0	22	17	18	19	21	17	24	21	24	4	20	13	17	23	21	24	20	20	25	14	16	13	14	26	33	25	
0	24	18	17	9	0	23	15	16	8	14	12	10	11	10	15	12	12	20	16	16	8	20	13	23	17	19	20	21	20	14	
0	38	20	16	9	24	0	27	15	28	26	33	20	31	13	27	22	23	19	21	7	19	25	16	23	25	22	23	15	25	24	
0	31	5	18	9	14	19	0	17	18	19	18	13	19	6	2	15	8	9	14	7	4	16	9	20	10	15	16	17	25	17	
0	33	17	1	18	9	15	17	0	17	23	21	18	20	15	12	21	14	4	18	17	13	10	18	11	22	24	25	13	29	22	
0	16	15	12	12	3	17	10	11	0	9	7	4	3	4	12	4	12	15	11	10	11	15	16	18	12	13	14	21	17	8	
0	27	6	3	10	8	17	1	2	11	0	18	14	14	7	3	15	9	6	15	8	5	6	10	13	3	16	17	15	26	18	
0	13	8	5	12	10	19	3	4	13	2	0	12	16	9	5	15	11	8	4	10	7	8	12	15	5	16	19	17	28	16	
0	24	18	21	8	19	25	19	20	16	18	16	0	19	12	9	3	8	19	19	6	23	24	28	22	21	21	13	17	24	4	
0	13	20	17	20	19	14	15	16	18	14	17	22	0	1	16	1	18	20	20	21	19	17	24	15	17	10	11	24	14	23	
0	25	19	16	19	18	13	14	15	17	13	24	21	20	0	16	9	17	19	21	20	18	16	23	14	16	9	10	23	29	22	
0	35	18	26	7	22	23	25	25	19	24	26	23	22	11	0	20	20	18	28	5	27	27	32	21	23	20	21	16	23	27	
0	46	26	37	23	35	34	21	36	38	34	39	34	40	21	23	0	29	30	30	21	25	37	30	35	31	30	31	38	39	38	
0	32	28	19	24	23	25	27	18	28	34	32	32	31	28	23	32	0	22	28	22	27	28	32	21	23	16	21	9	37	20	
0	29	18	19	14	5	28	13	18	13	19	17	14	16	15	15	17	17	0	21	20	13	17	18	28	22	24	25	9	25	18	
0	29	14	9	16	9	23	24	8	17	23	21	8	20	12	13	11	14	12	0	14	10	7	15	19	19	21	21	21	29	12	
0	31	13	22	2	18	19	20	21	23	19	26	23	25	6	20	15	19	13	23	0	22	22	27	16	18	15	16	22	18	27	
0	27	18	16	7	18	15	16	17	15	15	14	9	18	2	18	11	4	19	10	15	0	17	5	16	18	11	12	13	25	13	
0	26	7	2	10	2	16	17	1	10	16	14	12	13	5	13	14	7	5	13	18	3	0	8	12	12	14	15	14	22	16	
0	28	13	11	2	14	18	19	13	18	18	17	4	21	5	13	7	7	14	5	10	3	12	0	16	18	14	15	16	20	8	
0	28	19	14	13	14	4	17	13	12	16	19	15	15	16	19	16	3	17	7	11	15	12	20	0	17	19	18	12	29	17	
0	24	15	10	11	10	18	18	9	8	17	15	12	11	6	20	12	8	13	14	18	4	8	9	14	0	15	16	17	25	16	
0	16	16	17	14	15	9	11	16	12	21	19	16	15	15	7	16	8	20	12	12	13	15	18	5	9	0	5	17	25	17	
0	23	11	19	15	10	24	6	18	7	16	14	11	10	11	8	11	14	15	18	13	10	22	15	25	16	20	0	16	20	12	
0	32	19	10	23	14	24	26	9	22	28	26	24	25	20	21	26	22	13	27	26	18	19	23	20	14	24	29	0	34	28	
0	30	13	15	9	7	24	8	14	14	15	19	11	17	12	2	2	14	17	6	7	10	13	15	20	6	21	7	18	0	15	
0	25	15	17	4	19	21	15	16	16	14	12	20	19	8	5	17	4	15	15	2	19	20	24	18	17	17	9	13	20	0	
Tamanho_Tarefas
0	15	3	19	14	3	23	20	8	25	20	10	31	20	36	20	19	15	15	18	10	16	20	30	28	26	27	8	18	39	23	
Data_Entrega
0	119	85	85	104	91	83	105	95	128	65	105	129	63	118	135	71	64	87	124	71	110	100	68	74	112	93	70	78	89	134	
Penalidade_Atraso
0	13	12	15	4	4	14	5	20	8	14	17	11	17	4	2	20	15	8	17	4	2	9	7	10	14	19	11	6	11	12	
Capacidade_Veiculo
43	104	88	46	59	116	64	76	40	47	41	53	67	54	105	62	51	
Custo_Fixo_Veiculo
430	1040	880	460	590	1160	640	760	400	470	410	530	670	540	1050	620	510	
Coordenadas_Clientes
x	0	y	0
x	23	y	0
x	21	y	4
x	21	y	9
x	19	y	13
x	14	y	15
x	7	y	13
x	6	y	19
x	2	y	23
x	-1	y	17
x	-6	y	20
x	-10	y	17
x	-10	y	11
x	-14	y	10
x	-17	y	7
x	-21	y	4
x	-21	y	0
x	-21	y	-4
x	-18	y	-8
x	-16	y	-12
x	-10	y	-12
x	-7	y	-13
x	-7	y	-22
x	-1	y	-17
x	1	y	-16
x	7	y	-23
x	9	y	-16
x	14	y	-15
x	14	y	-10
x	22	y	-10
x	16	y	-3
Tempo_Viagem
0	23	21	22	23	20	14	19	23	17	20	19	14	17	18	21	21	21	19	20	15	14	23	17	16	24	18	20	17	24	16	
23	0	4	9	13	17	20	25	30	28	33	37	34	38	40	44	44	44	41	40	34	32	35	28	26	27	20	17	13	10	7	
21	4	0	5	9	13	16	21	26	24	29	33	31	35	38	42	42	42	40	40	34	32	36	29	27	29	22	20	15	14	8	
22	9	5	0	4	9	14	17	22	22	27	31	31	35	38	42	42	43	41	42	37	35	41	34	32	34	27	25	20	19	13	
23	13	9	4	0	5	12	13	18	20	25	29	29	33	36	41	42	43	42	43	38	36	43	36	34	37	30	28	23	23	16	
20	17	13	9	5	0	7	8	13	15	20	24	24	28	31	36	37	39	39	40	35	34	42	35	33	38	31	30	25	26	18	
14	20	16	14	12	7	0	6	11	8	13	17	17	21	24	29	30	32	32	33	29	28	37	31	29	36	29	28	24	27	18	
19	25	21	17	13	8	6	0	5	7	12	16	17	21	25	30	32	35	36	38	34	33	42	36	35	42	35	34	30	33	24	
23	30	26	22	18	13	11	5	0	6	8	13	16	20	24	29	31	34	36	38	36	36	45	40	39	46	39	39	35	38	29	
17	28	24	22	20	15	8	7	6	0	5	9	10	14	18	23	25	28	30	32	30	30	39	34	33	40	34	35	30	35	26	
20	33	29	27	25	20	13	12	8	5	0	5	9	12	16	21	24	27	29	32	32	33	42	37	36	44	38	40	35	40	31	
19	37	33	31	29	24	17	16	13	9	5	0	6	8	12	17	20	23	26	29	29	30	39	35	34	43	37	39	36	41	32	
14	34	31	31	29	24	17	17	16	10	9	6	0	4	8	13	15	18	20	23	23	24	33	29	29	38	32	34	31	38	29	
17	38	35	35	33	28	21	21	20	14	12	8	4	0	4	9	12	15	18	22	22	24	32	29	30	39	34	37	34	41	32	
18	40	38	38	36	31	24	25	24	18	16	12	8	4	0	5	8	11	15	19	20	22	30	28	29	38	34	38	35	42	34	
21	44	42	42	41	36	29	30	29	23	21	17	13	9	5	0	4	8	12	16	19	22	29	29	29	38	36	39	37	45	37	
21	44	42	42	42	37	30	32	31	25	24	20	15	12	8	4	0	4	8	12	16	19	25	26	27	36	34	38	36	44	37	
21	44	42	43	43	39	32	35	34	28	27	23	18	15	11	8	4	0	5	9	13	16	22	23	24	33	32	36	35	43	37	
19	41	40	41	42	39	32	36	36	30	29	26	20	18	15	12	8	5	0	4	8	11	17	18	19	28	27	32	32	40	34	
20	40	40	42	43	40	33	38	38	32	32	29	23	22	19	16	12	9	4	0	6	9	13	15	17	25	25	30	30	38	33	
15	34	34	37	38	35	29	34	36	30	32	29	23	22	20	19	16	13	8	6	0	3	10	10	11	20	19	24	24	32	27	
14	32	32	35	36	34	28	33	36	30	33	30	24	24	22	22	19	16	11	9	3	0	9	7	8	17	16	21	21	29	25	
23	35	36	41	43	42	37	42	45	39	42	39	33	32	30	29	25	22	17	13	10	9	0	7	9	14	17	22	23	30	28	
17	28	29	34	36	35	31	36	40	34	37	35	29	29	28	29	26	23	18	15	10	7	7	0	2	10	10	15	16	23	21	
16	26	27	32	34	33	29	35	39	33	36	34	29	30	29	29	27	24	19	17	11	8	9	2	0	9	8	13	14	21	19	
24	27	29	34	37	38	36	42	46	40	44	43	38	39	38	38	36	33	28	25	20	17	14	10	9	0	7	10	14	19	21	
18	20	22	27	30	31	29	35	39	34	38	37	32	34	34	36	34	32	27	25	19	16	17	10	8	7	0	5	7	14	14	
20	17	20	25	28	30	28	34	39	35	40	39	34	37	38	39	38	36	32	30	24	21	22	15	13	10	5	0	5	9	12	
17	13	15	20	23	25	24	30	35	30	35	36	31	34	35	37	36	35	32	30	24	21	23	16	14	14	7	5	0	8	7	
24	10	14	19	23	26	27	33	38	35	40	41	38	41	42	45	44	43	40	38	32	29	30	23	21	19	14	9	8	0	9	
16	7	8	13	16	18	18	24	29	26	31	32	29	32	34	37	37	37	34	33	27	25	28	21	19	21	14	12	7	9	0	
Custo_Viagem
V0
0	197	180	189	197	172	120	163	197	146	172	163	120	146	154	180	180	180	163	172	129	120	197	146	137	206	154	172	146	206	137	
197	0	34	77	111	146	172	215	266	249	301	318	292	326	344	378	378	378	352	344	301	275	318	249	232	240	180	146	111	86	60	
180	34	0	43	77	111	137	180	223	215	266	283	266	301	326	361	361	361	344	344	292	275	326	258	240	258	197	172	129	120	68	
189	77	43	0	34	77	120	154	197	197	249	275	266	301	326	361	361	369	361	361	318	301	352	292	275	292	232	215	172	163	111	
197	111	77	34	0	43	103	120	163	172	215	249	249	283	309	352	361	369	361	369	326	309	369	309	292	318	258	240	197	197	137	
172	146	111	77	43	0	60	68	120	129	172	206	206	240	275	309	326	335	335	344	309	301	361	301	283	326	266	258	215	223	154	
120	172	137	120	103	60	0	51	94	68	120	146	146	180	206	249	258	275	275	283	258	249	318	266	249	309	249	240	206	232	154	
163	215	180	154	120	68	51	0	43	60	103	137	146	180	215	258	283	301	309	326	292	292	369	309	301	361	301	292	258	283	206	
197	266	223	197	163	120	94	43	0	51	68	111	137	172	206	249	275	301	309	335	318	318	387	344	335	395	335	335	301	326	249	
146	249	215	197	172	129	68	60	51	0	43	77	86	120	154	197	223	249	258	275	258	258	335	292	283	344	292	301	258	301	223	
172	301	266	249	215	172	120	103	68	43	0	43	77	103	146	180	215	240	258	283	275	283	361	318	309	378	335	344	309	352	266	
163	318	283	275	249	206	146	137	111	77	43	0	51	68	103	146	172	197	223	249	249	258	335	301	292	369	326	344	309	352	275	
120	292	266	266	249	206	146	146	137	86	77	51	0	34	68	111	129	154	172	197	197	206	283	249	249	326	283	301	266	326	249	
146	326	301	301	283	240	180	180	172	120	103	68	34	0	34	77	103	129	154	189	189	206	275	249	258	335	292	318	292	352	275	
154	344	326	326	309	275	206	215	206	154	146	103	68	34	0	43	68	94	129	163	172	189	258	240	249	326	292	326	301	361	292	
180	378	361	361	352	309	249	258	249	197	180	146	111	77	43	0	34	68	103	137	163	189	249	249	249	326	309	335	318	387	318	
180	378	361	361	361	326	258	283	275	223	215	172	129	103	68	34	0	34	68	111	137	163	223	223	232	309	292	326	309	378	318	
180	378	361	369	369	335	275	301	301	249	240	197	154	129	94	68	34	0	43	77	111	137	189	197	215	283	275	309	301	369	318	
163	352	344	361	361	335	275	309	309	258	258	223	172	154	129	103	68	43	0	34	68	103	146	163	172	249	240	275	275	344	292	
172	344	344	361	369	344	283	326	335	275	283	249	197	189	163	137	111	77	34	0	51	77	111	129	146	215	215	258	258	326	283	
129	301	292	318	326	309	258	292	318	258	275	249	197	189	172	163	137	111	68	51	0	25	86	86	94	172	163	206	206	275	232	
120	275	275	301	309	301	249	292	318	258	283	258	206	206	189	189	163	137	103	77	25	0	77	60	68	146	137	180	180	249	215	
197	318	326	352	369	361	318	369	387	335	361	335	283	275	258	249	223	189	146	111	86	77	0	60	86	120	146	189	206	266	249	
146	249	258	292	309	301	266	309	344	292	318	301	249	249	240	249	223	197	163	129	86	60	60	0	17	86	86	129	137	206	189	
137	232	240	275	292	283	249	301	335	283	309	292	249	258	249	249	232	215	172	146	94	68	86	17	0	77	68	111	120	180	163	
206	240	258	292	318	326	309	361	395	344	378	369	326	335	326	326	309	283	249	215	172	146	120	86	77	0	60	86	120	163	180	
154	180	197	232	258	266	249	301	335	292	335	326	283	292	292	309	292	275	240	215	163	137	146	86	68	60	0	43	60	120	120	
172	146	172	215	240	258	240	292	335	301	344	344	301	318	326	335	326	309	275	258	206	180	189	129	111	86	43	0	43	77	103	
146	111	129	172	197	215	206	258	301	258	309	309	266	292	301	318	309	301	275	258	206	180	206	137	120	120	60	43	0	68	60	
206	86	120	163	197	223	232	283	326	301	352	352	326	352	361	387	378	369	344	326	275	249	266	206	180	163	120	77	68	0	77	
137	60	68	111	137	154	154	206	249	223	266	275	249	275	292	318	318	318	292	283	232	215	249	189	163	180	120	103	60	77	0	
V1
0	478	436	457	478	416	291	395	478	353	416	395	291	353	374	436	436	436	395	416	312	291	478	353	332	499	374	416	353	499	332	
478	0	83	187	270	353	416	520	644	603	728	769	707	790	832	915	915	915	852	832	728	665	769	603	561	582	436	353	270	208	145	
436	83	0	104	187	270	332	436	540	520	644	686	644	728	790	873	873	873	832	832	707	665	790	624	582	624	478	416	312	291	166	
457	187	104	0	83	187	291	374	478	478	603	665	644	728	790	873	873	894	873	873	769	728	852	707	665	707	561	520	416	395	270	
478	270	187	83	0	104	249	291	395	416	520	603	603	686	748	852	873	894	873	894	790	748	894	748	707	769	624	582	478	478	332	
416	353	270	187	104	0	145	166	291	312	416	499	499	582	665	748	790	811	811	832	748	728	873	728	686	790	644	624	520	540	374	
291	416	332	291	249	145	0	124	228	166	291	353	353	436	499	603	624	665	665	686	624	603	769	644	603	748	603	582	499	561	374	
395	520	436	374	291	166	124	0	104	145	249	332	353	436	520	624	686	728	748	790	707	707	894	748	728	873	728	707	624	686	499	
478	644	540	478	395	291	228	104	0	124	166	270	332	416	499	603	665	728	748	811	769	769	936	832	811	956	811	811	728	790	603	
353	603	520	478	416	312	166	145	124	0	104	187	208	291	374	478	540	603	624	665	624	624	811	707	686	832	707	728	624	728	540	
416	728	644	603	520	416	291	249	166	104	0	104	187	249	353	436	520	582	624	686	665	686	873	769	748	915	811	832	748	852	644	
395	769	686	665	603	499	353	332	270	187	104	0	124	166	249	353	416	478	540	603	603	624	811	728	707	894	790	832	748	852	665	
291	707	644	644	603	499	353	353	332	208	187	124	0	83	166	270	312	374	416	478	478	499	686	603	603	790	686	728	644	790	603	
353	790	728	728	686	582	436	436	416	291	249	166	83	0	83	187	249	312	374	457	457	499	665	603	624	811	707	769	707	852	665	
374	832	790	790	748	665	499	520	499	374	353	249	166	83	0	104	166	228	312	395	416	457	624	582	603	790	707	790	728	873	707	
436	915	873	873	852	748	603	624	603	478	436	353	270	187	104	0	83	166	249	332	395	457	603	603	603	790	748	811	769	936	769	
436	915	873	873	873	790	624	686	665	540	520	416	312	249	166	83	0	83	166	270	332	395	540	540	561	748	707	790	748	915	769	
436	915	873	894	894	811	665	728	728	603	582	478	374	312	228	166	83	0	104	187	270	332	457	478	520	686	665	748	728	894	769	
395	852	832	873	873	811	665	748	748	624	624	540	416	374	312	249	166	104	0	83	166	249	353	395	416	603	582	665	665	832	707	
416	832	832	873	894	832	686	790	811	665	686	603	478	457	395	332	270	187	83	0	124	187	270	312	353	520	520	624	624	790	686	
312	728	707	769	790	748	624	707	769	624	665	603	478	457	416	395	332	270	166	124	0	62	208	208	228	416	395	499	499	665	561	
291	665	665	728	748	728	603	707	769	624	686	624	499	499	457	457	395	332	249	187	62	0	187	145	166	353	332	436	436	603	520	
478	769	790	852	894	873	769	894	936	811	873	811	686	665	624	603	540	457	353	270	208	187	0	145	208	291	353	457	499	644	603	
353	603	624	707	748	728	644	748	832	707	769	728	603	603	582	603	540	478	395	312	208	145	145	0	41	208	208	312	332	499	457	
332	561	582	665	707	686	603	728	811	686	748	707	603	624	603	603	561	520	416	353	228	166	208	41	0	187	166	270	291	436	395	
499	582	624	707	769	790	748	873	956	832	915	894	790	811	790	790	748	686	603	520	416	353	291	208	187	0	145	208	291	395	436	
374	436	478	561	624	644	603	728	811	707	811	790	686	707	707	748	707	665	582	520	395	332	353	208	166	145	0	104	145	291	291	
416	353	416	520	582	624	582	707	811	728	832	832	728	769	790	811	790	748	665	624	499	436	457	312	270	208	104	0	104	187	249	
353	270	312	416	478	520	499	624	728	624	748	748	644	707	728	769	748	728	665	624	499	436	499	332	291	291	145	104	0	166	145	
499	208	291	395	478	540	561	686	790	728	852	852	790	852	873	936	915	894	832	790	665	603	644	499	436	395	291	187	166	0	187	
332	145	166	270	332	374	374	499	603	540	644	665	603	665	707	769	769	769	707	686	561	520	603	457	395	436	291	249	145	187	0	
V2
0	404	369	387	404	352	246	334	404	299	352	334	246	299	316	369	369	369	334	352	264	246	404	299	281	422	316	352	299	422	281	
404	0	70	158	228	299	352	440	545	510	616	651	598	668	704	774	774	774	721	704	616	563	651	510	475	492	369	299	228	176	123	
369	70	0	88	158	228	281	369	457	440	545	580	545	616	668	739	739	739	704	704	598	563	668	528	492	528	404	352	264	246	140	
387	158	88	0	70	158	246	316	404	404	510	563	545	616	668	739	739	756	739	739	651	616	721	598	563	598	475	440	352	334	228	
404	228	158	70	0	88	211	246	334	352	440	510	510	580	633	721	739	756	739	756	668	633	756	633	598	651	528	492	404	404	281	
352	299	228	158	88	0	123	140	246	264	352	422	422	492	563	633	668	686	686	704	633	616	739	616	580	668	545	528	440	457	316	
246	352	281	246	211	123	0	105	193	140	246	299	299	369	422	510	528	563	563	580	528	510	651	545	510	633	510	492	422	475	316	
334	440	369	316	246	140	105	0	88	123	211	281	299	369	440	528	580	616	633	668	598	598	756	633	616	739	616	598	528	580	422	
404	545	457	404	334	246	193	88	0	105	140	228	281	352	422	510	563	616	633	686	651	651	792	704	686	809	686	686	616	668	510	
299	510	440	404	352	264	140	123	105	0	88	158	176	246	316	404	457	510	528	563	528	528	686	598	580	704	598	616	528	616	457	
352	616	545	510	440	352	246	211	140	88	0	88	158	211	299	369	440	492	528	580	563	580	739	651	633	774	686	704	633	721	545	
334	651	580	563	510	422	299	281	228	158	88	0	105	140	211	299	352	404	457	510	510	528	686	616	598	756	668	704	633	721	563	
246	598	545	545	510	422	299	299	281	176	158	105	0	70	140	228	264	316	352	404	404	422	580	510	510	668	580	616	545	668	510	
299	668	616	616	580	492	369	369	352	246	211	140	70	0	70	158	211	264	316	387	387	422	563	510	528	686	598	651	598	721	563	
316	704	668	668	633	563	422	440	422	316	299	211	140	70	0	88	140	193	264	334	352	387	528	492	510	668	598	668	616	739	598	
369	774	739	739	721	633	510	528	510	404	369	299	228	158	88	0	70	140	211	281	334	387	510	510	510	668	633	686	651	792	651	
369	774	739	739	739	668	528	580	563	457	440	352	264	211	140	70	0	70	140	228	281	334	457	457	475	633	598	668	633	774	651	
369	774	739	756	756	686	563	616	616	510	492	404	316	264	193	140	70	0	88	158	228	281	387	404	440	580	563	633	616	756	651	
334	721	704	739	739	686	563	633	633	528	528	457	352	316	264	211	140	88	0	70	140	211	299	334	352	510	492	563	563	704	598	
352	704	704	739	756	704	580	668	686	563	580	510	404	387	334	281	228	158	70	0	105	158	228	264	299	440	440	528	528	668	580	
264	616	598	651	668	633	528	598	651	528	563	510	404	387	352	334	281	228	140	105	0	52	176	176	193	352	334	422	422	563	475	
246	563	563	616	633	616	510	598	651	528	580	528	422	422	387	387	334	281	211	158	52	0	158	123	140	299	281	369	369	510	440	
404	651	668	721	756	739	651	756	792	686	739	686	580	563	528	510	457	387	299	228	176	158	0	123	176	246	299	387	422	545	510	
299	510	528	598	633	616	545	633	704	598	651	616	510	510	492	510	457	404	334	264	176	123	123	0	35	176	176	264	281	422	387	
281	475	492	563	598	580	510	616	686	580	633	598	510	528	510	510	475	440	352	299	193	140	176	35	0	158	140	228	246	369	334	
422	492	528	598	651	668	633	739	809	704	774	756	668	686	668	668	633	580	510	440	352	299	246	176	158	0	123	176	246	334	369	
316	369	404	475	528	545	510	616	686	598	686	668	580	598	598	633	598	563	492	440	334	281	299	176	140	123	0	88	123	246	246	
352	299	352	440	492	528	492	598	686	616	704	704	616	651	668	686	668	633	563	528	422	369	387	264	228	176	88	0	88	158	211	
299	228	264	352	404	440	422	528	616	528	633	633	545	598	616	651	633	616	563	528	422	369	422	281	246	246	123	88	0	140	123	
422	176	246	334	404	457	475	580	668	616	721	721	668	721	739	792	774	756	704	668	563	510	545	422	369	334	246	158	140	0	158	
281	123	140	228	281	316	316	422	510	457	545	563	510	563	598	651	651	651	598	580	475	440	510	387	334	369	246	211	123	158	0	
V3
0	211	193	202	211	184	128	174	211	156	184	174	128	156	165	193	193	193	174	184	138	128	211	156	147	220	165	184	156	220	147	
211	0	36	82	119	156	184	230	285	266	322	340	312	349	368	404	404	404	377	368	322	294	340	266	248	257	193	156	119	92	64	
193	36	0	46	82	119	147	193	239	230	285	303	285	322	349	386	386	386	368	368	312	294	349	276	257	276	211	184	138	128	73	
202	82	46	0	36	82	128	165	211	211	266	294	285	322	349	386	386	395	386	386	340	322	377	312	294	312	248	230	184	174	119	
211	119	82	36	0	46	110	128	174	184	230	266	266	303	331	377	386	395	386	395	349	331	395	331	312	340	276	257	211	211	147	
184	156	119	82	46	0	64	73	128	138	184	220	220	257	294	331	349	358	358	368	331	322	386	322	303	349	285	276	230	239	165	
128	184	147	128	110	64	0	55	101	73	128	156	156	193	220	266	276	294	294	303	276	266	340	285	266	331	266	257	220	248	165	
174	230	193	165	128	73	55	0	46	64	110	147	156	193	230	276	303	322	331	349	312	312	395	331	322	386	322	312	276	303	220	
211	285	239	211	174	128	101	46	0	55	73	119	147	184	220	266	294	322	331	358	340	340	414	368	358	423	358	358	322	349	266	
156	266	230	211	184	138	73	64	55	0	46	82	92	128	165	211	239	266	276	294	276	276	358	312	303	368	312	322	276	322	239	
184	322	285	266	230	184	128	110	73	46	0	46	82	110	156	193	230	257	276	303	294	303	386	340	331	404	358	368	331	377	285	
174	340	303	294	266	220	156	147	119	82	46	0	55	73	110	156	184	211	239	266	266	276	358	322	312	395	349	368	331	377	294	
128	312	285	285	266	220	156	156	147	92	82	55	0	36	73	119	138	165	184	211	211	220	303	266	266	349	303	322	285	349	266	
156	349	322	322	303	257	193	193	184	128	110	73	36	0	36	82	110	138	165	202	202	220	294	266	276	358	312	340	312	377	294	
165	368	349	349	331	294	220	230	220	165	156	110	73	36	0	46	73	101	138	174	184	202	276	257	266	349	312	349	322	386	312	
193	404	386	386	377	331	266	276	266	211	193	156	119	82	46	0	36	73	110	147	174	202	266	266	266	349	331	358	340	414	340	
193	404	386	386	386	349	276	303	294	239	230	184	138	110	73	36	0	36	73	119	147	174	239	239	248	331	312	349	331	404	340	
193	404	386	395	395	358	294	322	322	266	257	211	165	138	101	73	36	0	46	82	119	147	202	211	230	303	294	331	322	395	340	
174	377	368	386	386	358	294	331	331	276	276	239	184	165	138	110	73	46	0	36	73	110	156	174	184	266	257	294	294	368	312	
184	368	368	386	395	368	303	349	358	294	303	266	211	202	174	147	119	82	36	0	55	82	119	138	156	230	230	276	276	349	303	
138	322	312	340	349	331	276	312	340	276	294	266	211	202	184	174	147	119	73	55	0	27	92	92	101	184	174	220	220	294	248	
128	294	294	322	331	322	266	312	340	276	303	276	220	220	202	202	174	147	110	82	27	0	82	64	73	156	147	193	193	266	230	
211	340	349	377	395	386	340	395	414	358	386	358	303	294	276	266	239	202	156	119	92	82	0	64	92	128	156	202	220	285	266	
156	266	276	312	331	322	285	331	368	312	340	322	266	266	257	266	239	211	174	138	92	64	64	0	18	92	92	138	147	220	202	
147	248	257	294	312	303	266	322	358	303	331	312	266	276	266	266	248	230	184	156	101	73	92	18	0	82	73	119	128	193	174	
220	257	276	312	340	349	331	386	423	368	404	395	349	358	349	349	331	303	266	230	184	156	128	92	82	0	64	92	128	174	193	
165	193	211	248	276	285	266	322	358	312	358	349	303	312	312	331	312	294	257	230	174	147	156	92	73	64	0	46	64	128	128	
184	156	184	230	257	276	257	312	358	322	368	368	322	340	349	358	349	331	294	276	220	193	202	138	119	92	46	0	46	82	110	
156	119	138	184	211	230	220	276	322	276	331	331	285	312	322	340	331	322	294	276	220	193	220	147	128	128	64	46	0	73	64	
220	92	128	174	211	239	248	303	349	322	377	377	349	377	386	414	404	395	368	349	294	266	285	220	193	174	128	82	73	0	82	
147	64	73	119	147	165	165	220	266	239	285	294	266	294	312	340	340	340	312	303	248	230	266	202	174	193	128	110	64	82	0	
V4
0	271	247	259	271	236	165	224	271	200	236	224	165	200	212	247	247	247	224	236	177	165	271	200	188	283	212	236	200	283	188	
271	0	47	106	153	200	236	295	365	342	413	436	401	448	472	519	519	519	483	472	413	377	436	342	318	330	247	200	153	118	82	
247	47	0	59	106	153	188	247	306	295	365	389	365	413	448	495	495	495	472	472	401	377	448	354	330	354	271	236	177	165	94	
259	106	59	0	47	106	165	212	271	271	342	377	365	413	448	495	495	507	495	495	436	413	483	401	377	401	318	295	236	224	153	
271	153	106	47	0	59	141	165	224	236	295	342	342	389	424	483	495	507	495	507	448	424	507	424	401	436	354	330	271	271	188	
236	200	153	106	59	0	82	94	165	177	236	283	283	330	377	424	448	460	460	472	424	413	495	413	389	448	365	354	295	306	212	
165	236	188	165	141	82	0	70	129	94	165	200	200	247	283	342	354	377	377	389	354	342	436	365	342	424	342	330	283	318	212	
224	295	247	212	165	94	70	0	59	82	141	188	200	247	295	354	389	413	424	448	401	401	507	424	413	495	413	401	354	389	283	
271	365	306	271	224	165	129	59	0	70	94	153	188	236	283	342	377	413	424	460	436	436	531	472	460	542	460	460	413	448	342	
200	342	295	271	236	177	94	82	70	0	59	106	118	165	212	271	306	342	354	377	354	354	460	401	389	472	401	413	354	413	306	
236	413	365	342	295	236	165	141	94	59	0	59	106	141	200	247	295	330	354	389	377	389	495	436	424	519	460	472	424	483	365	
224	436	389	377	342	283	200	188	153	106	59	0	70	94	141	200	236	271	306	342	342	354	460	413	401	507	448	472	424	483	377	
165	401	365	365	342	283	200	200	188	118	106	70	0	47	94	153	177	212	236	271	271	283	389	342	342	448	389	413	365	448	342	
200	448	413	413	389	330	247	247	236	165	141	94	47	0	47	106	141	177	212	259	259	283	377	342	354	460	401	436	401	483	377	
212	472	448	448	424	377	283	295	283	212	200	141	94	47	0	59	94	129	177	224	236	259	354	330	342	448	401	448	413	495	401	
247	519	495	495	483	424	342	354	342	271	247	200	153	106	59	0	47	94	141	188	224	259	342	342	342	448	424	460	436	531	436	
247	519	495	495	495	448	354	389	377	306	295	236	177	141	94	47	0	47	94	153	188	224	306	306	318	424	401	448	424	519	436	
247	519	495	507	507	460	377	413	413	342	330	271	212	177	129	94	47	0	59	106	153	188	259	271	295	389	377	424	413	507	436	
224	483	472	495	495	460	377	424	424	354	354	306	236	212	177	141	94	59	0	47	94	141	200	224	236	342	330	377	377	472	401	
236	472	472	495	507	472	389	448	460	377	389	342	271	259	224	188	153	106	47	0	70	106	153	177	200	295	295	354	354	448	389	
177	413	401	436	448	424	354	401	436	354	377	342	271	259	236	224	188	153	94	70	0	35	118	118	129	236	224	283	283	377	318	
165	377	377	413	424	413	342	401	436	354	389	354	283	283	259	259	224	188	141	106	35	0	106	82	94	200	188	247	247	342	295	
271	436	448	483	507	495	436	507	531	460	495	460	389	377	354	342	306	259	200	153	118	106	0	82	118	165	200	259	283	365	342	
200	342	354	401	424	413	365	424	472	401	436	413	342	342	330	342	306	271	224	177	118	82	82	0	23	118	118	177	188	283	259	
188	318	330	377	401	389	342	413	460	389	424	401	342	354	342	342	318	295	236	200	129	94	118	23	0	106	94	153	165	247	224	
283	330	354	401	436	448	424	495	542	472	519	507	448	460	448	448	424	389	342	295	236	200	165	118	106	0	82	118	165	224	247	
212	247	271	318	354	365	342	413	460	401	460	448	389	401	401	424	401	377	330	295	224	188	200	118	94	82	0	59	82	165	165	
236	200	236	295	330	354	330	401	460	413	472	472	413	436	448	460	448	424	377	354	283	247	259	177	153	118	59	0	59	106	141	
200	153	177	236	271	295	283	354	413	354	424	424	365	401	413	436	424	413	377	354	283	247	283	188	165	165	82	59	0	94	82	
283	118	165	224	271	306	318	389	448	413	483	483	448	483	495	531	519	507	472	448	377	342	365	283	247	224	165	106	94	0	106	
188	82	94	153	188	212	212	283	342	306	365	377	342	377	401	436	436	436	401	389	318	295	342	259	224	247	165	141	82	106	0	
V5
0	533	487	510	533	464	324	440	533	394	464	440	324	394	417	487	487	487	440	464	348	324	533	394	371	556	417	464	394	556	371	
533	0	92	208	301	394	464	580	719	672	812	858	788	881	928	1020	1020	1020	951	928	812	742	858	672	626	649	487	394	301	232	162	
487	92	0	116	208	301	371	487	603	580	719	765	719	812	881	974	974	974	928	928	788	742	881	696	649	696	533	464	348	324	185	
510	208	116	0	92	208	324	417	533	533	672	742	719	812	881	974	974	997	974	974	858	812	951	788	742	788	626	580	464	440	301	
533	301	208	92	0	116	278	324	440	464	580	672	672	765	835	951	974	997	974	997	881	835	997	835	788	858	696	649	533	533	371	
464	394	301	208	116	0	162	185	324	348	464	556	556	649	742	835	881	904	904	928	835	812	974	812	765	881	719	696	580	603	417	
324	464	371	324	278	162	0	139	255	185	324	394	394	487	556	672	696	742	742	765	696	672	858	719	672	835	672	649	556	626	417	
440	580	487	417	324	185	139	0	116	162	278	371	394	487	580	696	765	812	835	881	788	788	997	835	812	974	812	788	696	765	556	
533	719	603	533	440	324	255	116	0	139	185	301	371	464	556	672	742	812	835	904	858	858	1044	928	904	1067	904	904	812	881	672	
394	672	580	533	464	348	185	162	139	0	116	208	232	324	417	533	603	672	696	742	696	696	904	788	765	928	788	812	696	812	603	
464	812	719	672	580	464	324	278	185	116	0	116	208	278	394	487	580	649	696	765	742	765	974	858	835	1020	904	928	835	951	719	
440	858	765	742	672	556	394	371	301	208	116	0	139	185	278	394	464	533	603	672	672	696	904	812	788	997	881	928	835	951	742	
324	788	719	719	672	556	394	394	371	232	208	139	0	92	185	301	348	417	464	533	533	556	765	672	672	881	765	812	719	881	672	
394	881	812	812	765	649	487	487	464	324	278	185	92	0	92	208	278	348	417	510	510	556	742	672	696	904	788	858	788	951	742	
417	928	881	881	835	742	556	580	556	417	394	278	185	92	0	116	185	255	348	440	464	510	696	649	672	881	788	881	812	974	788	
487	1020	974	974	951	835	672	696	672	533	487	394	301	208	116	0	92	185	278	371	440	510	672	672	672	881	835	904	858	1044	858	
487	1020	974	974	974	881	696	765	742	603	580	464	348	278	185	92	0	92	185	301	371	440	603	603	626	835	788	881	835	1020	858	
487	1020	974	997	997	904	742	812	812	672	649	533	417	348	255	185	92	0	116	208	301	371	510	533	580	765	742	835	812	997	858	
440	951	928	974	974	904	742	835	835	696	696	603	464	417	348	278	185	116	0	92	185	278	394	440	464	672	649	742	742	928	788	
464	928	928	974	997	928	765	881	904	742	765	672	533	510	440	371	301	208	92	0	139	208	301	348	394	580	580	696	696	881	765	
348	812	788	858	881	835	696	788	858	696	742	672	533	510	464	440	371	301	185	139	0	69	232	232	255	464	440	556	556	742	626	
324	742	742	812	835	812	672	788	858	696	765	696	556	556	510	510	440	371	278	208	69	0	208	162	185	394	371	487	487	672	580	
533	858	881	951	997	974	858	997	1044	904	974	904	765	742	696	672	603	510	394	301	232	208	0	162	232	324	394	510	556	719	672	
394	672	696	788	835	812	719	835	928	788	858	812	672	672	649	672	603	533	440	348	232	162	162	0	46	232	232	348	371	556	510	
371	626	649	742	788	765	672	812	904	765	835	788	672	696	672	672	626	580	464	394	255	185	232	46	0	208	185	301	324	487	440	
556	649	696	788	858	881	835	974	1067	928	1020	997	881	904	881	881	835	765	672	580	464	394	324	232	208	0	162	232	324	440	487	
417	487	533	626	696	719	672	812	904	788	904	881	765	788	788	835	788	742	649	580	440	371	394	232	185	162	0	116	162	324	324	
464	394	464	580	649	696	649	788	904	812	928	928	812	858	881	904	881	835	742	696	556	487	510	348	301	232	116	0	116	208	278	
394	301	348	464	533	580	556	696	812	696	835	835	719	788	812	858	835	812	742	696	556	487	556	371	324	324	162	116	0	185	162	
556	232	324	440	533	603	626	765	881	812	951	951	881	951	974	1044	1020	997	928	881	742	672	719	556	487	440	324	208	185	0	208	
371	162	185	301	371	417	417	556	672	603	719	742	672	742	788	858	858	858	788	765	626	580	672	510	440	487	324	278	162	208	0	
V6
0	294	268	281	294	256	179	243	294	217	256	243	179	217	230	268	268	268	243	256	192	179	294	217	204	307	230	256	217	307	204	
294	0	51	115	166	217	256	320	396	371	448	473	435	486	512	563	563	563	524	512	448	409	473	371	345	358	268	217	166	128	89	
268	51	0	64	115	166	204	268	332	320	396	422	396	448	486	537	537	537	512	512	435	409	486	384	358	384	294	256	192	179	102	
281	115	64	0	51	115	179	230	294	294	371	409	396	448	486	537	537	550	537	537	473	448	524	435	409	435	345	320	256	243	166	
294	166	115	51	0	64	153	179	243	256	320	371	371	422	460	524	537	550	537	550	486	460	550	460	435	473	384	358	294	294	204	
256	217	166	115	64	0	89	102	179	192	256	307	307	358	409	460	486	499	499	512	460	448	537	448	422	486	396	384	320	332	230	
179	256	204	179	153	89	0	76	140	102	179	217	217	268	307	371	384	409	409	422	384	371	473	396	371	460	371	358	307	345	230	
243	320	268	230	179	102	76	0	64	89	153	204	217	268	320	384	422	448	460	486	435	435	550	460	448	537	448	435	384	422	307	
294	396	332	294	243	179	140	64	0	76	102	166	204	256	307	371	409	448	460	499	473	473	576	512	499	588	499	499	448	486	371	
217	371	320	294	256	192	102	89	76	0	64	115	128	179	230	294	332	371	384	409	384	384	499	435	422	512	435	448	384	448	332	
256	448	396	371	320	256	179	153	102	64	0	64	115	153	217	268	320	358	384	422	409	422	537	473	460	563	499	512	460	524	396	
243	473	422	409	371	307	217	204	166	115	64	0	76	102	153	217	256	294	332	371	371	384	499	448	435	550	486	512	460	524	409	
179	435	396	396	371	307	217	217	204	128	115	76	0	51	102	166	192	230	256	294	294	307	422	371	371	486	422	448	396	486	371	
217	486	448	448	422	358	268	268	256	179	153	102	51	0	51	115	153	192	230	281	281	307	409	371	384	499	435	473	435	524	409	
230	512	486	486	460	409	307	320	307	230	217	153	102	51	0	64	102	140	192	243	256	281	384	358	371	486	435	486	448	537	435	
268	563	537	537	524	460	371	384	371	294	268	217	166	115	64	0	51	102	153	204	243	281	371	371	371	486	460	499	473	576	473	
268	563	537	537	537	486	384	422	409	332	320	256	192	153	102	51	0	51	102	166	204	243	332	332	345	460	435	486	460	563	473	
268	563	537	550	550	499	409	448	448	371	358	294	230	192	140	102	51	0	64	115	166	204	281	294	320	422	409	460	448	550	473	
243	524	512	537	537	499	409	460	460	384	384	332	256	230	192	153	102	64	0	51	102	153	217	243	256	371	358	409	409	512	435	
256	512	512	537	550	512	422	486	499	409	422	371	294	281	243	204	166	115	51	0	76	115	166	192	217	320	320	384	384	486	422	
192	448	435	473	486	460	384	435	473	384	409	371	294	281	256	243	204	166	102	76	0	38	128	128	140	256	243	307	307	409	345	
179	409	409	448	460	448	371	435	473	384	422	384	307	307	281	281	243	204	153	115	38	0	115	89	102	217	204	268	268	371	320	
294	473	486	524	550	537	473	550	576	499	537	499	422	409	384	371	332	281	217	166	128	115	0	89	128	179	217	281	307	396	371	
217	371	384	435	460	448	396	460	512	435	473	448	371	371	358	371	332	294	243	192	128	89	89	0	25	128	128	192	204	307	281	
204	345	358	409	435	422	371	448	499	422	460	435	371	384	371	371	345	320	256	217	140	102	128	25	0	115	102	166	179	268	243	
307	358	384	435	473	486	460	537	588	512	563	550	486	499	486	486	460	422	371	320	256	217	179	128	115	0	89	128	179	243	268	
230	268	294	345	384	396	371	448	499	435	499	486	422	435	435	460	435	409	358	320	243	204	217	128	102	89	0	64	89	179	179	
256	217	256	320	358	384	358	435	499	448	512	512	448	473	486	499	486	460	409	384	307	268	281	192	166	128	64	0	64	115	153	
217	166	192	256	294	320	307	384	448	384	460	460	396	435	448	473	460	448	409	384	307	268	307	204	179	179	89	64	0	102	89	
307	128	179	243	294	332	345	422	486	448	524	524	486	524	537	576	563	550	512	486	409	371	396	307	268	243	179	115	102	0	115	
204	89	102	166	204	230	230	307	371	332	396	409	371	409	435	473	473	473	435	422	345	320	371	281	243	268	179	153	89	115	0	
V7
0	349	319	334	349	304	212	288	349	258	304	288	212	258	273	319	319	319	288	304	228	212	349	258	243	364	273	304	258	364	243	
349	0	60	136	197	258	304	380	471	440	532	562	516	577	608	668	668	668	623	608	532	486	562	440	410	425	319	258	197	152	106	
319	60	0	76	136	197	243	319	395	380	471	501	471	532	577	638	638	638	608	608	516	486	577	456	425	456	349	304	228	212	121	
334	136	76	0	60	136	212	273	349	349	440	486	471	532	577	638	638	653	638	638	562	532	623	516	486	516	410	380	304	288	197	
349	197	136	60	0	76	182	212	288	304	380	440	440	501	547	623	638	653	638	653	577	547	653	547	516	562	456	425	349	349	243	
304	258	197	136	76	0	106	121	212	228	304	364	364	425	486	547	577	592	592	608	547	532	638	532	501	577	471	456	380	395	273	
212	304	243	212	182	106	0	91	167	121	212	258	258	319	364	440	456	486	486	501	456	440	562	471	440	547	440	425	364	410	273	
288	380	319	273	212	121	91	0	76	106	182	243	258	319	380	456	501	532	547	577	516	516	653	547	532	638	532	516	456	501	364	
349	471	395	349	288	212	167	76	0	91	121	197	243	304	364	440	486	532	547	592	562	562	684	608	592	699	592	592	532	577	440	
258	440	380	349	304	228	121	106	91	0	76	136	152	212	273	349	395	440	456	486	456	456	592	516	501	608	516	532	456	532	395	
304	532	471	440	380	304	212	182	121	76	0	76	136	182	258	319	380	425	456	501	486	501	638	562	547	668	592	608	547	623	471	
288	562	501	486	440	364	258	243	197	136	76	0	91	121	182	258	304	349	395	440	440	456	592	532	516	653	577	608	547	623	486	
212	516	471	471	440	364	258	258	243	152	136	91	0	60	121	197	228	273	304	349	349	364	501	440	440	577	501	532	471	577	440	
258	577	532	532	501	425	319	319	304	212	182	121	60	0	60	136	182	228	273	334	334	364	486	440	456	592	516	562	516	623	486	
273	608	577	577	547	486	364	380	364	273	258	182	121	60	0	76	121	167	228	288	304	334	456	425	440	577	516	577	532	638	516	
319	668	638	638	623	547	440	456	440	349	319	258	197	136	76	0	60	121	182	243	288	334	440	440	440	577	547	592	562	684	562	
319	668	638	638	638	577	456	501	486	395	380	304	228	182	121	60	0	60	121	197	243	288	395	395	410	547	516	577	547	668	562	
319	668	638	653	653	592	486	532	532	440	425	349	273	228	167	121	60	0	76	136	197	243	334	349	380	501	486	547	532	653	562	
288	623	608	638	638	592	486	547	547	456	456	395	304	273	228	182	121	76	0	60	121	182	258	288	304	440	425	486	486	608	516	
304	608	608	638	653	608	501	577	592	486	501	440	349	334	288	243	197	136	60	0	91	136	197	228	258	380	380	456	456	577	501	
228	532	516	562	577	547	456	516	562	456	486	440	349	334	304	288	243	197	121	91	0	45	152	152	167	304	288	364	364	486	410	
212	486	486	532	547	532	440	516	562	456	501	456	364	364	334	334	288	243	182	136	45	0	136	106	121	258	243	319	319	440	380	
349	562	577	623	653	638	562	653	684	592	638	592	501	486	456	440	395	334	258	197	152	136	0	106	152	212	258	334	364	471	440	
258	440	456	516	547	532	471	547	608	516	562	532	440	440	425	440	395	349	288	228	152	106	106	0	30	152	152	228	243	364	334	
243	410	425	486	516	501	440	532	592	501	547	516	440	456	440	440	410	380	304	258	167	121	152	30	0	136	121	197	212	319	288	
364	425	456	516	562	577	547	638	699	608	668	653	577	592	577	577	547	501	440	380	304	258	212	152	136	0	106	152	212	288	319	
273	319	349	410	456	471	440	532	592	516	592	577	501	516	516	547	516	486	425	380	288	243	258	152	121	106	0	76	106	212	212	
304	258	304	380	425	456	425	516	592	532	608	608	532	562	577	592	577	547	486	456	364	319	334	228	197	152	76	0	76	136	182	
258	197	228	304	349	380	364	456	532	456	547	547	471	516	532	562	547	532	486	456	364	319	364	243	212	212	106	76	0	121	106	
364	152	212	288	349	395	410	501	577	532	623	623	577	623	638	684	668	653	608	577	486	440	471	364	319	288	212	136	121	0	136	
243	106	121	197	243	273	273	364	440	395	471	486	440	486	516	562	562	562	516	501	410	380	440	334	288	319	212	182	106	136	0	
V8
0	184	168	176	184	160	112	152	184	136	160	152	112	136	144	168	168	168	152	160	120	112	184	136	128	192	144	160	136	192	128	
184	0	32	72	104	136	160	200	248	232	280	296	272	304	320	352	352	352	328	320	280	256	296	232	216	224	168	136	104	80	56	
168	32	0	40	72	104	128	168	208	200	248	264	248	280	304	336	336	336	320	320	272	256	304	240	224	240	184	160	120	112	64	
176	72	40	0	32	72	112	144	184	184	232	256	248	280	304	336	336	344	336	336	296	280	328	272	256	272	216	200	160	152	104	
184	104	72	32	0	40	96	112	152	160	200	232	232	264	288	328	336	344	336	344	304	288	344	288	272	296	240	224	184	184	128	
160	136	104	72	40	0	56	64	112	120	160	192	192	224	256	288	304	312	312	320	288	280	336	280	264	304	248	240	200	208	144	
112	160	128	112	96	56	0	48	88	64	112	136	136	168	192	232	240	256	256	264	240	232	296	248	232	288	232	224	192	216	144	
152	200	168	144	112	64	48	0	40	56	96	128	136	168	200	240	264	280	288	304	272	272	344	288	280	336	280	272	240	264	192	
184	248	208	184	152	112	88	40	0	48	64	104	128	160	192	232	256	280	288	312	296	296	360	320	312	368	312	312	280	304	232	
136	232	200	184	160	120	64	56	48	0	40	72	80	112	144	184	208	232	240	256	240	240	312	272	264	320	272	280	240	280	208	
160	280	248	232	200	160	112	96	64	40	0	40	72	96	136	168	200	224	240	264	256	264	336	296	288	352	312	320	288	328	248	
152	296	264	256	232	192	136	128	104	72	40	0	48	64	96	136	160	184	208	232	232	240	312	280	272	344	304	320	288	328	256	
112	272	248	248	232	192	136	136	128	80	72	48	0	32	64	104	120	144	160	184	184	192	264	232	232	304	264	280	248	304	232	
136	304	280	280	264	224	168	168	160	112	96	64	32	0	32	72	96	120	144	176	176	192	256	232	240	312	272	296	272	328	256	
144	320	304	304	288	256	192	200	192	144	136	96	64	32	0	40	64	88	120	152	160	176	240	224	232	304	272	304	280	336	272	
168	352	336	336	328	288	232	240	232	184	168	136	104	72	40	0	32	64	96	128	152	176	232	232	232	304	288	312	296	360	296	
168	352	336	336	336	304	240	264	256	208	200	160	120	96	64	32	0	32	64	104	128	152	208	208	216	288	272	304	288	352	296	
168	352	336	344	344	312	256	280	280	232	224	184	144	120	88	64	32	0	40	72	104	128	176	184	200	264	256	288	280	344	296	
152	328	320	336	336	312	256	288	288	240	240	208	160	144	120	96	64	40	0	32	64	96	136	152	160	232	224	256	256	320	272	
160	320	320	336	344	320	264	304	312	256	264	232	184	176	152	128	104	72	32	0	48	72	104	120	136	200	200	240	240	304	264	
120	280	272	296	304	288	240	272	296	240	256	232	184	176	160	152	128	104	64	48	0	24	80	80	88	160	152	192	192	256	216	
112	256	256	280	288	280	232	272	296	240	264	240	192	192	176	176	152	128	96	72	24	0	72	56	64	136	128	168	168	232	200	
184	296	304	328	344	336	296	344	360	312	336	312	264	256	240	232	208	176	136	104	80	72	0	56	80	112	136	176	192	248	232	
136	232	240	272	288	280	248	288	320	272	296	280	232	232	224	232	208	184	152	120	80	56	56	0	16	80	80	120	128	192	176	
128	216	224	256	272	264	232	280	312	264	288	272	232	240	232	232	216	200	160	136	88	64	80	16	0	72	64	104	112	168	152	
192	224	240	272	296	304	288	336	368	320	352	344	304	312	304	304	288	264	232	200	160	136	112	80	72	0	56	80	112	152	168	
144	168	184	216	240	248	232	280	312	272	312	304	264	272	272	288	272	256	224	200	152	128	136	80	64	56	0	40	56	112	112	
160	136	160	200	224	240	224	272	312	280	320	320	280	296	304	312	304	288	256	240	192	168	176	120	104	80	40	0	40	72	96	
136	104	120	160	184	200	192	240	280	240	288	288	248	272	280	296	288	280	256	240	192	168	192	128	112	112	56	40	0	64	56	
192	80	112	152	184	208	216	264	304	280	328	328	304	328	336	360	352	344	320	304	256	232	248	192	168	152	112	72	64	0	72	
128	56	64	104	128	144	144	192	232	208	248	256	232	256	272	296	296	296	272	264	216	200	232	176	152	168	112	96	56	72	0	
V9
0	216	197	206	216	188	131	178	216	159	188	178	131	159	169	197	197	197	178	188	141	131	216	159	150	225	169	188	159	225	150	
216	0	37	84	122	159	188	235	291	272	329	347	319	357	376	413	413	413	385	376	329	300	347	272	253	263	197	159	122	94	65	
197	37	0	47	84	122	150	197	244	235	291	310	291	329	357	394	394	394	376	376	319	300	357	282	263	282	216	188	141	131	75	
206	84	47	0	37	84	131	169	216	216	272	300	291	329	357	394	394	404	394	394	347	329	385	319	300	319	253	235	188	178	122	
216	122	84	37	0	47	112	131	178	188	235	272	272	310	338	385	394	404	394	404	357	338	404	338	319	347	282	263	216	216	150	
188	159	122	84	47	0	65	75	131	141	188	225	225	263	300	338	357	366	366	376	338	329	394	329	310	357	291	282	235	244	169	
131	188	150	131	112	65	0	56	103	75	131	159	159	197	225	272	282	300	300	310	282	272	347	291	272	338	272	263	225	253	169	
178	235	197	169	131	75	56	0	47	65	112	150	159	197	235	282	310	329	338	357	319	319	404	338	329	394	329	319	282	310	225	
216	291	244	216	178	131	103	47	0	56	75	122	150	188	225	272	300	329	338	366	347	347	423	376	366	432	366	366	329	357	272	
159	272	235	216	188	141	75	65	56	0	47	84	94	131	169	216	244	272	282	300	282	282	366	319	310	376	319	329	282	329	244	
188	329	291	272	235	188	131	112	75	47	0	47	84	112	159	197	235	263	282	310	300	310	394	347	338	413	366	376	338	385	291	
178	347	310	300	272	225	159	150	122	84	47	0	56	75	112	159	188	216	244	272	272	282	366	329	319	404	357	376	338	385	300	
131	319	291	291	272	225	159	159	150	94	84	56	0	37	75	122	141	169	188	216	216	225	310	272	272	357	310	329	291	357	272	
159	357	329	329	310	263	197	197	188	131	112	75	37	0	37	84	112	141	169	206	206	225	300	272	282	366	319	347	319	385	300	
169	376	357	357	338	300	225	235	225	169	159	112	75	37	0	47	75	103	141	178	188	206	282	263	272	357	319	357	329	394	319	
197	413	394	394	385	338	272	282	272	216	197	159	122	84	47	0	37	75	112	150	178	206	272	272	272	357	338	366	347	423	347	
197	413	394	394	394	357	282	310	300	244	235	188	141	112	75	37	0	37	75	122	150	178	244	244	253	338	319	357	338	413	347	
197	413	394	404	404	366	300	329	329	272	263	216	169	141	103	75	37	0	47	84	122	150	206	216	235	310	300	338	329	404	347	
178	385	376	394	394	366	300	338	338	282	282	244	188	169	141	112	75	47	0	37	75	112	159	178	188	272	263	300	300	376	319	
188	376	376	394	404	376	310	357	366	300	310	272	216	206	178	150	122	84	37	0	56	84	122	141	159	235	235	282	282	357	310	
141	329	319	347	357	338	282	319	347	282	300	272	216	206	188	178	150	122	75	56	0	28	94	94	103	188	178	225	225	300	253	
131	300	300	329	338	329	272	319	347	282	310	282	225	225	206	206	178	150	112	84	28	0	84	65	75	159	150	197	197	272	235	
216	347	357	385	404	394	347	404	423	366	394	366	310	300	282	272	244	206	159	122	94	84	0	65	94	131	159	206	225	291	272	
159	272	282	319	338	329	291	338	376	319	347	329	272	272	263	272	244	216	178	141	94	65	65	0	18	94	94	141	150	225	206	
150	253	263	300	319	310	272	329	366	310	338	319	272	282	272	272	253	235	188	159	103	75	94	18	0	84	75	122	131	197	178	
225	263	282	319	347	357	338	394	432	376	413	404	357	366	357	357	338	310	272	235	188	159	131	94	84	0	65	94	131	178	197	
169	197	216	253	282	291	272	329	366	319	366	357	310	319	319	338	319	300	263	235	178	150	159	94	75	65	0	47	65	131	131	
188	159	188	235	263	282	263	319	366	329	376	376	329	347	357	366	357	338	300	282	225	197	206	141	122	94	47	0	47	84	112	
159	122	141	188	216	235	225	282	329	282	338	338	291	319	329	347	338	329	300	282	225	197	225	150	131	131	65	47	0	75	65	
225	94	131	178	216	244	253	310	357	329	385	385	357	385	394	423	413	404	376	357	300	272	291	225	197	178	131	84	75	0	84	
150	65	75	122	150	169	169	225	272	244	291	300	272	300	319	347	347	347	319	310	253	235	272	206	178	197	131	112	65	84	0	
V10
0	188	172	180	188	164	114	155	188	139	164	155	114	139	147	172	172	172	155	164	123	114	188	139	131	196	147	164	139	196	131	
188	0	32	73	106	139	164	205	254	237	287	303	278	311	328	360	360	360	336	328	287	262	303	237	221	229	172	139	106	82	57	
172	32	0	41	73	106	131	172	213	205	254	270	254	287	311	344	344	344	328	328	278	262	311	246	229	246	188	164	123	114	65	
180	73	41	0	32	73	114	147	188	188	237	262	254	287	311	344	344	352	344	344	303	287	336	278	262	278	221	205	164	155	106	
188	106	73	32	0	41	98	114	155	164	205	237	237	270	295	336	344	352	344	352	311	295	352	295	278	303	246	229	188	188	131	
164	139	106	73	41	0	57	65	114	123	164	196	196	229	262	295	311	319	319	328	295	287	344	287	270	311	254	246	205	213	147	
114	164	131	114	98	57	0	49	90	65	114	139	139	172	196	237	246	262	262	270	246	237	303	254	237	295	237	229	196	221	147	
155	205	172	147	114	65	49	0	41	57	98	131	139	172	205	246	270	287	295	311	278	278	352	295	287	344	287	278	246	270	196	
188	254	213	188	155	114	90	41	0	49	65	106	131	164	196	237	262	287	295	319	303	303	369	328	319	377	319	319	287	311	237	
139	237	205	188	164	123	65	57	49	0	41	73	82	114	147	188	213	237	246	262	246	246	319	278	270	328	278	287	246	287	213	
164	287	254	237	205	164	114	98	65	41	0	41	73	98	139	172	205	229	246	270	262	270	344	303	295	360	319	328	295	336	254	
155	303	270	262	237	196	139	131	106	73	41	0	49	65	98	139	164	188	213	237	237	246	319	287	278	352	311	328	295	336	262	
114	278	254	254	237	196	139	139	131	82	73	49	0	32	65	106	123	147	164	188	188	196	270	237	237	311	270	287	254	311	237	
139	311	287	287	270	229	172	172	164	114	98	65	32	0	32	73	98	123	147	180	180	196	262	237	246	319	278	303	278	336	262	
147	328	311	311	295	262	196	205	196	147	139	98	65	32	0	41	65	90	123	155	164	180	246	229	237	311	278	311	287	344	278	
172	360	344	344	336	295	237	246	237	188	172	139	106	73	41	0	32	65	98	131	155	180	237	237	237	311	295	319	303	369	303	
172	360	344	344	344	311	246	270	262	213	205	164	123	98	65	32	0	32	65	106	131	155	213	213	221	295	278	311	295	360	303	
172	360	344	352	352	319	262	287	287	237	229	188	147	123	90	65	32	0	41	73	106	131	180	188	205	270	262	295	287	352	303	
155	336	328	344	344	319	262	295	295	246	246	213	164	147	123	98	65	41	0	32	65	98	139	155	164	237	229	262	262	328	278	
164	328	328	344	352	328	270	311	319	262	270	237	188	180	155	131	106	73	32	0	49	73	106	123	139	205	205	246	246	311	270	
123	287	278	303	311	295	246	278	303	246	262	237	188	180	164	155	131	106	65	49	0	24	82	82	90	164	155	196	196	262	221	
114	262	262	287	295	287	237	278	303	246	270	246	196	196	180	180	155	131	98	73	24	0	73	57	65	139	131	172	172	237	205	
188	303	311	336	352	344	303	352	369	319	344	319	270	262	246	237	213	180	139	106	82	73	0	57	82	114	139	180	196	254	237	
139	237	246	278	295	287	254	295	328	278	303	287	237	237	229	237	213	188	155	123	82	57	57	0	16	82	82	123	131	196	180	
131	221	229	262	278	270	237	287	319	270	295	278	237	246	237	237	221	205	164	139	90	65	82	16	0	73	65	106	114	172	155	
196	229	246	278	303	311	295	344	377	328	360	352	311	319	311	311	295	270	237	205	164	139	114	82	73	0	57	82	114	155	172	
147	172	188	221	246	254	237	287	319	278	319	311	270	278	278	295	278	262	229	205	155	131	139	82	65	57	0	41	57	114	114	
164	139	164	205	229	246	229	278	319	287	328	328	287	303	311	319	311	295	262	246	196	172	180	123	106	82	41	0	41	73	98	
139	106	123	164	188	205	196	246	287	246	295	295	254	278	287	303	295	287	262	246	196	172	196	131	114	114	57	41	0	65	57	
196	82	114	155	188	213	221	270	311	287	336	336	311	336	344	369	360	352	328	311	262	237	254	196	172	155	114	73	65	0	73	
131	57	65	106	131	147	147	196	237	213	254	262	237	262	278	303	303	303	278	270	221	205	237	180	155	172	114	98	57	73	0	
V11
0	243	222	233	243	212	148	201	243	180	212	201	148	180	190	222	222	222	201	212	159	148	243	180	169	254	190	212	180	254	169	
243	0	42	95	137	180	212	265	328	307	371	392	360	402	424	466	466	466	434	424	371	339	392	307	286	296	222	180	137	106	74	
222	42	0	53	95	137	169	222	275	265	328	349	328	371	402	445	445	445	424	424	360	339	402	318	296	318	243	212	159	148	84	
233	95	53	0	42	95	148	190	243	243	307	339	328	371	402	445	445	455	445	445	392	371	434	360	339	360	286	265	212	201	137	
243	137	95	42	0	53	127	148	201	212	265	307	307	349	381	434	445	455	445	455	402	381	455	381	360	392	318	296	243	243	169	
212	180	137	95	53	0	74	84	148	159	212	254	254	296	339	381	402	413	413	424	381	371	445	371	349	402	328	318	265	275	190	
148	212	169	148	127	74	0	63	116	84	148	180	180	222	254	307	318	339	339	349	318	307	392	328	307	381	307	296	254	286	190	
201	265	222	190	148	84	63	0	53	74	127	169	180	222	265	318	349	371	381	402	360	360	455	381	371	445	371	360	318	349	254	
243	328	275	243	201	148	116	53	0	63	84	137	169	212	254	307	339	371	381	413	392	392	477	424	413	487	413	413	371	402	307	
180	307	265	243	212	159	84	74	63	0	53	95	106	148	190	243	275	307	318	339	318	318	413	360	349	424	360	371	318	371	275	
212	371	328	307	265	212	148	127	84	53	0	53	95	127	180	222	265	296	318	349	339	349	445	392	381	466	413	424	381	434	328	
201	392	349	339	307	254	180	169	137	95	53	0	63	84	127	180	212	243	275	307	307	318	413	371	360	455	402	424	381	434	339	
148	360	328	328	307	254	180	180	169	106	95	63	0	42	84	137	159	190	212	243	243	254	349	307	307	402	349	371	328	402	307	
180	402	371	371	349	296	222	222	212	148	127	84	42	0	42	95	127	159	190	233	233	254	339	307	318	413	360	392	360	434	339	
190	424	402	402	381	339	254	265	254	190	180	127	84	42	0	53	84	116	159	201	212	233	318	296	307	402	360	402	371	445	360	
222	466	445	445	434	381	307	318	307	243	222	180	137	95	53	0	42	84	127	169	201	233	307	307	307	402	381	413	392	477	392	
222	466	445	445	445	402	318	349	339	275	265	212	159	127	84	42	0	42	84	137	169	201	275	275	286	381	360	402	381	466	392	
222	466	445	455	455	413	339	371	371	307	296	243	190	159	116	84	42	0	53	95	137	169	233	243	265	349	339	381	371	455	392	
201	434	424	445	445	413	339	381	381	318	318	275	212	190	159	127	84	53	0	42	84	127	180	201	212	307	296	339	339	424	360	
212	424	424	445	455	424	349	402	413	339	349	307	243	233	201	169	137	95	42	0	63	95	137	159	180	265	265	318	318	402	349	
159	371	360	392	402	381	318	360	392	318	339	307	243	233	212	201	169	137	84	63	0	31	106	106	116	212	201	254	254	339	286	
148	339	339	371	381	371	307	360	392	318	349	318	254	254	233	233	201	169	127	95	31	0	95	74	84	180	169	222	222	307	265	
243	392	402	434	455	445	392	455	477	413	445	413	349	339	318	307	275	233	180	137	106	95	0	74	106	148	180	233	254	328	307	
180	307	318	360	381	371	328	381	424	360	392	371	307	307	296	307	275	243	201	159	106	74	74	0	21	106	106	159	169	254	233	
169	286	296	339	360	349	307	371	413	349	381	360	307	318	307	307	286	265	212	180	116	84	106	21	0	95	84	137	148	222	201	
254	296	318	360	392	402	381	445	487	424	466	455	402	413	402	402	381	349	307	265	212	180	148	106	95	0	74	106	148	201	222	
190	222	243	286	318	328	307	371	413	360	413	402	349	360	360	381	360	339	296	265	201	169	180	106	84	74	0	53	74	148	148	
212	180	212	265	296	318	296	360	413	371	424	424	371	392	402	413	402	381	339	318	254	222	233	159	137	106	53	0	53	95	127	
180	137	159	212	243	265	254	318	371	318	381	381	328	360	371	392	381	371	339	318	254	222	254	169	148	148	74	53	0	84	74	
254	106	148	201	243	275	286	349	402	371	434	434	402	434	445	477	466	455	424	402	339	307	328	254	222	201	148	95	84	0	95	
169	74	84	137	169	190	190	254	307	275	328	339	307	339	360	392	392	392	360	349	286	265	307	233	201	222	148	127	74	95	0	
V12
0	308	281	294	308	268	187	254	308	227	268	254	187	227	241	281	281	281	254	268	201	187	308	227	214	321	241	268	227	321	214	
308	0	53	120	174	227	268	335	415	388	469	495	455	509	536	589	589	589	549	536	469	428	495	388	361	375	281	227	174	134	93	
281	53	0	67	120	174	214	281	348	335	415	442	415	469	509	562	562	562	536	536	455	428	509	402	375	402	308	268	201	187	107	
294	120	67	0	53	120	187	241	308	308	388	428	415	469	509	562	562	576	562	562	495	469	549	455	428	455	361	335	268	254	174	
308	174	120	53	0	67	160	187	254	268	335	388	388	442	482	549	562	576	562	576	509	482	576	482	455	495	402	375	308	308	214	
268	227	174	120	67	0	93	107	187	201	268	321	321	375	428	482	509	522	522	536	482	469	562	469	442	509	415	402	335	348	241	
187	268	214	187	160	93	0	80	147	107	187	227	227	281	321	388	402	428	428	442	402	388	495	415	388	482	388	375	321	361	241	
254	335	281	241	187	107	80	0	67	93	160	214	227	281	335	402	442	469	482	509	455	455	576	482	469	562	469	455	402	442	321	
308	415	348	308	254	187	147	67	0	80	107	174	214	268	321	388	428	469	482	522	495	495	603	536	522	616	522	522	469	509	388	
227	388	335	308	268	201	107	93	80	0	67	120	134	187	241	308	348	388	402	428	402	402	522	455	442	536	455	469	402	469	348	
268	469	415	388	335	268	187	160	107	67	0	67	120	160	227	281	335	375	402	442	428	442	562	495	482	589	522	536	482	549	415	
254	495	442	428	388	321	227	214	174	120	67	0	80	107	160	227	268	308	348	388	388	402	522	469	455	576	509	536	482	549	428	
187	455	415	415	388	321	227	227	214	134	120	80	0	53	107	174	201	241	268	308	308	321	442	388	388	509	442	469	415	509	388	
227	509	469	469	442	375	281	281	268	187	160	107	53	0	53	120	160	201	241	294	294	321	428	388	402	522	455	495	455	549	428	
241	536	509	509	482	428	321	335	321	241	227	160	107	53	0	67	107	147	201	254	268	294	402	375	388	509	455	509	469	562	455	
281	589	562	562	549	482	388	402	388	308	281	227	174	120	67	0	53	107	160	214	254	294	388	388	388	509	482	522	495	603	495	
281	589	562	562	562	509	402	442	428	348	335	268	201	160	107	53	0	53	107	174	214	254	348	348	361	482	455	509	482	589	495	
281	589	562	576	576	522	428	469	469	388	375	308	241	201	147	107	53	0	67	120	174	214	294	308	335	442	428	482	469	576	495	
254	549	536	562	562	522	428	482	482	402	402	348	268	241	201	160	107	67	0	53	107	160	227	254	268	388	375	428	428	536	455	
268	536	536	562	576	536	442	509	522	428	442	388	308	294	254	214	174	120	53	0	80	120	174	201	227	335	335	402	402	509	442	
201	469	455	495	509	482	402	455	495	402	428	388	308	294	268	254	214	174	107	80	0	40	134	134	147	268	254	321	321	428	361	
187	428	428	469	482	469	388	455	495	402	442	402	321	321	294	294	254	214	160	120	40	0	120	93	107	227	214	281	281	388	335	
308	495	509	549	576	562	495	576	603	522	562	522	442	428	402	388	348	294	227	174	134	120	0	93	134	187	227	294	321	415	388	
227	388	402	455	482	469	415	482	536	455	495	469	388	388	375	388	348	308	254	201	134	93	93	0	26	134	134	201	214	321	294	
214	361	375	428	455	442	388	469	522	442	482	455	388	402	388	388	361	335	268	227	147	107	134	26	0	120	107	174	187	281	254	
321	375	402	455	495	509	482	562	616	536	589	576	509	522	509	509	482	442	388	335	268	227	187	134	120	0	93	134	187	254	281	
241	281	308	361	402	415	388	469	522	455	522	509	442	455	455	482	455	428	375	335	254	214	227	134	107	93	0	67	93	187	187	
268	227	268	335	375	402	375	455	522	469	536	536	469	495	509	522	509	482	428	402	321	281	294	201	174	134	67	0	67	120	160	
227	174	201	268	308	335	321	402	469	402	482	482	415	455	469	495	482	469	428	402	321	281	321	214	187	187	93	67	0	107	93	
321	134	187	254	308	348	361	442	509	469	549	549	509	549	562	603	589	576	536	509	428	388	415	321	281	254	187	120	107	0	120	
214	93	107	174	214	241	241	321	388	348	415	428	388	428	455	495	495	495	455	442	361	335	388	294	254	281	187	160	93	120	0	
V13
0	248	226	237	248	216	151	205	248	183	216	205	151	183	194	226	226	226	205	216	162	151	248	183	172	259	194	216	183	259	172	
248	0	43	97	140	183	216	270	334	313	378	399	367	410	432	475	475	475	442	432	378	345	399	313	291	302	226	183	140	108	75	
226	43	0	54	97	140	172	226	280	270	334	356	334	378	410	453	453	453	432	432	367	345	410	324	302	324	248	216	162	151	86	
237	97	54	0	43	97	151	194	248	248	313	345	334	378	410	453	453	464	453	453	399	378	442	367	345	367	291	270	216	205	140	
248	140	97	43	0	54	129	151	205	216	270	313	313	356	388	442	453	464	453	464	410	388	464	388	367	399	324	302	248	248	172	
216	183	140	97	54	0	75	86	151	162	216	259	259	302	345	388	410	421	421	432	388	378	453	378	356	410	334	324	270	280	194	
151	216	172	151	129	75	0	64	118	86	151	183	183	226	259	313	324	345	345	356	324	313	399	334	313	388	313	302	259	291	194	
205	270	226	194	151	86	64	0	54	75	129	172	183	226	270	324	356	378	388	410	367	367	464	388	378	453	378	367	324	356	259	
248	334	280	248	205	151	118	54	0	64	86	140	172	216	259	313	345	378	388	421	399	399	486	432	421	496	421	421	378	410	313	
183	313	270	248	216	162	86	75	64	0	54	97	108	151	194	248	280	313	324	345	324	324	421	367	356	432	367	378	324	378	280	
216	378	334	313	270	216	151	129	86	54	0	54	97	129	183	226	270	302	324	356	345	356	453	399	388	475	421	432	388	442	334	
205	399	356	345	313	259	183	172	140	97	54	0	64	86	129	183	216	248	280	313	313	324	421	378	367	464	410	432	388	442	345	
151	367	334	334	313	259	183	183	172	108	97	64	0	43	86	140	162	194	216	248	248	259	356	313	313	410	356	378	334	410	313	
183	410	378	378	356	302	226	226	216	151	129	86	43	0	43	97	129	162	194	237	237	259	345	313	324	421	367	399	367	442	345	
194	432	410	410	388	345	259	270	259	194	183	129	86	43	0	54	86	118	162	205	216	237	324	302	313	410	367	410	378	453	367	
226	475	453	453	442	388	313	324	313	248	226	183	140	97	54	0	43	86	129	172	205	237	313	313	313	410	388	421	399	486	399	
226	475	453	453	453	410	324	356	345	280	270	216	162	129	86	43	0	43	86	140	172	205	280	280	291	388	367	410	388	475	399	
226	475	453	464	464	421	345	378	378	313	302	248	194	162	118	86	43	0	54	97	140	172	237	248	270	356	345	388	378	464	399	
205	442	432	453	453	421	345	388	388	324	324	280	216	194	162	129	86	54	0	43	86	129	183	205	216	313	302	345	345	432	367	
216	432	432	453	464	432	356	410	421	345	356	313	248	237	205	172	140	97	43	0	64	97	140	162	183	270	270	324	324	410	356	
162	378	367	399	410	388	324	367	399	324	345	313	248	237	216	205	172	140	86	64	0	32	108	108	118	216	205	259	259	345	291	
151	345	345	378	388	378	313	367	399	324	356	324	259	259	237	237	205	172	129	97	32	0	97	75	86	183	172	226	226	313	270	
248	399	410	442	464	453	399	464	486	421	453	421	356	345	324	313	280	237	183	140	108	97	0	75	108	151	183	237	259	334	313	
183	313	324	367	388	378	334	388	432	367	399	378	313	313	302	313	280	248	205	162	108	75	75	0	21	108	108	162	172	259	237	
172	291	302	345	367	356	313	378	421	356	388	367	313	324	313	313	291	270	216	183	118	86	108	21	0	97	86	140	151	226	205	
259	302	324	367	399	410	388	453	496	432	475	464	410	421	410	410	388	356	313	270	216	183	151	108	97	0	75	108	151	205	226	
194	226	248	291	324	334	313	378	421	367	421	410	356	367	367	388	367	345	302	270	205	172	183	108	86	75	0	54	75	151	151	
216	183	216	270	302	324	302	367	421	378	432	432	378	399	410	421	410	388	345	324	259	226	237	162	140	108	54	0	54	97	129	
183	140	162	216	248	270	259	324	378	324	388	388	334	367	378	399	388	378	345	324	259	226	259	172	151	151	75	54	0	86	75	
259	108	151	205	248	280	291	356	410	378	442	442	410	442	453	486	475	464	432	410	345	313	334	259	226	205	151	97	86	0	97	
172	75	86	140	172	194	194	259	313	280	334	345	313	345	367	399	399	399	367	356	291	270	313	237	205	226	151	129	75	97	0	
V14
0	483	441	462	483	420	294	399	483	357	420	399	294	357	378	441	441	441	399	420	315	294	483	357	336	504	378	420	357	504	336	
483	0	84	189	273	357	420	525	651	609	735	777	714	798	840	924	924	924	861	840	735	672	777	609	567	588	441	357	273	210	147	
441	84	0	105	189	273	336	441	546	525	651	693	651	735	798	882	882	882	840	840	714	672	798	630	588	630	483	420	315	294	168	
462	189	105	0	84	189	294	378	483	483	609	672	651	735	798	882	882	903	882	882	777	735	861	714	672	714	567	525	420	399	273	
483	273	189	84	0	105	252	294	399	420	525	609	609	693	756	861	882	903	882	903	798	756	903	756	714	777	630	588	483	483	336	
420	357	273	189	105	0	147	168	294	315	420	504	504	588	672	756	798	819	819	840	756	735	882	735	693	798	651	630	525	546	378	
294	420	336	294	252	147	0	126	231	168	294	357	357	441	504	609	630	672	672	693	630	609	777	651	609	756	609	588	504	567	378	
399	525	441	378	294	168	126	0	105	147	252	336	357	441	525	630	693	735	756	798	714	714	903	756	735	882	735	714	630	693	504	
483	651	546	483	399	294	231	105	0	126	168	273	336	420	504	609	672	735	756	819	777	777	945	840	819	966	819	819	735	798	609	
357	609	525	483	420	315	168	147	126	0	105	189	210	294	378	483	546	609	630	672	630	630	819	714	693	840	714	735	630	735	546	
420	735	651	609	525	420	294	252	168	105	0	105	189	252	357	441	525	588	630	693	672	693	882	777	756	924	819	840	756	861	651	
399	777	693	672	609	504	357	336	273	189	105	0	126	168	252	357	420	483	546	609	609	630	819	735	714	903	798	840	756	861	672	
294	714	651	651	609	504	357	357	336	210	189	126	0	84	168	273	315	378	420	483	483	504	693	609	609	798	693	735	651	798	609	
357	798	735	735	693	588	441	441	420	294	252	168	84	0	84	189	252	315	378	462	462	504	672	609	630	819	714	777	714	861	672	
378	840	798	798	756	672	504	525	504	378	357	252	168	84	0	105	168	231	315	399	420	462	630	588	609	798	714	798	735	882	714	
441	924	882	882	861	756	609	630	609	483	441	357	273	189	105	0	84	168	252	336	399	462	609	609	609	798	756	819	777	945	777	
441	924	882	882	882	798	630	693	672	546	525	420	315	252	168	84	0	84	168	273	336	399	546	546	567	756	714	798	756	924	777	
441	924	882	903	903	819	672	735	735	609	588	483	378	315	231	168	84	0	105	189	273	336	462	483	525	693	672	756	735	903	777	
399	861	840	882	882	819	672	756	756	630	630	546	420	378	315	252	168	105	0	84	168	252	357	399	420	609	588	672	672	840	714	
420	840	840	882	903	840	693	798	819	672	693	609	483	462	399	336	273	189	84	0	126	189	273	315	357	525	525	630	630	798	693	
315	735	714	777	798	756	630	714	777	630	672	609	483	462	420	399	336	273	168	126	0	63	210	210	231	420	399	504	504	672	567	
294	672	672	735	756	735	609	714	777	630	693	630	504	504	462	462	399	336	252	189	63	0	189	147	168	357	336	441	441	609	525	
483	777	798	861	903	882	777	903	945	819	882	819	693	672	630	609	546	462	357	273	210	189	0	147	210	294	357	462	504	651	609	
357	609	630	714	756	735	651	756	840	714	777	735	609	609	588	609	546	483	399	315	210	147	147	0	42	210	210	315	336	504	462	
336	567	588	672	714	693	609	735	819	693	756	714	609	630	609	609	567	525	420	357	231	168	210	42	0	189	168	273	294	441	399	
504	588	630	714	777	798	756	882	966	840	924	903	798	819	798	798	756	693	609	525	420	357	294	210	189	0	147	210	294	399	441	
378	441	483	567	630	651	609	735	819	714	819	798	693	714	714	756	714	672	588	525	399	336	357	210	168	147	0	105	147	294	294	
420	357	420	525	588	630	588	714	819	735	840	840	735	777	798	819	798	756	672	630	504	441	462	315	273	210	105	0	105	189	252	
357	273	315	420	483	525	504	630	735	630	756	756	651	714	735	777	756	735	672	630	504	441	504	336	294	294	147	105	0	168	147	
504	210	294	399	483	546	567	693	798	735	861	861	798	861	882	945	924	903	840	798	672	609	651	504	441	399	294	189	168	0	189	
336	147	168	273	336	378	378	504	609	546	651	672	609	672	714	777	777	777	714	693	567	525	609	462	399	441	294	252	147	189	0	
V15
0	285	260	272	285	248	173	235	285	210	248	235	173	210	223	260	260	260	235	248	186	173	285	210	198	297	223	248	210	297	198	
285	0	49	111	161	210	248	310	384	359	434	458	421	471	496	545	545	545	508	496	434	396	458	359	334	347	260	210	161	124	86	
260	49	0	62	111	161	198	260	322	310	384	409	384	434	471	520	520	520	496	496	421	396	471	372	347	372	285	248	186	173	99	
272	111	62	0	49	111	173	223	285	285	359	396	384	434	471	520	520	533	520	520	458	434	508	421	396	421	334	310	248	235	161	
285	161	111	49	0	62	148	173	235	248	310	359	359	409	446	508	520	533	520	533	471	446	533	446	421	458	372	347	285	285	198	
248	210	161	111	62	0	86	99	173	186	248	297	297	347	396	446	471	483	483	496	446	434	520	434	409	471	384	372	310	322	223	
173	248	198	173	148	86	0	74	136	99	173	210	210	260	297	359	372	396	396	409	372	359	458	384	359	446	359	347	297	334	223	
235	310	260	223	173	99	74	0	62	86	148	198	210	260	310	372	409	434	446	471	421	421	533	446	434	520	434	421	372	409	297	
285	384	322	285	235	173	136	62	0	74	99	161	198	248	297	359	396	434	446	483	458	458	558	496	483	570	483	483	434	471	359	
210	359	310	285	248	186	99	86	74	0	62	111	124	173	223	285	322	359	372	396	372	372	483	421	409	496	421	434	372	434	322	
248	434	384	359	310	248	173	148	99	62	0	62	111	148	210	260	310	347	372	409	396	409	520	458	446	545	483	496	446	508	384	
235	458	409	396	359	297	210	198	161	111	62	0	74	99	148	210	248	285	322	359	359	372	483	434	421	533	471	496	446	508	396	
173	421	384	384	359	297	210	210	198	124	111	74	0	49	99	161	186	223	248	285	285	297	409	359	359	471	409	434	384	471	359	
210	471	434	434	409	347	260	260	248	173	148	99	49	0	49	111	148	186	223	272	272	297	396	359	372	483	421	458	421	508	396	
223	496	471	471	446	396	297	310	297	223	210	148	99	49	0	62	99	136	186	235	248	272	372	347	359	471	421	471	434	520	421	
260	545	520	520	508	446	359	372	359	285	260	210	161	111	62	0	49	99	148	198	235	272	359	359	359	471	446	483	458	558	458	
260	545	520	520	520	471	372	409	396	322	310	248	186	148	99	49	0	49	99	161	198	235	322	322	334	446	421	471	446	545	458	
260	545	520	533	533	483	396	434	434	359	347	285	223	186	136	99	49	0	62	111	161	198	272	285	310	409	396	446	434	533	458	
235	508	496	520	520	483	396	446	446	372	372	322	248	223	186	148	99	62	0	49	99	148	210	235	248	359	347	396	396	496	421	
248	496	496	520	533	496	409	471	483	396	409	359	285	272	235	198	161	111	49	0	74	111	161	186	210	310	310	372	372	471	409	
186	434	421	458	471	446	372	421	458	372	396	359	285	272	248	235	198	161	99	74	0	37	124	124	136	248	235	297	297	396	334	
173	396	396	434	446	434	359	421	458	372	409	372	297	297	272	272	235	198	148	111	37	0	111	86	99	210	198	260	260	359	310	
285	458	471	508	533	520	458	533	558	483	520	483	409	396	372	359	322	272	210	161	124	111	0	86	124	173	210	272	297	384	359	
210	359	372	421	446	434	384	446	496	421	458	434	359	359	347	359	322	285	235	186	124	86	86	0	24	124	124	186	198	297	272	
198	334	347	396	421	409	359	434	483	409	446	421	359	372	359	359	334	310	248	210	136	99	124	24	0	111	99	161	173	260	235	
297	347	372	421	458	471	446	520	570	496	545	533	471	483	471	471	446	409	359	310	248	210	173	124	111	0	86	124	173	235	260	
223	260	285	334	372	384	359	434	483	421	483	471	409	421	421	446	421	396	347	310	235	198	210	124	99	86	0	62	86	173	173	
248	210	248	310	347	372	347	421	483	434	496	496	434	458	471	483	471	446	396	372	297	260	272	186	161	124	62	0	62	111	148	
210	161	186	248	285	310	297	372	434	372	446	446	384	421	434	458	446	434	396	372	297	260	297	198	173	173	86	62	0	99	86	
297	124	173	235	285	322	334	409	471	434	508	508	471	508	520	558	545	533	496	471	396	359	384	297	260	235	173	111	99	0	111	
198	86	99	161	198	223	223	297	359	322	384	396	359	396	421	458	458	458	421	409	334	310	359	272	235	260	173	148	86	111	0	
V16
0	234	214	224	234	204	142	193	234	173	204	193	142	173	183	214	214	214	193	204	153	142	234	173	163	244	183	204	173	244	163	
234	0	40	91	132	173	204	255	316	295	357	377	346	387	408	448	448	448	418	408	357	326	377	295	275	285	214	173	132	102	71	
214	40	0	51	91	132	163	214	265	255	316	336	316	357	387	428	428	428	408	408	346	326	387	306	285	306	234	204	153	142	81	
224	91	51	0	40	91	142	183	234	234	295	326	316	357	387	428	428	438	428	428	377	357	418	346	326	346	275	255	204	193	132	
234	132	91	40	0	51	122	142	193	204	255	295	295	336	367	418	428	438	428	438	387	367	438	367	346	377	306	285	234	234	163	
204	173	132	91	51	0	71	81	142	153	204	244	244	285	326	367	387	397	397	408	367	357	428	357	336	387	316	306	255	265	183	
142	204	163	142	122	71	0	61	112	81	142	173	173	214	244	295	306	326	326	336	306	295	377	316	295	367	295	285	244	275	183	
193	255	214	183	142	81	61	0	51	71	122	163	173	214	255	306	336	357	367	387	346	346	438	367	357	428	357	346	306	336	244	
234	316	265	234	193	142	112	51	0	61	81	132	163	204	244	295	326	357	367	397	377	377	459	408	397	469	397	397	357	387	295	
173	295	255	234	204	153	81	71	61	0	51	91	102	142	183	234	265	295	306	326	306	306	397	346	336	408	346	357	306	357	265	
204	357	316	295	255	204	142	122	81	51	0	51	91	122	173	214	255	285	306	336	326	336	428	377	367	448	397	408	367	418	316	
193	377	336	326	295	244	173	163	132	91	51	0	61	81	122	173	204	234	265	295	295	306	397	357	346	438	387	408	367	418	326	
142	346	316	316	295	244	173	173	163	102	91	61	0	40	81	132	153	183	204	234	234	244	336	295	295	387	336	357	316	387	295	
173	387	357	357	336	285	214	214	204	142	122	81	40	0	40	91	122	153	183	224	224	244	326	295	306	397	346	377	346	418	326	
183	408	387	387	367	326	244	255	244	183	173	122	81	40	0	51	81	112	153	193	204	224	306	285	295	387	346	387	357	428	346	
214	448	428	428	418	367	295	306	295	234	214	173	132	91	51	0	40	81	122	163	193	224	295	295	295	387	367	397	377	459	377	
214	448	428	428	428	387	306	336	326	265	255	204	153	122	81	40	0	40	81	132	163	193	265	265	275	367	346	387	367	448	377	
214	448	428	438	438	397	326	357	357	295	285	234	183	153	112	81	40	0	51	91	132	163	224	234	255	336	326	367	357	438	377	
193	418	408	428	428	397	326	367	367	306	306	265	204	183	153	122	81	51	0	40	81	122	173	193	204	295	285	326	326	408	346	
204	408	408	428	438	408	336	387	397	326	336	295	234	224	193	163	132	91	40	0	61	91	132	153	173	255	255	306	306	387	336	
153	357	346	377	387	367	306	346	377	306	326	295	234	224	204	193	163	132	81	61	0	30	102	102	112	204	193	244	244	326	275	
142	326	326	357	367	357	295	346	377	306	336	306	244	244	224	224	193	163	122	91	30	0	91	71	81	173	163	214	214	295	255	
234	377	387	418	438	428	377	438	459	397	428	397	336	326	306	295	265	224	173	132	102	91	0	71	102	142	173	224	244	316	295	
173	295	306	346	367	357	316	367	408	346	377	357	295	295	285	295	265	234	193	153	102	71	71	0	20	102	102	153	163	244	224	
163	275	285	326	346	336	295	357	397	336	367	346	295	306	295	295	275	255	204	173	112	81	102	20	0	91	81	132	142	214	193	
244	285	306	346	377	387	367	428	469	408	448	438	387	397	387	387	367	336	295	255	204	173	142	102	91	0	71	102	142	193	214	
183	214	234	275	306	316	295	357	397	346	397	387	336	346	346	367	346	326	285	255	193	163	173	102	81	71	0	51	71	142	142	
204	173	204	255	285	306	285	346	397	357	408	408	357	377	387	397	387	367	326	306	244	214	224	153	132	102	51	0	51	91	122	
173	132	153	204	234	255	244	306	357	306	367	367	316	346	357	377	367	357	326	306	244	214	244	163	142	142	71	51	0	81	71	
244	102	142	193	234	265	275	336	387	357	418	418	387	418	428	459	448	438	408	387	326	295	316	244	214	193	142	91	81	0	91	
163	71	81	132	163	183	183	244	295	265	316	326	295	326	346	377	377	377	346	336	275	255	295	224	193	214	142	122	71	91	0	
Velocidade_Veiculos
1	1	1	1	1	1	1	1	1	1	1	1	1	1	1	1	1	