M: 4
N: 30
Nun_Veiculos: 15
Capacidade_Total: 968
Demanda_Total: 496
Setup_Min: 1
Setup_Max: 9
Raio: 100
Circulos: 1
Tempo_Processamento_Min: 1
Tempo_Processamento_Max: 49
Demanda_Min: 10
Demanda_Max: 30
Priority_Factor: 0.2
Range_Factor_R: 0.8
U_factor: 2
ALpha: 0.2Replicao: 3
Tempos_Processamentos
0	0	1	0	2	0	3	0	
0	13	1	41	2	3	3	28	
0	13	1	33	2	40	3	40	
0	4	1	32	2	40	3	12	
0	8	1	9	2	45	3	41	
0	27	1	5	2	19	3	9	
0	31	1	46	2	21	3	3	
0	22	1	42	2	48	3	47	
0	15	1	12	2	17	3	8	
0	26	1	3	2	9	3	7	
0	12	1	4	2	9	3	43	
0	47	1	25	2	43	3	13	
0	1	1	33	2	32	3	48	
0	29	1	20	2	39	3	8	
0	1	1	15	2	32	3	4	
0	46	1	13	2	38	3	6	
0	20	1	10	2	34	3	10	
0	30	1	14	2	19	3	31	
0	12	1	7	2	46	3	17	
0	49	1	34	2	8	3	12	
0	30	1	41	2	47	3	39	
0	9	1	44	2	3	3	19	
0	12	1	10	2	13	3	4	
0	20	1	28	2	40	3	1	
0	29	1	7	2	29	3	43	
0	31	1	38	2	14	3	37	
0	41	1	33	2	47	3	10	
0	10	1	5	2	37	3	39	
0	36	1	15	2	19	3	15	
0	38	1	45	2	29	3	44	
0	18	1	23	2	15	3	23	

Tempos_setup
M0
0	0	0	0	0	0	0	0	0	0	0	0	0	0	0	0	0	0	0	0	0	0	0	0	0	0	0	0	0	0	0	
0	0	3	2	3	2	2	2	2	2	2	2	2	3	3	2	3	3	3	4	2	3	3	3	3	3	2	2	4	1	1	
0	3	0	3	3	3	2	3	3	1	2	3	2	3	2	3	1	2	2	2	1	2	2	2	1	4	2	3	3	2	2	
0	3	3	0	3	3	2	3	1	3	2	3	2	2	2	3	3	2	1	2	1	2	2	3	1	2	2	2	3	2	2	
0	3	4	4	0	2	3	4	2	2	4	4	3	2	2	3	4	4	3	2	2	3	3	3	3	4	3	3	3	3	3	
0	4	4	3	4	0	3	2	3	1	3	3	3	3	2	3	4	4	3	3	3	2	3	2	3	2	1	2	3	2	2	
0	4	2	3	1	3	0	1	3	1	2	3	3	3	3	3	3	2	1	3	2	2	2	2	2	2	3	3	3	3	2	
0	4	3	3	3	3	2	0	2	3	3	3	4	3	3	4	2	4	3	4	3	2	3	4	4	1	2	3	4	3	2	
0	3	3	3	3	3	3	3	0	2	3	4	2	1	1	3	4	2	3	3	4	3	2	2	2	4	3	1	3	2	3	
0	3	4	2	3	3	2	2	2	0	2	2	3	2	2	3	3	3	3	2	2	1	3	1	3	3	2	3	3	2	1	
0	3	2	3	3	2	2	3	3	1	0	2	1	1	2	1	3	1	2	3	1	2	2	2	2	3	2	1	2	2	2	
0	4	3	2	4	3	3	3	1	1	1	0	2	2	2	2	4	2	3	3	2	2	3	2	3	4	3	2	3	3	2	
0	2	2	3	3	2	3	3	3	1	3	3	0	3	1	3	2	1	3	3	3	2	2	2	3	4	2	2	2	2	2	
0	3	4	2	4	2	3	2	3	3	2	3	3	0	2	3	3	3	3	2	3	4	3	3	1	3	3	3	4	2	4	
0	2	2	2	2	2	2	2	3	2	2	3	1	2	0	2	3	2	3	3	3	2	1	2	2	3	3	1	2	1	2	
0	2	1	3	3	4	2	3	2	2	2	1	2	3	3	0	2	3	3	3	2	3	3	2	2	2	3	1	3	3	3	
0	4	4	3	4	3	3	3	3	1	3	3	3	3	2	3	0	3	3	3	3	2	3	2	2	4	1	2	3	3	2	
0	2	3	2	3	3	3	2	2	2	2	4	3	2	2	3	3	0	2	3	2	3	3	3	2	3	1	2	1	2	1	
0	3	3	3	3	3	2	3	3	2	1	3	2	2	3	2	3	1	0	3	1	2	2	3	3	3	2	2	2	2	2	
0	1	2	3	4	3	3	3	3	3	2	2	3	3	4	1	3	2	1	0	2	3	3	3	3	3	3	2	3	2	2	
0	3	2	2	2	2	1	2	2	2	2	2	1	2	2	2	2	2	1	3	0	1	1	3	3	3	1	2	2	1	1	
0	2	3	3	2	3	2	1	2	2	2	1	2	1	1	3	3	3	3	3	3	0	2	3	2	2	3	2	3	2	3	
0	3	1	1	3	2	2	2	2	2	2	2	2	3	3	1	2	2	2	2	2	3	0	2	2	3	2	1	3	1	1	
0	4	3	3	2	4	1	2	4	2	2	3	3	3	4	3	4	3	2	3	3	3	3	0	2	3	3	3	4	4	3	
0	2	3	4	5	4	4	4	3	3	3	2	4	4	4	2	4	3	2	1	3	4	4	4	0	4	4	3	4	3	3	
0	4	2	3	4	3	3	3	4	3	4	4	3	5	4	3	2	4	4	3	3	4	2	3	3	0	3	3	4	2	3	
0	3	3	3	3	3	3	3	4	2	3	3	2	3	1	2	4	3	2	2	3	2	2	2	2	3	0	1	2	2	3	
0	3	4	3	3	3	2	2	3	1	3	3	4	2	3	3	3	2	3	2	3	2	4	1	1	3	3	0	3	3	2	
0	1	3	3	4	3	3	2	3	1	1	3	2	2	3	2	4	2	1	2	2	2	3	2	3	2	3	2	0	2	2	
0	3	3	3	2	1	1	1	3	1	2	3	1	3	2	3	3	2	2	3	3	2	3	2	2	2	2	1	3	0	2	
0	4	3	1	3	2	2	1	1	1	1	3	2	2	2	2	2	2	2	3	1	2	2	2	2	2	1	2	3	1	0	
M1
0	0	0	0	0	0	0	0	0	0	0	0	0	0	0	0	0	0	0	0	0	0	0	0	0	0	0	0	0	0	0	
0	0	1	2	3	2	3	2	3	3	2	2	2	3	3	1	3	3	2	2	3	3	1	2	2	2	3	3	3	2	2	
0	3	0	2	4	1	2	2	2	2	3	3	2	2	3	2	2	2	1	3	2	2	2	1	1	2	3	3	3	3	3	
0	3	1	0	4	1	2	2	2	2	3	3	3	2	3	3	3	2	2	3	3	3	2	1	2	2	3	3	3	3	2	
0	2	3	2	0	2	2	3	3	3	3	2	3	3	3	3	2	1	2	3	3	4	2	1	2	1	3	2	2	1	3	
0	2	2	1	3	0	3	1	1	1	2	2	3	1	3	3	3	1	3	2	3	2	2	2	2	2	4	2	2	3	3	
0	1	2	3	2	2	0	3	1	1	1	1	1	2	1	2	2	1	2	2	3	2	2	3	2	2	1	2	3	2	3	
0	3	3	3	5	2	4	0	3	3	4	2	3	3	3	4	3	1	3	3	4	4	4	4	4	2	3	2	2	3	4	
0	1	2	3	4	3	4	2	0	3	3	2	2	3	3	2	2	3	3	1	3	1	2	3	1	3	3	3	3	3	2	
0	2	2	2	2	3	4	4	2	0	1	3	2	3	3	3	2	3	2	3	3	3	1	3	1	3	3	4	4	3	2	
0	2	3	2	1	3	3	3	1	3	0	3	3	3	2	2	2	2	1	2	3	2	3	2	1	2	3	3	3	2	3	
0	3	2	2	3	1	3	2	2	2	2	0	1	1	1	2	1	2	2	2	2	3	3	3	2	2	2	1	3	1	2	
0	2	2	2	3	3	3	4	3	3	2	2	0	2	3	1	2	3	2	2	3	4	2	3	1	2	1	3	2	1	3	
0	3	1	1	2	2	3	3	2	3	1	4	3	0	3	3	3	3	2	1	2	3	3	2	2	3	4	3	3	2	3	
0	2	2	2	3	3	4	4	3	3	2	4	4	1	0	3	2	3	2	2	3	3	3	3	3	1	4	4	2	3	3	
0	2	1	1	3	2	3	3	3	3	2	4	2	3	4	0	2	3	2	1	3	3	3	2	2	1	3	3	2	1	3	
0	2	2	1	3	1	3	2	2	1	2	2	3	2	2	3	0	1	2	3	1	3	2	2	2	2	2	2	3	3	2	
0	2	2	2	4	1	3	2	2	2	3	1	2	2	2	3	2	0	2	2	3	3	3	3	3	1	3	1	2	2	3	
0	2	3	3	5	2	4	3	3	3	4	3	4	3	4	3	2	2	0	3	3	4	3	4	1	1	4	3	2	4	4	
0	3	3	4	4	3	4	4	3	2	3	4	4	3	5	3	3	4	3	0	4	3	3	4	2	4	4	2	2	3	2	
0	2	3	3	3	3	4	3	1	3	2	3	3	2	1	3	2	3	2	2	0	2	3	4	2	2	2	4	2	3	1	
0	3	3	3	3	2	4	1	3	3	2	1	1	2	2	2	2	2	2	3	3	0	3	4	2	3	2	2	3	2	1	
0	3	2	1	3	2	3	3	3	3	2	3	1	2	2	2	3	3	1	3	4	4	0	2	2	2	2	4	3	2	1	
0	2	3	2	3	3	1	4	2	2	2	2	2	3	2	3	2	2	2	3	3	3	1	0	1	3	2	3	2	2	2	
0	3	2	2	4	2	3	3	3	2	3	3	4	3	3	4	1	2	3	2	2	4	3	3	0	3	3	3	4	4	3	
0	1	2	2	4	2	4	3	2	2	3	3	3	3	3	2	1	2	1	3	2	3	2	3	2	0	3	3	1	3	3	
0	1	1	2	3	2	2	3	3	3	3	1	2	2	2	2	2	3	2	3	3	3	1	2	2	1	0	2	2	1	2	
0	3	2	2	4	1	2	2	2	2	3	3	3	2	3	4	4	2	3	3	4	3	3	3	3	3	3	0	3	3	3	
0	1	2	3	4	2	4	3	1	3	3	3	3	3	3	2	3	2	3	2	4	2	2	3	2	3	4	3	0	2	3	
0	3	4	4	3	3	4	4	2	4	5	4	4	4	4	4	3	3	1	3	3	3	4	4	2	2	3	3	3	0	4	
0	3	4	3	2	3	4	3	2	3	1	4	4	4	3	3	3	3	1	2	4	3	4	3	2	2	4	4	3	3	0	
M2
0	0	0	0	0	0	0	0	0	0	0	0	0	0	0	0	0	0	0	0	0	0	0	0	0	0	0	0	0	0	0	
0	0	3	3	2	2	1	1	4	2	2	3	2	2	4	2	2	2	2	3	2	2	1	3	3	2	2	1	3	1	2	
0	3	0	2	1	2	3	3	3	3	2	2	3	3	3	1	3	2	2	3	3	1	2	2	1	2	3	2	3	1	2	
0	3	2	0	3	2	3	3	3	3	2	3	2	2	4	2	1	1	2	4	3	3	3	2	2	3	3	2	2	3	1	
0	3	3	3	0	3	3	3	3	2	4	2	3	2	3	3	3	4	2	2	3	2	2	2	1	3	2	3	3	2	2	
0	2	3	4	3	0	2	1	4	1	2	2	3	2	3	3	2	1	3	3	2	2	2	3	1	1	3	2	2	2	3	
0	3	2	3	3	1	0	2	3	2	3	2	4	2	3	2	2	1	2	2	3	3	3	3	2	2	1	2	2	2	3	
0	2	3	3	4	3	2	0	3	1	2	3	3	2	4	3	1	2	3	2	2	3	3	2	2	2	3	3	2	2	3	
0	4	3	3	1	2	3	3	0	3	1	3	2	3	4	2	2	2	2	2	3	3	3	2	2	3	3	2	3	3	1	
0	1	2	3	3	2	1	2	4	0	3	2	2	1	3	2	2	2	2	3	1	2	2	3	1	1	2	2	2	1	2	
0	3	3	2	2	1	2	2	4	2	0	2	3	2	3	2	3	2	3	4	3	2	2	3	1	2	3	1	3	2	3	
0	3	3	2	2	3	2	2	3	3	3	0	2	2	1	3	2	2	2	3	3	2	3	3	3	1	3	1	2	3	3	
0	4	3	3	3	3	3	3	4	4	4	1	0	3	2	3	3	3	2	3	3	1	3	2	2	2	2	2	3	2	3	
0	3	1	2	2	2	1	1	3	2	2	2	2	0	3	1	2	2	3	2	2	2	1	3	2	3	1	2	2	2	3	
0	3	2	3	3	2	1	3	4	2	3	2	1	2	0	3	2	2	1	3	2	2	3	2	2	2	2	3	3	2	2	
0	4	3	1	2	2	2	3	4	3	1	3	3	2	4	0	2	2	2	3	3	1	2	2	2	3	3	1	3	2	2	
0	3	2	3	3	2	3	3	4	2	1	3	3	3	4	3	0	3	3	4	3	2	2	1	2	3	3	2	1	2	2	
0	2	2	3	2	1	2	2	4	2	3	2	3	1	3	2	3	0	3	3	3	2	2	3	1	2	2	1	3	2	3	
0	3	2	2	3	1	2	2	4	2	2	2	3	3	3	3	2	2	0	4	1	2	3	1	2	1	3	2	2	1	2	
0	3	2	1	2	2	2	3	1	3	2	2	3	2	3	3	2	2	2	0	3	1	2	2	2	2	3	2	1	2	2	
0	5	4	4	5	3	4	4	4	4	5	5	4	3	3	4	5	4	4	3	0	4	3	5	4	4	4	4	4	5	5	
0	3	2	3	3	2	3	3	4	3	3	2	3	3	3	3	2	3	1	4	2	0	2	1	1	2	3	2	3	1	2	
0	2	2	2	3	2	3	3	3	3	3	2	1	3	3	2	3	3	3	2	1	2	0	3	3	3	1	2	2	2	3	
0	4	1	3	2	3	2	3	3	3	3	3	2	2	3	2	3	3	2	4	2	1	3	0	2	2	3	1	3	1	2	
0	2	3	3	3	3	3	3	4	4	4	1	2	3	2	3	3	3	2	3	2	1	1	2	0	2	2	2	3	1	2	
0	2	2	3	2	2	2	3	4	3	2	3	3	2	3	3	1	1	3	4	3	2	2	2	2	0	3	1	1	3	2	
0	3	1	2	2	3	2	3	2	4	3	1	3	2	2	2	3	3	2	1	3	2	2	3	2	2	0	1	1	1	2	
0	3	2	2	1	2	1	2	3	3	3	2	3	1	3	2	3	2	2	3	3	1	2	2	2	3	2	0	3	2	3	
0	2	1	3	2	3	3	3	3	4	3	3	2	4	4	2	2	3	2	3	2	2	1	3	2	3	2	3	0	2	1	
0	3	3	3	3	2	3	3	3	3	3	3	2	2	4	2	2	2	1	4	2	3	3	2	3	1	3	2	2	0	1	
0	4	3	2	3	2	3	2	2	3	2	2	1	3	3	1	1	3	1	4	2	2	3	2	3	2	3	2	2	2	0	
M3
0	0	0	0	0	0	0	0	0	0	0	0	0	0	0	0	0	0	0	0	0	0	0	0	0	0	0	0	0	0	0	
0	0	3	2	3	3	3	2	1	2	2	3	2	3	4	2	2	3	3	2	1	2	4	3	1	2	3	2	2	2	3	
0	2	0	2	2	3	3	2	3	3	2	2	1	3	3	2	4	3	2	3	3	1	4	3	1	2	4	2	4	2	2	
0	2	2	0	1	3	2	4	1	3	2	3	3	2	3	4	3	2	3	1	3	3	3	2	3	4	3	3	2	3	2	
0	2	1	2	0	2	1	3	1	3	1	2	2	1	2	3	2	3	2	3	2	2	2	3	2	3	3	3	2	3	1	
0	3	1	2	3	0	2	3	3	4	3	3	2	4	3	3	4	4	3	3	3	2	5	4	2	3	5	3	3	3	3	
0	2	2	2	1	3	0	4	1	2	2	3	2	2	1	3	3	2	3	3	1	3	3	3	3	3	3	2	1	3	2	
0	3	2	3	1	2	2	0	2	2	1	3	3	2	3	3	3	2	3	3	3	3	3	1	3	3	4	3	3	2	2	
0	1	2	1	2	3	3	3	0	2	3	3	3	3	3	3	2	3	4	2	2	3	3	2	2	3	2	2	1	3	2	
0	3	3	3	3	3	2	4	2	0	3	4	4	3	3	4	4	3	3	4	3	4	4	1	3	1	4	3	3	2	4	
0	3	2	3	3	1	3	4	3	3	0	2	3	2	3	2	3	3	2	4	3	3	3	4	3	2	5	2	4	4	3	
0	1	2	2	1	3	1	3	1	3	2	0	3	2	2	3	3	3	3	3	2	3	3	3	2	3	3	3	2	3	2	
0	2	3	2	2	2	2	4	2	3	3	1	0	3	2	4	3	2	1	3	3	4	4	3	3	4	3	3	3	2	1	
0	2	1	2	2	2	3	3	2	2	2	3	2	0	1	3	1	2	1	2	1	2	1	2	2	3	4	2	2	2	3	
0	3	2	3	1	2	2	3	2	3	1	2	1	1	0	2	2	3	2	3	2	3	2	3	2	3	4	2	3	3	2	
0	2	2	3	2	3	2	2	2	3	3	1	3	2	3	0	3	4	3	3	3	1	3	3	3	4	4	4	3	3	3	
0	2	1	2	3	2	4	3	1	2	3	3	2	1	2	3	0	3	2	3	2	2	2	1	2	3	3	3	1	3	2	
0	2	3	2	2	2	1	3	1	1	2	3	2	2	1	3	3	0	2	1	1	3	3	2	2	2	3	2	2	1	3	
0	1	2	1	2	1	2	3	2	2	3	4	3	3	2	3	2	1	0	2	2	3	4	2	2	3	3	3	3	2	3	
0	2	3	3	2	3	1	3	2	2	3	3	3	2	2	3	3	1	3	0	2	2	3	3	3	3	2	3	2	2	3	
0	2	4	3	3	3	3	4	2	1	2	3	4	4	3	4	4	2	4	3	0	4	5	2	3	2	4	1	3	3	2	
0	3	2	3	1	3	2	1	2	2	2	3	3	2	2	4	3	3	2	2	3	0	3	2	3	3	4	3	3	2	2	
0	3	3	2	2	2	2	3	2	3	3	2	2	2	3	3	3	2	2	3	2	3	0	2	2	3	3	2	1	1	2	
0	2	2	3	3	2	3	4	3	1	3	4	3	3	2	4	4	4	4	4	2	3	4	0	3	2	4	3	2	3	3	
0	1	2	3	2	2	2	1	2	2	1	2	2	2	3	1	3	2	2	3	2	1	3	2	0	1	3	1	3	1	2	
0	2	3	3	2	3	1	4	2	3	2	4	3	3	2	4	4	3	4	4	2	4	3	2	3	0	4	3	2	4	3	
0	1	2	3	2	1	1	1	2	3	2	3	2	2	1	2	3	2	2	2	2	3	3	2	2	3	0	2	2	1	3	
0	2	3	2	2	2	3	4	1	1	1	2	4	3	4	3	3	3	3	3	3	4	4	2	3	2	3	0	2	3	1	
0	3	3	1	2	3	3	3	2	2	3	2	4	2	3	4	3	3	3	2	1	4	3	2	3	3	2	2	0	2	1	
0	2	2	2	1	1	1	2	1	2	2	3	3	1	2	2	2	1	1	2	2	2	2	2	1	2	3	1	2	0	2	
0	2	3	3	2	4	2	3	2	4	3	1	3	3	3	4	2	4	4	3	3	3	4	3	3	4	4	3	3	4	0	
Tamanho_Tarefas
0	11	23	11	15	6	20	30	13	8	13	31	17	12	6	8	16	16	7	20	31	7	8	14	27	25	19	18	15	31	18	
Data_Entrega
0	177	199	187	195	179	206	176	213	214	215	204	214	223	176	213	173	174	198	218	178	176	210	180	205	207	206	190	180	223	183	
Penalidade_Atraso
0	8	13	5	1	14	10	12	16	1	10	11	10	15	20	10	19	17	9	19	12	12	1	18	6	14	3	16	3	20	9	
Capacidade_Veiculo
55	64	54	44	72	79	65	90	42	48	84	69	57	57	88	
Custo_Fixo_Veiculo
550	640	540	440	720	790	650	900	420	480	840	690	570	570	880	
Coordenadas_Clientes
x	0	y	0
x	121	y	0
x	114	y	24
x	108	y	48
x	91	y	66
x	58	y	65
x	60	y	104
x	26	y	81
x	12	y	120
x	-10	y	98
x	-38	y	118
x	-60	y	104
x	-51	y	57
x	-84	y	61
x	-107	y	47
x	-78	y	16
x	-115	y	0
x	-121	y	-25
x	-104	y	-46
x	-78	y	-57
x	-67	y	-75
x	-48	y	-84
x	-31	y	-97
x	-10	y	-100
x	12	y	-114
x	25	y	-78
x	55	y	-95
x	74	y	-83
x	96	y	-69
x	92	y	-41
x	94	y	-20
Tempo_Viagem
0	121	116	118	112	87	120	85	120	98	123	120	76	103	116	79	115	123	113	96	100	96	101	100	114	81	109	111	118	100	96	
121	0	25	49	72	90	120	124	161	163	197	208	181	213	232	199	236	243	229	207	202	188	179	164	157	123	115	95	73	50	33	
116	25	0	24	47	69	96	104	140	143	177	191	168	201	222	192	230	239	228	208	206	194	188	175	171	135	132	113	94	68	48	
118	49	24	0	24	52	73	87	119	126	160	176	159	192	215	188	228	240	231	213	213	204	200	189	188	150	152	135	117	90	69	
112	72	47	24	0	33	49	66	95	105	139	155	142	175	198	176	216	230	224	208	211	204	203	194	196	158	164	149	135	107	86	
87	90	69	52	33	0	39	35	71	74	108	124	109	142	165	144	184	200	196	182	187	182	184	178	184	146	160	148	139	111	92	
120	120	96	73	49	39	0	41	50	70	98	120	120	150	176	163	203	222	222	212	219	216	220	215	223	185	199	187	176	148	128	
85	124	104	87	66	35	41	0	41	39	73	89	80	111	136	122	162	181	181	172	181	180	186	184	195	159	178	170	165	138	121	
120	161	140	119	95	71	50	41	0	31	50	73	88	112	138	137	173	195	202	198	210	212	221	220	234	198	219	211	206	179	162	
98	163	143	126	105	74	70	39	31	0	34	50	57	82	108	106	142	164	171	169	182	185	196	198	212	179	203	199	197	172	157	
123	197	177	160	139	108	98	73	50	34	0	26	62	73	99	109	140	165	176	179	194	202	215	219	237	204	232	230	230	205	190	
120	208	191	176	155	124	120	89	73	50	26	0	47	49	73	89	117	142	156	162	179	188	202	209	229	200	229	230	232	210	197	
76	181	168	159	142	109	120	80	88	57	62	47	0	33	56	49	85	107	115	117	132	141	155	162	182	154	185	187	193	173	164	
103	213	201	192	175	142	150	111	112	82	73	49	33	0	26	45	68	93	108	118	136	149	166	177	199	176	208	213	221	203	195	
116	232	222	215	198	165	176	136	138	108	99	73	56	26	0	42	47	72	93	107	128	143	162	176	200	181	215	222	233	216	211	
79	199	192	188	176	144	163	122	137	106	109	89	49	45	42	0	40	59	67	73	91	104	122	134	158	139	173	181	193	179	175	
115	236	230	228	216	184	203	162	173	142	140	117	85	68	47	40	0	25	47	67	88	107	128	145	170	160	194	206	221	211	209	
123	243	239	240	230	200	222	181	195	164	165	142	107	93	72	59	25	0	27	53	73	93	114	133	159	155	189	203	221	213	215	
113	229	228	231	224	196	222	181	202	171	176	156	115	108	93	67	47	27	0	28	47	67	88	108	134	132	166	181	201	196	199	
96	207	208	213	208	182	212	172	198	169	179	162	117	118	107	73	67	53	28	0	21	40	61	80	106	105	138	154	174	170	175	
100	202	206	213	211	187	219	181	210	182	194	179	132	136	128	91	88	73	47	21	0	21	42	62	88	92	123	141	163	162	170	
96	188	194	204	204	182	216	180	212	185	202	188	141	149	143	104	107	93	67	40	21	0	21	41	67	73	103	122	144	146	155	
101	179	188	200	203	184	220	186	221	196	215	202	155	166	162	122	128	114	88	61	42	21	0	21	46	59	86	105	130	135	146	
100	164	175	189	194	178	215	184	220	198	219	209	162	177	176	134	145	133	108	80	62	41	21	0	26	41	65	85	110	117	131	
114	157	171	188	196	184	223	195	234	212	237	229	182	199	200	158	170	159	134	106	88	67	46	26	0	38	47	69	95	108	124	
81	123	135	150	158	146	185	159	198	179	204	200	154	176	181	139	160	155	132	105	92	73	59	41	38	0	34	49	71	76	90	
109	115	132	152	164	160	199	178	219	203	232	229	185	208	215	173	194	189	166	138	123	103	86	65	47	34	0	22	48	65	84	
111	95	113	135	149	148	187	170	211	199	230	230	187	213	222	181	206	203	181	154	141	122	105	85	69	49	22	0	26	45	66	
118	73	94	117	135	139	176	165	206	197	230	232	193	221	233	193	221	221	201	174	163	144	130	110	95	71	48	26	0	28	49	
100	50	68	90	107	111	148	138	179	172	205	210	173	203	216	179	211	213	196	170	162	146	135	117	108	76	65	45	28	0	21	
96	33	48	69	86	92	128	121	162	157	190	197	164	195	211	175	209	215	199	175	170	155	146	131	124	90	84	66	49	21	0	
Custo_Viagem
V0
0	1331	1276	1298	1232	957	1320	935	1320	1078	1353	1320	836	1133	1276	869	1265	1353	1243	1056	1100	1056	1111	1100	1254	891	1199	1221	1298	1100	1056	
1331	0	275	539	792	990	1320	1364	1782	1793	2178	2288	1991	2343	2552	2189	2596	2673	2519	2277	2222	2068	1980	1804	1727	1353	1265	1045	803	550	363	
1276	275	0	264	517	759	1056	1144	1540	1584	1958	2101	1848	2211	2442	2112	2530	2640	2508	2288	2266	2134	2068	1925	1881	1485	1452	1254	1034	748	528	
1298	539	264	0	264	572	803	968	1320	1408	1771	1947	1749	2112	2365	2068	2508	2640	2541	2343	2343	2244	2200	2079	2068	1650	1672	1485	1287	990	759	
1232	792	517	264	0	363	539	726	1045	1155	1529	1705	1562	1925	2178	1936	2376	2530	2464	2299	2321	2244	2233	2134	2156	1738	1804	1639	1485	1177	946	
957	990	759	572	363	0	429	385	781	825	1199	1364	1199	1562	1815	1584	2024	2200	2156	2002	2057	2002	2024	1958	2024	1606	1760	1628	1529	1221	1012	
1320	1320	1056	803	539	429	0	451	550	770	1078	1320	1320	1650	1936	1793	2233	2442	2442	2332	2409	2376	2420	2365	2453	2035	2189	2057	1936	1628	1408	
935	1364	1144	968	726	385	451	0	451	429	803	979	880	1221	1507	1342	1782	1991	1991	1892	1991	1980	2046	2024	2145	1749	1958	1870	1815	1518	1331	
1320	1782	1540	1320	1045	781	550	451	0	341	550	803	979	1232	1529	1507	1914	2156	2222	2178	2310	2332	2431	2431	2574	2178	2409	2332	2266	1969	1782	
1078	1793	1584	1408	1155	825	770	429	341	0	374	550	627	902	1199	1166	1573	1815	1881	1859	2002	2035	2156	2178	2343	1969	2233	2189	2167	1892	1727	
1353	2178	1958	1771	1529	1199	1078	803	550	374	0	286	682	803	1089	1199	1540	1815	1936	1969	2145	2222	2365	2409	2607	2255	2552	2530	2530	2255	2090	
1320	2288	2101	1947	1705	1364	1320	979	803	550	286	0	517	539	803	979	1287	1562	1716	1782	1969	2068	2233	2310	2519	2200	2519	2530	2552	2310	2167	
836	1991	1848	1749	1562	1199	1320	880	979	627	682	517	0	363	616	539	935	1177	1265	1287	1452	1551	1705	1782	2002	1694	2035	2057	2123	1903	1804	
1133	2343	2211	2112	1925	1562	1650	1221	1232	902	803	539	363	0	286	495	748	1023	1188	1298	1507	1639	1826	1947	2189	1936	2288	2343	2442	2233	2145	
1276	2552	2442	2365	2178	1815	1936	1507	1529	1199	1089	803	616	286	0	462	517	803	1023	1177	1408	1573	1782	1936	2200	1991	2365	2442	2563	2387	2321	
869	2189	2112	2068	1936	1584	1793	1342	1507	1166	1199	979	539	495	462	0	440	649	737	803	1001	1144	1342	1474	1738	1529	1903	1991	2123	1969	1925	
1265	2596	2530	2508	2376	2024	2233	1782	1914	1573	1540	1287	935	748	517	440	0	275	517	737	979	1177	1408	1595	1870	1760	2134	2266	2431	2321	2299	
1353	2673	2640	2640	2530	2200	2442	1991	2156	1815	1815	1562	1177	1023	803	649	275	0	297	583	803	1023	1265	1463	1760	1705	2079	2233	2431	2343	2365	
1243	2519	2508	2541	2464	2156	2442	1991	2222	1881	1936	1716	1265	1188	1023	737	517	297	0	308	517	737	979	1188	1474	1452	1826	1991	2211	2156	2189	
1056	2277	2288	2343	2299	2002	2332	1892	2178	1859	1969	1782	1287	1298	1177	803	737	583	308	0	231	440	671	880	1166	1155	1518	1694	1914	1870	1925	
1100	2222	2266	2343	2321	2057	2409	1991	2310	2002	2145	1969	1452	1507	1408	1001	979	803	517	231	0	231	462	682	968	1012	1353	1551	1793	1782	1870	
1056	2068	2134	2244	2244	2002	2376	1980	2332	2035	2222	2068	1551	1639	1573	1144	1177	1023	737	440	231	0	231	451	737	803	1133	1342	1584	1606	1705	
1111	1980	2068	2200	2233	2024	2420	2046	2431	2156	2365	2233	1705	1826	1782	1342	1408	1265	979	671	462	231	0	231	506	649	946	1155	1430	1485	1606	
1100	1804	1925	2079	2134	1958	2365	2024	2431	2178	2409	2310	1782	1947	1936	1474	1595	1463	1188	880	682	451	231	0	286	451	715	935	1210	1287	1441	
1254	1727	1881	2068	2156	2024	2453	2145	2574	2343	2607	2519	2002	2189	2200	1738	1870	1760	1474	1166	968	737	506	286	0	418	517	759	1045	1188	1364	
891	1353	1485	1650	1738	1606	2035	1749	2178	1969	2255	2200	1694	1936	1991	1529	1760	1705	1452	1155	1012	803	649	451	418	0	374	539	781	836	990	
1199	1265	1452	1672	1804	1760	2189	1958	2409	2233	2552	2519	2035	2288	2365	1903	2134	2079	1826	1518	1353	1133	946	715	517	374	0	242	528	715	924	
1221	1045	1254	1485	1639	1628	2057	1870	2332	2189	2530	2530	2057	2343	2442	1991	2266	2233	1991	1694	1551	1342	1155	935	759	539	242	0	286	495	726	
1298	803	1034	1287	1485	1529	1936	1815	2266	2167	2530	2552	2123	2442	2563	2123	2431	2431	2211	1914	1793	1584	1430	1210	1045	781	528	286	0	308	539	
1100	550	748	990	1177	1221	1628	1518	1969	1892	2255	2310	1903	2233	2387	1969	2321	2343	2156	1870	1782	1606	1485	1287	1188	836	715	495	308	0	231	
1056	363	528	759	946	1012	1408	1331	1782	1727	2090	2167	1804	2145	2321	1925	2299	2365	2189	1925	1870	1705	1606	1441	1364	990	924	726	539	231	0	
V1
0	1548	1484	1510	1433	1113	1536	1088	1536	1254	1574	1536	972	1318	1484	1011	1472	1574	1446	1228	1280	1228	1292	1280	1459	1036	1395	1420	1510	1280	1228	
1548	0	320	627	921	1152	1536	1587	2073	2086	2534	2662	2316	2726	2969	2547	3020	3110	2931	2649	2585	2406	2304	2099	2009	1574	1472	1216	934	640	422	
1484	320	0	307	601	883	1228	1331	1792	1843	2278	2444	2150	2572	2841	2457	2944	3072	2918	2662	2636	2483	2406	2240	2188	1728	1689	1459	1203	870	614	
1510	627	307	0	307	665	934	1126	1536	1638	2060	2265	2035	2457	2752	2406	2918	3072	2956	2726	2726	2611	2560	2419	2406	1920	1945	1728	1497	1152	883	
1433	921	601	307	0	422	627	844	1216	1344	1779	1984	1817	2240	2534	2252	2764	2944	2867	2675	2700	2611	2598	2483	2508	2022	2099	1907	1728	1369	1100	
1113	1152	883	665	422	0	499	448	908	960	1395	1587	1395	1817	2112	1843	2355	2560	2508	2329	2393	2329	2355	2278	2355	1868	2048	1894	1779	1420	1177	
1536	1536	1228	934	627	499	0	524	640	896	1254	1536	1536	1920	2252	2086	2598	2841	2841	2713	2803	2764	2816	2752	2854	2368	2547	2393	2252	1894	1638	
1088	1587	1331	1126	844	448	524	0	524	499	934	1139	1024	1420	1753	1561	2073	2316	2316	2201	2316	2304	2380	2355	2496	2035	2278	2176	2112	1766	1548	
1536	2073	1792	1536	1216	908	640	524	0	396	640	934	1139	1433	1779	1753	2227	2508	2585	2534	2688	2713	2828	2828	2995	2534	2803	2713	2636	2291	2073	
1254	2086	1843	1638	1344	960	896	499	396	0	435	640	729	1049	1395	1356	1830	2112	2188	2163	2329	2368	2508	2534	2726	2291	2598	2547	2521	2201	2009	
1574	2534	2278	2060	1779	1395	1254	934	640	435	0	332	793	934	1267	1395	1792	2112	2252	2291	2496	2585	2752	2803	3033	2624	2969	2944	2944	2624	2432	
1536	2662	2444	2265	1984	1587	1536	1139	934	640	332	0	601	627	934	1139	1497	1817	1996	2073	2291	2406	2598	2688	2931	2560	2931	2944	2969	2688	2521	
972	2316	2150	2035	1817	1395	1536	1024	1139	729	793	601	0	422	716	627	1088	1369	1472	1497	1689	1804	1984	2073	2329	1971	2368	2393	2470	2214	2099	
1318	2726	2572	2457	2240	1817	1920	1420	1433	1049	934	627	422	0	332	576	870	1190	1382	1510	1753	1907	2124	2265	2547	2252	2662	2726	2841	2598	2496	
1484	2969	2841	2752	2534	2112	2252	1753	1779	1395	1267	934	716	332	0	537	601	934	1190	1369	1638	1830	2073	2252	2560	2316	2752	2841	2982	2777	2700	
1011	2547	2457	2406	2252	1843	2086	1561	1753	1356	1395	1139	627	576	537	0	512	755	857	934	1164	1331	1561	1715	2022	1779	2214	2316	2470	2291	2240	
1472	3020	2944	2918	2764	2355	2598	2073	2227	1830	1792	1497	1088	870	601	512	0	320	601	857	1139	1369	1638	1856	2176	2048	2483	2636	2828	2700	2675	
1574	3110	3072	3072	2944	2560	2841	2316	2508	2112	2112	1817	1369	1190	934	755	320	0	345	678	934	1190	1472	1702	2048	1984	2419	2598	2828	2726	2752	
1446	2931	2918	2956	2867	2508	2841	2316	2585	2188	2252	1996	1472	1382	1190	857	601	345	0	358	601	857	1139	1382	1715	1689	2124	2316	2572	2508	2547	
1228	2649	2662	2726	2675	2329	2713	2201	2534	2163	2291	2073	1497	1510	1369	934	857	678	358	0	268	512	780	1024	1356	1344	1766	1971	2227	2176	2240	
1280	2585	2636	2726	2700	2393	2803	2316	2688	2329	2496	2291	1689	1753	1638	1164	1139	934	601	268	0	268	537	793	1126	1177	1574	1804	2086	2073	2176	
1228	2406	2483	2611	2611	2329	2764	2304	2713	2368	2585	2406	1804	1907	1830	1331	1369	1190	857	512	268	0	268	524	857	934	1318	1561	1843	1868	1984	
1292	2304	2406	2560	2598	2355	2816	2380	2828	2508	2752	2598	1984	2124	2073	1561	1638	1472	1139	780	537	268	0	268	588	755	1100	1344	1664	1728	1868	
1280	2099	2240	2419	2483	2278	2752	2355	2828	2534	2803	2688	2073	2265	2252	1715	1856	1702	1382	1024	793	524	268	0	332	524	832	1088	1408	1497	1676	
1459	2009	2188	2406	2508	2355	2854	2496	2995	2726	3033	2931	2329	2547	2560	2022	2176	2048	1715	1356	1126	857	588	332	0	486	601	883	1216	1382	1587	
1036	1574	1728	1920	2022	1868	2368	2035	2534	2291	2624	2560	1971	2252	2316	1779	2048	1984	1689	1344	1177	934	755	524	486	0	435	627	908	972	1152	
1395	1472	1689	1945	2099	2048	2547	2278	2803	2598	2969	2931	2368	2662	2752	2214	2483	2419	2124	1766	1574	1318	1100	832	601	435	0	281	614	832	1075	
1420	1216	1459	1728	1907	1894	2393	2176	2713	2547	2944	2944	2393	2726	2841	2316	2636	2598	2316	1971	1804	1561	1344	1088	883	627	281	0	332	576	844	
1510	934	1203	1497	1728	1779	2252	2112	2636	2521	2944	2969	2470	2841	2982	2470	2828	2828	2572	2227	2086	1843	1664	1408	1216	908	614	332	0	358	627	
1280	640	870	1152	1369	1420	1894	1766	2291	2201	2624	2688	2214	2598	2777	2291	2700	2726	2508	2176	2073	1868	1728	1497	1382	972	832	576	358	0	268	
1228	422	614	883	1100	1177	1638	1548	2073	2009	2432	2521	2099	2496	2700	2240	2675	2752	2547	2240	2176	1984	1868	1676	1587	1152	1075	844	627	268	0	
V2
0	1306	1252	1274	1209	939	1296	918	1296	1058	1328	1296	820	1112	1252	853	1242	1328	1220	1036	1080	1036	1090	1080	1231	874	1177	1198	1274	1080	1036	
1306	0	270	529	777	972	1296	1339	1749	1760	2138	2246	1954	2300	2505	2149	2548	2624	2473	2235	2181	2030	1944	1771	1695	1328	1242	1026	788	540	356	
1252	270	0	259	507	745	1036	1123	1512	1555	1922	2062	1814	2170	2397	2073	2484	2592	2462	2246	2224	2095	2030	1890	1846	1458	1425	1231	1015	734	518	
1274	529	259	0	259	561	788	950	1296	1382	1738	1911	1717	2073	2322	2030	2462	2592	2494	2300	2300	2203	2160	2041	2030	1620	1641	1458	1263	972	745	
1209	777	507	259	0	356	529	712	1026	1134	1501	1674	1533	1890	2138	1900	2332	2484	2419	2257	2278	2203	2192	2095	2116	1706	1771	1609	1458	1155	928	
939	972	745	561	356	0	421	378	766	810	1177	1339	1177	1533	1782	1555	1987	2160	2116	1965	2019	1965	1987	1922	1987	1576	1728	1598	1501	1198	993	
1296	1296	1036	788	529	421	0	442	540	756	1058	1296	1296	1620	1900	1760	2192	2397	2397	2289	2365	2332	2376	2322	2408	1998	2149	2019	1900	1598	1382	
918	1339	1123	950	712	378	442	0	442	421	788	961	864	1198	1479	1317	1749	1954	1954	1857	1954	1944	2008	1987	2106	1717	1922	1836	1782	1490	1306	
1296	1749	1512	1296	1026	766	540	442	0	334	540	788	961	1209	1501	1479	1879	2116	2181	2138	2268	2289	2386	2386	2527	2138	2365	2289	2224	1933	1749	
1058	1760	1555	1382	1134	810	756	421	334	0	367	540	615	885	1177	1144	1544	1782	1846	1825	1965	1998	2116	2138	2300	1933	2192	2149	2127	1857	1695	
1328	2138	1922	1738	1501	1177	1058	788	540	367	0	280	669	788	1069	1177	1512	1782	1900	1933	2106	2181	2322	2365	2559	2214	2505	2484	2484	2214	2052	
1296	2246	2062	1911	1674	1339	1296	961	788	540	280	0	507	529	788	961	1263	1533	1684	1749	1933	2030	2192	2268	2473	2160	2473	2484	2505	2268	2127	
820	1954	1814	1717	1533	1177	1296	864	961	615	669	507	0	356	604	529	918	1155	1242	1263	1425	1522	1674	1749	1965	1663	1998	2019	2084	1868	1771	
1112	2300	2170	2073	1890	1533	1620	1198	1209	885	788	529	356	0	280	486	734	1004	1166	1274	1479	1609	1792	1911	2149	1900	2246	2300	2397	2192	2106	
1252	2505	2397	2322	2138	1782	1900	1479	1501	1177	1069	788	604	280	0	453	507	788	1004	1155	1382	1544	1749	1900	2160	1954	2322	2397	2516	2343	2278	
853	2149	2073	2030	1900	1555	1760	1317	1479	1144	1177	961	529	486	453	0	432	637	723	788	982	1123	1317	1447	1706	1501	1868	1954	2084	1933	1890	
1242	2548	2484	2462	2332	1987	2192	1749	1879	1544	1512	1263	918	734	507	432	0	270	507	723	961	1155	1382	1566	1836	1728	2095	2224	2386	2278	2257	
1328	2624	2592	2592	2484	2160	2397	1954	2116	1782	1782	1533	1155	1004	788	637	270	0	291	572	788	1004	1242	1436	1728	1674	2041	2192	2386	2300	2322	
1220	2473	2462	2494	2419	2116	2397	1954	2181	1846	1900	1684	1242	1166	1004	723	507	291	0	302	507	723	961	1166	1447	1425	1792	1954	2170	2116	2149	
1036	2235	2246	2300	2257	1965	2289	1857	2138	1825	1933	1749	1263	1274	1155	788	723	572	302	0	226	432	658	864	1144	1134	1490	1663	1879	1836	1890	
1080	2181	2224	2300	2278	2019	2365	1954	2268	1965	2106	1933	1425	1479	1382	982	961	788	507	226	0	226	453	669	950	993	1328	1522	1760	1749	1836	
1036	2030	2095	2203	2203	1965	2332	1944	2289	1998	2181	2030	1522	1609	1544	1123	1155	1004	723	432	226	0	226	442	723	788	1112	1317	1555	1576	1674	
1090	1944	2030	2160	2192	1987	2376	2008	2386	2116	2322	2192	1674	1792	1749	1317	1382	1242	961	658	453	226	0	226	496	637	928	1134	1404	1458	1576	
1080	1771	1890	2041	2095	1922	2322	1987	2386	2138	2365	2268	1749	1911	1900	1447	1566	1436	1166	864	669	442	226	0	280	442	702	918	1188	1263	1414	
1231	1695	1846	2030	2116	1987	2408	2106	2527	2300	2559	2473	1965	2149	2160	1706	1836	1728	1447	1144	950	723	496	280	0	410	507	745	1026	1166	1339	
874	1328	1458	1620	1706	1576	1998	1717	2138	1933	2214	2160	1663	1900	1954	1501	1728	1674	1425	1134	993	788	637	442	410	0	367	529	766	820	972	
1177	1242	1425	1641	1771	1728	2149	1922	2365	2192	2505	2473	1998	2246	2322	1868	2095	2041	1792	1490	1328	1112	928	702	507	367	0	237	518	702	907	
1198	1026	1231	1458	1609	1598	2019	1836	2289	2149	2484	2484	2019	2300	2397	1954	2224	2192	1954	1663	1522	1317	1134	918	745	529	237	0	280	486	712	
1274	788	1015	1263	1458	1501	1900	1782	2224	2127	2484	2505	2084	2397	2516	2084	2386	2386	2170	1879	1760	1555	1404	1188	1026	766	518	280	0	302	529	
1080	540	734	972	1155	1198	1598	1490	1933	1857	2214	2268	1868	2192	2343	1933	2278	2300	2116	1836	1749	1576	1458	1263	1166	820	702	486	302	0	226	
1036	356	518	745	928	993	1382	1306	1749	1695	2052	2127	1771	2106	2278	1890	2257	2322	2149	1890	1836	1674	1576	1414	1339	972	907	712	529	226	0	
V3
0	1064	1020	1038	985	765	1056	748	1056	862	1082	1056	668	906	1020	695	1012	1082	994	844	880	844	888	880	1003	712	959	976	1038	880	844	
1064	0	220	431	633	792	1056	1091	1425	1434	1742	1830	1592	1874	2041	1751	2076	2138	2015	1821	1777	1654	1584	1443	1381	1082	1012	836	642	440	290	
1020	220	0	211	413	607	844	915	1232	1267	1566	1680	1478	1768	1953	1689	2024	2112	2006	1830	1812	1707	1654	1540	1504	1188	1161	1003	827	598	422	
1038	431	211	0	211	457	642	774	1056	1126	1416	1557	1399	1689	1892	1654	2006	2112	2032	1874	1874	1795	1760	1663	1654	1320	1337	1188	1029	792	607	
985	633	413	211	0	290	431	580	836	924	1223	1364	1249	1540	1742	1548	1900	2024	1971	1839	1856	1795	1786	1707	1724	1390	1443	1311	1188	941	756	
765	792	607	457	290	0	343	308	624	660	959	1091	959	1249	1452	1267	1619	1760	1724	1601	1645	1601	1619	1566	1619	1284	1408	1302	1223	976	809	
1056	1056	844	642	431	343	0	360	440	616	862	1056	1056	1320	1548	1434	1786	1953	1953	1865	1927	1900	1936	1892	1962	1628	1751	1645	1548	1302	1126	
748	1091	915	774	580	308	360	0	360	343	642	783	704	976	1205	1073	1425	1592	1592	1513	1592	1584	1636	1619	1716	1399	1566	1496	1452	1214	1064	
1056	1425	1232	1056	836	624	440	360	0	272	440	642	783	985	1223	1205	1531	1724	1777	1742	1848	1865	1944	1944	2059	1742	1927	1865	1812	1575	1425	
862	1434	1267	1126	924	660	616	343	272	0	299	440	501	721	959	932	1258	1452	1504	1487	1601	1628	1724	1742	1874	1575	1786	1751	1733	1513	1381	
1082	1742	1566	1416	1223	959	862	642	440	299	0	228	545	642	871	959	1232	1452	1548	1575	1716	1777	1892	1927	2085	1804	2041	2024	2024	1804	1672	
1056	1830	1680	1557	1364	1091	1056	783	642	440	228	0	413	431	642	783	1029	1249	1372	1425	1575	1654	1786	1848	2015	1760	2015	2024	2041	1848	1733	
668	1592	1478	1399	1249	959	1056	704	783	501	545	413	0	290	492	431	748	941	1012	1029	1161	1240	1364	1425	1601	1355	1628	1645	1698	1522	1443	
906	1874	1768	1689	1540	1249	1320	976	985	721	642	431	290	0	228	396	598	818	950	1038	1205	1311	1460	1557	1751	1548	1830	1874	1953	1786	1716	
1020	2041	1953	1892	1742	1452	1548	1205	1223	959	871	642	492	228	0	369	413	642	818	941	1126	1258	1425	1548	1760	1592	1892	1953	2050	1909	1856	
695	1751	1689	1654	1548	1267	1434	1073	1205	932	959	783	431	396	369	0	352	519	589	642	800	915	1073	1179	1390	1223	1522	1592	1698	1575	1540	
1012	2076	2024	2006	1900	1619	1786	1425	1531	1258	1232	1029	748	598	413	352	0	220	413	589	783	941	1126	1276	1496	1408	1707	1812	1944	1856	1839	
1082	2138	2112	2112	2024	1760	1953	1592	1724	1452	1452	1249	941	818	642	519	220	0	237	466	642	818	1012	1170	1408	1364	1663	1786	1944	1874	1892	
994	2015	2006	2032	1971	1724	1953	1592	1777	1504	1548	1372	1012	950	818	589	413	237	0	246	413	589	783	950	1179	1161	1460	1592	1768	1724	1751	
844	1821	1830	1874	1839	1601	1865	1513	1742	1487	1575	1425	1029	1038	941	642	589	466	246	0	184	352	536	704	932	924	1214	1355	1531	1496	1540	
880	1777	1812	1874	1856	1645	1927	1592	1848	1601	1716	1575	1161	1205	1126	800	783	642	413	184	0	184	369	545	774	809	1082	1240	1434	1425	1496	
844	1654	1707	1795	1795	1601	1900	1584	1865	1628	1777	1654	1240	1311	1258	915	941	818	589	352	184	0	184	360	589	642	906	1073	1267	1284	1364	
888	1584	1654	1760	1786	1619	1936	1636	1944	1724	1892	1786	1364	1460	1425	1073	1126	1012	783	536	369	184	0	184	404	519	756	924	1144	1188	1284	
880	1443	1540	1663	1707	1566	1892	1619	1944	1742	1927	1848	1425	1557	1548	1179	1276	1170	950	704	545	360	184	0	228	360	572	748	968	1029	1152	
1003	1381	1504	1654	1724	1619	1962	1716	2059	1874	2085	2015	1601	1751	1760	1390	1496	1408	1179	932	774	589	404	228	0	334	413	607	836	950	1091	
712	1082	1188	1320	1390	1284	1628	1399	1742	1575	1804	1760	1355	1548	1592	1223	1408	1364	1161	924	809	642	519	360	334	0	299	431	624	668	792	
959	1012	1161	1337	1443	1408	1751	1566	1927	1786	2041	2015	1628	1830	1892	1522	1707	1663	1460	1214	1082	906	756	572	413	299	0	193	422	572	739	
976	836	1003	1188	1311	1302	1645	1496	1865	1751	2024	2024	1645	1874	1953	1592	1812	1786	1592	1355	1240	1073	924	748	607	431	193	0	228	396	580	
1038	642	827	1029	1188	1223	1548	1452	1812	1733	2024	2041	1698	1953	2050	1698	1944	1944	1768	1531	1434	1267	1144	968	836	624	422	228	0	246	431	
880	440	598	792	941	976	1302	1214	1575	1513	1804	1848	1522	1786	1909	1575	1856	1874	1724	1496	1425	1284	1188	1029	950	668	572	396	246	0	184	
844	290	422	607	756	809	1126	1064	1425	1381	1672	1733	1443	1716	1856	1540	1839	1892	1751	1540	1496	1364	1284	1152	1091	792	739	580	431	184	0	
V4
0	1742	1670	1699	1612	1252	1728	1224	1728	1411	1771	1728	1094	1483	1670	1137	1656	1771	1627	1382	1440	1382	1454	1440	1641	1166	1569	1598	1699	1440	1382	
1742	0	360	705	1036	1296	1728	1785	2332	2347	2851	2995	2606	3067	3340	2865	3398	3499	3297	2980	2908	2707	2592	2361	2260	1771	1656	1368	1051	720	475	
1670	360	0	345	676	993	1382	1497	2016	2073	2563	2750	2419	2894	3196	2764	3312	3456	3283	2995	2966	2793	2707	2520	2462	1944	1900	1641	1353	979	691	
1699	705	345	0	345	748	1051	1267	1728	1843	2318	2548	2289	2764	3096	2707	3283	3456	3326	3067	3067	2937	2880	2721	2707	2160	2188	1944	1684	1296	993	
1612	1036	676	345	0	475	705	950	1368	1512	2001	2232	2044	2520	2851	2534	3110	3312	3225	3009	3038	2937	2923	2793	2822	2275	2361	2145	1944	1540	1238	
1252	1296	993	748	475	0	561	504	1022	1080	1569	1785	1569	2044	2376	2073	2649	2880	2822	2620	2692	2620	2649	2563	2649	2102	2304	2131	2001	1598	1324	
1728	1728	1382	1051	705	561	0	590	720	1008	1411	1728	1728	2160	2534	2347	2923	3196	3196	3052	3153	3110	3168	3096	3211	2664	2865	2692	2534	2131	1843	
1224	1785	1497	1267	950	504	590	0	590	561	1051	1281	1152	1598	1972	1756	2332	2606	2606	2476	2606	2592	2678	2649	2808	2289	2563	2448	2376	1987	1742	
1728	2332	2016	1728	1368	1022	720	590	0	446	720	1051	1281	1612	2001	1972	2505	2822	2908	2851	3024	3052	3182	3182	3369	2851	3153	3052	2966	2577	2332	
1411	2347	2073	1843	1512	1080	1008	561	446	0	489	720	820	1180	1569	1526	2059	2376	2462	2433	2620	2664	2822	2851	3067	2577	2923	2865	2836	2476	2260	
1771	2851	2563	2318	2001	1569	1411	1051	720	489	0	374	892	1051	1425	1569	2016	2376	2534	2577	2808	2908	3096	3153	3412	2952	3340	3312	3312	2952	2736	
1728	2995	2750	2548	2232	1785	1728	1281	1051	720	374	0	676	705	1051	1281	1684	2044	2246	2332	2577	2707	2923	3024	3297	2880	3297	3312	3340	3024	2836	
1094	2606	2419	2289	2044	1569	1728	1152	1281	820	892	676	0	475	806	705	1224	1540	1656	1684	1900	2030	2232	2332	2620	2217	2664	2692	2779	2491	2361	
1483	3067	2894	2764	2520	2044	2160	1598	1612	1180	1051	705	475	0	374	648	979	1339	1555	1699	1972	2145	2390	2548	2865	2534	2995	3067	3196	2923	2808	
1670	3340	3196	3096	2851	2376	2534	1972	2001	1569	1425	1051	806	374	0	604	676	1051	1339	1540	1843	2059	2332	2534	2880	2606	3096	3196	3355	3124	3038	
1137	2865	2764	2707	2534	2073	2347	1756	1972	1526	1569	1281	705	648	604	0	576	849	964	1051	1310	1497	1756	1929	2275	2001	2491	2606	2779	2577	2520	
1656	3398	3312	3283	3110	2649	2923	2332	2505	2059	2016	1684	1224	979	676	576	0	360	676	964	1281	1540	1843	2088	2448	2304	2793	2966	3182	3038	3009	
1771	3499	3456	3456	3312	2880	3196	2606	2822	2376	2376	2044	1540	1339	1051	849	360	0	388	763	1051	1339	1656	1915	2304	2232	2721	2923	3182	3067	3096	
1627	3297	3283	3326	3225	2822	3196	2606	2908	2462	2534	2246	1656	1555	1339	964	676	388	0	403	676	964	1281	1555	1929	1900	2390	2606	2894	2822	2865	
1382	2980	2995	3067	3009	2620	3052	2476	2851	2433	2577	2332	1684	1699	1540	1051	964	763	403	0	302	576	878	1152	1526	1512	1987	2217	2505	2448	2520	
1440	2908	2966	3067	3038	2692	3153	2606	3024	2620	2808	2577	1900	1972	1843	1310	1281	1051	676	302	0	302	604	892	1267	1324	1771	2030	2347	2332	2448	
1382	2707	2793	2937	2937	2620	3110	2592	3052	2664	2908	2707	2030	2145	2059	1497	1540	1339	964	576	302	0	302	590	964	1051	1483	1756	2073	2102	2232	
1454	2592	2707	2880	2923	2649	3168	2678	3182	2822	3096	2923	2232	2390	2332	1756	1843	1656	1281	878	604	302	0	302	662	849	1238	1512	1872	1944	2102	
1440	2361	2520	2721	2793	2563	3096	2649	3182	2851	3153	3024	2332	2548	2534	1929	2088	1915	1555	1152	892	590	302	0	374	590	936	1224	1584	1684	1886	
1641	2260	2462	2707	2822	2649	3211	2808	3369	3067	3412	3297	2620	2865	2880	2275	2448	2304	1929	1526	1267	964	662	374	0	547	676	993	1368	1555	1785	
1166	1771	1944	2160	2275	2102	2664	2289	2851	2577	2952	2880	2217	2534	2606	2001	2304	2232	1900	1512	1324	1051	849	590	547	0	489	705	1022	1094	1296	
1569	1656	1900	2188	2361	2304	2865	2563	3153	2923	3340	3297	2664	2995	3096	2491	2793	2721	2390	1987	1771	1483	1238	936	676	489	0	316	691	936	1209	
1598	1368	1641	1944	2145	2131	2692	2448	3052	2865	3312	3312	2692	3067	3196	2606	2966	2923	2606	2217	2030	1756	1512	1224	993	705	316	0	374	648	950	
1699	1051	1353	1684	1944	2001	2534	2376	2966	2836	3312	3340	2779	3196	3355	2779	3182	3182	2894	2505	2347	2073	1872	1584	1368	1022	691	374	0	403	705	
1440	720	979	1296	1540	1598	2131	1987	2577	2476	2952	3024	2491	2923	3124	2577	3038	3067	2822	2448	2332	2102	1944	1684	1555	1094	936	648	403	0	302	
1382	475	691	993	1238	1324	1843	1742	2332	2260	2736	2836	2361	2808	3038	2520	3009	3096	2865	2520	2448	2232	2102	1886	1785	1296	1209	950	705	302	0	
V5
0	1911	1832	1864	1769	1374	1896	1343	1896	1548	1943	1896	1200	1627	1832	1248	1817	1943	1785	1516	1580	1516	1595	1580	1801	1279	1722	1753	1864	1580	1516	
1911	0	395	774	1137	1422	1896	1959	2559	2575	3128	3286	2859	3365	3665	3144	3728	3839	3618	3270	3191	2970	2844	2591	2480	1943	1817	1501	1153	790	521	
1832	395	0	379	742	1090	1516	1643	2212	2275	2812	3017	2654	3175	3507	3033	3634	3792	3602	3286	3254	3065	2970	2765	2701	2133	2085	1801	1485	1074	758	
1864	774	379	0	379	821	1153	1390	1896	2022	2543	2796	2512	3033	3397	2970	3602	3792	3649	3365	3365	3223	3160	2986	2970	2370	2401	2133	1848	1422	1090	
1769	1137	742	379	0	521	774	1042	1501	1659	2196	2449	2243	2765	3128	2780	3412	3634	3539	3302	3333	3223	3207	3065	3096	2496	2591	2354	2133	1690	1358	
1374	1422	1090	821	521	0	616	553	1121	1185	1722	1959	1722	2243	2607	2275	2907	3160	3096	2875	2954	2875	2907	2812	2907	2306	2528	2338	2196	1753	1453	
1896	1896	1516	1153	774	616	0	647	790	1106	1548	1896	1896	2370	2780	2575	3207	3507	3507	3349	3460	3412	3476	3397	3523	2923	3144	2954	2780	2338	2022	
1343	1959	1643	1390	1042	553	647	0	647	616	1153	1406	1264	1753	2164	1927	2559	2859	2859	2717	2859	2844	2938	2907	3081	2512	2812	2686	2607	2180	1911	
1896	2559	2212	1896	1501	1121	790	647	0	489	790	1153	1406	1769	2196	2164	2749	3096	3191	3128	3318	3349	3491	3491	3697	3128	3460	3349	3254	2828	2559	
1548	2575	2275	2022	1659	1185	1106	616	489	0	537	790	900	1295	1722	1674	2259	2607	2701	2670	2875	2923	3096	3128	3365	2828	3207	3144	3112	2717	2480	
1943	3128	2812	2543	2196	1722	1548	1153	790	537	0	410	979	1153	1564	1722	2212	2607	2780	2828	3081	3191	3397	3460	3744	3239	3665	3634	3634	3239	3002	
1896	3286	3017	2796	2449	1959	1896	1406	1153	790	410	0	742	774	1153	1406	1848	2243	2464	2559	2828	2970	3207	3318	3618	3160	3618	3634	3665	3318	3112	
1200	2859	2654	2512	2243	1722	1896	1264	1406	900	979	742	0	521	884	774	1343	1690	1817	1848	2085	2227	2449	2559	2875	2433	2923	2954	3049	2733	2591	
1627	3365	3175	3033	2765	2243	2370	1753	1769	1295	1153	774	521	0	410	711	1074	1469	1706	1864	2164	2354	2622	2796	3144	2780	3286	3365	3507	3207	3081	
1832	3665	3507	3397	3128	2607	2780	2164	2196	1722	1564	1153	884	410	0	663	742	1153	1469	1690	2022	2259	2559	2780	3160	2859	3397	3507	3681	3428	3333	
1248	3144	3033	2970	2780	2275	2575	1927	2164	1674	1722	1406	774	711	663	0	632	932	1058	1153	1437	1643	1927	2117	2496	2196	2733	2859	3049	2828	2765	
1817	3728	3634	3602	3412	2907	3207	2559	2749	2259	2212	1848	1343	1074	742	632	0	395	742	1058	1406	1690	2022	2291	2686	2528	3065	3254	3491	3333	3302	
1943	3839	3792	3792	3634	3160	3507	2859	3096	2607	2607	2243	1690	1469	1153	932	395	0	426	837	1153	1469	1817	2101	2528	2449	2986	3207	3491	3365	3397	
1785	3618	3602	3649	3539	3096	3507	2859	3191	2701	2780	2464	1817	1706	1469	1058	742	426	0	442	742	1058	1406	1706	2117	2085	2622	2859	3175	3096	3144	
1516	3270	3286	3365	3302	2875	3349	2717	3128	2670	2828	2559	1848	1864	1690	1153	1058	837	442	0	331	632	963	1264	1674	1659	2180	2433	2749	2686	2765	
1580	3191	3254	3365	3333	2954	3460	2859	3318	2875	3081	2828	2085	2164	2022	1437	1406	1153	742	331	0	331	663	979	1390	1453	1943	2227	2575	2559	2686	
1516	2970	3065	3223	3223	2875	3412	2844	3349	2923	3191	2970	2227	2354	2259	1643	1690	1469	1058	632	331	0	331	647	1058	1153	1627	1927	2275	2306	2449	
1595	2844	2970	3160	3207	2907	3476	2938	3491	3096	3397	3207	2449	2622	2559	1927	2022	1817	1406	963	663	331	0	331	726	932	1358	1659	2054	2133	2306	
1580	2591	2765	2986	3065	2812	3397	2907	3491	3128	3460	3318	2559	2796	2780	2117	2291	2101	1706	1264	979	647	331	0	410	647	1027	1343	1738	1848	2069	
1801	2480	2701	2970	3096	2907	3523	3081	3697	3365	3744	3618	2875	3144	3160	2496	2686	2528	2117	1674	1390	1058	726	410	0	600	742	1090	1501	1706	1959	
1279	1943	2133	2370	2496	2306	2923	2512	3128	2828	3239	3160	2433	2780	2859	2196	2528	2449	2085	1659	1453	1153	932	647	600	0	537	774	1121	1200	1422	
1722	1817	2085	2401	2591	2528	3144	2812	3460	3207	3665	3618	2923	3286	3397	2733	3065	2986	2622	2180	1943	1627	1358	1027	742	537	0	347	758	1027	1327	
1753	1501	1801	2133	2354	2338	2954	2686	3349	3144	3634	3634	2954	3365	3507	2859	3254	3207	2859	2433	2227	1927	1659	1343	1090	774	347	0	410	711	1042	
1864	1153	1485	1848	2133	2196	2780	2607	3254	3112	3634	3665	3049	3507	3681	3049	3491	3491	3175	2749	2575	2275	2054	1738	1501	1121	758	410	0	442	774	
1580	790	1074	1422	1690	1753	2338	2180	2828	2717	3239	3318	2733	3207	3428	2828	3333	3365	3096	2686	2559	2306	2133	1848	1706	1200	1027	711	442	0	331	
1516	521	758	1090	1358	1453	2022	1911	2559	2480	3002	3112	2591	3081	3333	2765	3302	3397	3144	2765	2686	2449	2306	2069	1959	1422	1327	1042	774	331	0	
V6
0	1573	1508	1534	1456	1131	1560	1105	1560	1274	1599	1560	988	1339	1508	1027	1495	1599	1469	1248	1300	1248	1313	1300	1482	1053	1417	1443	1534	1300	1248	
1573	0	325	637	936	1170	1560	1612	2106	2119	2574	2704	2353	2769	3016	2587	3068	3159	2977	2691	2626	2444	2340	2132	2041	1599	1495	1235	949	650	429	
1508	325	0	312	611	897	1248	1352	1820	1872	2314	2483	2184	2613	2886	2496	2990	3120	2964	2704	2678	2522	2444	2275	2223	1755	1716	1482	1222	884	624	
1534	637	312	0	312	676	949	1144	1560	1664	2093	2301	2067	2496	2795	2444	2964	3120	3003	2769	2769	2652	2600	2457	2444	1950	1976	1755	1521	1170	897	
1456	936	611	312	0	429	637	858	1235	1365	1807	2015	1846	2275	2574	2288	2808	2990	2912	2717	2743	2652	2639	2522	2548	2054	2132	1937	1755	1391	1118	
1131	1170	897	676	429	0	507	455	923	975	1417	1612	1417	1846	2145	1872	2392	2600	2548	2366	2431	2366	2392	2314	2392	1898	2080	1924	1807	1443	1196	
1560	1560	1248	949	637	507	0	533	650	910	1274	1560	1560	1950	2288	2119	2639	2886	2886	2756	2847	2808	2860	2795	2899	2405	2587	2431	2288	1924	1664	
1105	1612	1352	1144	858	455	533	0	533	507	949	1157	1040	1443	1781	1586	2106	2353	2353	2236	2353	2340	2418	2392	2535	2067	2314	2210	2145	1794	1573	
1560	2106	1820	1560	1235	923	650	533	0	403	650	949	1157	1456	1807	1781	2262	2548	2626	2574	2730	2756	2873	2873	3042	2574	2847	2756	2678	2327	2106	
1274	2119	1872	1664	1365	975	910	507	403	0	442	650	741	1066	1417	1378	1859	2145	2223	2197	2366	2405	2548	2574	2769	2327	2639	2587	2561	2236	2041	
1599	2574	2314	2093	1807	1417	1274	949	650	442	0	338	806	949	1287	1417	1820	2145	2288	2327	2535	2626	2795	2847	3081	2665	3016	2990	2990	2665	2470	
1560	2704	2483	2301	2015	1612	1560	1157	949	650	338	0	611	637	949	1157	1521	1846	2028	2106	2327	2444	2639	2730	2977	2600	2977	2990	3016	2730	2561	
988	2353	2184	2067	1846	1417	1560	1040	1157	741	806	611	0	429	728	637	1105	1391	1495	1521	1716	1833	2015	2106	2366	2002	2405	2431	2509	2249	2132	
1339	2769	2613	2496	2275	1846	1950	1443	1456	1066	949	637	429	0	338	585	884	1209	1404	1534	1781	1937	2158	2301	2587	2288	2704	2769	2886	2639	2535	
1508	3016	2886	2795	2574	2145	2288	1781	1807	1417	1287	949	728	338	0	546	611	949	1209	1391	1664	1859	2106	2288	2600	2353	2795	2886	3029	2821	2743	
1027	2587	2496	2444	2288	1872	2119	1586	1781	1378	1417	1157	637	585	546	0	520	767	871	949	1183	1352	1586	1742	2054	1807	2249	2353	2509	2327	2275	
1495	3068	2990	2964	2808	2392	2639	2106	2262	1859	1820	1521	1105	884	611	520	0	325	611	871	1157	1391	1664	1885	2210	2080	2522	2678	2873	2743	2717	
1599	3159	3120	3120	2990	2600	2886	2353	2548	2145	2145	1846	1391	1209	949	767	325	0	351	689	949	1209	1495	1729	2080	2015	2457	2639	2873	2769	2795	
1469	2977	2964	3003	2912	2548	2886	2353	2626	2223	2288	2028	1495	1404	1209	871	611	351	0	364	611	871	1157	1404	1742	1716	2158	2353	2613	2548	2587	
1248	2691	2704	2769	2717	2366	2756	2236	2574	2197	2327	2106	1521	1534	1391	949	871	689	364	0	273	520	793	1040	1378	1365	1794	2002	2262	2210	2275	
1300	2626	2678	2769	2743	2431	2847	2353	2730	2366	2535	2327	1716	1781	1664	1183	1157	949	611	273	0	273	546	806	1144	1196	1599	1833	2119	2106	2210	
1248	2444	2522	2652	2652	2366	2808	2340	2756	2405	2626	2444	1833	1937	1859	1352	1391	1209	871	520	273	0	273	533	871	949	1339	1586	1872	1898	2015	
1313	2340	2444	2600	2639	2392	2860	2418	2873	2548	2795	2639	2015	2158	2106	1586	1664	1495	1157	793	546	273	0	273	598	767	1118	1365	1690	1755	1898	
1300	2132	2275	2457	2522	2314	2795	2392	2873	2574	2847	2730	2106	2301	2288	1742	1885	1729	1404	1040	806	533	273	0	338	533	845	1105	1430	1521	1703	
1482	2041	2223	2444	2548	2392	2899	2535	3042	2769	3081	2977	2366	2587	2600	2054	2210	2080	1742	1378	1144	871	598	338	0	494	611	897	1235	1404	1612	
1053	1599	1755	1950	2054	1898	2405	2067	2574	2327	2665	2600	2002	2288	2353	1807	2080	2015	1716	1365	1196	949	767	533	494	0	442	637	923	988	1170	
1417	1495	1716	1976	2132	2080	2587	2314	2847	2639	3016	2977	2405	2704	2795	2249	2522	2457	2158	1794	1599	1339	1118	845	611	442	0	286	624	845	1092	
1443	1235	1482	1755	1937	1924	2431	2210	2756	2587	2990	2990	2431	2769	2886	2353	2678	2639	2353	2002	1833	1586	1365	1105	897	637	286	0	338	585	858	
1534	949	1222	1521	1755	1807	2288	2145	2678	2561	2990	3016	2509	2886	3029	2509	2873	2873	2613	2262	2119	1872	1690	1430	1235	923	624	338	0	364	637	
1300	650	884	1170	1391	1443	1924	1794	2327	2236	2665	2730	2249	2639	2821	2327	2743	2769	2548	2210	2106	1898	1755	1521	1404	988	845	585	364	0	273	
1248	429	624	897	1118	1196	1664	1573	2106	2041	2470	2561	2132	2535	2743	2275	2717	2795	2587	2275	2210	2015	1898	1703	1612	1170	1092	858	637	273	0	
V7
0	2178	2088	2124	2016	1566	2160	1530	2160	1764	2214	2160	1368	1854	2088	1422	2070	2214	2034	1728	1800	1728	1818	1800	2052	1458	1962	1998	2124	1800	1728	
2178	0	450	882	1296	1620	2160	2232	2916	2934	3564	3744	3258	3834	4176	3582	4248	4374	4122	3726	3636	3384	3240	2952	2826	2214	2070	1710	1314	900	594	
2088	450	0	432	846	1242	1728	1872	2520	2592	3204	3438	3024	3618	3996	3456	4140	4320	4104	3744	3708	3492	3384	3150	3078	2430	2376	2052	1692	1224	864	
2124	882	432	0	432	936	1314	1584	2160	2304	2898	3186	2862	3456	3870	3384	4104	4320	4158	3834	3834	3672	3600	3402	3384	2700	2736	2430	2106	1620	1242	
2016	1296	846	432	0	594	882	1188	1710	1890	2502	2790	2556	3150	3564	3168	3888	4140	4032	3762	3798	3672	3654	3492	3528	2844	2952	2682	2430	1926	1548	
1566	1620	1242	936	594	0	702	630	1278	1350	1962	2232	1962	2556	2970	2592	3312	3600	3528	3276	3366	3276	3312	3204	3312	2628	2880	2664	2502	1998	1656	
2160	2160	1728	1314	882	702	0	738	900	1260	1764	2160	2160	2700	3168	2934	3654	3996	3996	3816	3942	3888	3960	3870	4014	3330	3582	3366	3168	2664	2304	
1530	2232	1872	1584	1188	630	738	0	738	702	1314	1602	1440	1998	2466	2196	2916	3258	3258	3096	3258	3240	3348	3312	3510	2862	3204	3060	2970	2484	2178	
2160	2916	2520	2160	1710	1278	900	738	0	558	900	1314	1602	2016	2502	2466	3132	3528	3636	3564	3780	3816	3978	3978	4212	3564	3942	3816	3708	3222	2916	
1764	2934	2592	2304	1890	1350	1260	702	558	0	612	900	1026	1476	1962	1908	2574	2970	3078	3042	3276	3330	3528	3564	3834	3222	3654	3582	3546	3096	2826	
2214	3564	3204	2898	2502	1962	1764	1314	900	612	0	468	1116	1314	1782	1962	2520	2970	3168	3222	3510	3636	3870	3942	4266	3690	4176	4140	4140	3690	3420	
2160	3744	3438	3186	2790	2232	2160	1602	1314	900	468	0	846	882	1314	1602	2106	2556	2808	2916	3222	3384	3654	3780	4122	3600	4122	4140	4176	3780	3546	
1368	3258	3024	2862	2556	1962	2160	1440	1602	1026	1116	846	0	594	1008	882	1530	1926	2070	2106	2376	2538	2790	2916	3276	2772	3330	3366	3474	3114	2952	
1854	3834	3618	3456	3150	2556	2700	1998	2016	1476	1314	882	594	0	468	810	1224	1674	1944	2124	2466	2682	2988	3186	3582	3168	3744	3834	3996	3654	3510	
2088	4176	3996	3870	3564	2970	3168	2466	2502	1962	1782	1314	1008	468	0	756	846	1314	1674	1926	2304	2574	2916	3168	3600	3258	3870	3996	4194	3906	3798	
1422	3582	3456	3384	3168	2592	2934	2196	2466	1908	1962	1602	882	810	756	0	720	1062	1206	1314	1638	1872	2196	2412	2844	2502	3114	3258	3474	3222	3150	
2070	4248	4140	4104	3888	3312	3654	2916	3132	2574	2520	2106	1530	1224	846	720	0	450	846	1206	1602	1926	2304	2610	3060	2880	3492	3708	3978	3798	3762	
2214	4374	4320	4320	4140	3600	3996	3258	3528	2970	2970	2556	1926	1674	1314	1062	450	0	486	954	1314	1674	2070	2394	2880	2790	3402	3654	3978	3834	3870	
2034	4122	4104	4158	4032	3528	3996	3258	3636	3078	3168	2808	2070	1944	1674	1206	846	486	0	504	846	1206	1602	1944	2412	2376	2988	3258	3618	3528	3582	
1728	3726	3744	3834	3762	3276	3816	3096	3564	3042	3222	2916	2106	2124	1926	1314	1206	954	504	0	378	720	1098	1440	1908	1890	2484	2772	3132	3060	3150	
1800	3636	3708	3834	3798	3366	3942	3258	3780	3276	3510	3222	2376	2466	2304	1638	1602	1314	846	378	0	378	756	1116	1584	1656	2214	2538	2934	2916	3060	
1728	3384	3492	3672	3672	3276	3888	3240	3816	3330	3636	3384	2538	2682	2574	1872	1926	1674	1206	720	378	0	378	738	1206	1314	1854	2196	2592	2628	2790	
1818	3240	3384	3600	3654	3312	3960	3348	3978	3528	3870	3654	2790	2988	2916	2196	2304	2070	1602	1098	756	378	0	378	828	1062	1548	1890	2340	2430	2628	
1800	2952	3150	3402	3492	3204	3870	3312	3978	3564	3942	3780	2916	3186	3168	2412	2610	2394	1944	1440	1116	738	378	0	468	738	1170	1530	1980	2106	2358	
2052	2826	3078	3384	3528	3312	4014	3510	4212	3834	4266	4122	3276	3582	3600	2844	3060	2880	2412	1908	1584	1206	828	468	0	684	846	1242	1710	1944	2232	
1458	2214	2430	2700	2844	2628	3330	2862	3564	3222	3690	3600	2772	3168	3258	2502	2880	2790	2376	1890	1656	1314	1062	738	684	0	612	882	1278	1368	1620	
1962	2070	2376	2736	2952	2880	3582	3204	3942	3654	4176	4122	3330	3744	3870	3114	3492	3402	2988	2484	2214	1854	1548	1170	846	612	0	396	864	1170	1512	
1998	1710	2052	2430	2682	2664	3366	3060	3816	3582	4140	4140	3366	3834	3996	3258	3708	3654	3258	2772	2538	2196	1890	1530	1242	882	396	0	468	810	1188	
2124	1314	1692	2106	2430	2502	3168	2970	3708	3546	4140	4176	3474	3996	4194	3474	3978	3978	3618	3132	2934	2592	2340	1980	1710	1278	864	468	0	504	882	
1800	900	1224	1620	1926	1998	2664	2484	3222	3096	3690	3780	3114	3654	3906	3222	3798	3834	3528	3060	2916	2628	2430	2106	1944	1368	1170	810	504	0	378	
1728	594	864	1242	1548	1656	2304	2178	2916	2826	3420	3546	2952	3510	3798	3150	3762	3870	3582	3150	3060	2790	2628	2358	2232	1620	1512	1188	882	378	0	
V8
0	1016	974	991	940	730	1008	714	1008	823	1033	1008	638	865	974	663	966	1033	949	806	840	806	848	840	957	680	915	932	991	840	806	
1016	0	210	411	604	756	1008	1041	1360	1369	1663	1747	1520	1789	1948	1671	1982	2041	1923	1738	1696	1579	1512	1377	1318	1033	966	798	613	420	277	
974	210	0	201	394	579	806	873	1176	1209	1495	1604	1411	1688	1864	1612	1932	2016	1915	1747	1730	1629	1579	1470	1436	1134	1108	957	789	571	403	
991	411	201	0	201	436	613	739	1008	1075	1352	1486	1335	1612	1806	1579	1915	2016	1940	1789	1789	1713	1680	1587	1579	1260	1276	1134	982	756	579	
940	604	394	201	0	277	411	554	798	882	1167	1302	1192	1470	1663	1478	1814	1932	1881	1755	1772	1713	1705	1629	1646	1327	1377	1251	1134	898	722	
730	756	579	436	277	0	327	294	596	630	915	1041	915	1192	1386	1209	1545	1680	1646	1528	1570	1528	1545	1495	1545	1226	1344	1243	1167	932	772	
1008	1008	806	613	411	327	0	344	420	588	823	1008	1008	1260	1478	1369	1705	1864	1864	1780	1839	1814	1848	1806	1873	1554	1671	1570	1478	1243	1075	
714	1041	873	739	554	294	344	0	344	327	613	747	672	932	1150	1024	1360	1520	1520	1444	1520	1512	1562	1545	1638	1335	1495	1428	1386	1159	1016	
1008	1360	1176	1008	798	596	420	344	0	260	420	613	747	940	1167	1150	1461	1646	1696	1663	1764	1780	1856	1856	1965	1663	1839	1780	1730	1503	1360	
823	1369	1209	1075	882	630	588	327	260	0	285	420	478	688	915	890	1201	1386	1436	1419	1528	1554	1646	1663	1789	1503	1705	1671	1654	1444	1318	
1033	1663	1495	1352	1167	915	823	613	420	285	0	218	520	613	831	915	1176	1386	1478	1503	1638	1696	1806	1839	1990	1722	1948	1932	1932	1722	1596	
1008	1747	1604	1486	1302	1041	1008	747	613	420	218	0	394	411	613	747	982	1192	1310	1360	1503	1579	1705	1764	1923	1680	1923	1932	1948	1764	1654	
638	1520	1411	1335	1192	915	1008	672	747	478	520	394	0	277	470	411	714	898	966	982	1108	1184	1302	1360	1528	1293	1554	1570	1621	1453	1377	
865	1789	1688	1612	1470	1192	1260	932	940	688	613	411	277	0	218	378	571	781	907	991	1150	1251	1394	1486	1671	1478	1747	1789	1864	1705	1638	
974	1948	1864	1806	1663	1386	1478	1150	1167	915	831	613	470	218	0	352	394	613	781	898	1075	1201	1360	1478	1680	1520	1806	1864	1957	1822	1772	
663	1671	1612	1579	1478	1209	1369	1024	1150	890	915	747	411	378	352	0	336	495	562	613	764	873	1024	1125	1327	1167	1453	1520	1621	1503	1470	
966	1982	1932	1915	1814	1545	1705	1360	1461	1201	1176	982	714	571	394	336	0	210	394	562	747	898	1075	1218	1428	1344	1629	1730	1856	1772	1755	
1033	2041	2016	2016	1932	1680	1864	1520	1646	1386	1386	1192	898	781	613	495	210	0	226	445	613	781	966	1117	1344	1302	1587	1705	1856	1789	1806	
949	1923	1915	1940	1881	1646	1864	1520	1696	1436	1478	1310	966	907	781	562	394	226	0	235	394	562	747	907	1125	1108	1394	1520	1688	1646	1671	
806	1738	1747	1789	1755	1528	1780	1444	1663	1419	1503	1360	982	991	898	613	562	445	235	0	176	336	512	672	890	882	1159	1293	1461	1428	1470	
840	1696	1730	1789	1772	1570	1839	1520	1764	1528	1638	1503	1108	1150	1075	764	747	613	394	176	0	176	352	520	739	772	1033	1184	1369	1360	1428	
806	1579	1629	1713	1713	1528	1814	1512	1780	1554	1696	1579	1184	1251	1201	873	898	781	562	336	176	0	176	344	562	613	865	1024	1209	1226	1302	
848	1512	1579	1680	1705	1545	1848	1562	1856	1646	1806	1705	1302	1394	1360	1024	1075	966	747	512	352	176	0	176	386	495	722	882	1092	1134	1226	
840	1377	1470	1587	1629	1495	1806	1545	1856	1663	1839	1764	1360	1486	1478	1125	1218	1117	907	672	520	344	176	0	218	344	546	714	924	982	1100	
957	1318	1436	1579	1646	1545	1873	1638	1965	1789	1990	1923	1528	1671	1680	1327	1428	1344	1125	890	739	562	386	218	0	319	394	579	798	907	1041	
680	1033	1134	1260	1327	1226	1554	1335	1663	1503	1722	1680	1293	1478	1520	1167	1344	1302	1108	882	772	613	495	344	319	0	285	411	596	638	756	
915	966	1108	1276	1377	1344	1671	1495	1839	1705	1948	1923	1554	1747	1806	1453	1629	1587	1394	1159	1033	865	722	546	394	285	0	184	403	546	705	
932	798	957	1134	1251	1243	1570	1428	1780	1671	1932	1932	1570	1789	1864	1520	1730	1705	1520	1293	1184	1024	882	714	579	411	184	0	218	378	554	
991	613	789	982	1134	1167	1478	1386	1730	1654	1932	1948	1621	1864	1957	1621	1856	1856	1688	1461	1369	1209	1092	924	798	596	403	218	0	235	411	
840	420	571	756	898	932	1243	1159	1503	1444	1722	1764	1453	1705	1822	1503	1772	1789	1646	1428	1360	1226	1134	982	907	638	546	378	235	0	176	
806	277	403	579	722	772	1075	1016	1360	1318	1596	1654	1377	1638	1772	1470	1755	1806	1671	1470	1428	1302	1226	1100	1041	756	705	554	411	176	0	
V9
0	1161	1113	1132	1075	835	1152	816	1152	940	1180	1152	729	988	1113	758	1104	1180	1084	921	960	921	969	960	1094	777	1046	1065	1132	960	921	
1161	0	240	470	691	864	1152	1190	1555	1564	1900	1996	1737	2044	2227	1910	2265	2332	2198	1987	1939	1804	1728	1574	1507	1180	1104	912	700	480	316	
1113	240	0	230	451	662	921	998	1344	1382	1708	1833	1612	1929	2131	1843	2208	2304	2188	1996	1977	1862	1804	1680	1641	1296	1267	1094	902	652	460	
1132	470	230	0	230	499	700	844	1152	1228	1545	1699	1526	1843	2064	1804	2188	2304	2217	2044	2044	1958	1920	1814	1804	1440	1459	1296	1123	864	662	
1075	691	451	230	0	316	470	633	912	1008	1334	1488	1363	1680	1900	1689	2073	2208	2150	2006	2025	1958	1948	1862	1881	1516	1574	1430	1296	1027	825	
835	864	662	499	316	0	374	336	681	720	1046	1190	1046	1363	1584	1382	1766	1920	1881	1747	1795	1747	1766	1708	1766	1401	1536	1420	1334	1065	883	
1152	1152	921	700	470	374	0	393	480	672	940	1152	1152	1440	1689	1564	1948	2131	2131	2035	2102	2073	2112	2064	2140	1776	1910	1795	1689	1420	1228	
816	1190	998	844	633	336	393	0	393	374	700	854	768	1065	1315	1171	1555	1737	1737	1651	1737	1728	1785	1766	1872	1526	1708	1632	1584	1324	1161	
1152	1555	1344	1152	912	681	480	393	0	297	480	700	854	1075	1334	1315	1670	1881	1939	1900	2016	2035	2121	2121	2246	1900	2102	2035	1977	1718	1555	
940	1564	1382	1228	1008	720	672	374	297	0	326	480	547	787	1046	1017	1372	1584	1641	1622	1747	1776	1881	1900	2044	1718	1948	1910	1891	1651	1507	
1180	1900	1708	1545	1334	1046	940	700	480	326	0	249	595	700	950	1046	1344	1584	1689	1718	1872	1939	2064	2102	2275	1968	2227	2208	2208	1968	1824	
1152	1996	1833	1699	1488	1190	1152	854	700	480	249	0	451	470	700	854	1123	1363	1497	1555	1718	1804	1948	2016	2198	1920	2198	2208	2227	2016	1891	
729	1737	1612	1526	1363	1046	1152	768	854	547	595	451	0	316	537	470	816	1027	1104	1123	1267	1353	1488	1555	1747	1478	1776	1795	1852	1660	1574	
988	2044	1929	1843	1680	1363	1440	1065	1075	787	700	470	316	0	249	432	652	892	1036	1132	1315	1430	1593	1699	1910	1689	1996	2044	2131	1948	1872	
1113	2227	2131	2064	1900	1584	1689	1315	1334	1046	950	700	537	249	0	403	451	700	892	1027	1228	1372	1555	1689	1920	1737	2064	2131	2236	2083	2025	
758	1910	1843	1804	1689	1382	1564	1171	1315	1017	1046	854	470	432	403	0	384	566	643	700	873	998	1171	1286	1516	1334	1660	1737	1852	1718	1680	
1104	2265	2208	2188	2073	1766	1948	1555	1670	1372	1344	1123	816	652	451	384	0	240	451	643	854	1027	1228	1392	1632	1536	1862	1977	2121	2025	2006	
1180	2332	2304	2304	2208	1920	2131	1737	1881	1584	1584	1363	1027	892	700	566	240	0	259	508	700	892	1104	1276	1536	1488	1814	1948	2121	2044	2064	
1084	2198	2188	2217	2150	1881	2131	1737	1939	1641	1689	1497	1104	1036	892	643	451	259	0	268	451	643	854	1036	1286	1267	1593	1737	1929	1881	1910	
921	1987	1996	2044	2006	1747	2035	1651	1900	1622	1718	1555	1123	1132	1027	700	643	508	268	0	201	384	585	768	1017	1008	1324	1478	1670	1632	1680	
960	1939	1977	2044	2025	1795	2102	1737	2016	1747	1872	1718	1267	1315	1228	873	854	700	451	201	0	201	403	595	844	883	1180	1353	1564	1555	1632	
921	1804	1862	1958	1958	1747	2073	1728	2035	1776	1939	1804	1353	1430	1372	998	1027	892	643	384	201	0	201	393	643	700	988	1171	1382	1401	1488	
969	1728	1804	1920	1948	1766	2112	1785	2121	1881	2064	1948	1488	1593	1555	1171	1228	1104	854	585	403	201	0	201	441	566	825	1008	1248	1296	1401	
960	1574	1680	1814	1862	1708	2064	1766	2121	1900	2102	2016	1555	1699	1689	1286	1392	1276	1036	768	595	393	201	0	249	393	624	816	1056	1123	1257	
1094	1507	1641	1804	1881	1766	2140	1872	2246	2044	2275	2198	1747	1910	1920	1516	1632	1536	1286	1017	844	643	441	249	0	364	451	662	912	1036	1190	
777	1180	1296	1440	1516	1401	1776	1526	1900	1718	1968	1920	1478	1689	1737	1334	1536	1488	1267	1008	883	700	566	393	364	0	326	470	681	729	864	
1046	1104	1267	1459	1574	1536	1910	1708	2102	1948	2227	2198	1776	1996	2064	1660	1862	1814	1593	1324	1180	988	825	624	451	326	0	211	460	624	806	
1065	912	1094	1296	1430	1420	1795	1632	2035	1910	2208	2208	1795	2044	2131	1737	1977	1948	1737	1478	1353	1171	1008	816	662	470	211	0	249	432	633	
1132	700	902	1123	1296	1334	1689	1584	1977	1891	2208	2227	1852	2131	2236	1852	2121	2121	1929	1670	1564	1382	1248	1056	912	681	460	249	0	268	470	
960	480	652	864	1027	1065	1420	1324	1718	1651	1968	2016	1660	1948	2083	1718	2025	2044	1881	1632	1555	1401	1296	1123	1036	729	624	432	268	0	201	
921	316	460	662	825	883	1228	1161	1555	1507	1824	1891	1574	1872	2025	1680	2006	2064	1910	1680	1632	1488	1401	1257	1190	864	806	633	470	201	0	
V10
0	2032	1948	1982	1881	1461	2016	1428	2016	1646	2066	2016	1276	1730	1948	1327	1932	2066	1898	1612	1680	1612	1696	1680	1915	1360	1831	1864	1982	1680	1612	
2032	0	420	823	1209	1512	2016	2083	2721	2738	3326	3494	3040	3578	3897	3343	3964	4082	3847	3477	3393	3158	3024	2755	2637	2066	1932	1596	1226	840	554	
1948	420	0	403	789	1159	1612	1747	2352	2419	2990	3208	2822	3376	3729	3225	3864	4032	3830	3494	3460	3259	3158	2940	2872	2268	2217	1915	1579	1142	806	
1982	823	403	0	403	873	1226	1478	2016	2150	2704	2973	2671	3225	3612	3158	3830	4032	3880	3578	3578	3427	3360	3175	3158	2520	2553	2268	1965	1512	1159	
1881	1209	789	403	0	554	823	1108	1596	1764	2335	2604	2385	2940	3326	2956	3628	3864	3763	3511	3544	3427	3410	3259	3292	2654	2755	2503	2268	1797	1444	
1461	1512	1159	873	554	0	655	588	1192	1260	1831	2083	1831	2385	2772	2419	3091	3360	3292	3057	3141	3057	3091	2990	3091	2452	2688	2486	2335	1864	1545	
2016	2016	1612	1226	823	655	0	688	840	1176	1646	2016	2016	2520	2956	2738	3410	3729	3729	3561	3679	3628	3696	3612	3746	3108	3343	3141	2956	2486	2150	
1428	2083	1747	1478	1108	588	688	0	688	655	1226	1495	1344	1864	2301	2049	2721	3040	3040	2889	3040	3024	3124	3091	3276	2671	2990	2856	2772	2318	2032	
2016	2721	2352	2016	1596	1192	840	688	0	520	840	1226	1495	1881	2335	2301	2923	3292	3393	3326	3528	3561	3712	3712	3931	3326	3679	3561	3460	3007	2721	
1646	2738	2419	2150	1764	1260	1176	655	520	0	571	840	957	1377	1831	1780	2402	2772	2872	2839	3057	3108	3292	3326	3578	3007	3410	3343	3309	2889	2637	
2066	3326	2990	2704	2335	1831	1646	1226	840	571	0	436	1041	1226	1663	1831	2352	2772	2956	3007	3276	3393	3612	3679	3981	3444	3897	3864	3864	3444	3192	
2016	3494	3208	2973	2604	2083	2016	1495	1226	840	436	0	789	823	1226	1495	1965	2385	2620	2721	3007	3158	3410	3528	3847	3360	3847	3864	3897	3528	3309	
1276	3040	2822	2671	2385	1831	2016	1344	1495	957	1041	789	0	554	940	823	1428	1797	1932	1965	2217	2368	2604	2721	3057	2587	3108	3141	3242	2906	2755	
1730	3578	3376	3225	2940	2385	2520	1864	1881	1377	1226	823	554	0	436	756	1142	1562	1814	1982	2301	2503	2788	2973	3343	2956	3494	3578	3729	3410	3276	
1948	3897	3729	3612	3326	2772	2956	2301	2335	1831	1663	1226	940	436	0	705	789	1226	1562	1797	2150	2402	2721	2956	3360	3040	3612	3729	3914	3645	3544	
1327	3343	3225	3158	2956	2419	2738	2049	2301	1780	1831	1495	823	756	705	0	672	991	1125	1226	1528	1747	2049	2251	2654	2335	2906	3040	3242	3007	2940	
1932	3964	3864	3830	3628	3091	3410	2721	2923	2402	2352	1965	1428	1142	789	672	0	420	789	1125	1495	1797	2150	2436	2856	2688	3259	3460	3712	3544	3511	
2066	4082	4032	4032	3864	3360	3729	3040	3292	2772	2772	2385	1797	1562	1226	991	420	0	453	890	1226	1562	1932	2234	2688	2604	3175	3410	3712	3578	3612	
1898	3847	3830	3880	3763	3292	3729	3040	3393	2872	2956	2620	1932	1814	1562	1125	789	453	0	470	789	1125	1495	1814	2251	2217	2788	3040	3376	3292	3343	
1612	3477	3494	3578	3511	3057	3561	2889	3326	2839	3007	2721	1965	1982	1797	1226	1125	890	470	0	352	672	1024	1344	1780	1764	2318	2587	2923	2856	2940	
1680	3393	3460	3578	3544	3141	3679	3040	3528	3057	3276	3007	2217	2301	2150	1528	1495	1226	789	352	0	352	705	1041	1478	1545	2066	2368	2738	2721	2856	
1612	3158	3259	3427	3427	3057	3628	3024	3561	3108	3393	3158	2368	2503	2402	1747	1797	1562	1125	672	352	0	352	688	1125	1226	1730	2049	2419	2452	2604	
1696	3024	3158	3360	3410	3091	3696	3124	3712	3292	3612	3410	2604	2788	2721	2049	2150	1932	1495	1024	705	352	0	352	772	991	1444	1764	2184	2268	2452	
1680	2755	2940	3175	3259	2990	3612	3091	3712	3326	3679	3528	2721	2973	2956	2251	2436	2234	1814	1344	1041	688	352	0	436	688	1092	1428	1848	1965	2200	
1915	2637	2872	3158	3292	3091	3746	3276	3931	3578	3981	3847	3057	3343	3360	2654	2856	2688	2251	1780	1478	1125	772	436	0	638	789	1159	1596	1814	2083	
1360	2066	2268	2520	2654	2452	3108	2671	3326	3007	3444	3360	2587	2956	3040	2335	2688	2604	2217	1764	1545	1226	991	688	638	0	571	823	1192	1276	1512	
1831	1932	2217	2553	2755	2688	3343	2990	3679	3410	3897	3847	3108	3494	3612	2906	3259	3175	2788	2318	2066	1730	1444	1092	789	571	0	369	806	1092	1411	
1864	1596	1915	2268	2503	2486	3141	2856	3561	3343	3864	3864	3141	3578	3729	3040	3460	3410	3040	2587	2368	2049	1764	1428	1159	823	369	0	436	756	1108	
1982	1226	1579	1965	2268	2335	2956	2772	3460	3309	3864	3897	3242	3729	3914	3242	3712	3712	3376	2923	2738	2419	2184	1848	1596	1192	806	436	0	470	823	
1680	840	1142	1512	1797	1864	2486	2318	3007	2889	3444	3528	2906	3410	3645	3007	3544	3578	3292	2856	2721	2452	2268	1965	1814	1276	1092	756	470	0	352	
1612	554	806	1159	1444	1545	2150	2032	2721	2637	3192	3309	2755	3276	3544	2940	3511	3612	3343	2940	2856	2604	2452	2200	2083	1512	1411	1108	823	352	0	
V11
0	1669	1600	1628	1545	1200	1656	1173	1656	1352	1697	1656	1048	1421	1600	1090	1587	1697	1559	1324	1380	1324	1393	1380	1573	1117	1504	1531	1628	1380	1324	
1669	0	345	676	993	1242	1656	1711	2235	2249	2732	2870	2497	2939	3201	2746	3256	3353	3160	2856	2787	2594	2484	2263	2166	1697	1587	1311	1007	690	455	
1600	345	0	331	648	952	1324	1435	1932	1987	2456	2635	2318	2773	3063	2649	3174	3312	3146	2870	2842	2677	2594	2415	2359	1863	1821	1573	1297	938	662	
1628	676	331	0	331	717	1007	1214	1656	1766	2221	2442	2194	2649	2967	2594	3146	3312	3187	2939	2939	2815	2760	2608	2594	2070	2097	1863	1614	1242	952	
1545	993	648	331	0	455	676	910	1311	1449	1918	2139	1959	2415	2732	2428	2980	3174	3091	2884	2911	2815	2801	2677	2704	2180	2263	2056	1863	1476	1186	
1200	1242	952	717	455	0	538	483	979	1035	1504	1711	1504	1959	2277	1987	2539	2760	2704	2511	2580	2511	2539	2456	2539	2014	2208	2042	1918	1531	1269	
1656	1656	1324	1007	676	538	0	565	690	966	1352	1656	1656	2070	2428	2249	2801	3063	3063	2925	3022	2980	3036	2967	3077	2553	2746	2580	2428	2042	1766	
1173	1711	1435	1214	910	483	565	0	565	538	1007	1228	1104	1531	1890	1683	2235	2497	2497	2373	2497	2484	2566	2539	2691	2194	2456	2346	2277	1904	1669	
1656	2235	1932	1656	1311	979	690	565	0	427	690	1007	1228	1545	1918	1890	2401	2704	2787	2732	2898	2925	3049	3049	3229	2732	3022	2925	2842	2470	2235	
1352	2249	1987	1766	1449	1035	966	538	427	0	469	690	786	1131	1504	1462	1973	2277	2359	2332	2511	2553	2704	2732	2939	2470	2801	2746	2718	2373	2166	
1697	2732	2456	2221	1918	1504	1352	1007	690	469	0	358	855	1007	1366	1504	1932	2277	2428	2470	2691	2787	2967	3022	3270	2829	3201	3174	3174	2829	2622	
1656	2870	2635	2442	2139	1711	1656	1228	1007	690	358	0	648	676	1007	1228	1614	1959	2152	2235	2470	2594	2801	2898	3160	2760	3160	3174	3201	2898	2718	
1048	2497	2318	2194	1959	1504	1656	1104	1228	786	855	648	0	455	772	676	1173	1476	1587	1614	1821	1945	2139	2235	2511	2125	2553	2580	2663	2387	2263	
1421	2939	2773	2649	2415	1959	2070	1531	1545	1131	1007	676	455	0	358	621	938	1283	1490	1628	1890	2056	2290	2442	2746	2428	2870	2939	3063	2801	2691	
1600	3201	3063	2967	2732	2277	2428	1890	1918	1504	1366	1007	772	358	0	579	648	1007	1283	1476	1766	1973	2235	2428	2760	2497	2967	3063	3215	2994	2911	
1090	2746	2649	2594	2428	1987	2249	1683	1890	1462	1504	1228	676	621	579	0	552	814	924	1007	1255	1435	1683	1849	2180	1918	2387	2497	2663	2470	2415	
1587	3256	3174	3146	2980	2539	2801	2235	2401	1973	1932	1614	1173	938	648	552	0	345	648	924	1228	1476	1766	2001	2346	2208	2677	2842	3049	2911	2884	
1697	3353	3312	3312	3174	2760	3063	2497	2704	2277	2277	1959	1476	1283	1007	814	345	0	372	731	1007	1283	1587	1835	2208	2139	2608	2801	3049	2939	2967	
1559	3160	3146	3187	3091	2704	3063	2497	2787	2359	2428	2152	1587	1490	1283	924	648	372	0	386	648	924	1228	1490	1849	1821	2290	2497	2773	2704	2746	
1324	2856	2870	2939	2884	2511	2925	2373	2732	2332	2470	2235	1614	1628	1476	1007	924	731	386	0	289	552	841	1104	1462	1449	1904	2125	2401	2346	2415	
1380	2787	2842	2939	2911	2580	3022	2497	2898	2511	2691	2470	1821	1890	1766	1255	1228	1007	648	289	0	289	579	855	1214	1269	1697	1945	2249	2235	2346	
1324	2594	2677	2815	2815	2511	2980	2484	2925	2553	2787	2594	1945	2056	1973	1435	1476	1283	924	552	289	0	289	565	924	1007	1421	1683	1987	2014	2139	
1393	2484	2594	2760	2801	2539	3036	2566	3049	2704	2967	2801	2139	2290	2235	1683	1766	1587	1228	841	579	289	0	289	634	814	1186	1449	1794	1863	2014	
1380	2263	2415	2608	2677	2456	2967	2539	3049	2732	3022	2898	2235	2442	2428	1849	2001	1835	1490	1104	855	565	289	0	358	565	897	1173	1518	1614	1807	
1573	2166	2359	2594	2704	2539	3077	2691	3229	2939	3270	3160	2511	2746	2760	2180	2346	2208	1849	1462	1214	924	634	358	0	524	648	952	1311	1490	1711	
1117	1697	1863	2070	2180	2014	2553	2194	2732	2470	2829	2760	2125	2428	2497	1918	2208	2139	1821	1449	1269	1007	814	565	524	0	469	676	979	1048	1242	
1504	1587	1821	2097	2263	2208	2746	2456	3022	2801	3201	3160	2553	2870	2967	2387	2677	2608	2290	1904	1697	1421	1186	897	648	469	0	303	662	897	1159	
1531	1311	1573	1863	2056	2042	2580	2346	2925	2746	3174	3174	2580	2939	3063	2497	2842	2801	2497	2125	1945	1683	1449	1173	952	676	303	0	358	621	910	
1628	1007	1297	1614	1863	1918	2428	2277	2842	2718	3174	3201	2663	3063	3215	2663	3049	3049	2773	2401	2249	1987	1794	1518	1311	979	662	358	0	386	676	
1380	690	938	1242	1476	1531	2042	1904	2470	2373	2829	2898	2387	2801	2994	2470	2911	2939	2704	2346	2235	2014	1863	1614	1490	1048	897	621	386	0	289	
1324	455	662	952	1186	1269	1766	1669	2235	2166	2622	2718	2263	2691	2911	2415	2884	2967	2746	2415	2346	2139	2014	1807	1711	1242	1159	910	676	289	0	
V12
0	1379	1322	1345	1276	991	1368	969	1368	1117	1402	1368	866	1174	1322	900	1311	1402	1288	1094	1140	1094	1151	1140	1299	923	1242	1265	1345	1140	1094	
1379	0	285	558	820	1026	1368	1413	1846	1858	2257	2371	2063	2428	2644	2268	2690	2770	2610	2359	2302	2143	2052	1869	1789	1402	1311	1083	832	570	376	
1322	285	0	273	535	786	1094	1185	1596	1641	2029	2177	1915	2291	2530	2188	2622	2736	2599	2371	2348	2211	2143	1995	1949	1539	1504	1299	1071	775	547	
1345	558	273	0	273	592	832	1003	1368	1459	1835	2017	1812	2188	2451	2143	2599	2736	2633	2428	2428	2325	2280	2154	2143	1710	1732	1539	1333	1026	786	
1276	820	535	273	0	376	558	752	1083	1197	1584	1767	1618	1995	2257	2006	2462	2622	2553	2382	2405	2325	2314	2211	2234	1801	1869	1698	1539	1219	980	
991	1026	786	592	376	0	444	399	809	855	1242	1413	1242	1618	1881	1641	2097	2280	2234	2074	2131	2074	2097	2029	2097	1664	1824	1687	1584	1265	1048	
1368	1368	1094	832	558	444	0	467	570	798	1117	1368	1368	1710	2006	1858	2314	2530	2530	2416	2496	2462	2508	2451	2542	2109	2268	2131	2006	1687	1459	
969	1413	1185	1003	752	399	467	0	467	444	832	1014	912	1265	1561	1390	1846	2063	2063	1960	2063	2052	2120	2097	2223	1812	2029	1938	1881	1573	1379	
1368	1846	1596	1368	1083	809	570	467	0	353	570	832	1014	1276	1584	1561	1983	2234	2302	2257	2394	2416	2519	2519	2667	2257	2496	2416	2348	2040	1846	
1117	1858	1641	1459	1197	855	798	444	353	0	387	570	649	934	1242	1208	1630	1881	1949	1926	2074	2109	2234	2257	2428	2040	2314	2268	2245	1960	1789	
1402	2257	2029	1835	1584	1242	1117	832	570	387	0	296	706	832	1128	1242	1596	1881	2006	2040	2223	2302	2451	2496	2701	2337	2644	2622	2622	2337	2166	
1368	2371	2177	2017	1767	1413	1368	1014	832	570	296	0	535	558	832	1014	1333	1618	1778	1846	2040	2143	2314	2394	2610	2280	2610	2622	2644	2394	2245	
866	2063	1915	1812	1618	1242	1368	912	1014	649	706	535	0	376	638	558	969	1219	1311	1333	1504	1607	1767	1846	2074	1755	2109	2131	2200	1972	1869	
1174	2428	2291	2188	1995	1618	1710	1265	1276	934	832	558	376	0	296	513	775	1060	1231	1345	1561	1698	1892	2017	2268	2006	2371	2428	2530	2314	2223	
1322	2644	2530	2451	2257	1881	2006	1561	1584	1242	1128	832	638	296	0	478	535	832	1060	1219	1459	1630	1846	2006	2280	2063	2451	2530	2656	2473	2405	
900	2268	2188	2143	2006	1641	1858	1390	1561	1208	1242	1014	558	513	478	0	456	672	763	832	1037	1185	1390	1527	1801	1584	1972	2063	2200	2040	1995	
1311	2690	2622	2599	2462	2097	2314	1846	1983	1630	1596	1333	969	775	535	456	0	285	535	763	1014	1219	1459	1653	1938	1824	2211	2348	2519	2405	2382	
1402	2770	2736	2736	2622	2280	2530	2063	2234	1881	1881	1618	1219	1060	832	672	285	0	307	604	832	1060	1311	1516	1824	1767	2154	2314	2519	2428	2451	
1288	2610	2599	2633	2553	2234	2530	2063	2302	1949	2006	1778	1311	1231	1060	763	535	307	0	319	535	763	1014	1231	1527	1504	1892	2063	2291	2234	2268	
1094	2359	2371	2428	2382	2074	2416	1960	2257	1926	2040	1846	1333	1345	1219	832	763	604	319	0	239	456	695	912	1208	1197	1573	1755	1983	1938	1995	
1140	2302	2348	2428	2405	2131	2496	2063	2394	2074	2223	2040	1504	1561	1459	1037	1014	832	535	239	0	239	478	706	1003	1048	1402	1607	1858	1846	1938	
1094	2143	2211	2325	2325	2074	2462	2052	2416	2109	2302	2143	1607	1698	1630	1185	1219	1060	763	456	239	0	239	467	763	832	1174	1390	1641	1664	1767	
1151	2052	2143	2280	2314	2097	2508	2120	2519	2234	2451	2314	1767	1892	1846	1390	1459	1311	1014	695	478	239	0	239	524	672	980	1197	1482	1539	1664	
1140	1869	1995	2154	2211	2029	2451	2097	2519	2257	2496	2394	1846	2017	2006	1527	1653	1516	1231	912	706	467	239	0	296	467	741	969	1254	1333	1493	
1299	1789	1949	2143	2234	2097	2542	2223	2667	2428	2701	2610	2074	2268	2280	1801	1938	1824	1527	1208	1003	763	524	296	0	433	535	786	1083	1231	1413	
923	1402	1539	1710	1801	1664	2109	1812	2257	2040	2337	2280	1755	2006	2063	1584	1824	1767	1504	1197	1048	832	672	467	433	0	387	558	809	866	1026	
1242	1311	1504	1732	1869	1824	2268	2029	2496	2314	2644	2610	2109	2371	2451	1972	2211	2154	1892	1573	1402	1174	980	741	535	387	0	250	547	741	957	
1265	1083	1299	1539	1698	1687	2131	1938	2416	2268	2622	2622	2131	2428	2530	2063	2348	2314	2063	1755	1607	1390	1197	969	786	558	250	0	296	513	752	
1345	832	1071	1333	1539	1584	2006	1881	2348	2245	2622	2644	2200	2530	2656	2200	2519	2519	2291	1983	1858	1641	1482	1254	1083	809	547	296	0	319	558	
1140	570	775	1026	1219	1265	1687	1573	2040	1960	2337	2394	1972	2314	2473	2040	2405	2428	2234	1938	1846	1664	1539	1333	1231	866	741	513	319	0	239	
1094	376	547	786	980	1048	1459	1379	1846	1789	2166	2245	1869	2223	2405	1995	2382	2451	2268	1995	1938	1767	1664	1493	1413	1026	957	752	558	239	0	
V13
0	1379	1322	1345	1276	991	1368	969	1368	1117	1402	1368	866	1174	1322	900	1311	1402	1288	1094	1140	1094	1151	1140	1299	923	1242	1265	1345	1140	1094	
1379	0	285	558	820	1026	1368	1413	1846	1858	2257	2371	2063	2428	2644	2268	2690	2770	2610	2359	2302	2143	2052	1869	1789	1402	1311	1083	832	570	376	
1322	285	0	273	535	786	1094	1185	1596	1641	2029	2177	1915	2291	2530	2188	2622	2736	2599	2371	2348	2211	2143	1995	1949	1539	1504	1299	1071	775	547	
1345	558	273	0	273	592	832	1003	1368	1459	1835	2017	1812	2188	2451	2143	2599	2736	2633	2428	2428	2325	2280	2154	2143	1710	1732	1539	1333	1026	786	
1276	820	535	273	0	376	558	752	1083	1197	1584	1767	1618	1995	2257	2006	2462	2622	2553	2382	2405	2325	2314	2211	2234	1801	1869	1698	1539	1219	980	
991	1026	786	592	376	0	444	399	809	855	1242	1413	1242	1618	1881	1641	2097	2280	2234	2074	2131	2074	2097	2029	2097	1664	1824	1687	1584	1265	1048	
1368	1368	1094	832	558	444	0	467	570	798	1117	1368	1368	1710	2006	1858	2314	2530	2530	2416	2496	2462	2508	2451	2542	2109	2268	2131	2006	1687	1459	
969	1413	1185	1003	752	399	467	0	467	444	832	1014	912	1265	1561	1390	1846	2063	2063	1960	2063	2052	2120	2097	2223	1812	2029	1938	1881	1573	1379	
1368	1846	1596	1368	1083	809	570	467	0	353	570	832	1014	1276	1584	1561	1983	2234	2302	2257	2394	2416	2519	2519	2667	2257	2496	2416	2348	2040	1846	
1117	1858	1641	1459	1197	855	798	444	353	0	387	570	649	934	1242	1208	1630	1881	1949	1926	2074	2109	2234	2257	2428	2040	2314	2268	2245	1960	1789	
1402	2257	2029	1835	1584	1242	1117	832	570	387	0	296	706	832	1128	1242	1596	1881	2006	2040	2223	2302	2451	2496	2701	2337	2644	2622	2622	2337	2166	
1368	2371	2177	2017	1767	1413	1368	1014	832	570	296	0	535	558	832	1014	1333	1618	1778	1846	2040	2143	2314	2394	2610	2280	2610	2622	2644	2394	2245	
866	2063	1915	1812	1618	1242	1368	912	1014	649	706	535	0	376	638	558	969	1219	1311	1333	1504	1607	1767	1846	2074	1755	2109	2131	2200	1972	1869	
1174	2428	2291	2188	1995	1618	1710	1265	1276	934	832	558	376	0	296	513	775	1060	1231	1345	1561	1698	1892	2017	2268	2006	2371	2428	2530	2314	2223	
1322	2644	2530	2451	2257	1881	2006	1561	1584	1242	1128	832	638	296	0	478	535	832	1060	1219	1459	1630	1846	2006	2280	2063	2451	2530	2656	2473	2405	
900	2268	2188	2143	2006	1641	1858	1390	1561	1208	1242	1014	558	513	478	0	456	672	763	832	1037	1185	1390	1527	1801	1584	1972	2063	2200	2040	1995	
1311	2690	2622	2599	2462	2097	2314	1846	1983	1630	1596	1333	969	775	535	456	0	285	535	763	1014	1219	1459	1653	1938	1824	2211	2348	2519	2405	2382	
1402	2770	2736	2736	2622	2280	2530	2063	2234	1881	1881	1618	1219	1060	832	672	285	0	307	604	832	1060	1311	1516	1824	1767	2154	2314	2519	2428	2451	
1288	2610	2599	2633	2553	2234	2530	2063	2302	1949	2006	1778	1311	1231	1060	763	535	307	0	319	535	763	1014	1231	1527	1504	1892	2063	2291	2234	2268	
1094	2359	2371	2428	2382	2074	2416	1960	2257	1926	2040	1846	1333	1345	1219	832	763	604	319	0	239	456	695	912	1208	1197	1573	1755	1983	1938	1995	
1140	2302	2348	2428	2405	2131	2496	2063	2394	2074	2223	2040	1504	1561	1459	1037	1014	832	535	239	0	239	478	706	1003	1048	1402	1607	1858	1846	1938	
1094	2143	2211	2325	2325	2074	2462	2052	2416	2109	2302	2143	1607	1698	1630	1185	1219	1060	763	456	239	0	239	467	763	832	1174	1390	1641	1664	1767	
1151	2052	2143	2280	2314	2097	2508	2120	2519	2234	2451	2314	1767	1892	1846	1390	1459	1311	1014	695	478	239	0	239	524	672	980	1197	1482	1539	1664	
1140	1869	1995	2154	2211	2029	2451	2097	2519	2257	2496	2394	1846	2017	2006	1527	1653	1516	1231	912	706	467	239	0	296	467	741	969	1254	1333	1493	
1299	1789	1949	2143	2234	2097	2542	2223	2667	2428	2701	2610	2074	2268	2280	1801	1938	1824	1527	1208	1003	763	524	296	0	433	535	786	1083	1231	1413	
923	1402	1539	1710	1801	1664	2109	1812	2257	2040	2337	2280	1755	2006	2063	1584	1824	1767	1504	1197	1048	832	672	467	433	0	387	558	809	866	1026	
1242	1311	1504	1732	1869	1824	2268	2029	2496	2314	2644	2610	2109	2371	2451	1972	2211	2154	1892	1573	1402	1174	980	741	535	387	0	250	547	741	957	
1265	1083	1299	1539	1698	1687	2131	1938	2416	2268	2622	2622	2131	2428	2530	2063	2348	2314	2063	1755	1607	1390	1197	969	786	558	250	0	296	513	752	
1345	832	1071	1333	1539	1584	2006	1881	2348	2245	2622	2644	2200	2530	2656	2200	2519	2519	2291	1983	1858	1641	1482	1254	1083	809	547	296	0	319	558	
1140	570	775	1026	1219	1265	1687	1573	2040	1960	2337	2394	1972	2314	2473	2040	2405	2428	2234	1938	1846	1664	1539	1333	1231	866	741	513	319	0	239	
1094	376	547	786	980	1048	1459	1379	1846	1789	2166	2245	1869	2223	2405	1995	2382	2451	2268	1995	1938	1767	1664	1493	1413	1026	957	752	558	239	0	
V14
0	2129	2041	2076	1971	1531	2112	1496	2112	1724	2164	2112	1337	1812	2041	1390	2024	2164	1988	1689	1760	1689	1777	1760	2006	1425	1918	1953	2076	1760	1689	
2129	0	440	862	1267	1584	2112	2182	2851	2868	3484	3660	3185	3748	4083	3502	4153	4276	4030	3643	3555	3308	3168	2886	2763	2164	2024	1672	1284	880	580	
2041	440	0	422	827	1214	1689	1830	2464	2534	3132	3361	2956	3537	3907	3379	4048	4224	4012	3660	3625	3414	3308	3080	3009	2376	2323	2006	1654	1196	844	
2076	862	422	0	422	915	1284	1548	2112	2252	2833	3115	2798	3379	3784	3308	4012	4224	4065	3748	3748	3590	3520	3326	3308	2640	2675	2376	2059	1584	1214	
1971	1267	827	422	0	580	862	1161	1672	1848	2446	2728	2499	3080	3484	3097	3801	4048	3942	3678	3713	3590	3572	3414	3449	2780	2886	2622	2376	1883	1513	
1531	1584	1214	915	580	0	686	616	1249	1320	1918	2182	1918	2499	2904	2534	3238	3520	3449	3203	3291	3203	3238	3132	3238	2569	2816	2604	2446	1953	1619	
2112	2112	1689	1284	862	686	0	721	880	1232	1724	2112	2112	2640	3097	2868	3572	3907	3907	3731	3854	3801	3872	3784	3924	3256	3502	3291	3097	2604	2252	
1496	2182	1830	1548	1161	616	721	0	721	686	1284	1566	1408	1953	2411	2147	2851	3185	3185	3027	3185	3168	3273	3238	3432	2798	3132	2992	2904	2428	2129	
2112	2851	2464	2112	1672	1249	880	721	0	545	880	1284	1566	1971	2446	2411	3062	3449	3555	3484	3696	3731	3889	3889	4118	3484	3854	3731	3625	3150	2851	
1724	2868	2534	2252	1848	1320	1232	686	545	0	598	880	1003	1443	1918	1865	2516	2904	3009	2974	3203	3256	3449	3484	3748	3150	3572	3502	3467	3027	2763	
2164	3484	3132	2833	2446	1918	1724	1284	880	598	0	457	1091	1284	1742	1918	2464	2904	3097	3150	3432	3555	3784	3854	4171	3608	4083	4048	4048	3608	3344	
2112	3660	3361	3115	2728	2182	2112	1566	1284	880	457	0	827	862	1284	1566	2059	2499	2745	2851	3150	3308	3572	3696	4030	3520	4030	4048	4083	3696	3467	
1337	3185	2956	2798	2499	1918	2112	1408	1566	1003	1091	827	0	580	985	862	1496	1883	2024	2059	2323	2481	2728	2851	3203	2710	3256	3291	3396	3044	2886	
1812	3748	3537	3379	3080	2499	2640	1953	1971	1443	1284	862	580	0	457	792	1196	1636	1900	2076	2411	2622	2921	3115	3502	3097	3660	3748	3907	3572	3432	
2041	4083	3907	3784	3484	2904	3097	2411	2446	1918	1742	1284	985	457	0	739	827	1284	1636	1883	2252	2516	2851	3097	3520	3185	3784	3907	4100	3819	3713	
1390	3502	3379	3308	3097	2534	2868	2147	2411	1865	1918	1566	862	792	739	0	704	1038	1179	1284	1601	1830	2147	2358	2780	2446	3044	3185	3396	3150	3080	
2024	4153	4048	4012	3801	3238	3572	2851	3062	2516	2464	2059	1496	1196	827	704	0	440	827	1179	1566	1883	2252	2552	2992	2816	3414	3625	3889	3713	3678	
2164	4276	4224	4224	4048	3520	3907	3185	3449	2904	2904	2499	1883	1636	1284	1038	440	0	475	932	1284	1636	2024	2340	2816	2728	3326	3572	3889	3748	3784	
1988	4030	4012	4065	3942	3449	3907	3185	3555	3009	3097	2745	2024	1900	1636	1179	827	475	0	492	827	1179	1566	1900	2358	2323	2921	3185	3537	3449	3502	
1689	3643	3660	3748	3678	3203	3731	3027	3484	2974	3150	2851	2059	2076	1883	1284	1179	932	492	0	369	704	1073	1408	1865	1848	2428	2710	3062	2992	3080	
1760	3555	3625	3748	3713	3291	3854	3185	3696	3203	3432	3150	2323	2411	2252	1601	1566	1284	827	369	0	369	739	1091	1548	1619	2164	2481	2868	2851	2992	
1689	3308	3414	3590	3590	3203	3801	3168	3731	3256	3555	3308	2481	2622	2516	1830	1883	1636	1179	704	369	0	369	721	1179	1284	1812	2147	2534	2569	2728	
1777	3168	3308	3520	3572	3238	3872	3273	3889	3449	3784	3572	2728	2921	2851	2147	2252	2024	1566	1073	739	369	0	369	809	1038	1513	1848	2288	2376	2569	
1760	2886	3080	3326	3414	3132	3784	3238	3889	3484	3854	3696	2851	3115	3097	2358	2552	2340	1900	1408	1091	721	369	0	457	721	1144	1496	1936	2059	2305	
2006	2763	3009	3308	3449	3238	3924	3432	4118	3748	4171	4030	3203	3502	3520	2780	2992	2816	2358	1865	1548	1179	809	457	0	668	827	1214	1672	1900	2182	
1425	2164	2376	2640	2780	2569	3256	2798	3484	3150	3608	3520	2710	3097	3185	2446	2816	2728	2323	1848	1619	1284	1038	721	668	0	598	862	1249	1337	1584	
1918	2024	2323	2675	2886	2816	3502	3132	3854	3572	4083	4030	3256	3660	3784	3044	3414	3326	2921	2428	2164	1812	1513	1144	827	598	0	387	844	1144	1478	
1953	1672	2006	2376	2622	2604	3291	2992	3731	3502	4048	4048	3291	3748	3907	3185	3625	3572	3185	2710	2481	2147	1848	1496	1214	862	387	0	457	792	1161	
2076	1284	1654	2059	2376	2446	3097	2904	3625	3467	4048	4083	3396	3907	4100	3396	3889	3889	3537	3062	2868	2534	2288	1936	1672	1249	844	457	0	492	862	
1760	880	1196	1584	1883	1953	2604	2428	3150	3027	3608	3696	3044	3572	3819	3150	3713	3748	3449	2992	2851	2569	2376	2059	1900	1337	1144	792	492	0	369	
1689	580	844	1214	1513	1619	2252	2129	2851	2763	3344	3467	2886	3432	3713	3080	3678	3784	3502	3080	2992	2728	2569	2305	2182	1584	1478	1161	862	369	0	
Velocidade_Veiculos
1	1	1	1	1	1	1	1	1	1	1	1	1	1	1	