M: 4
N: 30
Nun_Veiculos: 13
Capacidade_Total: 823
Demanda_Total: 537
Setup_Min: 1
Setup_Max: 9
Raio: 20
Circulos: 1
Tempo_Processamento_Min: 1
Tempo_Processamento_Max: 49
Demanda_Min: 10
Demanda_Max: 30
Priority_Factor: 0.2
Range_Factor_R: 0.8
U_factor: 2
ALpha: 0.2Replicao: 2
Tempos_Processamentos
0	0	1	0	2	0	3	0	
0	42	1	19	2	41	3	11	
0	30	1	49	2	5	3	25	
0	29	1	19	2	1	3	35	
0	23	1	30	2	33	3	47	
0	48	1	8	2	21	3	26	
0	31	1	33	2	46	3	30	
0	4	1	20	2	4	3	7	
0	17	1	25	2	25	3	26	
0	19	1	35	2	46	3	2	
0	27	1	34	2	14	3	9	
0	23	1	47	2	20	3	17	
0	42	1	33	2	3	3	31	
0	16	1	21	2	21	3	41	
0	38	1	49	2	29	3	42	
0	47	1	8	2	45	3	25	
0	30	1	44	2	30	3	33	
0	25	1	15	2	46	3	33	
0	4	1	21	2	43	3	44	
0	39	1	28	2	30	3	19	
0	45	1	39	2	6	3	13	
0	40	1	42	2	9	3	47	
0	29	1	21	2	42	3	2	
0	38	1	30	2	16	3	49	
0	23	1	28	2	33	3	41	
0	19	1	14	2	19	3	20	
0	39	1	17	2	27	3	46	
0	14	1	33	2	21	3	15	
0	2	1	45	2	7	3	41	
0	26	1	15	2	11	3	49	
0	44	1	18	2	12	3	17	

Tempos_setup
M0
0	0	0	0	0	0	0	0	0	0	0	0	0	0	0	0	0	0	0	0	0	0	0	0	0	0	0	0	0	0	0	
0	0	3	1	3	3	2	2	2	2	3	1	2	1	3	2	4	2	3	2	2	2	2	3	3	1	3	3	2	1	2	
0	2	0	2	4	1	3	3	3	1	2	3	4	3	2	3	3	3	3	3	2	2	3	2	2	3	2	4	2	3	2	
0	2	3	0	3	2	3	1	2	1	2	3	3	3	2	2	3	3	2	1	2	3	3	2	2	1	3	3	2	3	3	
0	3	4	3	0	2	3	3	3	2	3	3	4	3	3	2	3	2	1	3	3	3	4	3	3	2	3	1	3	3	2	
0	2	3	3	3	0	3	2	2	1	1	2	3	2	2	3	2	2	2	2	1	1	3	2	2	2	3	3	2	2	3	
0	3	3	3	3	2	0	3	2	3	3	2	1	2	3	3	2	2	2	2	1	2	3	2	1	2	2	2	2	2	3	
0	3	4	3	2	1	3	0	1	2	1	3	4	3	3	3	2	3	1	2	2	2	3	3	3	3	2	2	3	3	2	
0	4	5	2	2	3	4	3	0	3	3	3	4	3	4	2	4	2	3	2	3	3	4	4	4	2	1	1	3	3	4	
0	1	2	2	4	2	2	3	2	0	3	2	3	2	1	3	3	2	3	2	1	3	2	1	1	2	2	3	1	2	2	
0	3	4	2	2	2	3	2	3	2	0	3	3	3	3	2	1	4	1	1	3	1	2	2	3	3	3	3	2	3	2	
0	2	4	2	2	2	1	1	2	3	2	0	2	3	4	3	3	3	2	2	2	1	1	2	2	3	3	3	3	3	3	
0	4	6	3	4	3	3	2	3	4	2	2	0	4	5	4	3	1	3	3	3	3	3	4	3	4	4	4	3	3	2	
0	1	2	2	2	2	2	2	1	3	2	1	3	0	3	3	3	1	3	2	1	2	2	3	3	2	2	2	1	2	2	
0	3	1	2	3	1	2	3	3	2	2	3	3	3	0	3	2	3	3	3	2	2	3	1	2	2	2	3	3	2	1	
0	2	3	2	3	3	3	2	1	2	3	2	4	1	3	0	4	2	3	1	2	1	3	2	3	3	2	2	2	3	3	
0	3	4	2	1	1	3	2	2	2	2	2	4	2	3	2	0	3	2	3	2	1	3	2	3	3	3	2	3	3	3	
0	3	5	2	3	2	2	1	2	3	1	1	3	3	4	3	2	0	2	2	3	2	2	3	3	3	3	3	2	4	3	
0	2	3	2	3	1	2	3	3	1	2	3	3	3	2	3	2	3	0	2	2	2	3	2	2	3	3	4	2	2	1	
0	2	3	1	2	3	3	2	2	1	3	3	3	2	2	1	3	3	2	0	2	2	2	2	2	2	2	2	1	3	2	
0	3	4	2	3	1	2	2	2	2	2	1	2	3	3	2	3	1	3	1	0	2	2	3	2	1	3	3	2	1	3	
0	3	4	4	3	2	2	1	2	3	2	4	3	3	3	3	3	3	2	3	3	0	3	1	2	2	2	3	2	4	3	
0	1	3	1	4	3	3	2	3	2	3	2	1	2	3	2	3	2	3	2	3	3	0	3	3	2	4	2	2	2	3	
0	2	3	3	4	3	1	3	2	3	3	3	2	2	2	2	3	2	2	2	2	3	4	0	1	1	1	2	3	3	3	
0	2	3	3	3	3	3	3	1	3	3	2	4	1	2	3	4	2	4	3	2	3	3	3	0	3	2	2	2	3	3	
0	4	3	3	3	2	3	3	1	3	3	2	3	4	2	3	4	2	3	2	1	3	3	3	3	0	2	2	3	2	2	
0	3	4	2	3	3	3	2	2	2	2	2	4	2	3	1	3	1	3	1	3	2	3	3	3	3	0	3	2	3	3	
0	3	4	2	4	3	3	2	2	3	2	2	3	4	3	3	3	1	3	3	2	3	3	4	4	1	2	0	3	2	3	
0	2	3	2	3	2	3	3	2	3	3	2	2	1	3	3	2	2	4	3	2	3	1	4	3	3	3	3	0	2	3	
0	3	4	3	4	2	3	3	2	3	3	2	1	2	3	3	3	2	3	2	1	3	2	4	3	1	3	3	1	0	3	
0	3	4	3	4	2	1	2	2	3	3	3	2	2	3	4	3	3	3	3	2	1	2	2	1	2	3	3	2	1	0	
M1
0	0	0	0	0	0	0	0	0	0	0	0	0	0	0	0	0	0	0	0	0	0	0	0	0	0	0	0	0	0	0	
0	0	3	4	3	3	3	4	3	6	4	4	1	3	4	3	4	4	6	4	3	2	5	4	4	4	4	4	4	3	2	
0	2	0	2	3	3	2	4	1	4	3	2	3	2	2	1	3	4	4	3	3	3	2	2	3	4	3	2	1	3	2	
0	2	1	0	2	3	3	4	2	4	4	3	3	3	2	2	2	2	3	1	3	3	3	3	3	2	3	3	2	4	2	
0	2	2	1	0	1	2	2	1	3	3	2	2	2	1	2	2	2	4	2	4	3	3	2	1	3	2	1	1	2	2	
0	3	3	2	2	0	3	4	2	3	4	3	3	3	3	3	3	1	4	2	3	3	2	2	3	3	1	1	3	3	2	
0	3	2	1	1	2	0	3	2	3	4	2	3	3	2	3	3	2	4	2	4	3	3	3	2	3	1	1	2	2	2	
0	3	2	3	3	1	3	0	3	4	4	1	2	4	2	2	2	2	2	3	3	3	3	3	4	4	2	2	2	3	3	
0	1	2	1	3	2	3	3	0	5	2	3	2	1	1	2	2	3	4	2	4	3	3	3	2	3	3	3	2	2	2	
0	3	4	3	3	2	2	3	2	0	4	1	2	3	3	1	4	3	2	3	2	3	1	2	3	2	3	2	2	4	3	
0	2	3	2	2	3	1	3	2	3	0	3	3	1	3	3	2	2	3	3	2	3	4	4	2	1	2	2	3	3	2	
0	2	3	3	3	1	2	3	3	3	3	0	1	3	4	1	4	2	4	3	4	2	3	2	3	4	2	1	1	3	2	
0	1	2	3	3	3	2	3	2	5	3	3	0	2	3	2	3	4	5	4	4	1	4	3	3	3	3	3	3	2	1	
0	1	3	2	3	2	3	2	1	4	3	2	2	0	2	3	1	3	4	3	3	3	3	3	1	4	2	3	3	3	2	
0	3	2	1	3	4	2	4	3	4	4	3	4	4	0	1	3	3	4	2	4	4	3	2	3	3	3	2	3	4	3	
0	3	3	2	2	3	1	3	3	3	3	2	3	4	3	0	3	3	3	2	4	3	4	1	2	3	2	1	3	3	2	
0	3	3	2	2	1	2	4	2	4	3	3	3	3	3	2	0	2	4	2	3	2	2	3	3	3	1	2	3	3	1	
0	3	2	1	3	3	3	5	3	3	3	4	3	4	3	2	2	0	4	2	4	3	4	3	4	3	3	1	3	4	2	
0	2	4	3	2	1	2	2	2	2	4	2	3	3	3	3	3	2	0	3	4	2	3	3	3	3	2	2	2	4	3	
0	3	4	3	3	2	3	3	3	4	4	3	3	2	4	2	1	3	2	0	2	3	2	3	3	1	2	3	3	3	2	
0	4	3	3	3	2	3	1	3	4	2	2	3	3	3	3	2	3	3	1	0	4	2	3	4	2	2	3	3	4	3	
0	3	4	3	3	3	2	2	2	4	2	3	4	3	2	2	4	4	4	3	3	0	4	2	3	2	3	2	4	2	1	
0	2	3	3	3	1	2	2	3	4	3	2	1	3	2	2	3	2	4	2	1	2	0	2	3	2	2	2	1	3	2	
0	3	4	3	2	2	3	2	2	3	3	1	2	3	2	2	2	3	3	1	3	3	3	0	1	2	3	1	2	4	2	
0	3	3	4	3	2	4	1	4	3	4	2	3	5	3	3	3	3	3	3	4	2	4	2	0	4	3	3	3	4	3	
0	2	4	3	3	2	2	2	2	4	3	3	3	1	3	2	2	3	2	2	1	2	3	3	2	0	3	3	4	2	1	
0	2	2	1	1	1	2	3	1	3	3	3	3	2	2	3	2	2	3	1	3	3	3	3	2	2	0	2	2	2	2	
0	3	4	3	3	4	2	4	2	2	4	3	2	3	3	2	4	2	4	4	3	2	3	3	4	3	3	0	2	3	1	
0	3	3	2	2	2	1	3	2	4	4	1	2	3	3	2	3	3	4	2	4	2	4	1	2	3	2	2	0	3	1	
0	4	4	3	3	1	3	2	3	3	3	3	3	3	2	3	4	2	4	3	2	1	2	3	1	3	2	2	3	0	2	
0	2	3	2	2	3	1	3	1	4	3	2	3	2	2	1	3	3	4	3	4	1	3	2	3	3	2	2	3	2	0	
M2
0	0	0	0	0	0	0	0	0	0	0	0	0	0	0	0	0	0	0	0	0	0	0	0	0	0	0	0	0	0	0	
0	0	2	1	3	2	2	3	3	2	2	4	2	1	2	1	2	4	3	1	2	2	3	1	3	3	2	2	3	3	3	
0	3	0	3	3	3	4	3	3	4	4	4	3	3	3	3	4	4	2	2	2	1	2	2	1	3	3	1	3	2	2	
0	3	3	0	2	2	3	3	3	3	1	3	1	2	2	2	1	4	2	3	1	1	3	2	2	3	3	3	3	3	3	
0	4	2	2	0	2	2	3	3	2	2	2	3	2	2	1	2	4	3	3	3	2	4	2	3	1	2	3	3	3	3	
0	2	3	2	2	0	1	2	1	2	1	3	2	3	1	3	2	2	2	2	1	2	3	2	2	3	2	3	2	2	1	
0	2	4	3	3	3	0	1	2	3	3	3	2	3	4	3	2	5	1	2	3	2	3	2	3	2	1	3	3	4	2	
0	2	3	2	3	4	4	0	1	2	3	4	3	3	4	3	3	4	2	2	2	1	3	3	2	3	3	3	4	4	1	
0	1	3	2	4	3	3	4	0	3	3	4	3	2	3	2	3	5	2	1	3	3	3	2	3	3	3	3	4	4	4	
0	2	2	3	4	4	2	3	1	0	2	2	1	3	3	3	3	2	2	2	3	3	2	2	2	1	3	1	3	4	3	
0	3	2	3	2	2	2	3	3	3	0	4	3	3	1	2	1	4	2	2	2	1	3	3	2	3	3	3	2	2	3	
0	4	4	4	3	3	4	5	4	4	4	0	3	4	4	4	2	5	3	3	3	2	3	1	3	3	2	2	4	5	3	
0	3	5	3	4	5	4	4	5	4	4	2	0	4	3	4	4	5	2	2	4	3	4	2	4	3	3	3	4	4	3	
0	2	3	3	3	3	2	3	4	4	4	4	2	0	4	3	2	4	3	2	3	3	2	3	4	4	1	4	3	5	2	
0	3	4	3	3	2	1	2	2	3	2	4	2	2	0	3	3	3	2	2	2	3	2	3	2	3	2	3	1	1	3	
0	3	1	1	2	1	2	3	2	1	2	3	2	3	1	0	1	3	2	2	2	1	3	3	2	2	1	2	2	2	2	
0	3	3	3	1	1	2	3	2	3	2	3	3	3	2	2	0	3	3	3	2	3	2	3	2	2	2	4	2	3	2	
0	3	3	3	2	3	2	2	2	1	3	3	1	3	1	2	3	0	2	3	1	2	3	2	3	2	3	2	2	2	3	
0	1	3	2	4	3	2	2	3	3	2	2	3	2	3	2	3	5	0	2	3	3	4	2	4	1	3	3	2	4	3	
0	4	4	1	3	3	4	3	3	2	2	4	2	3	3	3	2	4	3	0	2	2	4	3	3	3	4	3	4	4	3	
0	2	3	3	1	3	3	3	3	2	3	2	1	3	3	2	2	4	1	3	0	2	3	1	3	2	2	2	2	4	3	
0	2	2	3	5	4	3	3	2	4	3	3	3	2	3	3	4	4	1	3	4	0	3	3	1	2	2	3	3	3	2	
0	2	2	2	3	2	3	4	3	2	2	2	3	1	2	1	2	2	2	3	2	1	0	1	2	3	2	2	3	3	3	
0	3	3	3	4	4	3	4	3	3	3	3	2	3	3	3	4	4	2	2	3	1	2	0	2	2	1	1	3	4	2	
0	4	3	2	4	3	3	3	4	4	3	5	3	4	4	4	3	3	4	4	3	3	3	4	0	5	3	4	4	2	1	
0	3	3	4	3	3	1	2	3	4	1	1	3	3	2	3	2	5	2	3	3	2	4	2	3	0	2	3	3	3	3	
0	2	4	2	3	4	4	4	3	3	3	3	1	3	3	3	3	5	3	1	2	3	3	3	4	4	0	4	2	4	1	
0	2	3	2	4	3	3	3	3	3	3	3	2	2	2	2	3	3	1	1	3	2	1	1	1	2	2	0	3	3	2	
0	2	3	2	3	3	2	3	1	3	1	3	1	3	1	2	2	4	3	1	3	2	3	3	3	4	3	4	0	2	4	
0	3	3	3	3	1	2	1	2	3	2	3	2	2	2	2	3	2	3	3	2	2	1	2	3	4	3	3	3	0	2	
0	3	3	1	3	3	4	4	3	4	2	4	2	3	3	3	2	4	3	3	2	2	2	3	3	4	2	4	4	4	0	
M3
0	0	0	0	0	0	0	0	0	0	0	0	0	0	0	0	0	0	0	0	0	0	0	0	0	0	0	0	0	0	0	
0	0	3	1	2	2	4	3	4	2	2	4	4	3	4	4	2	4	3	4	4	2	4	3	4	3	3	3	3	4	2	
0	3	0	3	2	3	2	3	3	3	2	1	1	1	2	2	2	2	2	2	3	1	4	2	1	1	3	2	1	3	3	
0	2	2	0	1	2	3	2	3	1	1	3	3	2	3	3	1	3	2	3	3	1	3	2	3	2	2	2	3	3	1	
0	3	2	4	0	1	3	4	4	1	3	2	3	2	2	4	3	4	3	3	2	3	2	3	3	3	3	3	2	2	2	
0	3	3	3	4	0	5	3	3	3	4	3	4	4	3	5	4	3	4	2	3	3	4	4	3	4	5	2	1	4	4	
0	3	3	4	2	3	0	1	4	3	3	3	3	2	3	3	2	4	2	3	4	4	2	4	3	2	4	3	3	2	3	
0	2	2	3	2	3	2	0	3	3	3	2	3	3	2	2	2	3	3	2	3	3	1	3	3	1	3	3	3	1	3	
0	3	3	4	2	1	3	4	0	2	3	2	2	3	3	3	3	1	2	2	1	1	2	2	2	3	4	2	2	1	2	
0	3	4	4	2	3	2	3	4	0	2	3	2	1	3	3	3	3	2	3	3	2	4	3	2	3	2	3	2	3	3	
0	1	2	2	2	3	4	4	2	3	0	2	3	3	2	2	2	2	4	3	3	2	3	3	2	1	1	1	2	2	3	
0	2	2	3	3	3	4	4	3	4	1	0	3	3	3	3	3	3	3	1	2	2	3	1	3	2	2	2	2	3	4	
0	2	2	3	3	3	1	2	3	2	4	3	0	3	4	3	1	4	3	3	4	1	3	2	3	3	4	3	2	3	2	
0	3	3	3	1	2	2	3	3	2	2	2	1	0	2	4	2	2	1	2	2	2	3	3	1	3	3	2	1	2	2	
0	3	2	3	4	1	4	3	3	2	3	2	3	3	0	3	1	3	4	3	4	3	3	1	3	2	4	2	2	4	3	
0	1	1	2	3	3	2	3	4	3	3	2	1	2	3	0	2	3	3	3	2	2	2	3	2	2	4	3	2	4	3	
0	3	1	2	3	4	3	4	4	1	3	2	2	2	3	3	0	3	3	2	3	2	5	3	2	2	3	3	2	4	3	
0	2	2	3	3	3	2	3	2	3	3	2	1	2	3	3	2	0	3	3	2	2	4	3	3	2	4	1	3	3	1	
0	2	3	2	1	2	1	2	3	2	1	2	4	3	1	3	2	3	0	3	2	3	3	2	2	2	2	2	3	3	1	
0	1	1	2	2	3	3	4	3	3	2	2	2	2	3	3	3	3	2	0	1	1	4	2	2	2	3	3	2	3	3	
0	3	3	3	1	2	2	3	3	2	2	1	4	3	2	4	3	4	1	2	0	3	3	2	3	3	3	3	3	3	2	
0	3	3	4	3	2	4	4	2	4	4	4	3	2	3	2	3	3	3	4	3	0	3	1	3	2	4	3	2	3	3	
0	1	1	2	3	2	3	4	2	2	3	2	2	2	3	3	3	3	3	1	2	2	0	2	2	2	3	2	2	3	2	
0	2	3	3	3	3	4	3	3	3	4	3	3	4	2	2	2	3	4	3	3	4	2	0	3	1	3	2	1	4	4	
0	2	2	3	3	2	3	4	2	4	3	3	2	2	3	4	3	1	2	1	2	2	4	3	0	3	4	2	3	3	2	
0	2	2	2	3	2	3	4	4	2	3	3	2	3	1	1	1	4	4	3	3	3	3	2	3	0	2	3	2	3	3	
0	1	2	2	3	3	3	3	3	3	3	2	2	3	2	1	3	2	3	2	3	1	2	2	1	3	0	2	1	1	3	
0	1	1	2	3	2	3	4	1	3	2	1	2	2	3	3	3	1	3	2	2	2	3	2	2	2	3	0	2	2	2	
0	2	2	2	3	3	4	2	2	2	3	2	3	3	2	4	3	2	4	3	3	3	3	3	2	3	4	1	0	3	3	
0	2	2	3	4	3	4	4	3	3	2	1	3	3	4	4	4	4	4	2	3	3	1	2	3	3	3	3	3	0	3	
0	1	3	2	3	3	2	3	3	3	3	3	4	4	5	4	3	3	4	3	4	2	4	3	2	4	3	2	4	4	0	
Tamanho_Tarefas
0	13	8	13	25	11	34	6	23	14	21	23	15	18	29	13	32	21	7	23	7	22	8	21	31	16	21	16	14	17	15	
Data_Entrega
0	133	119	95	73	89	114	129	113	101	81	105	73	71	107	92	81	111	85	120	119	95	114	93	72	77	84	95	62	107	80	
Penalidade_Atraso
0	11	6	10	6	4	3	12	15	12	14	9	4	4	17	5	1	16	10	13	7	3	19	7	6	4	18	12	7	19	20	
Capacidade_Veiculo
51	43	71	99	64	95	85	40	44	38	66	80	47	
Custo_Fixo_Veiculo
510	430	710	990	640	950	850	400	440	380	660	800	470	
Coordenadas_Clientes
x	0	y	0
x	15	y	0
x	24	y	5
x	22	y	10
x	15	y	11
x	15	y	16
x	8	y	14
x	5	y	17
x	2	y	24
x	-2	y	24
x	-6	y	21
x	-10	y	18
x	-12	y	13
x	-15	y	11
x	-14	y	6
x	-20	y	4
x	-19	y	0
x	-24	y	-5
x	-18	y	-8
x	-16	y	-11
x	-15	y	-17
x	-10	y	-18
x	-5	y	-15
x	-1	y	-16
x	1	y	-17
x	7	y	-23
x	9	y	-16
x	11	y	-13
x	12	y	-8
x	17	y	-7
x	22	y	-4
Tempo_Viagem
0	15	24	24	18	21	16	17	24	24	21	20	17	18	15	20	19	24	19	19	22	20	15	16	17	24	18	17	14	18	22	
15	0	10	12	11	16	15	19	26	28	29	30	29	31	29	35	34	39	33	32	34	30	25	22	22	23	16	13	8	7	8	
24	10	0	5	10	14	17	21	28	30	32	35	36	39	38	44	43	48	43	42	44	40	35	32	31	31	24	21	17	13	9	
24	12	5	0	7	9	14	18	24	27	29	32	34	37	36	42	42	48	43	43	45	41	36	34	34	35	28	25	20	17	14	
18	11	10	7	0	5	7	11	18	20	22	25	27	30	29	35	35	42	37	37	40	37	32	31	31	34	27	24	19	18	16	
21	16	14	9	5	0	7	10	15	18	21	25	27	30	30	36	37	44	40	40	43	41	36	35	35	39	32	29	24	23	21	
16	15	17	14	7	7	0	4	11	13	15	18	20	23	23	29	30	37	34	34	38	36	31	31	31	37	30	27	22	22	22	
17	19	21	18	11	10	4	0	7	9	11	15	17	20	21	27	28	35	33	35	39	37	32	33	34	40	33	30	25	26	26	
24	26	28	24	18	15	11	7	0	4	8	13	17	20	24	28	31	37	37	39	44	43	39	40	41	47	40	37	32	33	33	
24	28	30	27	20	18	13	9	4	0	5	10	14	17	21	25	28	34	35	37	43	42	39	40	41	47	41	39	34	35	35	
21	29	32	29	22	21	15	11	8	5	0	5	10	13	17	21	24	30	31	33	39	39	36	37	38	45	39	38	34	36	37	
20	30	35	32	25	25	18	15	13	10	5	0	5	8	12	16	19	25	26	29	35	36	33	35	36	44	38	37	34	36	38	
17	29	36	34	27	27	20	17	17	14	10	5	0	3	7	11	14	20	21	24	30	31	28	31	32	40	35	34	31	35	37	
18	31	39	37	30	30	23	20	20	17	13	8	3	0	5	8	11	17	19	22	28	29	27	30	32	40	36	35	32	36	39	
15	29	38	36	29	30	23	21	24	21	17	12	7	5	0	6	7	14	14	17	23	24	22	25	27	35	31	31	29	33	37	
20	35	44	42	35	36	29	27	28	25	21	16	11	8	6	0	4	9	12	15	21	24	24	27	29	37	35	35	34	38	42	
19	34	43	42	35	37	30	28	31	28	24	19	14	11	7	4	0	7	8	11	17	20	20	24	26	34	32	32	32	36	41	
24	39	48	48	42	44	37	35	37	34	30	25	20	17	14	9	7	0	6	9	15	18	20	24	26	34	34	35	36	41	46	
19	33	43	43	37	40	34	33	37	35	31	26	21	19	14	12	8	6	0	3	9	12	14	18	20	28	28	29	30	35	40	
19	32	42	43	37	40	34	35	39	37	33	29	24	22	17	15	11	9	3	0	6	9	11	15	17	25	25	27	28	33	38	
22	34	44	45	40	43	38	39	44	43	39	35	30	28	23	21	17	15	9	6	0	5	10	14	16	22	24	26	28	33	38	
20	30	40	41	37	41	36	37	43	42	39	36	31	29	24	24	20	18	12	9	5	0	5	9	11	17	19	21	23	28	33	
15	25	35	36	32	36	31	32	39	39	36	33	28	27	22	24	20	20	14	11	10	5	0	4	6	14	14	16	18	23	28	
16	22	32	34	31	35	31	33	40	40	37	35	31	30	25	27	24	24	18	15	14	9	4	0	2	10	10	12	15	20	25	
17	22	31	34	31	35	31	34	41	41	38	36	32	32	27	29	26	26	20	17	16	11	6	2	0	8	8	10	14	18	23	
24	23	31	35	34	39	37	40	47	47	45	44	40	40	35	37	34	34	28	25	22	17	14	10	8	0	7	10	15	18	23	
18	16	24	28	27	32	30	33	40	41	39	38	35	36	31	35	32	34	28	25	24	19	14	10	8	7	0	3	8	11	16	
17	13	21	25	24	29	27	30	37	39	38	37	34	35	31	35	32	35	29	27	26	21	16	12	10	10	3	0	5	8	13	
14	8	17	20	19	24	22	25	32	34	34	34	31	32	29	34	32	36	30	28	28	23	18	15	14	15	8	5	0	5	10	
18	7	13	17	18	23	22	26	33	35	36	36	35	36	33	38	36	41	35	33	33	28	23	20	18	18	11	8	5	0	5	
22	8	9	14	16	21	22	26	33	35	37	38	37	39	37	42	41	46	40	38	38	33	28	25	23	23	16	13	10	5	0	
Custo_Viagem
V0
0	153	244	244	183	214	163	173	244	244	214	204	173	183	153	204	193	244	193	193	224	204	153	163	173	244	183	173	142	183	224	
153	0	102	122	112	163	153	193	275	295	295	306	295	316	295	357	346	397	336	326	346	306	255	224	224	244	173	132	81	71	81	
244	102	0	51	102	142	183	224	295	326	346	367	367	397	387	448	438	499	438	438	448	418	357	326	316	326	255	224	173	132	91	
244	122	51	0	71	91	142	183	244	275	306	326	346	377	367	428	428	489	438	438	459	428	367	346	346	367	295	255	204	173	142	
183	112	102	71	0	51	71	112	183	214	234	255	275	306	295	357	357	428	387	387	418	387	326	316	316	346	275	244	193	183	163	
214	163	142	91	51	0	71	102	153	183	214	255	275	306	306	377	377	448	408	418	448	428	367	357	357	397	326	295	244	234	214	
163	153	183	142	71	71	0	40	112	142	153	183	204	234	234	295	306	377	346	346	387	367	316	316	316	377	306	275	224	224	224	
173	193	224	183	112	102	40	0	71	91	112	153	173	204	214	285	295	367	336	357	397	387	336	336	346	408	336	306	255	265	275	
244	275	295	244	183	153	112	71	0	40	81	132	173	214	244	295	316	387	377	397	448	438	397	408	418	479	408	387	336	346	346	
244	295	326	275	214	183	142	91	40	0	51	102	142	183	214	265	295	367	357	377	438	428	397	408	418	479	418	397	346	367	367	
214	295	346	306	234	214	153	112	81	51	0	51	102	132	173	224	244	316	316	336	397	397	367	377	387	459	397	387	346	367	377	
204	306	367	326	255	255	183	153	132	102	51	0	51	81	122	173	204	265	275	295	357	367	336	357	367	448	387	377	346	367	387	
173	295	367	346	275	275	204	173	173	142	102	51	0	30	71	122	142	214	214	244	306	316	285	316	326	408	357	346	316	357	387	
183	316	397	377	306	306	234	204	214	183	132	81	30	0	51	81	112	183	193	224	285	295	275	306	326	408	367	357	336	367	397	
153	295	387	367	295	306	234	214	244	214	173	122	71	51	0	61	71	142	142	173	234	244	224	255	275	357	316	316	295	336	377	
204	357	448	428	357	377	295	285	295	265	224	173	122	81	61	0	40	91	122	153	214	244	244	275	295	387	357	357	346	387	428	
193	346	438	428	357	377	306	295	316	295	244	204	142	112	71	40	0	71	81	112	173	204	204	244	265	346	326	326	326	367	418	
244	397	499	489	428	448	377	367	387	367	316	265	214	183	142	91	71	0	61	102	153	193	214	255	275	357	346	357	367	418	469	
193	336	438	438	387	408	346	336	377	357	316	275	214	193	142	122	81	61	0	30	91	122	142	183	214	295	285	295	306	357	408	
193	326	438	438	387	418	346	357	397	377	336	295	244	224	173	153	112	102	30	0	61	91	112	153	183	255	255	275	285	336	387	
224	346	448	459	418	448	387	397	448	438	397	357	306	285	234	214	173	153	91	61	0	51	102	142	163	224	244	265	285	336	397	
204	306	418	428	387	428	367	387	438	428	397	367	316	295	244	244	204	193	122	91	51	0	51	91	112	173	193	214	244	295	346	
153	255	357	367	326	367	316	336	397	397	367	336	285	275	224	244	204	214	142	112	102	51	0	40	61	142	142	163	183	234	295	
163	224	326	346	316	357	316	336	408	408	377	357	316	306	255	275	244	255	183	153	142	91	40	0	20	102	102	122	153	204	255	
173	224	316	346	316	357	316	346	418	418	387	367	326	326	275	295	265	275	214	183	163	112	61	20	0	81	81	102	142	183	244	
244	244	326	367	346	397	377	408	479	479	459	448	408	408	357	387	346	357	295	255	224	173	142	102	81	0	71	102	153	183	244	
183	173	255	295	275	326	306	336	408	418	397	387	357	367	316	357	326	346	285	255	244	193	142	102	81	71	0	30	81	122	173	
173	132	224	255	244	295	275	306	387	397	387	377	346	357	316	357	326	357	295	275	265	214	163	122	102	102	30	0	51	81	142	
142	81	173	204	193	244	224	255	336	346	346	346	316	336	295	346	326	367	306	285	285	244	183	153	142	153	81	51	0	51	102	
183	71	132	173	183	234	224	265	346	367	367	367	357	367	336	387	367	418	357	336	336	295	234	204	183	183	122	81	51	0	51	
224	81	91	142	163	214	224	275	346	367	377	387	387	397	377	428	418	469	408	387	397	346	295	255	244	244	173	142	102	51	0	
V1
0	129	206	206	154	180	137	146	206	206	180	172	146	154	129	172	163	206	163	163	189	172	129	137	146	206	154	146	120	154	189	
129	0	86	103	94	137	129	163	232	249	249	258	249	266	249	301	292	335	283	275	292	258	215	189	189	206	146	111	68	60	68	
206	86	0	43	86	120	154	189	249	275	292	309	309	335	326	378	369	421	369	369	378	352	301	275	266	275	215	189	146	111	77	
206	103	43	0	60	77	120	154	206	232	258	275	292	318	309	361	361	412	369	369	387	361	309	292	292	309	249	215	172	146	120	
154	94	86	60	0	43	60	94	154	180	197	215	232	258	249	301	301	361	326	326	352	326	275	266	266	292	232	206	163	154	137	
180	137	120	77	43	0	60	86	129	154	180	215	232	258	258	318	318	378	344	352	378	361	309	301	301	335	275	249	206	197	180	
137	129	154	120	60	60	0	34	94	120	129	154	172	197	197	249	258	318	292	292	326	309	266	266	266	318	258	232	189	189	189	
146	163	189	154	94	86	34	0	60	77	94	129	146	172	180	240	249	309	283	301	335	326	283	283	292	344	283	258	215	223	232	
206	232	249	206	154	129	94	60	0	34	68	111	146	180	206	249	266	326	318	335	378	369	335	344	352	404	344	326	283	292	292	
206	249	275	232	180	154	120	77	34	0	43	86	120	154	180	223	249	309	301	318	369	361	335	344	352	404	352	335	292	309	309	
180	249	292	258	197	180	129	94	68	43	0	43	86	111	146	189	206	266	266	283	335	335	309	318	326	387	335	326	292	309	318	
172	258	309	275	215	215	154	129	111	86	43	0	43	68	103	146	172	223	232	249	301	309	283	301	309	378	326	318	292	309	326	
146	249	309	292	232	232	172	146	146	120	86	43	0	25	60	103	120	180	180	206	258	266	240	266	275	344	301	292	266	301	326	
154	266	335	318	258	258	197	172	180	154	111	68	25	0	43	68	94	154	163	189	240	249	232	258	275	344	309	301	283	309	335	
129	249	326	309	249	258	197	180	206	180	146	103	60	43	0	51	60	120	120	146	197	206	189	215	232	301	266	266	249	283	318	
172	301	378	361	301	318	249	240	249	223	189	146	103	68	51	0	34	77	103	129	180	206	206	232	249	326	301	301	292	326	361	
163	292	369	361	301	318	258	249	266	249	206	172	120	94	60	34	0	60	68	94	146	172	172	206	223	292	275	275	275	309	352	
206	335	421	412	361	378	318	309	326	309	266	223	180	154	120	77	60	0	51	86	129	163	180	215	232	301	292	301	309	352	395	
163	283	369	369	326	344	292	283	318	301	266	232	180	163	120	103	68	51	0	25	77	103	120	154	180	249	240	249	258	301	344	
163	275	369	369	326	352	292	301	335	318	283	249	206	189	146	129	94	86	25	0	51	77	94	129	154	215	215	232	240	283	326	
189	292	378	387	352	378	326	335	378	369	335	301	258	240	197	180	146	129	77	51	0	43	86	120	137	189	206	223	240	283	335	
172	258	352	361	326	361	309	326	369	361	335	309	266	249	206	206	172	163	103	77	43	0	43	77	94	146	163	180	206	249	292	
129	215	301	309	275	309	266	283	335	335	309	283	240	232	189	206	172	180	120	94	86	43	0	34	51	120	120	137	154	197	249	
137	189	275	292	266	301	266	283	344	344	318	301	266	258	215	232	206	215	154	129	120	77	34	0	17	86	86	103	129	172	215	
146	189	266	292	266	301	266	292	352	352	326	309	275	275	232	249	223	232	180	154	137	94	51	17	0	68	68	86	120	154	206	
206	206	275	309	292	335	318	344	404	404	387	378	344	344	301	326	292	301	249	215	189	146	120	86	68	0	60	86	129	154	206	
154	146	215	249	232	275	258	283	344	352	335	326	301	309	266	301	275	292	240	215	206	163	120	86	68	60	0	25	68	103	146	
146	111	189	215	206	249	232	258	326	335	326	318	292	301	266	301	275	301	249	232	223	180	137	103	86	86	25	0	43	68	120	
120	68	146	172	163	206	189	215	283	292	292	292	266	283	249	292	275	309	258	240	240	206	154	129	120	129	68	43	0	43	86	
154	60	111	146	154	197	189	223	292	309	309	309	301	309	283	326	309	352	301	283	283	249	197	172	154	154	103	68	43	0	43	
189	68	77	120	137	180	189	232	292	309	318	326	326	335	318	361	352	395	344	326	335	292	249	215	206	206	146	120	86	43	0	
V2
0	213	340	340	255	298	227	241	340	340	298	284	241	255	213	284	269	340	269	269	312	284	213	227	241	340	255	241	198	255	312	
213	0	142	170	156	227	213	269	383	411	411	426	411	440	411	497	482	553	468	454	482	426	355	312	312	340	241	184	113	99	113	
340	142	0	71	142	198	255	312	411	454	482	511	511	553	539	624	610	695	610	610	624	582	497	454	440	454	355	312	241	184	127	
340	170	71	0	99	127	198	255	340	383	426	454	482	525	511	596	596	681	610	610	639	596	511	482	482	511	411	355	284	241	198	
255	156	142	99	0	71	99	156	255	298	326	355	383	426	411	497	497	596	539	539	582	539	454	440	440	482	383	340	269	255	227	
298	227	198	127	71	0	99	142	213	255	298	355	383	426	426	525	525	624	568	582	624	596	511	497	497	553	454	411	340	326	298	
227	213	255	198	99	99	0	56	156	198	213	255	284	326	326	411	426	525	482	482	539	511	440	440	440	525	426	383	312	312	312	
241	269	312	255	156	142	56	0	99	127	156	213	241	284	298	397	411	511	468	497	553	539	468	468	482	568	468	426	355	369	383	
340	383	411	340	255	213	156	99	0	56	113	184	241	298	340	411	440	539	525	553	624	610	553	568	582	667	568	539	468	482	482	
340	411	454	383	298	255	198	127	56	0	71	142	198	255	298	369	411	511	497	525	610	596	553	568	582	667	582	553	482	511	511	
298	411	482	426	326	298	213	156	113	71	0	71	142	184	241	312	340	440	440	468	553	553	511	525	539	639	553	539	482	511	525	
284	426	511	454	355	355	255	213	184	142	71	0	71	113	170	241	284	369	383	411	497	511	468	497	511	624	539	525	482	511	539	
241	411	511	482	383	383	284	241	241	198	142	71	0	42	99	170	198	298	298	340	426	440	397	440	454	568	497	482	440	497	539	
255	440	553	525	426	426	326	284	298	255	184	113	42	0	71	113	156	255	269	312	397	411	383	426	454	568	511	497	468	511	553	
213	411	539	511	411	426	326	298	340	298	241	170	99	71	0	85	99	198	198	241	326	340	312	355	383	497	440	440	411	468	525	
284	497	624	596	497	525	411	397	411	369	312	241	170	113	85	0	56	127	170	213	298	340	340	383	411	539	497	497	482	539	596	
269	482	610	596	497	525	426	411	440	411	340	284	198	156	99	56	0	99	113	156	241	284	284	340	369	482	454	454	454	511	582	
340	553	695	681	596	624	525	511	539	511	440	369	298	255	198	127	99	0	85	142	213	269	298	355	383	497	482	497	511	582	653	
269	468	610	610	539	568	482	468	525	497	440	383	298	269	198	170	113	85	0	42	127	170	198	255	298	411	397	411	426	497	568	
269	454	610	610	539	582	482	497	553	525	468	411	340	312	241	213	156	142	42	0	85	127	156	213	255	355	355	383	397	468	539	
312	482	624	639	582	624	539	553	624	610	553	497	426	397	326	298	241	213	127	85	0	71	142	198	227	312	340	369	397	468	553	
284	426	582	596	539	596	511	539	610	596	553	511	440	411	340	340	284	269	170	127	71	0	71	127	156	241	269	298	340	411	482	
213	355	497	511	454	511	440	468	553	553	511	468	397	383	312	340	284	298	198	156	142	71	0	56	85	198	198	227	255	326	411	
227	312	454	482	440	497	440	468	568	568	525	497	440	426	355	383	340	355	255	213	198	127	56	0	28	142	142	170	213	284	355	
241	312	440	482	440	497	440	482	582	582	539	511	454	454	383	411	369	383	298	255	227	156	85	28	0	113	113	142	198	255	340	
340	340	454	511	482	553	525	568	667	667	639	624	568	568	497	539	482	497	411	355	312	241	198	142	113	0	99	142	213	255	340	
255	241	355	411	383	454	426	468	568	582	553	539	497	511	440	497	454	482	397	355	340	269	198	142	113	99	0	42	113	170	241	
241	184	312	355	340	411	383	426	539	553	539	525	482	497	440	497	454	497	411	383	369	298	227	170	142	142	42	0	71	113	198	
198	113	241	284	269	340	312	355	468	482	482	482	440	468	411	482	454	511	426	397	397	340	255	213	198	213	113	71	0	71	142	
255	99	184	241	255	326	312	369	482	511	511	511	497	511	468	539	511	582	497	468	468	411	326	284	255	255	170	113	71	0	71	
312	113	127	198	227	298	312	383	482	511	525	539	539	553	525	596	582	653	568	539	553	482	411	355	340	340	241	198	142	71	0	
V3
0	297	475	475	356	415	316	336	475	475	415	396	336	356	297	396	376	475	376	376	435	396	297	316	336	475	356	336	277	356	435	
297	0	198	237	217	316	297	376	534	574	574	594	574	613	574	693	673	772	653	633	673	594	495	435	435	475	336	257	158	138	158	
475	198	0	99	198	277	356	435	574	633	673	712	712	772	752	871	851	970	851	851	871	811	693	633	613	633	495	435	336	257	178	
475	237	99	0	138	178	277	356	475	534	594	633	673	732	712	831	831	950	851	851	891	831	712	673	673	712	574	495	396	336	277	
356	217	198	138	0	99	138	217	356	415	455	495	534	594	574	693	693	831	752	752	811	752	633	613	613	673	534	475	376	356	316	
415	316	277	178	99	0	138	198	297	356	415	495	534	594	594	732	732	871	792	811	871	831	712	693	693	772	633	574	475	455	415	
316	297	356	277	138	138	0	79	217	277	297	356	396	455	455	574	594	732	673	673	752	712	613	613	613	732	594	534	435	435	435	
336	376	435	356	217	198	79	0	138	178	217	297	336	396	415	554	574	712	653	693	772	752	653	653	673	792	653	594	495	514	534	
475	534	574	475	356	297	217	138	0	79	158	257	336	415	475	574	613	752	732	772	871	851	772	792	811	930	792	752	653	673	673	
475	574	633	534	415	356	277	178	79	0	99	198	277	356	415	514	574	712	693	732	851	831	772	792	811	930	811	772	673	712	712	
415	574	673	594	455	415	297	217	158	99	0	99	198	257	336	435	475	613	613	653	772	772	712	732	752	891	772	752	673	712	732	
396	594	712	633	495	495	356	297	257	198	99	0	99	158	237	336	396	514	534	574	693	712	653	693	712	871	752	732	673	712	752	
336	574	712	673	534	534	396	336	336	277	198	99	0	59	138	237	277	415	415	475	594	613	554	613	633	792	693	673	613	693	752	
356	613	772	732	594	594	455	396	415	356	257	158	59	0	99	158	217	356	376	435	554	574	534	594	633	792	712	693	653	712	772	
297	574	752	712	574	594	455	415	475	415	336	237	138	99	0	118	138	277	277	336	455	475	435	495	534	693	613	613	574	653	732	
396	693	871	831	693	732	574	554	574	514	435	336	237	158	118	0	79	178	237	297	415	475	475	534	574	752	693	693	673	752	831	
376	673	851	831	693	732	594	574	613	574	475	396	277	217	138	79	0	138	158	217	336	396	396	475	514	673	633	633	633	712	811	
475	772	970	950	831	871	732	712	752	712	613	514	415	356	277	178	138	0	118	198	297	376	415	495	534	693	673	693	712	811	910	
376	653	851	851	752	792	673	653	732	693	613	534	415	376	277	237	158	118	0	59	178	237	277	356	415	574	554	574	594	693	792	
376	633	851	851	752	811	673	693	772	732	653	574	475	435	336	297	217	198	59	0	118	178	217	297	356	495	495	534	554	653	752	
435	673	871	891	811	871	752	772	871	851	772	693	594	554	455	415	336	297	178	118	0	99	198	277	316	435	475	514	554	653	772	
396	594	811	831	752	831	712	752	851	831	772	712	613	574	475	475	396	376	237	178	99	0	99	178	217	336	376	415	475	574	673	
297	495	693	712	633	712	613	653	772	772	712	653	554	534	435	475	396	415	277	217	198	99	0	79	118	277	277	316	356	455	574	
316	435	633	673	613	693	613	653	792	792	732	693	613	594	495	534	475	495	356	297	277	178	79	0	39	198	198	237	297	396	495	
336	435	613	673	613	693	613	673	811	811	752	712	633	633	534	574	514	534	415	356	316	217	118	39	0	158	158	198	277	356	475	
475	475	633	712	673	772	732	792	930	930	891	871	792	792	693	752	673	693	574	495	435	336	277	198	158	0	138	198	297	356	475	
356	336	495	574	534	633	594	653	792	811	772	752	693	712	613	693	633	673	554	495	475	376	277	198	158	138	0	59	158	237	336	
336	257	435	495	475	574	534	594	752	772	752	732	673	693	613	693	633	693	574	534	514	415	316	237	198	198	59	0	99	158	277	
277	158	336	396	376	475	435	495	653	673	673	673	613	653	574	673	633	712	594	554	554	475	356	297	277	297	158	99	0	99	198	
356	138	257	336	356	455	435	514	673	712	712	712	693	712	653	752	712	811	693	653	653	574	455	396	356	356	237	158	99	0	99	
435	158	178	277	316	415	435	534	673	712	732	752	752	772	732	831	811	910	792	752	772	673	574	495	475	475	336	277	198	99	0	
V4
0	192	307	307	230	268	204	217	307	307	268	256	217	230	192	256	243	307	243	243	281	256	192	204	217	307	230	217	179	230	281	
192	0	128	153	140	204	192	243	345	371	371	384	371	396	371	448	435	499	422	409	435	384	320	281	281	307	217	166	102	89	102	
307	128	0	64	128	179	230	281	371	409	435	460	460	499	486	563	550	627	550	550	563	524	448	409	396	409	320	281	217	166	115	
307	153	64	0	89	115	179	230	307	345	384	409	435	473	460	537	537	614	550	550	576	537	460	435	435	460	371	320	256	217	179	
230	140	128	89	0	64	89	140	230	268	294	320	345	384	371	448	448	537	486	486	524	486	409	396	396	435	345	307	243	230	204	
268	204	179	115	64	0	89	128	192	230	268	320	345	384	384	473	473	563	512	524	563	537	460	448	448	499	409	371	307	294	268	
204	192	230	179	89	89	0	51	140	179	192	230	256	294	294	371	384	473	435	435	486	460	396	396	396	473	384	345	281	281	281	
217	243	281	230	140	128	51	0	89	115	140	192	217	256	268	358	371	460	422	448	499	486	422	422	435	512	422	384	320	332	345	
307	345	371	307	230	192	140	89	0	51	102	166	217	268	307	371	396	486	473	499	563	550	499	512	524	601	512	486	422	435	435	
307	371	409	345	268	230	179	115	51	0	64	128	179	230	268	332	371	460	448	473	550	537	499	512	524	601	524	499	435	460	460	
268	371	435	384	294	268	192	140	102	64	0	64	128	166	217	281	307	396	396	422	499	499	460	473	486	576	499	486	435	460	473	
256	384	460	409	320	320	230	192	166	128	64	0	64	102	153	217	256	332	345	371	448	460	422	448	460	563	486	473	435	460	486	
217	371	460	435	345	345	256	217	217	179	128	64	0	38	89	153	179	268	268	307	384	396	358	396	409	512	448	435	396	448	486	
230	396	499	473	384	384	294	256	268	230	166	102	38	0	64	102	140	230	243	281	358	371	345	384	409	512	460	448	422	460	499	
192	371	486	460	371	384	294	268	307	268	217	153	89	64	0	76	89	179	179	217	294	307	281	320	345	448	396	396	371	422	473	
256	448	563	537	448	473	371	358	371	332	281	217	153	102	76	0	51	115	153	192	268	307	307	345	371	486	448	448	435	486	537	
243	435	550	537	448	473	384	371	396	371	307	256	179	140	89	51	0	89	102	140	217	256	256	307	332	435	409	409	409	460	524	
307	499	627	614	537	563	473	460	486	460	396	332	268	230	179	115	89	0	76	128	192	243	268	320	345	448	435	448	460	524	588	
243	422	550	550	486	512	435	422	473	448	396	345	268	243	179	153	102	76	0	38	115	153	179	230	268	371	358	371	384	448	512	
243	409	550	550	486	524	435	448	499	473	422	371	307	281	217	192	140	128	38	0	76	115	140	192	230	320	320	345	358	422	486	
281	435	563	576	524	563	486	499	563	550	499	448	384	358	294	268	217	192	115	76	0	64	128	179	204	281	307	332	358	422	499	
256	384	524	537	486	537	460	486	550	537	499	460	396	371	307	307	256	243	153	115	64	0	64	115	140	217	243	268	307	371	435	
192	320	448	460	409	460	396	422	499	499	460	422	358	345	281	307	256	268	179	140	128	64	0	51	76	179	179	204	230	294	371	
204	281	409	435	396	448	396	422	512	512	473	448	396	384	320	345	307	320	230	192	179	115	51	0	25	128	128	153	192	256	320	
217	281	396	435	396	448	396	435	524	524	486	460	409	409	345	371	332	345	268	230	204	140	76	25	0	102	102	128	179	230	307	
307	307	409	460	435	499	473	512	601	601	576	563	512	512	448	486	435	448	371	320	281	217	179	128	102	0	89	128	192	230	307	
230	217	320	371	345	409	384	422	512	524	499	486	448	460	396	448	409	435	358	320	307	243	179	128	102	89	0	38	102	153	217	
217	166	281	320	307	371	345	384	486	499	486	473	435	448	396	448	409	448	371	345	332	268	204	153	128	128	38	0	64	102	179	
179	102	217	256	243	307	281	320	422	435	435	435	396	422	371	435	409	460	384	358	358	307	230	192	179	192	102	64	0	64	128	
230	89	166	217	230	294	281	332	435	460	460	460	448	460	422	486	460	524	448	422	422	371	294	256	230	230	153	102	64	0	64	
281	102	115	179	204	268	281	345	435	460	473	486	486	499	473	537	524	588	512	486	499	435	371	320	307	307	217	179	128	64	0	
V5
0	285	456	456	342	399	304	323	456	456	399	380	323	342	285	380	361	456	361	361	418	380	285	304	323	456	342	323	266	342	418	
285	0	190	228	209	304	285	361	513	551	551	570	551	589	551	665	646	741	627	608	646	570	475	418	418	456	323	247	152	133	152	
456	190	0	95	190	266	342	418	551	608	646	684	684	741	722	836	817	931	817	817	836	779	665	608	589	608	475	418	323	247	171	
456	228	95	0	133	171	266	342	456	513	570	608	646	703	684	798	798	912	817	817	855	798	684	646	646	684	551	475	380	323	266	
342	209	190	133	0	95	133	209	342	399	437	475	513	570	551	665	665	798	722	722	779	722	608	589	589	646	513	456	361	342	304	
399	304	266	171	95	0	133	190	285	342	399	475	513	570	570	703	703	836	760	779	836	798	684	665	665	741	608	551	456	437	399	
304	285	342	266	133	133	0	76	209	266	285	342	380	437	437	551	570	703	646	646	722	684	589	589	589	703	570	513	418	418	418	
323	361	418	342	209	190	76	0	133	171	209	285	323	380	399	532	551	684	627	665	741	722	627	627	646	760	627	570	475	494	513	
456	513	551	456	342	285	209	133	0	76	152	247	323	399	456	551	589	722	703	741	836	817	741	760	779	893	760	722	627	646	646	
456	551	608	513	399	342	266	171	76	0	95	190	266	342	399	494	551	684	665	703	817	798	741	760	779	893	779	741	646	684	684	
399	551	646	570	437	399	285	209	152	95	0	95	190	247	323	418	456	589	589	627	741	741	684	703	722	855	741	722	646	684	703	
380	570	684	608	475	475	342	285	247	190	95	0	95	152	228	323	380	494	513	551	665	684	627	665	684	836	722	703	646	684	722	
323	551	684	646	513	513	380	323	323	266	190	95	0	57	133	228	266	399	399	456	570	589	532	589	608	760	665	646	589	665	722	
342	589	741	703	570	570	437	380	399	342	247	152	57	0	95	152	209	342	361	418	532	551	513	570	608	760	684	665	627	684	741	
285	551	722	684	551	570	437	399	456	399	323	228	133	95	0	114	133	266	266	323	437	456	418	475	513	665	589	589	551	627	703	
380	665	836	798	665	703	551	532	551	494	418	323	228	152	114	0	76	171	228	285	399	456	456	513	551	722	665	665	646	722	798	
361	646	817	798	665	703	570	551	589	551	456	380	266	209	133	76	0	133	152	209	323	380	380	456	494	646	608	608	608	684	779	
456	741	931	912	798	836	703	684	722	684	589	494	399	342	266	171	133	0	114	190	285	361	399	475	513	665	646	665	684	779	874	
361	627	817	817	722	760	646	627	703	665	589	513	399	361	266	228	152	114	0	57	171	228	266	342	399	551	532	551	570	665	760	
361	608	817	817	722	779	646	665	741	703	627	551	456	418	323	285	209	190	57	0	114	171	209	285	342	475	475	513	532	627	722	
418	646	836	855	779	836	722	741	836	817	741	665	570	532	437	399	323	285	171	114	0	95	190	266	304	418	456	494	532	627	741	
380	570	779	798	722	798	684	722	817	798	741	684	589	551	456	456	380	361	228	171	95	0	95	171	209	323	361	399	456	551	646	
285	475	665	684	608	684	589	627	741	741	684	627	532	513	418	456	380	399	266	209	190	95	0	76	114	266	266	304	342	437	551	
304	418	608	646	589	665	589	627	760	760	703	665	589	570	475	513	456	475	342	285	266	171	76	0	38	190	190	228	285	380	475	
323	418	589	646	589	665	589	646	779	779	722	684	608	608	513	551	494	513	399	342	304	209	114	38	0	152	152	190	266	342	456	
456	456	608	684	646	741	703	760	893	893	855	836	760	760	665	722	646	665	551	475	418	323	266	190	152	0	133	190	285	342	456	
342	323	475	551	513	608	570	627	760	779	741	722	665	684	589	665	608	646	532	475	456	361	266	190	152	133	0	57	152	228	323	
323	247	418	475	456	551	513	570	722	741	722	703	646	665	589	665	608	665	551	513	494	399	304	228	190	190	57	0	95	152	266	
266	152	323	380	361	456	418	475	627	646	646	646	589	627	551	646	608	684	570	532	532	456	342	285	266	285	152	95	0	95	190	
342	133	247	323	342	437	418	494	646	684	684	684	665	684	627	722	684	779	665	627	627	551	437	380	342	342	228	152	95	0	95	
418	152	171	266	304	399	418	513	646	684	703	722	722	741	703	798	779	874	760	722	741	646	551	475	456	456	323	266	190	95	0	
V6
0	255	408	408	306	357	272	289	408	408	357	340	289	306	255	340	323	408	323	323	374	340	255	272	289	408	306	289	238	306	374	
255	0	170	204	187	272	255	323	459	493	493	510	493	527	493	595	578	663	561	544	578	510	425	374	374	408	289	221	136	119	136	
408	170	0	85	170	238	306	374	493	544	578	612	612	663	646	748	731	833	731	731	748	697	595	544	527	544	425	374	289	221	153	
408	204	85	0	119	153	238	306	408	459	510	544	578	629	612	714	714	816	731	731	765	714	612	578	578	612	493	425	340	289	238	
306	187	170	119	0	85	119	187	306	357	391	425	459	510	493	595	595	714	646	646	697	646	544	527	527	578	459	408	323	306	272	
357	272	238	153	85	0	119	170	255	306	357	425	459	510	510	629	629	748	680	697	748	714	612	595	595	663	544	493	408	391	357	
272	255	306	238	119	119	0	68	187	238	255	306	340	391	391	493	510	629	578	578	646	612	527	527	527	629	510	459	374	374	374	
289	323	374	306	187	170	68	0	119	153	187	255	289	340	357	476	493	612	561	595	663	646	561	561	578	680	561	510	425	442	459	
408	459	493	408	306	255	187	119	0	68	136	221	289	357	408	493	527	646	629	663	748	731	663	680	697	799	680	646	561	578	578	
408	493	544	459	357	306	238	153	68	0	85	170	238	306	357	442	493	612	595	629	731	714	663	680	697	799	697	663	578	612	612	
357	493	578	510	391	357	255	187	136	85	0	85	170	221	289	374	408	527	527	561	663	663	612	629	646	765	663	646	578	612	629	
340	510	612	544	425	425	306	255	221	170	85	0	85	136	204	289	340	442	459	493	595	612	561	595	612	748	646	629	578	612	646	
289	493	612	578	459	459	340	289	289	238	170	85	0	51	119	204	238	357	357	408	510	527	476	527	544	680	595	578	527	595	646	
306	527	663	629	510	510	391	340	357	306	221	136	51	0	85	136	187	306	323	374	476	493	459	510	544	680	612	595	561	612	663	
255	493	646	612	493	510	391	357	408	357	289	204	119	85	0	102	119	238	238	289	391	408	374	425	459	595	527	527	493	561	629	
340	595	748	714	595	629	493	476	493	442	374	289	204	136	102	0	68	153	204	255	357	408	408	459	493	646	595	595	578	646	714	
323	578	731	714	595	629	510	493	527	493	408	340	238	187	119	68	0	119	136	187	289	340	340	408	442	578	544	544	544	612	697	
408	663	833	816	714	748	629	612	646	612	527	442	357	306	238	153	119	0	102	170	255	323	357	425	459	595	578	595	612	697	782	
323	561	731	731	646	680	578	561	629	595	527	459	357	323	238	204	136	102	0	51	153	204	238	306	357	493	476	493	510	595	680	
323	544	731	731	646	697	578	595	663	629	561	493	408	374	289	255	187	170	51	0	102	153	187	255	306	425	425	459	476	561	646	
374	578	748	765	697	748	646	663	748	731	663	595	510	476	391	357	289	255	153	102	0	85	170	238	272	374	408	442	476	561	663	
340	510	697	714	646	714	612	646	731	714	663	612	527	493	408	408	340	323	204	153	85	0	85	153	187	289	323	357	408	493	578	
255	425	595	612	544	612	527	561	663	663	612	561	476	459	374	408	340	357	238	187	170	85	0	68	102	238	238	272	306	391	493	
272	374	544	578	527	595	527	561	680	680	629	595	527	510	425	459	408	425	306	255	238	153	68	0	34	170	170	204	255	340	425	
289	374	527	578	527	595	527	578	697	697	646	612	544	544	459	493	442	459	357	306	272	187	102	34	0	136	136	170	238	306	408	
408	408	544	612	578	663	629	680	799	799	765	748	680	680	595	646	578	595	493	425	374	289	238	170	136	0	119	170	255	306	408	
306	289	425	493	459	544	510	561	680	697	663	646	595	612	527	595	544	578	476	425	408	323	238	170	136	119	0	51	136	204	289	
289	221	374	425	408	493	459	510	646	663	646	629	578	595	527	595	544	595	493	459	442	357	272	204	170	170	51	0	85	136	238	
238	136	289	340	323	408	374	425	561	578	578	578	527	561	493	578	544	612	510	476	476	408	306	255	238	255	136	85	0	85	170	
306	119	221	289	306	391	374	442	578	612	612	612	595	612	561	646	612	697	595	561	561	493	391	340	306	306	204	136	85	0	85	
374	136	153	238	272	357	374	459	578	612	629	646	646	663	629	714	697	782	680	646	663	578	493	425	408	408	289	238	170	85	0	
V7
0	120	192	192	144	168	128	136	192	192	168	160	136	144	120	160	152	192	152	152	176	160	120	128	136	192	144	136	112	144	176	
120	0	80	96	88	128	120	152	216	232	232	240	232	248	232	280	272	312	264	256	272	240	200	176	176	192	136	104	64	56	64	
192	80	0	40	80	112	144	176	232	256	272	288	288	312	304	352	344	392	344	344	352	328	280	256	248	256	200	176	136	104	72	
192	96	40	0	56	72	112	144	192	216	240	256	272	296	288	336	336	384	344	344	360	336	288	272	272	288	232	200	160	136	112	
144	88	80	56	0	40	56	88	144	168	184	200	216	240	232	280	280	336	304	304	328	304	256	248	248	272	216	192	152	144	128	
168	128	112	72	40	0	56	80	120	144	168	200	216	240	240	296	296	352	320	328	352	336	288	280	280	312	256	232	192	184	168	
128	120	144	112	56	56	0	32	88	112	120	144	160	184	184	232	240	296	272	272	304	288	248	248	248	296	240	216	176	176	176	
136	152	176	144	88	80	32	0	56	72	88	120	136	160	168	224	232	288	264	280	312	304	264	264	272	320	264	240	200	208	216	
192	216	232	192	144	120	88	56	0	32	64	104	136	168	192	232	248	304	296	312	352	344	312	320	328	376	320	304	264	272	272	
192	232	256	216	168	144	112	72	32	0	40	80	112	144	168	208	232	288	280	296	344	336	312	320	328	376	328	312	272	288	288	
168	232	272	240	184	168	120	88	64	40	0	40	80	104	136	176	192	248	248	264	312	312	288	296	304	360	312	304	272	288	296	
160	240	288	256	200	200	144	120	104	80	40	0	40	64	96	136	160	208	216	232	280	288	264	280	288	352	304	296	272	288	304	
136	232	288	272	216	216	160	136	136	112	80	40	0	24	56	96	112	168	168	192	240	248	224	248	256	320	280	272	248	280	304	
144	248	312	296	240	240	184	160	168	144	104	64	24	0	40	64	88	144	152	176	224	232	216	240	256	320	288	280	264	288	312	
120	232	304	288	232	240	184	168	192	168	136	96	56	40	0	48	56	112	112	136	184	192	176	200	216	280	248	248	232	264	296	
160	280	352	336	280	296	232	224	232	208	176	136	96	64	48	0	32	72	96	120	168	192	192	216	232	304	280	280	272	304	336	
152	272	344	336	280	296	240	232	248	232	192	160	112	88	56	32	0	56	64	88	136	160	160	192	208	272	256	256	256	288	328	
192	312	392	384	336	352	296	288	304	288	248	208	168	144	112	72	56	0	48	80	120	152	168	200	216	280	272	280	288	328	368	
152	264	344	344	304	320	272	264	296	280	248	216	168	152	112	96	64	48	0	24	72	96	112	144	168	232	224	232	240	280	320	
152	256	344	344	304	328	272	280	312	296	264	232	192	176	136	120	88	80	24	0	48	72	88	120	144	200	200	216	224	264	304	
176	272	352	360	328	352	304	312	352	344	312	280	240	224	184	168	136	120	72	48	0	40	80	112	128	176	192	208	224	264	312	
160	240	328	336	304	336	288	304	344	336	312	288	248	232	192	192	160	152	96	72	40	0	40	72	88	136	152	168	192	232	272	
120	200	280	288	256	288	248	264	312	312	288	264	224	216	176	192	160	168	112	88	80	40	0	32	48	112	112	128	144	184	232	
128	176	256	272	248	280	248	264	320	320	296	280	248	240	200	216	192	200	144	120	112	72	32	0	16	80	80	96	120	160	200	
136	176	248	272	248	280	248	272	328	328	304	288	256	256	216	232	208	216	168	144	128	88	48	16	0	64	64	80	112	144	192	
192	192	256	288	272	312	296	320	376	376	360	352	320	320	280	304	272	280	232	200	176	136	112	80	64	0	56	80	120	144	192	
144	136	200	232	216	256	240	264	320	328	312	304	280	288	248	280	256	272	224	200	192	152	112	80	64	56	0	24	64	96	136	
136	104	176	200	192	232	216	240	304	312	304	296	272	280	248	280	256	280	232	216	208	168	128	96	80	80	24	0	40	64	112	
112	64	136	160	152	192	176	200	264	272	272	272	248	264	232	272	256	288	240	224	224	192	144	120	112	120	64	40	0	40	80	
144	56	104	136	144	184	176	208	272	288	288	288	280	288	264	304	288	328	280	264	264	232	184	160	144	144	96	64	40	0	40	
176	64	72	112	128	168	176	216	272	288	296	304	304	312	296	336	328	368	320	304	312	272	232	200	192	192	136	112	80	40	0	
V8
0	132	211	211	158	184	140	149	211	211	184	176	149	158	132	176	167	211	167	167	193	176	132	140	149	211	158	149	123	158	193	
132	0	88	105	96	140	132	167	237	255	255	264	255	272	255	308	299	343	290	281	299	264	220	193	193	211	149	114	70	61	70	
211	88	0	44	88	123	158	193	255	281	299	316	316	343	334	387	378	431	378	378	387	360	308	281	272	281	220	193	149	114	79	
211	105	44	0	61	79	123	158	211	237	264	281	299	325	316	369	369	422	378	378	396	369	316	299	299	316	255	220	176	149	123	
158	96	88	61	0	44	61	96	158	184	202	220	237	264	255	308	308	369	334	334	360	334	281	272	272	299	237	211	167	158	140	
184	140	123	79	44	0	61	88	132	158	184	220	237	264	264	325	325	387	352	360	387	369	316	308	308	343	281	255	211	202	184	
140	132	158	123	61	61	0	35	96	123	132	158	176	202	202	255	264	325	299	299	334	316	272	272	272	325	264	237	193	193	193	
149	167	193	158	96	88	35	0	61	79	96	132	149	176	184	246	255	316	290	308	343	334	290	290	299	352	290	264	220	228	237	
211	237	255	211	158	132	96	61	0	35	70	114	149	184	211	255	272	334	325	343	387	378	343	352	360	413	352	334	290	299	299	
211	255	281	237	184	158	123	79	35	0	44	88	123	158	184	228	255	316	308	325	378	369	343	352	360	413	360	343	299	316	316	
184	255	299	264	202	184	132	96	70	44	0	44	88	114	149	193	211	272	272	290	343	343	316	325	334	396	343	334	299	316	325	
176	264	316	281	220	220	158	132	114	88	44	0	44	70	105	149	176	228	237	255	308	316	290	308	316	387	334	325	299	316	334	
149	255	316	299	237	237	176	149	149	123	88	44	0	26	61	105	123	184	184	211	264	272	246	272	281	352	308	299	272	308	334	
158	272	343	325	264	264	202	176	184	158	114	70	26	0	44	70	96	158	167	193	246	255	237	264	281	352	316	308	290	316	343	
132	255	334	316	255	264	202	184	211	184	149	105	61	44	0	52	61	123	123	149	202	211	193	220	237	308	272	272	255	290	325	
176	308	387	369	308	325	255	246	255	228	193	149	105	70	52	0	35	79	105	132	184	211	211	237	255	334	308	308	299	334	369	
167	299	378	369	308	325	264	255	272	255	211	176	123	96	61	35	0	61	70	96	149	176	176	211	228	299	281	281	281	316	360	
211	343	431	422	369	387	325	316	334	316	272	228	184	158	123	79	61	0	52	88	132	167	184	220	237	308	299	308	316	360	404	
167	290	378	378	334	352	299	290	325	308	272	237	184	167	123	105	70	52	0	26	79	105	123	158	184	255	246	255	264	308	352	
167	281	378	378	334	360	299	308	343	325	290	255	211	193	149	132	96	88	26	0	52	79	96	132	158	220	220	237	246	290	334	
193	299	387	396	360	387	334	343	387	378	343	308	264	246	202	184	149	132	79	52	0	44	88	123	140	193	211	228	246	290	343	
176	264	360	369	334	369	316	334	378	369	343	316	272	255	211	211	176	167	105	79	44	0	44	79	96	149	167	184	211	255	299	
132	220	308	316	281	316	272	290	343	343	316	290	246	237	193	211	176	184	123	96	88	44	0	35	52	123	123	140	158	202	255	
140	193	281	299	272	308	272	290	352	352	325	308	272	264	220	237	211	220	158	132	123	79	35	0	17	88	88	105	132	176	220	
149	193	272	299	272	308	272	299	360	360	334	316	281	281	237	255	228	237	184	158	140	96	52	17	0	70	70	88	123	158	211	
211	211	281	316	299	343	325	352	413	413	396	387	352	352	308	334	299	308	255	220	193	149	123	88	70	0	61	88	132	158	211	
158	149	220	255	237	281	264	290	352	360	343	334	308	316	272	308	281	299	246	220	211	167	123	88	70	61	0	26	70	105	149	
149	114	193	220	211	255	237	264	334	343	334	325	299	308	272	308	281	308	255	237	228	184	140	105	88	88	26	0	44	70	123	
123	70	149	176	167	211	193	220	290	299	299	299	272	290	255	299	281	316	264	246	246	211	158	132	123	132	70	44	0	44	88	
158	61	114	149	158	202	193	228	299	316	316	316	308	316	290	334	316	360	308	290	290	255	202	176	158	158	105	70	44	0	44	
193	70	79	123	140	184	193	237	299	316	325	334	334	343	325	369	360	404	352	334	343	299	255	220	211	211	149	123	88	44	0	
V9
0	114	182	182	136	159	121	129	182	182	159	152	129	136	114	152	144	182	144	144	167	152	114	121	129	182	136	129	106	136	167	
114	0	76	91	83	121	114	144	205	220	220	228	220	235	220	266	258	296	250	243	258	228	190	167	167	182	129	98	60	53	60	
182	76	0	38	76	106	136	167	220	243	258	273	273	296	288	334	326	372	326	326	334	311	266	243	235	243	190	167	129	98	68	
182	91	38	0	53	68	106	136	182	205	228	243	258	281	273	319	319	364	326	326	342	319	273	258	258	273	220	190	152	129	106	
136	83	76	53	0	38	53	83	136	159	174	190	205	228	220	266	266	319	288	288	311	288	243	235	235	258	205	182	144	136	121	
159	121	106	68	38	0	53	76	114	136	159	190	205	228	228	281	281	334	304	311	334	319	273	266	266	296	243	220	182	174	159	
121	114	136	106	53	53	0	30	83	106	114	136	152	174	174	220	228	281	258	258	288	273	235	235	235	281	228	205	167	167	167	
129	144	167	136	83	76	30	0	53	68	83	114	129	152	159	212	220	273	250	266	296	288	250	250	258	304	250	228	190	197	205	
182	205	220	182	136	114	83	53	0	30	60	98	129	159	182	220	235	288	281	296	334	326	296	304	311	357	304	288	250	258	258	
182	220	243	205	159	136	106	68	30	0	38	76	106	136	159	197	220	273	266	281	326	319	296	304	311	357	311	296	258	273	273	
159	220	258	228	174	159	114	83	60	38	0	38	76	98	129	167	182	235	235	250	296	296	273	281	288	342	296	288	258	273	281	
152	228	273	243	190	190	136	114	98	76	38	0	38	60	91	129	152	197	205	220	266	273	250	266	273	334	288	281	258	273	288	
129	220	273	258	205	205	152	129	129	106	76	38	0	22	53	91	106	159	159	182	228	235	212	235	243	304	266	258	235	266	288	
136	235	296	281	228	228	174	152	159	136	98	60	22	0	38	60	83	136	144	167	212	220	205	228	243	304	273	266	250	273	296	
114	220	288	273	220	228	174	159	182	159	129	91	53	38	0	45	53	106	106	129	174	182	167	190	205	266	235	235	220	250	281	
152	266	334	319	266	281	220	212	220	197	167	129	91	60	45	0	30	68	91	114	159	182	182	205	220	288	266	266	258	288	319	
144	258	326	319	266	281	228	220	235	220	182	152	106	83	53	30	0	53	60	83	129	152	152	182	197	258	243	243	243	273	311	
182	296	372	364	319	334	281	273	288	273	235	197	159	136	106	68	53	0	45	76	114	144	159	190	205	266	258	266	273	311	349	
144	250	326	326	288	304	258	250	281	266	235	205	159	144	106	91	60	45	0	22	68	91	106	136	159	220	212	220	228	266	304	
144	243	326	326	288	311	258	266	296	281	250	220	182	167	129	114	83	76	22	0	45	68	83	114	136	190	190	205	212	250	288	
167	258	334	342	311	334	288	296	334	326	296	266	228	212	174	159	129	114	68	45	0	38	76	106	121	167	182	197	212	250	296	
152	228	311	319	288	319	273	288	326	319	296	273	235	220	182	182	152	144	91	68	38	0	38	68	83	129	144	159	182	220	258	
114	190	266	273	243	273	235	250	296	296	273	250	212	205	167	182	152	159	106	83	76	38	0	30	45	106	106	121	136	174	220	
121	167	243	258	235	266	235	250	304	304	281	266	235	228	190	205	182	190	136	114	106	68	30	0	15	76	76	91	114	152	190	
129	167	235	258	235	266	235	258	311	311	288	273	243	243	205	220	197	205	159	136	121	83	45	15	0	60	60	76	106	136	182	
182	182	243	273	258	296	281	304	357	357	342	334	304	304	266	288	258	266	220	190	167	129	106	76	60	0	53	76	114	136	182	
136	129	190	220	205	243	228	250	304	311	296	288	266	273	235	266	243	258	212	190	182	144	106	76	60	53	0	22	60	91	129	
129	98	167	190	182	220	205	228	288	296	288	281	258	266	235	266	243	266	220	205	197	159	121	91	76	76	22	0	38	60	106	
106	60	129	152	144	182	167	190	250	258	258	258	235	250	220	258	243	273	228	212	212	182	136	114	106	114	60	38	0	38	76	
136	53	98	129	136	174	167	197	258	273	273	273	266	273	250	288	273	311	266	250	250	220	174	152	136	136	91	60	38	0	38	
167	60	68	106	121	159	167	205	258	273	281	288	288	296	281	319	311	349	304	288	296	258	220	190	182	182	129	106	76	38	0	
V10
0	198	316	316	237	277	211	224	316	316	277	264	224	237	198	264	250	316	250	250	290	264	198	211	224	316	237	224	184	237	290	
198	0	132	158	145	211	198	250	356	382	382	396	382	409	382	462	448	514	435	422	448	396	330	290	290	316	224	171	105	92	105	
316	132	0	66	132	184	237	290	382	422	448	475	475	514	501	580	567	646	567	567	580	541	462	422	409	422	330	290	224	171	118	
316	158	66	0	92	118	184	237	316	356	396	422	448	488	475	554	554	633	567	567	594	554	475	448	448	475	382	330	264	224	184	
237	145	132	92	0	66	92	145	237	277	303	330	356	396	382	462	462	554	501	501	541	501	422	409	409	448	356	316	250	237	211	
277	211	184	118	66	0	92	132	198	237	277	330	356	396	396	488	488	580	528	541	580	554	475	462	462	514	422	382	316	303	277	
211	198	237	184	92	92	0	52	145	184	198	237	264	303	303	382	396	488	448	448	501	475	409	409	409	488	396	356	290	290	290	
224	250	290	237	145	132	52	0	92	118	145	198	224	264	277	369	382	475	435	462	514	501	435	435	448	528	435	396	330	343	356	
316	356	382	316	237	198	145	92	0	52	105	171	224	277	316	382	409	501	488	514	580	567	514	528	541	620	528	501	435	448	448	
316	382	422	356	277	237	184	118	52	0	66	132	184	237	277	343	382	475	462	488	567	554	514	528	541	620	541	514	448	475	475	
277	382	448	396	303	277	198	145	105	66	0	66	132	171	224	290	316	409	409	435	514	514	475	488	501	594	514	501	448	475	488	
264	396	475	422	330	330	237	198	171	132	66	0	66	105	158	224	264	343	356	382	462	475	435	462	475	580	501	488	448	475	501	
224	382	475	448	356	356	264	224	224	184	132	66	0	39	92	158	184	277	277	316	396	409	369	409	422	528	462	448	409	462	501	
237	409	514	488	396	396	303	264	277	237	171	105	39	0	66	105	145	237	250	290	369	382	356	396	422	528	475	462	435	475	514	
198	382	501	475	382	396	303	277	316	277	224	158	92	66	0	79	92	184	184	224	303	316	290	330	356	462	409	409	382	435	488	
264	462	580	554	462	488	382	369	382	343	290	224	158	105	79	0	52	118	158	198	277	316	316	356	382	501	462	462	448	501	554	
250	448	567	554	462	488	396	382	409	382	316	264	184	145	92	52	0	92	105	145	224	264	264	316	343	448	422	422	422	475	541	
316	514	646	633	554	580	488	475	501	475	409	343	277	237	184	118	92	0	79	132	198	250	277	330	356	462	448	462	475	541	607	
250	435	567	567	501	528	448	435	488	462	409	356	277	250	184	158	105	79	0	39	118	158	184	237	277	382	369	382	396	462	528	
250	422	567	567	501	541	448	462	514	488	435	382	316	290	224	198	145	132	39	0	79	118	145	198	237	330	330	356	369	435	501	
290	448	580	594	541	580	501	514	580	567	514	462	396	369	303	277	224	198	118	79	0	66	132	184	211	290	316	343	369	435	514	
264	396	541	554	501	554	475	501	567	554	514	475	409	382	316	316	264	250	158	118	66	0	66	118	145	224	250	277	316	382	448	
198	330	462	475	422	475	409	435	514	514	475	435	369	356	290	316	264	277	184	145	132	66	0	52	79	184	184	211	237	303	382	
211	290	422	448	409	462	409	435	528	528	488	462	409	396	330	356	316	330	237	198	184	118	52	0	26	132	132	158	198	264	330	
224	290	409	448	409	462	409	448	541	541	501	475	422	422	356	382	343	356	277	237	211	145	79	26	0	105	105	132	184	237	316	
316	316	422	475	448	514	488	528	620	620	594	580	528	528	462	501	448	462	382	330	290	224	184	132	105	0	92	132	198	237	316	
237	224	330	382	356	422	396	435	528	541	514	501	462	475	409	462	422	448	369	330	316	250	184	132	105	92	0	39	105	158	224	
224	171	290	330	316	382	356	396	501	514	501	488	448	462	409	462	422	462	382	356	343	277	211	158	132	132	39	0	66	105	184	
184	105	224	264	250	316	290	330	435	448	448	448	409	435	382	448	422	475	396	369	369	316	237	198	184	198	105	66	0	66	132	
237	92	171	224	237	303	290	343	448	475	475	475	462	475	435	501	475	541	462	435	435	382	303	264	237	237	158	105	66	0	66	
290	105	118	184	211	277	290	356	448	475	488	501	501	514	488	554	541	607	528	501	514	448	382	330	316	316	224	184	132	66	0	
V11
0	240	384	384	288	336	256	272	384	384	336	320	272	288	240	320	304	384	304	304	352	320	240	256	272	384	288	272	224	288	352	
240	0	160	192	176	256	240	304	432	464	464	480	464	496	464	560	544	624	528	512	544	480	400	352	352	384	272	208	128	112	128	
384	160	0	80	160	224	288	352	464	512	544	576	576	624	608	704	688	784	688	688	704	656	560	512	496	512	400	352	272	208	144	
384	192	80	0	112	144	224	288	384	432	480	512	544	592	576	672	672	768	688	688	720	672	576	544	544	576	464	400	320	272	224	
288	176	160	112	0	80	112	176	288	336	368	400	432	480	464	560	560	672	608	608	656	608	512	496	496	544	432	384	304	288	256	
336	256	224	144	80	0	112	160	240	288	336	400	432	480	480	592	592	704	640	656	704	672	576	560	560	624	512	464	384	368	336	
256	240	288	224	112	112	0	64	176	224	240	288	320	368	368	464	480	592	544	544	608	576	496	496	496	592	480	432	352	352	352	
272	304	352	288	176	160	64	0	112	144	176	240	272	320	336	448	464	576	528	560	624	608	528	528	544	640	528	480	400	416	432	
384	432	464	384	288	240	176	112	0	64	128	208	272	336	384	464	496	608	592	624	704	688	624	640	656	752	640	608	528	544	544	
384	464	512	432	336	288	224	144	64	0	80	160	224	288	336	416	464	576	560	592	688	672	624	640	656	752	656	624	544	576	576	
336	464	544	480	368	336	240	176	128	80	0	80	160	208	272	352	384	496	496	528	624	624	576	592	608	720	624	608	544	576	592	
320	480	576	512	400	400	288	240	208	160	80	0	80	128	192	272	320	416	432	464	560	576	528	560	576	704	608	592	544	576	608	
272	464	576	544	432	432	320	272	272	224	160	80	0	48	112	192	224	336	336	384	480	496	448	496	512	640	560	544	496	560	608	
288	496	624	592	480	480	368	320	336	288	208	128	48	0	80	128	176	288	304	352	448	464	432	480	512	640	576	560	528	576	624	
240	464	608	576	464	480	368	336	384	336	272	192	112	80	0	96	112	224	224	272	368	384	352	400	432	560	496	496	464	528	592	
320	560	704	672	560	592	464	448	464	416	352	272	192	128	96	0	64	144	192	240	336	384	384	432	464	608	560	560	544	608	672	
304	544	688	672	560	592	480	464	496	464	384	320	224	176	112	64	0	112	128	176	272	320	320	384	416	544	512	512	512	576	656	
384	624	784	768	672	704	592	576	608	576	496	416	336	288	224	144	112	0	96	160	240	304	336	400	432	560	544	560	576	656	736	
304	528	688	688	608	640	544	528	592	560	496	432	336	304	224	192	128	96	0	48	144	192	224	288	336	464	448	464	480	560	640	
304	512	688	688	608	656	544	560	624	592	528	464	384	352	272	240	176	160	48	0	96	144	176	240	288	400	400	432	448	528	608	
352	544	704	720	656	704	608	624	704	688	624	560	480	448	368	336	272	240	144	96	0	80	160	224	256	352	384	416	448	528	624	
320	480	656	672	608	672	576	608	688	672	624	576	496	464	384	384	320	304	192	144	80	0	80	144	176	272	304	336	384	464	544	
240	400	560	576	512	576	496	528	624	624	576	528	448	432	352	384	320	336	224	176	160	80	0	64	96	224	224	256	288	368	464	
256	352	512	544	496	560	496	528	640	640	592	560	496	480	400	432	384	400	288	240	224	144	64	0	32	160	160	192	240	320	400	
272	352	496	544	496	560	496	544	656	656	608	576	512	512	432	464	416	432	336	288	256	176	96	32	0	128	128	160	224	288	384	
384	384	512	576	544	624	592	640	752	752	720	704	640	640	560	608	544	560	464	400	352	272	224	160	128	0	112	160	240	288	384	
288	272	400	464	432	512	480	528	640	656	624	608	560	576	496	560	512	544	448	400	384	304	224	160	128	112	0	48	128	192	272	
272	208	352	400	384	464	432	480	608	624	608	592	544	560	496	560	512	560	464	432	416	336	256	192	160	160	48	0	80	128	224	
224	128	272	320	304	384	352	400	528	544	544	544	496	528	464	544	512	576	480	448	448	384	288	240	224	240	128	80	0	80	160	
288	112	208	272	288	368	352	416	544	576	576	576	560	576	528	608	576	656	560	528	528	464	368	320	288	288	192	128	80	0	80	
352	128	144	224	256	336	352	432	544	576	592	608	608	624	592	672	656	736	640	608	624	544	464	400	384	384	272	224	160	80	0	
V12
0	141	225	225	169	197	150	159	225	225	197	188	159	169	141	188	178	225	178	178	206	188	141	150	159	225	169	159	131	169	206	
141	0	94	112	103	150	141	178	253	272	272	282	272	291	272	329	319	366	310	300	319	282	235	206	206	225	159	122	75	65	75	
225	94	0	47	94	131	169	206	272	300	319	338	338	366	357	413	404	460	404	404	413	385	329	300	291	300	235	206	159	122	84	
225	112	47	0	65	84	131	169	225	253	282	300	319	347	338	394	394	451	404	404	423	394	338	319	319	338	272	235	188	159	131	
169	103	94	65	0	47	65	103	169	197	216	235	253	282	272	329	329	394	357	357	385	357	300	291	291	319	253	225	178	169	150	
197	150	131	84	47	0	65	94	141	169	197	235	253	282	282	347	347	413	376	385	413	394	338	329	329	366	300	272	225	216	197	
150	141	169	131	65	65	0	37	103	131	141	169	188	216	216	272	282	347	319	319	357	338	291	291	291	347	282	253	206	206	206	
159	178	206	169	103	94	37	0	65	84	103	141	159	188	197	263	272	338	310	329	366	357	310	310	319	376	310	282	235	244	253	
225	253	272	225	169	141	103	65	0	37	75	122	159	197	225	272	291	357	347	366	413	404	366	376	385	441	376	357	310	319	319	
225	272	300	253	197	169	131	84	37	0	47	94	131	169	197	244	272	338	329	347	404	394	366	376	385	441	385	366	319	338	338	
197	272	319	282	216	197	141	103	75	47	0	47	94	122	159	206	225	291	291	310	366	366	338	347	357	423	366	357	319	338	347	
188	282	338	300	235	235	169	141	122	94	47	0	47	75	112	159	188	244	253	272	329	338	310	329	338	413	357	347	319	338	357	
159	272	338	319	253	253	188	159	159	131	94	47	0	28	65	112	131	197	197	225	282	291	263	291	300	376	329	319	291	329	357	
169	291	366	347	282	282	216	188	197	169	122	75	28	0	47	75	103	169	178	206	263	272	253	282	300	376	338	329	310	338	366	
141	272	357	338	272	282	216	197	225	197	159	112	65	47	0	56	65	131	131	159	216	225	206	235	253	329	291	291	272	310	347	
188	329	413	394	329	347	272	263	272	244	206	159	112	75	56	0	37	84	112	141	197	225	225	253	272	357	329	329	319	357	394	
178	319	404	394	329	347	282	272	291	272	225	188	131	103	65	37	0	65	75	103	159	188	188	225	244	319	300	300	300	338	385	
225	366	460	451	394	413	347	338	357	338	291	244	197	169	131	84	65	0	56	94	141	178	197	235	253	329	319	329	338	385	432	
178	310	404	404	357	376	319	310	347	329	291	253	197	178	131	112	75	56	0	28	84	112	131	169	197	272	263	272	282	329	376	
178	300	404	404	357	385	319	329	366	347	310	272	225	206	159	141	103	94	28	0	56	84	103	141	169	235	235	253	263	310	357	
206	319	413	423	385	413	357	366	413	404	366	329	282	263	216	197	159	141	84	56	0	47	94	131	150	206	225	244	263	310	366	
188	282	385	394	357	394	338	357	404	394	366	338	291	272	225	225	188	178	112	84	47	0	47	84	103	159	178	197	225	272	319	
141	235	329	338	300	338	291	310	366	366	338	310	263	253	206	225	188	197	131	103	94	47	0	37	56	131	131	150	169	216	272	
150	206	300	319	291	329	291	310	376	376	347	329	291	282	235	253	225	235	169	141	131	84	37	0	18	94	94	112	141	188	235	
159	206	291	319	291	329	291	319	385	385	357	338	300	300	253	272	244	253	197	169	150	103	56	18	0	75	75	94	131	169	225	
225	225	300	338	319	366	347	376	441	441	423	413	376	376	329	357	319	329	272	235	206	159	131	94	75	0	65	94	141	169	225	
169	159	235	272	253	300	282	310	376	385	366	357	329	338	291	329	300	319	263	235	225	178	131	94	75	65	0	28	75	112	159	
159	122	206	235	225	272	253	282	357	366	357	347	319	329	291	329	300	329	272	253	244	197	150	112	94	94	28	0	47	75	131	
131	75	159	188	178	225	206	235	310	319	319	319	291	310	272	319	300	338	282	263	263	225	169	141	131	141	75	47	0	47	94	
169	65	122	159	169	216	206	244	319	338	338	338	329	338	310	357	338	385	329	310	310	272	216	188	169	169	112	75	47	0	47	
206	75	84	131	150	197	206	253	319	338	347	357	357	366	347	394	385	432	376	357	366	319	272	235	225	225	159	131	94	47	0	
Velocidade_Veiculos
1	1	1	1	1	1	1	1	1	1	1	1	1	