M: 8
N: 30
Nun_Veiculos: 12
Capacidade_Total: 678
Demanda_Total: 431
Setup_Min: 1
Setup_Max: 9
Raio: 100
Circulos: 1
Tempo_Processamento_Min: 1
Tempo_Processamento_Max: 49
Demanda_Min: 10
Demanda_Max: 30
Priority_Factor: 0.2
Range_Factor_R: 0.8
U_factor: 2
ALpha: 0.2Replicao: 0
Tempos_Processamentos
0	0	1	0	2	0	3	0	4	0	5	0	6	0	7	0	
0	21	1	39	2	15	3	29	4	24	5	40	6	33	7	14	
0	3	1	15	2	24	3	12	4	40	5	17	6	4	7	12	
0	11	1	26	2	19	3	10	4	33	5	43	6	10	7	27	
0	13	1	28	2	46	3	22	4	37	5	39	6	24	7	23	
0	12	1	33	2	17	3	34	4	28	5	16	6	25	7	14	
0	47	1	34	2	34	3	2	4	31	5	9	6	15	7	5	
0	32	1	47	2	17	3	10	4	22	5	16	6	43	7	26	
0	19	1	9	2	42	3	30	4	39	5	15	6	41	7	9	
0	2	1	10	2	8	3	15	4	15	5	3	6	28	7	40	
0	40	1	19	2	20	3	7	4	3	5	9	6	18	7	2	
0	18	1	3	2	1	3	38	4	22	5	20	6	30	7	29	
0	3	1	49	2	38	3	12	4	14	5	45	6	11	7	14	
0	28	1	19	2	11	3	16	4	22	5	47	6	28	7	49	
0	22	1	5	2	34	3	15	4	36	5	49	6	30	7	14	
0	15	1	8	2	41	3	13	4	11	5	36	6	13	7	48	
0	14	1	6	2	22	3	42	4	13	5	14	6	44	7	1	
0	34	1	20	2	27	3	7	4	40	5	49	6	1	7	41	
0	1	1	33	2	4	3	10	4	3	5	10	6	31	7	14	
0	8	1	27	2	11	3	5	4	29	5	25	6	20	7	14	
0	17	1	25	2	28	3	41	4	37	5	37	6	39	7	30	
0	11	1	6	2	48	3	39	4	5	5	43	6	33	7	33	
0	48	1	10	2	31	3	3	4	33	5	3	6	38	7	48	
0	14	1	18	2	49	3	40	4	15	5	38	6	30	7	6	
0	36	1	10	2	28	3	25	4	8	5	3	6	8	7	15	
0	32	1	11	2	18	3	41	4	13	5	43	6	42	7	28	
0	36	1	46	2	37	3	5	4	43	5	14	6	27	7	17	
0	46	1	42	2	11	3	19	4	18	5	19	6	24	7	36	
0	39	1	28	2	40	3	42	4	45	5	40	6	18	7	4	
0	36	1	16	2	24	3	5	4	3	5	44	6	29	7	3	
0	6	1	45	2	47	3	16	4	15	5	28	6	43	7	42	

Tempos_setup
M0
0	0	0	0	0	0	0	0	0	0	0	0	0	0	0	0	0	0	0	0	0	0	0	0	0	0	0	0	0	0	0	
0	0	3	3	2	2	3	2	2	3	2	3	2	3	2	2	1	2	2	2	2	3	1	1	2	2	3	1	3	2	3	
0	2	0	3	3	3	1	4	3	4	1	3	3	3	3	3	3	1	2	2	2	2	2	2	3	2	3	3	3	3	2	
0	3	5	0	4	3	5	5	4	5	3	3	4	4	4	2	4	4	2	4	4	4	2	4	4	3	5	4	4	5	4	
0	3	2	2	0	4	1	4	4	4	3	3	4	3	2	4	3	3	1	4	2	3	3	4	4	2	4	4	4	4	2	
0	1	2	3	3	0	3	2	1	3	2	3	2	3	3	2	2	3	3	3	3	3	1	2	3	2	3	2	1	2	2	
0	2	1	2	3	3	0	3	4	3	2	2	3	2	2	3	2	2	1	3	3	2	2	3	3	1	3	3	3	3	1	
0	3	2	3	3	2	3	0	1	1	2	2	3	3	3	3	2	2	1	2	2	2	2	3	3	3	3	3	2	3	3	
0	2	1	3	3	2	2	2	0	3	2	3	2	3	3	2	1	2	3	2	2	3	1	2	2	2	2	3	3	3	3	
0	2	1	3	2	1	2	2	2	0	2	1	2	2	2	2	1	1	3	1	1	1	2	2	2	2	2	2	1	2	2	
0	1	3	3	3	3	3	3	3	3	0	3	2	2	2	3	2	3	1	1	3	2	2	2	3	3	3	2	4	3	3	
0	4	3	4	2	3	3	3	3	3	3	0	2	2	3	3	3	4	3	2	2	1	3	4	1	3	2	1	4	3	3	
0	3	1	2	3	3	1	3	3	3	2	1	0	2	1	3	2	2	2	3	3	2	2	2	2	1	3	2	3	3	1	
0	3	2	4	3	2	3	3	2	1	3	2	3	0	3	3	2	2	4	2	2	2	3	3	3	3	3	3	2	3	3	
0	2	3	1	2	2	3	4	2	3	1	3	3	2	0	2	3	4	2	2	3	1	1	3	4	2	2	3	3	3	3	
0	2	3	4	3	4	3	4	4	4	2	3	2	3	3	0	3	3	3	3	4	4	3	3	4	3	5	3	5	3	3	
0	3	2	2	2	3	2	1	2	2	3	2	1	2	2	3	0	2	2	1	1	2	2	3	2	1	3	3	3	3	2	
0	2	3	3	2	3	3	3	3	3	1	3	2	2	2	3	3	0	2	1	4	1	3	3	4	3	2	3	2	3	3	
0	4	4	2	2	4	3	4	5	5	3	4	4	4	4	4	3	2	0	3	2	3	4	4	4	4	4	5	3	4	4	
0	3	2	2	2	2	2	4	3	2	2	2	1	1	1	3	3	3	3	0	3	1	2	3	3	2	2	3	3	4	2	
0	3	2	3	1	3	2	3	3	4	2	2	2	3	3	2	2	3	2	3	0	2	3	2	2	2	3	3	4	3	3	
0	3	3	3	1	3	2	4	2	2	2	3	2	1	3	3	3	3	2	3	3	0	2	3	4	2	1	4	3	4	3	
0	1	3	2	2	1	3	3	2	3	1	2	3	2	2	1	2	3	2	2	3	2	0	2	3	1	3	2	2	3	2	
0	1	2	3	1	1	2	2	1	3	2	3	2	2	2	3	1	3	2	2	2	2	2	0	1	2	2	2	2	1	2	
0	3	4	3	2	2	3	2	3	3	2	3	3	2	3	2	4	4	3	3	4	1	3	4	0	2	1	4	3	4	4	
0	2	2	1	2	2	3	4	3	2	2	1	3	1	1	2	3	3	3	3	2	1	1	3	2	0	2	2	3	2	2	
0	2	3	2	3	3	4	4	4	3	1	2	3	2	2	3	3	4	2	2	3	2	2	3	3	1	0	3	4	3	3	
0	4	3	3	2	3	3	3	4	3	3	3	2	2	2	3	2	4	3	1	1	2	3	3	3	3	3	0	4	2	3	
0	2	2	3	2	2	2	1	2	2	2	2	1	3	2	1	2	2	2	3	3	3	3	1	2	2	3	3	0	1	1	
0	2	1	2	3	3	2	3	3	4	1	3	3	3	1	3	2	2	2	2	3	2	2	3	3	2	3	3	3	0	1	
0	3	2	2	3	3	2	2	3	3	2	2	2	2	2	2	1	1	2	2	2	2	2	3	2	1	3	3	2	3	0	
M1
0	0	0	0	0	0	0	0	0	0	0	0	0	0	0	0	0	0	0	0	0	0	0	0	0	0	0	0	0	0	0	
0	0	2	3	4	4	2	2	2	3	4	1	3	3	4	3	3	3	2	4	3	1	3	3	3	4	1	3	1	4	2	
0	3	0	2	3	3	2	3	3	1	2	2	1	2	3	3	3	3	3	2	2	3	3	3	3	3	2	1	2	2	2	
0	1	2	0	3	2	3	2	3	2	3	2	3	3	3	3	3	2	2	2	1	2	3	4	3	4	1	3	2	1	2	
0	2	3	3	0	3	1	2	2	1	1	2	1	2	3	2	3	3	2	2	3	3	4	2	2	2	2	2	3	2	2	
0	3	3	2	4	0	3	4	4	3	3	3	2	3	3	3	3	2	4	1	3	2	2	3	3	3	3	3	3	3	3	
0	1	3	2	3	3	0	1	2	3	2	2	3	1	3	3	3	2	2	3	3	2	3	1	1	3	2	1	2	3	1	
0	3	3	4	5	3	2	0	4	2	4	4	4	3	4	4	3	4	3	3	3	3	5	2	3	5	2	1	2	3	3	
0	2	3	2	3	3	2	3	0	2	2	2	1	2	3	1	2	3	3	2	3	3	4	2	3	3	2	1	2	2	1	
0	4	2	3	3	4	4	2	4	0	4	4	3	2	4	3	3	3	2	1	3	2	3	3	3	3	1	3	3	4	3	
0	3	3	2	4	2	2	3	1	3	0	3	2	3	3	1	2	2	3	1	3	2	4	2	2	1	3	2	2	3	2	
0	2	1	2	3	3	2	1	2	2	3	0	2	3	4	2	3	4	3	3	2	2	4	3	3	4	3	2	3	3	1	
0	3	2	3	2	2	3	2	2	2	1	1	0	1	2	2	3	2	2	2	3	2	3	3	2	2	3	3	3	1	2	
0	3	3	3	4	3	3	3	3	3	2	4	3	0	2	3	4	1	1	2	2	3	2	4	2	2	3	2	2	3	2	
0	4	3	3	5	2	3	2	4	2	4	4	4	4	0	3	4	2	4	1	2	2	3	3	3	3	3	2	3	1	3	
0	2	3	1	4	3	1	2	2	3	3	3	3	2	3	0	1	2	2	1	2	2	4	1	2	3	2	2	2	2	2	
0	2	4	4	5	3	2	3	4	4	3	3	5	3	5	4	0	4	3	3	3	3	5	3	3	2	3	1	2	3	3	
0	3	3	4	5	3	2	3	2	3	4	4	3	3	1	3	3	0	3	1	2	2	4	3	3	3	3	1	2	2	3	
0	3	2	4	4	4	2	3	3	3	3	3	2	1	3	4	3	2	0	2	1	3	3	3	3	3	2	3	1	3	3	
0	3	2	3	4	3	3	3	3	2	3	4	3	4	4	2	3	4	3	0	4	1	5	2	2	2	3	3	2	4	2	
0	3	3	3	4	3	3	3	4	3	3	3	2	3	3	3	2	2	2	1	0	2	3	3	3	3	4	3	3	2	2	
0	3	3	4	3	3	2	2	3	3	4	4	3	3	5	4	4	4	3	4	4	0	5	3	3	4	4	3	4	4	3	
0	2	3	2	4	4	1	2	2	1	2	3	3	2	4	3	4	3	2	2	3	3	0	2	1	3	2	2	3	3	2	
0	2	3	4	4	4	3	3	4	4	4	2	3	2	3	4	4	3	1	3	2	1	4	0	4	4	3	4	2	4	3	
0	2	3	1	4	3	2	1	1	3	1	3	2	2	3	2	3	2	3	2	2	3	4	2	0	2	2	2	3	2	1	
0	4	4	3	5	1	3	4	2	4	1	4	3	4	3	2	3	2	4	2	4	3	3	3	3	0	4	3	3	4	3	
0	4	3	5	5	5	3	4	4	3	4	4	3	2	3	4	2	3	1	3	2	4	4	4	4	4	0	3	2	4	4	
0	2	4	3	4	2	1	2	3	3	3	3	4	2	4	4	2	3	2	2	2	3	4	2	2	4	2	0	1	2	2	
0	2	3	3	4	4	1	2	2	3	3	2	3	2	3	3	3	2	2	3	3	3	4	2	2	3	1	2	0	4	2	
0	3	3	3	4	1	3	1	3	1	4	3	3	3	2	2	3	1	3	2	3	1	2	3	3	4	2	2	3	0	2	
0	1	3	1	3	2	1	2	3	2	3	2	3	2	3	2	3	3	2	3	2	2	4	2	2	4	2	2	2	2	0	
M2
0	0	0	0	0	0	0	0	0	0	0	0	0	0	0	0	0	0	0	0	0	0	0	0	0	0	0	0	0	0	0	
0	0	3	2	2	3	3	3	1	3	2	2	2	3	3	3	2	3	3	3	1	2	3	1	1	3	3	2	3	3	2	
0	3	0	2	2	2	1	3	2	2	1	1	2	2	2	2	2	3	2	3	2	4	2	3	3	3	3	3	2	1	4	
0	1	2	0	3	3	3	1	2	2	2	3	2	2	1	2	3	2	2	3	2	3	1	2	2	3	2	3	3	3	3	
0	3	3	2	0	2	4	3	3	4	4	3	3	2	3	4	4	4	3	5	3	4	3	4	4	5	2	4	3	4	4	
0	3	1	3	3	0	2	3	1	2	2	2	2	1	3	2	2	2	2	3	2	3	3	3	3	4	3	3	3	2	4	
0	2	2	2	1	1	0	3	2	2	2	3	1	2	3	3	3	3	3	3	1	3	3	3	3	3	3	2	3	3	4	
0	2	2	3	2	2	3	0	3	1	1	2	2	1	3	2	2	4	2	2	2	3	1	3	2	3	2	3	2	3	3	
0	3	2	4	4	3	3	3	0	3	3	3	3	2	3	4	2	4	3	4	3	2	4	4	3	4	2	4	3	2	4	
0	3	3	3	3	2	2	2	2	0	3	2	3	2	2	3	1	3	1	1	3	2	2	4	2	2	1	2	1	4	2	
0	2	2	3	3	1	2	2	2	2	0	2	3	2	3	2	3	3	1	2	3	3	1	3	2	2	2	3	2	3	3	
0	2	3	1	3	3	2	2	1	2	3	0	2	3	2	3	1	3	2	3	3	3	2	3	2	4	3	3	1	3	3	
0	3	3	2	3	2	3	2	3	1	3	3	0	3	3	2	2	3	2	2	3	2	3	3	3	2	2	1	2	4	3	
0	3	3	2	3	2	2	2	2	2	3	1	1	0	3	3	2	4	1	3	1	3	3	3	2	3	3	2	2	4	3	
0	2	4	4	3	3	4	3	3	3	2	4	2	4	0	3	2	1	3	4	3	3	3	3	2	3	2	2	3	5	3	
0	3	3	2	4	2	3	3	1	1	3	1	2	1	3	0	2	4	2	2	2	2	3	1	3	3	1	3	2	3	3	
0	3	3	4	3	3	3	1	3	1	2	3	3	2	3	3	0	4	2	2	3	2	2	4	3	3	2	2	2	4	3	
0	1	3	3	3	2	3	2	2	2	1	3	3	3	3	2	3	0	2	3	2	3	2	2	2	2	3	1	3	4	2	
0	2	2	2	2	1	1	3	1	3	2	1	2	1	3	3	2	3	0	4	2	3	3	3	1	3	3	3	2	3	2	
0	3	3	2	4	2	4	3	2	3	2	3	4	3	2	3	4	2	3	0	3	1	3	4	2	3	2	2	3	4	1	
0	2	3	1	4	3	3	2	3	2	3	3	1	3	2	3	3	3	2	3	0	3	2	3	3	3	3	2	2	4	3	
0	3	3	4	4	2	3	3	1	3	1	3	3	2	4	2	3	2	2	2	3	0	2	3	3	3	3	3	3	3	3	
0	3	1	3	3	2	2	2	2	2	2	2	3	2	3	1	3	4	1	3	3	3	0	2	2	2	2	4	2	2	3	
0	4	2	4	4	3	3	2	2	2	2	3	4	3	3	3	1	3	3	2	3	1	2	0	3	4	3	3	2	3	3	
0	1	3	2	3	2	3	3	2	3	1	3	3	3	2	3	3	2	2	3	2	2	2	2	0	2	3	2	3	4	1	
0	1	4	3	3	3	2	3	2	3	3	3	2	3	2	4	2	3	2	4	2	3	4	2	2	0	4	3	1	4	3	
0	3	2	2	3	1	2	3	2	3	2	3	3	2	2	3	3	3	2	4	3	2	3	4	2	4	0	4	1	3	3	
0	2	2	3	2	1	2	1	2	1	2	2	2	2	3	1	2	2	2	2	3	3	2	2	3	1	2	0	2	3	3	
0	2	3	3	2	2	1	2	1	3	2	2	2	2	1	4	3	2	1	3	2	3	3	3	1	3	3	3	0	3	2	
0	3	2	4	4	1	3	4	2	3	2	3	3	2	1	3	3	2	2	4	3	4	3	3	3	2	3	3	3	0	4	
0	2	2	1	3	1	3	2	2	2	2	3	3	2	1	2	3	1	3	3	3	1	2	3	1	2	3	1	3	3	0	
M3
0	0	0	0	0	0	0	0	0	0	0	0	0	0	0	0	0	0	0	0	0	0	0	0	0	0	0	0	0	0	0	
0	0	2	1	3	4	2	4	2	3	2	2	3	3	2	2	3	1	3	3	3	3	2	2	2	3	3	1	4	2	3	
0	2	0	3	4	4	4	5	2	4	3	3	5	5	4	3	4	3	4	3	3	4	4	3	4	4	4	3	5	3	2	
0	3	1	0	3	3	3	3	3	3	1	3	3	2	3	3	3	2	3	3	2	3	2	3	4	2	3	4	5	3	3	
0	4	2	4	0	3	3	4	3	4	4	2	3	4	2	2	3	1	4	3	4	3	2	4	3	3	3	4	4	4	2	
0	2	4	3	3	0	3	4	3	2	3	4	4	4	3	3	3	3	2	2	2	3	2	1	1	4	3	2	5	4	3	
0	3	4	4	4	3	0	3	2	2	2	4	4	4	4	1	4	3	3	3	1	4	3	2	2	3	3	3	3	3	3	
0	3	2	1	2	2	2	0	3	3	2	4	2	1	3	3	1	3	1	2	2	2	2	3	3	3	2	3	4	3	2	
0	2	2	2	2	3	2	3	0	2	1	3	4	3	2	2	2	2	2	1	2	2	3	3	3	2	2	3	4	1	1	
0	4	2	2	3	2	3	3	3	0	3	3	5	4	3	2	3	4	4	2	3	3	3	3	1	3	1	2	3	4	1	
0	3	2	2	3	4	3	2	2	2	0	2	3	3	2	2	2	1	2	3	1	2	2	2	3	1	3	3	4	2	3	
0	2	2	3	2	4	1	4	3	3	3	0	4	4	2	2	1	3	2	1	2	2	2	3	2	3	2	3	3	2	1	
0	2	2	1	2	4	3	4	4	2	2	4	0	3	4	4	4	3	3	3	3	2	1	4	3	3	2	3	4	4	3	
0	3	2	1	2	1	1	4	2	3	2	3	1	0	2	2	2	2	3	1	1	1	1	2	2	3	2	3	3	2	3	
0	5	3	4	4	3	4	3	4	5	4	4	5	4	0	3	4	5	4	3	4	4	5	4	4	4	4	5	3	4	2	
0	3	3	3	3	4	3	2	1	3	2	4	3	3	3	0	3	3	3	2	2	3	3	4	1	3	3	2	2	2	2	
0	3	2	4	2	5	2	4	3	4	3	3	4	5	3	2	0	3	3	2	2	1	1	2	2	3	2	3	4	4	1	
0	3	3	3	2	4	2	3	2	3	3	1	2	3	1	1	2	0	3	2	3	2	1	4	2	2	2	3	3	3	2	
0	3	3	3	1	3	3	2	3	2	3	3	2	2	2	3	3	2	0	3	3	2	1	4	3	3	1	2	3	4	3	
0	4	3	3	1	4	1	3	2	3	3	3	4	4	1	2	1	2	2	0	1	1	2	3	3	3	1	2	3	2	2	
0	3	3	3	3	4	3	3	1	3	2	4	5	4	3	3	3	3	3	2	0	3	4	4	3	3	3	2	5	2	2	
0	4	4	4	3	4	1	4	2	3	2	4	3	4	4	2	4	3	4	3	1	0	2	3	2	3	3	3	4	3	3	
0	4	2	3	1	4	2	3	3	3	3	3	4	4	3	3	3	2	2	2	2	1	0	4	3	2	1	2	3	3	3	
0	1	3	2	2	4	2	3	2	2	2	3	3	3	2	3	2	2	1	1	1	2	1	0	3	3	2	2	4	3	3	
0	4	3	4	3	6	4	4	3	4	2	4	5	5	4	2	4	3	4	4	3	3	2	4	0	3	3	1	4	3	4	
0	3	1	1	2	3	2	1	3	1	2	3	3	2	3	2	2	3	1	3	2	1	2	4	2	0	2	3	4	1	2	
0	4	3	3	2	4	2	2	3	3	2	4	4	3	4	2	3	3	3	4	3	4	4	4	2	3	0	1	2	3	4	
0	3	3	3	2	5	3	3	2	3	1	3	4	4	3	1	3	2	3	3	2	3	3	3	1	2	4	0	3	3	3	
0	3	3	2	1	3	3	3	3	2	1	3	2	2	3	2	3	2	2	3	2	3	3	3	1	2	3	2	0	1	3	
0	4	2	1	2	3	3	3	2	3	2	2	3	2	3	1	3	3	1	3	1	3	2	4	2	3	2	2	3	0	3	
0	3	1	3	2	5	2	3	2	3	3	2	4	4	2	1	2	3	3	1	2	2	3	4	2	2	2	3	3	3	0	
M4
0	0	0	0	0	0	0	0	0	0	0	0	0	0	0	0	0	0	0	0	0	0	0	0	0	0	0	0	0	0	0	
0	0	2	3	3	2	2	4	1	3	1	3	3	3	3	3	3	3	2	3	3	4	3	2	3	2	3	2	3	4	2	
0	1	0	2	2	3	3	3	2	3	1	3	3	1	3	3	4	1	1	3	3	3	2	2	3	2	2	3	3	3	2	
0	4	4	0	2	3	4	4	3	4	3	4	4	4	3	4	3	3	2	5	4	1	4	4	3	3	4	3	2	4	4	
0	2	2	2	0	1	2	2	1	3	3	3	2	2	1	3	2	3	2	4	2	3	2	4	2	3	2	2	2	2	4	
0	3	3	2	3	0	3	2	3	3	4	2	2	1	1	3	2	3	3	3	4	2	1	3	1	3	2	2	2	3	4	
0	1	3	1	3	3	0	4	2	4	2	2	4	4	4	1	1	1	3	3	2	2	1	3	3	3	3	3	3	2	2	
0	2	3	1	3	3	1	0	3	1	3	3	4	2	3	1	2	2	2	4	2	1	2	2	2	3	2	3	2	3	3	
0	1	1	2	2	2	1	3	0	3	2	2	2	2	3	2	2	2	1	4	3	3	2	3	3	2	3	3	4	3	3	
0	2	2	2	2	3	2	1	2	0	3	3	3	1	2	2	3	3	3	4	1	2	2	1	1	3	1	2	2	4	2	
0	2	3	3	3	4	4	3	3	2	0	3	2	3	3	3	4	4	4	2	2	3	3	1	3	1	2	2	3	3	2	
0	3	3	2	1	1	3	3	2	4	3	0	3	2	2	4	3	1	3	3	3	2	2	4	2	3	3	2	3	3	2	
0	3	3	2	2	3	2	1	3	2	2	2	0	2	1	1	2	3	3	3	3	2	1	3	3	3	2	3	2	2	3	
0	3	4	1	3	2	4	3	4	3	4	2	3	0	2	4	3	3	3	3	4	2	1	2	3	2	3	3	2	3	3	
0	3	2	2	3	2	2	1	3	2	3	3	4	3	0	2	1	2	3	4	3	2	2	3	2	4	1	2	1	2	3	
0	3	3	4	5	4	4	3	4	4	3	5	4	4	4	0	4	2	4	4	5	4	4	4	3	3	3	2	4	6	2	
0	2	4	4	4	4	3	4	3	4	3	5	4	4	5	4	0	1	4	4	5	3	4	4	3	3	5	4	4	5	2	
0	3	4	3	3	4	2	3	4	3	2	4	3	4	4	3	3	0	3	3	4	2	3	3	2	2	4	3	3	4	1	
0	3	2	3	1	2	3	2	2	2	1	3	2	3	2	3	3	1	0	3	3	3	2	2	3	1	3	2	3	2	2	
0	4	3	3	3	3	3	2	4	3	3	4	3	4	1	3	2	3	4	0	2	3	3	4	3	3	2	2	2	3	2	
0	3	3	1	1	2	3	3	2	3	3	3	3	2	2	2	2	2	2	3	0	1	2	3	3	3	3	2	1	3	3	
0	4	3	3	2	3	4	3	3	3	2	3	3	4	3	3	4	2	1	4	4	0	3	3	4	2	3	2	1	3	3	
0	2	3	3	2	2	4	4	3	3	3	1	4	3	3	4	4	2	3	2	3	2	0	4	3	3	4	2	3	2	3	
0	1	3	2	2	3	3	2	2	3	2	4	4	4	3	3	4	4	3	4	4	2	4	0	3	3	3	3	3	3	3	
0	3	3	2	3	4	2	1	3	2	3	4	4	3	3	2	3	3	2	5	3	1	3	3	0	3	2	3	2	4	4	
0	3	2	3	3	3	3	2	3	1	2	2	1	2	2	2	3	3	3	3	2	3	2	2	2	0	2	1	3	3	1	
0	2	1	3	3	3	3	2	3	3	2	2	4	2	1	1	2	2	2	3	4	3	1	3	3	3	0	3	2	3	3	
0	2	1	3	3	4	4	3	3	4	2	4	4	2	4	3	5	2	2	4	4	3	3	3	4	3	3	0	4	4	3	
0	3	2	4	4	4	4	3	4	2	3	3	5	3	3	4	4	3	3	4	3	4	2	2	3	4	3	1	0	4	4	
0	3	3	3	1	2	3	3	2	4	3	3	3	2	2	3	3	4	3	4	3	4	3	2	3	3	2	2	3	0	2	
0	3	3	2	3	4	3	2	4	2	1	3	2	3	3	3	4	3	2	2	3	2	3	2	1	1	3	2	3	4	0	
M5
0	0	0	0	0	0	0	0	0	0	0	0	0	0	0	0	0	0	0	0	0	0	0	0	0	0	0	0	0	0	0	
0	0	3	2	2	1	2	3	2	3	3	2	3	1	3	3	1	2	2	2	3	2	3	2	2	3	3	3	1	3	3	
0	2	0	2	2	2	2	2	2	3	2	1	1	1	2	3	2	3	2	2	1	1	2	2	2	2	3	3	2	3	2	
0	2	2	0	3	3	1	2	2	1	2	2	1	3	3	3	1	3	2	2	2	2	3	2	2	2	1	1	2	1	2	
0	2	2	2	0	2	3	2	2	3	3	1	3	3	2	1	2	3	3	1	1	2	2	2	3	3	2	3	2	3	2	
0	3	3	2	3	0	2	2	1	3	2	1	2	2	2	2	3	2	2	2	3	2	2	1	1	2	3	2	1	3	2	
0	3	3	3	3	4	0	1	4	3	3	2	2	2	2	3	3	3	1	3	3	3	3	3	3	3	3	4	2	1	3	
0	3	3	3	4	4	3	0	4	2	4	2	3	2	3	4	3	3	3	3	4	3	3	3	2	2	3	4	2	1	4	
0	3	2	2	2	3	2	1	0	3	2	2	1	3	2	2	3	2	3	2	3	1	2	2	2	2	2	2	1	2	1	
0	2	1	3	2	3	3	3	2	0	3	1	2	2	2	3	3	4	2	1	2	2	2	2	3	3	3	2	3	4	3	
0	3	3	1	3	1	2	3	2	2	0	2	2	3	3	3	2	3	3	3	2	3	3	2	2	3	2	2	2	2	2	
0	2	3	2	2	3	3	3	2	3	2	0	3	3	1	3	3	4	4	2	3	3	1	2	4	2	3	3	3	3	3	
0	2	1	2	2	2	1	2	3	3	1	2	0	2	3	3	3	3	2	2	2	2	3	3	1	1	3	3	3	2	3	
0	1	2	3	2	2	2	2	3	3	3	3	3	0	2	3	2	2	1	1	3	2	4	2	1	3	3	4	2	3	3	
0	2	3	1	1	2	2	3	3	2	1	2	2	3	0	2	2	4	3	1	2	2	3	2	3	3	2	2	3	2	3	
0	2	2	1	3	3	2	1	1	2	3	3	2	3	3	0	2	3	2	3	2	2	3	3	3	3	1	2	2	2	2	
0	2	3	3	2	3	3	3	2	3	3	3	2	3	2	2	0	2	3	1	3	1	4	1	2	2	3	2	3	3	3	
0	3	2	2	2	2	1	2	2	1	4	2	3	3	3	2	2	0	1	2	1	2	2	2	1	3	2	2	1	2	1	
0	3	3	2	4	4	2	3	3	3	4	4	3	4	4	3	3	2	0	4	3	2	4	2	3	3	2	3	1	3	3	
0	1	3	2	1	2	2	3	2	2	2	2	2	2	1	2	2	3	3	0	2	1	3	1	3	2	2	3	2	3	3	
0	2	1	1	2	1	2	2	1	2	3	2	2	2	2	2	1	2	3	1	0	2	2	2	2	3	2	2	1	2	1	
0	3	2	3	3	3	2	3	2	3	2	3	1	3	4	2	3	4	3	3	3	0	4	1	2	2	3	2	3	2	3	
0	2	2	2	2	3	3	4	3	3	3	3	3	3	2	3	3	3	4	1	3	2	0	2	4	1	3	3	3	2	2	
0	3	3	2	3	4	3	2	1	3	3	3	2	4	3	1	3	3	3	3	3	2	3	0	2	1	2	3	2	2	2	
0	2	3	3	2	3	2	1	3	3	3	3	3	3	2	3	2	3	1	1	3	2	4	2	0	2	3	4	2	2	4	
0	3	3	1	4	4	2	3	3	2	3	2	2	4	3	4	2	2	3	3	3	3	3	3	3	0	2	2	2	1	3	
0	1	1	2	2	2	2	3	2	2	3	2	2	2	3	2	2	2	1	2	1	2	2	2	3	3	0	2	1	3	1	
0	3	4	3	3	2	3	2	3	3	4	2	4	4	3	4	2	4	2	2	4	3	3	3	1	2	4	0	3	3	4	
0	3	2	1	3	3	1	2	2	2	3	3	2	3	3	2	2	1	2	3	2	1	3	1	2	2	2	2	0	2	2	
0	3	2	2	3	4	2	3	3	2	3	1	2	3	2	3	3	2	3	3	3	2	2	2	3	2	2	3	1	0	3	
0	3	3	2	1	3	3	2	2	3	4	2	3	4	3	1	3	4	3	2	2	3	1	3	2	2	2	1	3	3	0	
M6
0	0	0	0	0	0	0	0	0	0	0	0	0	0	0	0	0	0	0	0	0	0	0	0	0	0	0	0	0	0	0	
0	0	3	3	2	2	3	3	3	3	2	2	3	4	4	3	1	2	2	2	4	3	3	3	2	3	3	2	2	3	1	
0	3	0	1	1	2	2	2	3	1	2	2	3	1	2	3	3	3	3	2	2	4	3	1	3	2	2	3	2	3	3	
0	3	3	0	3	2	3	3	4	2	3	2	2	3	1	2	2	2	2	3	1	3	3	2	2	1	3	2	1	2	2	
0	5	2	3	0	4	2	3	3	3	2	4	4	3	4	3	5	4	3	2	4	4	5	3	4	3	1	3	3	3	4	
0	4	2	3	3	0	3	2	3	1	2	1	1	3	2	3	1	2	2	2	3	2	2	3	2	3	3	3	1	3	2	
0	5	3	3	2	4	0	4	4	4	3	3	3	3	2	3	3	3	3	3	4	4	4	3	3	4	3	4	4	4	2	
0	4	3	2	2	1	3	0	3	2	2	2	2	3	2	3	2	3	2	2	2	2	3	3	2	3	1	1	2	1	3	
0	5	3	2	2	2	4	3	0	3	3	2	3	4	2	1	3	3	1	3	3	3	3	3	3	3	2	4	3	3	3	
0	3	2	3	3	2	2	4	4	0	1	3	3	3	1	2	2	2	2	3	3	3	4	2	3	3	2	2	3	3	2	
0	4	1	2	2	2	1	3	3	2	0	2	3	2	2	1	3	3	1	2	2	2	3	1	2	2	1	1	3	2	3	
0	3	1	2	2	3	3	3	3	2	3	0	3	2	3	4	1	2	2	2	2	2	1	2	2	3	3	3	2	3	2	
0	4	3	2	3	2	3	1	4	2	2	3	0	4	3	3	3	1	1	3	3	1	3	3	3	2	2	2	2	2	4	
0	3	2	3	3	3	4	2	2	3	3	3	3	0	3	2	4	3	3	1	3	3	4	3	3	2	2	3	2	2	4	
0	4	3	3	2	2	2	3	3	3	3	2	2	2	0	1	1	1	2	2	2	2	3	1	2	2	2	3	2	3	1	
0	4	2	2	1	3	3	3	3	3	2	1	3	3	1	0	2	2	1	2	3	3	2	2	3	3	1	3	3	3	2	
0	3	2	3	2	3	4	2	2	2	3	2	2	3	3	3	0	2	2	1	3	3	2	3	1	2	2	3	1	2	1	
0	4	3	3	3	2	4	2	5	2	3	2	1	4	3	2	3	0	2	4	4	2	3	4	2	1	3	2	1	3	3	
0	4	3	1	4	3	4	4	4	3	3	3	3	3	2	3	3	3	0	4	2	2	3	3	3	2	4	3	2	3	3	
0	4	1	2	2	2	3	1	1	2	3	3	2	2	2	2	3	2	2	0	3	3	4	2	2	1	2	2	2	1	3	
0	4	2	3	2	4	3	3	3	3	2	2	3	3	4	3	3	2	2	2	0	4	3	3	2	3	3	3	3	3	1	
0	3	2	1	3	3	2	4	4	3	1	3	3	3	2	2	3	3	2	3	2	0	2	2	3	2	2	1	2	3	3	
0	4	3	2	3	3	3	3	3	3	2	3	2	4	3	3	1	1	3	2	1	1	0	3	2	2	2	2	2	3	2	
0	4	2	3	3	1	1	3	3	2	3	1	2	1	3	2	2	2	3	2	1	3	2	0	2	1	3	2	2	3	2	
0	2	2	3	3	3	4	3	4	2	3	1	2	3	3	2	2	1	2	3	3	3	2	3	0	2	3	3	1	4	3	
0	3	3	3	2	1	3	2	4	2	2	2	1	4	2	1	2	2	2	3	4	2	3	3	1	0	2	1	2	3	3	
0	5	2	3	3	3	2	2	2	3	1	3	3	2	3	2	4	3	2	1	3	3	4	2	3	2	0	2	2	2	3	
0	4	2	2	3	4	3	3	5	3	2	3	4	3	3	3	4	3	2	4	3	1	3	3	2	3	3	0	3	4	4	
0	3	2	2	3	2	3	4	4	1	2	1	3	3	2	3	2	3	1	3	3	3	2	3	3	3	3	3	0	3	3	
0	4	3	1	1	3	3	2	2	3	3	2	3	3	1	2	2	2	3	3	2	3	3	2	3	2	2	3	2	0	2	
0	3	2	2	1	3	3	2	2	2	3	1	2	3	3	3	2	1	1	1	3	3	2	3	1	2	2	3	2	2	0	
M7
0	0	0	0	0	0	0	0	0	0	0	0	0	0	0	0	0	0	0	0	0	0	0	0	0	0	0	0	0	0	0	
0	0	2	2	1	3	3	1	3	3	3	2	3	2	2	3	3	4	3	2	3	3	2	2	3	4	3	3	3	3	4	
0	3	0	2	4	3	4	4	3	4	4	4	3	4	3	4	3	4	3	4	4	3	4	3	6	4	2	3	4	2	4	
0	2	4	0	2	3	2	2	2	2	4	3	4	3	2	3	1	3	3	3	3	3	3	3	4	3	4	1	2	4	2	
0	1	3	2	0	3	4	1	2	2	2	1	3	1	2	3	3	4	2	1	2	3	2	2	2	3	3	3	2	4	3	
0	2	3	3	3	0	4	2	2	3	1	3	3	4	3	2	4	4	2	3	3	4	2	3	4	1	3	3	4	2	3	
0	4	3	2	4	3	0	3	2	3	4	4	3	3	4	1	2	4	2	3	2	2	3	3	2	4	3	3	3	4	3	
0	3	2	1	2	2	3	0	2	2	2	2	2	2	1	2	2	3	3	1	2	2	1	1	4	3	2	2	2	4	3	
0	3	4	3	4	4	4	2	0	2	4	3	4	3	3	3	4	5	4	3	4	3	2	3	5	2	4	4	4	3	1	
0	2	2	1	2	3	3	2	3	0	2	3	2	2	3	2	2	3	3	3	2	4	3	1	3	1	3	2	3	2	3	
0	1	3	2	2	2	3	1	3	2	0	2	2	3	2	1	3	3	1	2	2	3	1	2	3	3	3	3	3	2	4	
0	3	2	2	2	3	4	1	2	3	3	0	3	3	2	3	3	4	3	2	3	3	2	2	4	4	2	3	2	4	2	
0	3	2	4	3	1	4	3	3	3	2	4	0	4	3	3	4	1	2	2	3	3	3	4	4	2	2	3	2	3	4	
0	3	3	2	3	2	4	2	1	1	3	4	3	0	3	3	3	4	1	2	3	3	3	2	3	2	4	3	3	3	2	
0	3	2	2	3	1	3	2	2	2	2	1	2	1	0	3	3	3	2	1	1	1	3	3	4	2	3	2	2	3	3	
0	3	2	1	3	2	3	3	3	3	3	4	2	2	3	0	2	3	1	3	1	2	4	2	3	3	2	2	3	3	3	
0	2	3	2	3	3	3	1	3	2	3	3	3	2	2	3	0	4	3	2	3	3	2	2	5	3	3	3	3	4	1	
0	3	1	3	3	2	3	3	2	3	3	3	4	3	2	3	3	0	2	2	3	2	3	4	3	3	1	2	1	3	3	
0	3	3	3	4	1	5	3	3	2	2	3	4	3	2	3	4	5	0	2	3	2	3	3	5	2	4	3	3	2	4	
0	2	2	2	3	2	3	2	1	1	1	2	2	2	1	2	3	3	2	0	1	2	2	2	4	2	4	2	1	3	2	
0	2	1	3	2	2	2	3	2	2	3	3	1	1	2	3	4	2	2	3	0	3	4	3	4	3	3	1	2	3	3	
0	2	1	1	3	2	3	3	3	3	3	2	4	4	3	4	2	4	4	4	3	0	3	3	5	3	3	2	3	3	2	
0	3	3	2	2	3	2	1	3	3	3	1	3	3	2	1	3	4	2	2	2	3	0	2	4	4	3	3	3	4	3	
0	2	1	1	1	2	3	2	3	3	3	2	1	2	3	1	2	2	2	2	2	3	3	0	3	3	3	2	3	3	3	
0	3	3	3	3	2	4	2	2	2	2	3	1	3	2	3	1	2	2	1	2	3	3	2	0	3	3	2	1	4	2	
0	1	2	3	2	2	4	2	2	4	3	3	4	3	3	2	3	5	3	3	3	4	2	3	3	0	3	2	3	1	3	
0	3	2	2	4	2	2	3	1	3	3	2	3	2	1	3	2	2	1	2	2	1	2	4	4	3	0	3	3	3	2	
0	1	3	3	1	2	4	2	1	3	3	2	3	2	1	3	4	3	2	2	2	2	3	3	3	3	4	0	1	4	2	
0	2	2	3	2	3	5	2	2	3	4	3	4	3	2	2	4	4	3	3	3	2	3	3	4	4	4	1	0	3	2	
0	1	1	3	2	1	4	2	2	3	2	3	3	2	2	3	2	4	3	2	3	3	3	3	4	2	3	1	2	0	3	
0	3	3	2	3	3	3	2	3	1	3	2	3	2	3	2	3	4	3	3	3	4	1	2	4	2	4	3	3	3	0	
Tamanho_Tarefas
0	26	3	17	22	20	15	11	24	14	13	9	16	21	22	11	1	4	6	13	24	17	9	7	4	16	24	12	18	13	19	
Data_Entrega
0	152	147	150	153	149	151	151	151	153	155	146	148	149	150	146	149	154	148	150	153	154	149	154	153	146	150	146	151	147	147	
Penalidade_Atraso
0	12	17	5	15	20	1	19	1	2	7	1	6	12	1	17	10	4	20	17	12	7	14	15	20	19	20	7	5	1	20	
Capacidade_Veiculo
63	42	51	61	76	72	27	66	54	35	54	77	
Custo_Fixo_Veiculo
630	420	510	610	760	720	270	660	540	350	540	770	
Coordenadas_Clientes
x	0	y	0
x	120	y	0
x	122	y	25
x	93	y	41
x	84	y	61
x	50	y	55
x	40	y	70
x	25	y	78
x	13	y	124
x	-10	y	100
x	-32	y	100
x	-44	y	76
x	-58	y	64
x	-99	y	72
x	-97	y	43
x	-90	y	19
x	-123	y	0
x	-112	y	-23
x	-82	y	-36
x	-80	y	-58
x	-81	y	-90
x	-38	y	-67
x	-23	y	-72
x	-10	y	-102
x	11	y	-106
x	29	y	-89
x	58	y	-100
x	66	y	-74
x	87	y	-63
x	105	y	-46
x	76	y	-16
Tempo_Viagem
0	120	124	101	103	74	80	81	124	100	104	87	86	122	106	91	123	114	89	98	121	77	75	102	106	93	115	99	107	114	77	
120	0	25	49	70	89	106	122	163	163	181	180	189	230	221	210	243	233	205	207	218	170	159	165	151	127	117	91	71	48	46	
124	25	0	33	52	78	93	110	146	151	171	173	184	225	219	212	246	238	212	218	232	184	174	182	171	147	140	113	94	73	61	
101	49	33	0	21	45	60	77	115	118	138	141	152	193	190	184	219	214	190	199	217	169	161	176	168	144	144	117	104	87	59	
103	70	52	21	0	34	44	61	94	101	122	128	142	183	181	178	215	213	192	201	223	176	170	188	182	159	162	135	124	108	77	
74	89	78	45	34	0	18	33	78	74	93	96	108	149	147	144	181	179	160	172	195	150	146	168	165	145	155	129	123	115	75	
80	106	93	60	44	18	0	17	60	58	78	84	98	139	139	139	177	178	161	175	200	157	155	179	178	159	170	146	141	132	93	
81	122	110	77	61	33	17	0	47	41	61	69	84	124	126	129	167	170	156	171	198	158	156	183	184	167	181	157	154	147	106	
124	163	146	115	94	78	60	47	0	33	51	74	92	123	136	146	183	192	186	204	233	197	199	226	230	213	228	204	201	192	153	
100	163	151	118	101	74	58	41	33	0	22	41	59	93	103	113	150	159	153	172	202	169	172	202	206	192	211	189	189	185	144	
104	181	171	138	122	93	78	61	51	22	0	26	44	72	86	99	135	146	144	164	196	167	172	203	210	197	219	199	201	199	158	
87	180	173	141	128	96	84	69	74	41	26	0	18	55	62	73	109	120	118	138	170	143	149	181	190	180	202	186	191	192	151	
86	189	184	152	142	108	98	84	92	59	44	18	0	41	44	55	91	102	102	123	155	132	140	172	183	176	200	185	192	196	156	
122	230	225	193	183	149	139	124	123	93	72	55	41	0	29	53	75	95	108	130	162	151	162	194	209	205	232	220	229	235	195	
106	221	219	190	181	147	139	126	136	103	86	62	44	29	0	25	50	67	80	102	133	124	136	168	184	182	210	200	212	220	182	
91	210	212	184	178	144	139	129	146	113	99	73	55	53	25	0	38	47	55	77	109	100	113	144	160	160	189	181	195	205	168	
123	243	246	219	215	181	177	167	183	150	135	109	91	75	50	38	0	25	54	72	98	107	122	151	169	176	206	202	219	232	199	
114	233	238	214	213	179	178	170	192	159	146	120	102	95	67	47	25	0	32	47	73	85	100	129	147	154	185	184	202	218	188	
89	205	212	190	192	160	161	156	186	153	144	118	102	108	80	55	54	32	0	22	54	53	68	97	115	122	153	152	171	187	159	
98	207	218	199	201	172	175	171	204	172	164	138	123	130	102	77	72	47	22	0	32	42	57	82	102	111	142	146	167	185	161	
121	218	232	217	223	195	200	198	233	202	196	170	155	162	133	109	98	73	54	32	0	48	60	72	93	110	139	147	170	190	172	
77	170	184	169	176	150	157	158	197	169	167	143	132	151	124	100	107	85	53	42	48	0	15	44	62	69	100	104	125	144	124	
75	159	174	161	170	146	155	156	199	172	172	149	140	162	136	113	122	100	68	57	60	15	0	32	48	54	85	89	110	130	113	
102	165	182	176	188	168	179	183	226	202	203	181	172	194	168	144	151	129	97	82	72	44	32	0	21	41	68	80	103	127	121	
106	151	171	168	182	165	178	184	230	206	210	190	183	209	184	160	169	147	115	102	93	62	48	21	0	24	47	63	86	110	110	
93	127	147	144	159	145	159	167	213	192	197	180	176	205	182	160	176	154	122	111	110	69	54	41	24	0	31	39	62	86	86	
115	117	140	144	162	155	170	181	228	211	219	202	200	232	210	189	206	185	153	142	139	100	85	68	47	31	0	27	47	71	85	
99	91	113	117	135	129	146	157	204	189	199	186	185	220	200	181	202	184	152	146	147	104	89	80	63	39	27	0	23	47	58	
107	71	94	104	124	123	141	154	201	189	201	191	192	229	212	195	219	202	171	167	170	125	110	103	86	62	47	23	0	24	48	
114	48	73	87	108	115	132	147	192	185	199	192	196	235	220	205	232	218	187	185	190	144	130	127	110	86	71	47	24	0	41	
77	46	61	59	77	75	93	106	153	144	158	151	156	195	182	168	199	188	159	161	172	124	113	121	110	86	85	58	48	41	0	
Custo_Viagem
V0
0	1512	1562	1272	1297	932	1008	1020	1562	1260	1310	1096	1083	1537	1335	1146	1549	1436	1121	1234	1524	970	945	1285	1335	1171	1449	1247	1348	1436	970	
1512	0	315	617	882	1121	1335	1537	2053	2066	2280	2268	2381	2898	2784	2646	3061	2935	2583	2620	2772	2154	2016	2079	1915	1600	1474	1146	894	604	579	
1562	315	0	415	655	982	1171	1386	1852	1902	2154	2179	2318	2835	2759	2671	3099	2998	2671	2746	2935	2318	2192	2305	2154	1852	1764	1423	1184	919	768	
1272	617	415	0	264	567	756	970	1449	1486	1738	1776	1915	2444	2394	2318	2759	2696	2406	2507	2734	2129	2028	2217	2116	1814	1827	1486	1310	1096	743	
1297	882	655	264	0	428	554	768	1184	1272	1537	1612	1789	2305	2280	2242	2709	2683	2419	2545	2809	2217	2142	2368	2293	2003	2053	1713	1562	1373	970	
932	1121	982	567	428	0	226	415	982	945	1171	1209	1360	1877	1852	1814	2280	2255	2016	2167	2457	1890	1839	2116	2079	1827	1953	1625	1549	1449	945	
1008	1335	1171	756	554	226	0	214	756	730	982	1058	1234	1751	1751	1751	2230	2242	2028	2205	2520	1978	1953	2255	2242	2003	2142	1839	1776	1663	1171	
1020	1537	1386	970	768	415	214	0	592	516	768	869	1058	1562	1587	1625	2104	2142	1965	2154	2494	1990	1978	2305	2318	2104	2280	1978	1940	1852	1335	
1562	2053	1852	1449	1184	982	756	592	0	415	642	932	1159	1549	1713	1852	2318	2419	2343	2570	2935	2482	2507	2860	2898	2683	2872	2570	2532	2431	1927	
1260	2066	1902	1486	1272	945	730	516	415	0	277	516	756	1171	1310	1423	1890	2003	1927	2167	2545	2129	2167	2545	2608	2419	2658	2381	2381	2331	1814	
1310	2280	2154	1738	1537	1171	982	768	642	277	0	327	554	907	1083	1247	1701	1839	1814	2079	2469	2104	2167	2557	2646	2494	2759	2507	2532	2520	1990	
1096	2268	2179	1776	1612	1209	1058	869	932	516	327	0	226	693	781	919	1373	1512	1486	1738	2142	1801	1877	2280	2394	2268	2557	2343	2406	2419	1902	
1083	2381	2318	1915	1789	1360	1234	1058	1159	756	554	226	0	516	554	693	1146	1285	1285	1549	1953	1663	1764	2167	2305	2217	2520	2331	2419	2469	1965	
1537	2898	2835	2444	2305	1877	1751	1562	1549	1171	907	693	516	0	365	667	945	1197	1373	1650	2041	1902	2041	2457	2633	2583	2923	2772	2885	2961	2457	
1335	2784	2759	2394	2280	1852	1751	1587	1713	1310	1083	781	554	365	0	315	630	844	1008	1285	1675	1562	1713	2129	2318	2293	2646	2520	2671	2772	2293	
1146	2646	2671	2318	2242	1814	1751	1625	1852	1423	1247	919	693	667	315	0	478	592	693	970	1373	1260	1423	1827	2016	2016	2381	2280	2457	2583	2129	
1549	3061	3099	2759	2709	2280	2230	2104	2318	1890	1701	1373	1146	945	630	478	0	315	680	907	1247	1360	1549	1915	2142	2217	2595	2545	2759	2923	2507	
1436	2935	2998	2696	2683	2255	2242	2142	2419	2003	1839	1512	1285	1197	844	592	315	0	403	592	919	1083	1272	1625	1864	1953	2343	2331	2545	2746	2368	
1121	2583	2671	2406	2419	2016	2028	1965	2343	1927	1814	1486	1285	1373	1008	693	680	403	0	277	680	667	869	1222	1461	1549	1927	1915	2154	2356	2003	
1234	2620	2746	2507	2545	2167	2205	2154	2570	2167	2079	1738	1549	1650	1285	970	907	592	277	0	403	529	730	1033	1285	1423	1814	1839	2104	2331	2028	
1524	2772	2935	2734	2809	2457	2520	2494	2935	2545	2469	2142	1953	2041	1675	1373	1247	919	680	403	0	604	756	907	1171	1386	1751	1852	2142	2406	2179	
970	2154	2318	2129	2217	1890	1978	1990	2482	2129	2104	1801	1663	1902	1562	1260	1360	1083	667	529	604	0	189	554	781	882	1272	1310	1575	1814	1562	
945	2016	2192	2028	2142	1839	1953	1978	2507	2167	2167	1877	1764	2041	1713	1423	1549	1272	869	730	756	189	0	403	604	680	1071	1121	1386	1638	1423	
1285	2079	2305	2217	2368	2116	2255	2305	2860	2545	2557	2280	2167	2457	2129	1827	1915	1625	1222	1033	907	554	403	0	264	516	856	1008	1310	1600	1524	
1335	1915	2154	2116	2293	2079	2242	2318	2898	2608	2646	2394	2305	2633	2318	2016	2142	1864	1461	1285	1171	781	604	264	0	302	592	793	1096	1398	1398	
1171	1600	1852	1814	2003	1827	2003	2104	2683	2419	2494	2268	2217	2583	2293	2016	2217	1953	1549	1423	1386	882	680	516	302	0	390	491	793	1096	1083	
1449	1474	1764	1827	2053	1953	2142	2280	2872	2658	2759	2557	2520	2923	2646	2381	2595	2343	1927	1814	1751	1272	1071	856	592	390	0	340	592	894	1071	
1247	1146	1423	1486	1713	1625	1839	1978	2570	2381	2507	2343	2331	2772	2520	2280	2545	2331	1915	1839	1852	1310	1121	1008	793	491	340	0	289	604	730	
1348	894	1184	1310	1562	1549	1776	1940	2532	2381	2532	2406	2419	2885	2671	2457	2759	2545	2154	2104	2142	1575	1386	1310	1096	793	592	289	0	302	604	
1436	604	919	1096	1373	1449	1663	1852	2431	2331	2520	2419	2469	2961	2772	2583	2923	2746	2356	2331	2406	1814	1638	1600	1398	1096	894	604	302	0	516	
970	579	768	743	970	945	1171	1335	1927	1814	1990	1902	1965	2457	2293	2129	2507	2368	2003	2028	2179	1562	1423	1524	1398	1083	1071	730	604	516	0	
V1
0	1008	1041	848	865	621	672	680	1041	840	873	730	722	1024	890	764	1033	957	747	823	1016	646	630	856	890	781	966	831	898	957	646	
1008	0	210	411	588	747	890	1024	1369	1377	1520	1512	1587	1932	1856	1764	2041	1957	1722	1747	1848	1436	1344	1386	1276	1066	982	764	596	403	386	
1041	210	0	277	436	655	781	924	1234	1268	1436	1453	1545	1890	1839	1780	2066	1999	1780	1831	1957	1545	1461	1537	1436	1234	1176	949	789	613	512	
848	411	277	0	176	378	504	646	966	991	1159	1184	1276	1629	1596	1545	1839	1797	1604	1671	1822	1419	1352	1478	1411	1209	1218	991	873	730	495	
865	588	436	176	0	285	369	512	789	848	1024	1075	1192	1537	1520	1495	1806	1789	1612	1696	1873	1478	1428	1579	1528	1335	1369	1142	1041	915	646	
621	747	655	378	285	0	151	277	655	630	781	806	907	1251	1234	1209	1520	1503	1344	1444	1638	1260	1226	1411	1386	1218	1302	1083	1033	966	630	
672	890	781	504	369	151	0	142	504	487	655	705	823	1167	1167	1167	1486	1495	1352	1470	1680	1318	1302	1503	1495	1335	1428	1226	1184	1108	781	
680	1024	924	646	512	277	142	0	394	344	512	579	705	1041	1058	1083	1402	1428	1310	1436	1663	1327	1318	1537	1545	1402	1520	1318	1293	1234	890	
1041	1369	1234	966	789	655	504	394	0	277	428	621	772	1033	1142	1234	1545	1612	1562	1713	1957	1654	1671	1906	1932	1789	1915	1713	1688	1621	1285	
840	1377	1268	991	848	630	487	344	277	0	184	344	504	781	873	949	1260	1335	1285	1444	1696	1419	1444	1696	1738	1612	1772	1587	1587	1554	1209	
873	1520	1436	1159	1024	781	655	512	428	184	0	218	369	604	722	831	1134	1226	1209	1386	1646	1402	1444	1705	1764	1663	1839	1671	1688	1680	1327	
730	1512	1453	1184	1075	806	705	579	621	344	218	0	151	462	520	613	915	1008	991	1159	1428	1201	1251	1520	1596	1512	1705	1562	1604	1612	1268	
722	1587	1545	1276	1192	907	823	705	772	504	369	151	0	344	369	462	764	856	856	1033	1302	1108	1176	1444	1537	1478	1680	1554	1612	1646	1310	
1024	1932	1890	1629	1537	1251	1167	1041	1033	781	604	462	344	0	243	445	630	798	915	1100	1360	1268	1360	1638	1755	1722	1948	1848	1923	1974	1638	
890	1856	1839	1596	1520	1234	1167	1058	1142	873	722	520	369	243	0	210	420	562	672	856	1117	1041	1142	1419	1545	1528	1764	1680	1780	1848	1528	
764	1764	1780	1545	1495	1209	1167	1083	1234	949	831	613	462	445	210	0	319	394	462	646	915	840	949	1218	1344	1344	1587	1520	1638	1722	1419	
1033	2041	2066	1839	1806	1520	1486	1402	1545	1260	1134	915	764	630	420	319	0	210	453	604	831	907	1033	1276	1428	1478	1730	1696	1839	1948	1671	
957	1957	1999	1797	1789	1503	1495	1428	1612	1335	1226	1008	856	798	562	394	210	0	268	394	613	722	848	1083	1243	1302	1562	1554	1696	1831	1579	
747	1722	1780	1604	1612	1344	1352	1310	1562	1285	1209	991	856	915	672	462	453	268	0	184	453	445	579	814	974	1033	1285	1276	1436	1570	1335	
823	1747	1831	1671	1696	1444	1470	1436	1713	1444	1386	1159	1033	1100	856	646	604	394	184	0	268	352	487	688	856	949	1209	1226	1402	1554	1352	
1016	1848	1957	1822	1873	1638	1680	1663	1957	1696	1646	1428	1302	1360	1117	915	831	613	453	268	0	403	504	604	781	924	1167	1234	1428	1604	1453	
646	1436	1545	1419	1478	1260	1318	1327	1654	1419	1402	1201	1108	1268	1041	840	907	722	445	352	403	0	126	369	520	588	848	873	1050	1209	1041	
630	1344	1461	1352	1428	1226	1302	1318	1671	1444	1444	1251	1176	1360	1142	949	1033	848	579	487	504	126	0	268	403	453	714	747	924	1092	949	
856	1386	1537	1478	1579	1411	1503	1537	1906	1696	1705	1520	1444	1638	1419	1218	1276	1083	814	688	604	369	268	0	176	344	571	672	873	1066	1016	
890	1276	1436	1411	1528	1386	1495	1545	1932	1738	1764	1596	1537	1755	1545	1344	1428	1243	974	856	781	520	403	176	0	201	394	529	730	932	932	
781	1066	1234	1209	1335	1218	1335	1402	1789	1612	1663	1512	1478	1722	1528	1344	1478	1302	1033	949	924	588	453	344	201	0	260	327	529	730	722	
966	982	1176	1218	1369	1302	1428	1520	1915	1772	1839	1705	1680	1948	1764	1587	1730	1562	1285	1209	1167	848	714	571	394	260	0	226	394	596	714	
831	764	949	991	1142	1083	1226	1318	1713	1587	1671	1562	1554	1848	1680	1520	1696	1554	1276	1226	1234	873	747	672	529	327	226	0	193	403	487	
898	596	789	873	1041	1033	1184	1293	1688	1587	1688	1604	1612	1923	1780	1638	1839	1696	1436	1402	1428	1050	924	873	730	529	394	193	0	201	403	
957	403	613	730	915	966	1108	1234	1621	1554	1680	1612	1646	1974	1848	1722	1948	1831	1570	1554	1604	1209	1092	1066	932	730	596	403	201	0	344	
646	386	512	495	646	630	781	890	1285	1209	1327	1268	1310	1638	1528	1419	1671	1579	1335	1352	1453	1041	949	1016	932	722	714	487	403	344	0	
V2
0	1224	1264	1030	1050	754	816	826	1264	1020	1060	887	877	1244	1081	928	1254	1162	907	999	1234	785	765	1040	1081	948	1173	1009	1091	1162	785	
1224	0	255	499	714	907	1081	1244	1662	1672	1846	1836	1927	2346	2254	2142	2478	2376	2091	2121	2244	1744	1632	1683	1550	1295	1193	928	724	489	469	
1264	255	0	336	530	795	948	1122	1499	1540	1744	1764	1876	2295	2233	2162	2509	2427	2162	2223	2376	1876	1774	1866	1744	1499	1428	1152	958	744	622	
1030	499	336	0	214	459	612	785	1173	1203	1407	1438	1550	1978	1938	1876	2233	2182	1948	2029	2213	1723	1642	1795	1713	1468	1479	1203	1060	887	601	
1050	714	530	214	0	346	448	622	958	1030	1244	1305	1448	1866	1846	1815	2193	2172	1958	2060	2274	1795	1734	1917	1856	1621	1662	1387	1264	1111	785	
754	907	795	459	346	0	183	336	795	765	948	979	1101	1519	1499	1468	1846	1825	1632	1754	1989	1530	1489	1713	1683	1479	1581	1315	1254	1173	765	
816	1081	948	612	448	183	0	173	612	591	795	856	999	1417	1417	1417	1805	1815	1642	1785	2040	1601	1581	1825	1815	1621	1734	1489	1438	1346	948	
826	1244	1122	785	622	336	173	0	479	418	622	703	856	1264	1285	1315	1703	1734	1591	1744	2019	1611	1601	1866	1876	1703	1846	1601	1570	1499	1081	
1264	1662	1499	1173	958	795	612	479	0	336	520	754	938	1254	1387	1499	1876	1958	1897	2080	2376	2009	2029	2315	2346	2172	2325	2080	2050	1968	1560	
1020	1672	1540	1203	1030	765	591	418	336	0	224	418	612	948	1060	1152	1530	1621	1560	1754	2060	1723	1754	2060	2111	1958	2152	1927	1927	1887	1468	
1060	1846	1744	1407	1244	948	795	622	520	224	0	265	448	734	877	1009	1377	1489	1468	1683	1999	1703	1754	2070	2142	2019	2233	2029	2050	2040	1611	
887	1836	1764	1438	1305	979	856	703	754	418	265	0	183	561	632	744	1111	1224	1203	1407	1734	1458	1519	1846	1938	1836	2070	1897	1948	1958	1540	
877	1927	1876	1550	1448	1101	999	856	938	612	448	183	0	418	448	561	928	1040	1040	1254	1581	1346	1428	1754	1866	1795	2040	1887	1958	1999	1591	
1244	2346	2295	1978	1866	1519	1417	1264	1254	948	734	561	418	0	295	540	765	969	1111	1336	1652	1540	1652	1989	2131	2091	2366	2244	2335	2397	1989	
1081	2254	2233	1938	1846	1499	1417	1285	1387	1060	877	632	448	295	0	255	510	683	816	1040	1356	1264	1387	1723	1876	1856	2142	2040	2162	2244	1856	
928	2142	2162	1876	1815	1468	1417	1315	1499	1152	1009	744	561	540	255	0	387	479	561	785	1111	1020	1152	1479	1632	1632	1927	1846	1989	2091	1723	
1254	2478	2509	2233	2193	1846	1805	1703	1876	1530	1377	1111	928	765	510	387	0	255	550	734	1009	1101	1254	1550	1734	1795	2101	2060	2233	2366	2029	
1162	2376	2427	2182	2172	1825	1815	1734	1958	1621	1489	1224	1040	969	683	479	255	0	326	479	744	877	1030	1315	1509	1581	1897	1887	2060	2223	1917	
907	2091	2162	1948	1958	1632	1642	1591	1897	1560	1468	1203	1040	1111	816	561	550	326	0	224	550	540	703	989	1183	1254	1560	1550	1744	1907	1621	
999	2121	2223	2029	2060	1754	1785	1744	2080	1754	1683	1407	1254	1336	1040	785	734	479	224	0	326	428	591	836	1040	1152	1468	1489	1703	1887	1642	
1234	2244	2376	2213	2274	1989	2040	2019	2376	2060	1999	1734	1581	1652	1356	1111	1009	744	550	326	0	489	612	734	948	1122	1417	1499	1734	1948	1764	
785	1744	1876	1723	1795	1530	1601	1611	2009	1723	1703	1458	1346	1540	1264	1020	1101	877	540	428	489	0	153	448	632	714	1030	1060	1275	1468	1264	
765	1632	1774	1642	1734	1489	1581	1601	2029	1754	1754	1519	1428	1652	1387	1152	1254	1030	703	591	612	153	0	326	489	550	867	907	1122	1326	1152	
1040	1683	1866	1795	1917	1713	1825	1866	2315	2060	2070	1846	1754	1989	1723	1479	1550	1315	989	836	734	448	326	0	214	418	693	816	1060	1295	1234	
1081	1550	1744	1713	1856	1683	1815	1876	2346	2111	2142	1938	1866	2131	1876	1632	1734	1509	1183	1040	948	632	489	214	0	244	479	642	887	1132	1132	
948	1295	1499	1468	1621	1479	1621	1703	2172	1958	2019	1836	1795	2091	1856	1632	1795	1581	1254	1152	1122	714	550	418	244	0	316	397	642	887	877	
1173	1193	1428	1479	1662	1581	1734	1846	2325	2152	2233	2070	2040	2366	2142	1927	2101	1897	1560	1468	1417	1030	867	693	479	316	0	275	479	724	867	
1009	928	1152	1203	1387	1315	1489	1601	2080	1927	2029	1897	1887	2244	2040	1846	2060	1887	1550	1489	1499	1060	907	816	642	397	275	0	234	489	591	
1091	724	958	1060	1264	1254	1438	1570	2050	1927	2050	1948	1958	2335	2162	1989	2233	2060	1744	1703	1734	1275	1122	1060	887	642	479	234	0	244	489	
1162	489	744	887	1111	1173	1346	1499	1968	1887	2040	1958	1999	2397	2244	2091	2366	2223	1907	1887	1948	1468	1326	1295	1132	887	724	489	244	0	418	
785	469	622	601	785	765	948	1081	1560	1468	1611	1540	1591	1989	1856	1723	2029	1917	1621	1642	1764	1264	1152	1234	1132	877	867	591	489	418	0	
V3
0	1464	1512	1232	1256	902	976	988	1512	1220	1268	1061	1049	1488	1293	1110	1500	1390	1085	1195	1476	939	915	1244	1293	1134	1403	1207	1305	1390	939	
1464	0	305	597	854	1085	1293	1488	1988	2000	2208	2196	2305	2806	2696	2562	2964	2842	2501	2537	2684	2086	1952	2013	1854	1549	1427	1110	866	585	561	
1512	305	0	402	634	951	1134	1342	1793	1842	2086	2110	2244	2745	2671	2586	3001	2903	2586	2659	2842	2244	2122	2232	2086	1793	1708	1378	1146	890	744	
1232	597	402	0	256	549	732	939	1403	1439	1683	1720	1854	2366	2318	2244	2671	2610	2330	2427	2647	2061	1964	2147	2049	1756	1769	1439	1268	1061	719	
1256	854	634	256	0	414	536	744	1146	1232	1488	1561	1732	2232	2208	2171	2623	2598	2342	2464	2720	2147	2074	2293	2220	1939	1988	1659	1512	1329	939	
902	1085	951	549	414	0	219	402	951	915	1134	1171	1317	1817	1793	1756	2208	2183	1952	2098	2379	1830	1781	2049	2013	1769	1891	1573	1500	1403	915	
976	1293	1134	732	536	219	0	207	732	707	951	1024	1195	1695	1695	1695	2159	2171	1964	2135	2440	1915	1891	2183	2171	1939	2074	1781	1720	1610	1134	
988	1488	1342	939	744	402	207	0	573	500	744	841	1024	1512	1537	1573	2037	2074	1903	2086	2415	1927	1915	2232	2244	2037	2208	1915	1878	1793	1293	
1512	1988	1793	1403	1146	951	732	573	0	402	622	902	1122	1500	1659	1793	2244	2342	2269	2488	2842	2403	2427	2769	2806	2598	2781	2488	2452	2354	1866	
1220	2000	1842	1439	1232	915	707	500	402	0	268	500	732	1134	1268	1378	1830	1939	1866	2098	2464	2061	2098	2464	2525	2342	2574	2305	2305	2257	1756	
1268	2208	2086	1683	1488	1134	951	744	622	268	0	317	536	878	1049	1207	1647	1781	1756	2013	2391	2037	2098	2476	2562	2415	2671	2427	2452	2440	1927	
1061	2196	2110	1720	1561	1171	1024	841	902	500	317	0	219	671	756	890	1329	1464	1439	1683	2074	1744	1817	2208	2318	2196	2476	2269	2330	2342	1842	
1049	2305	2244	1854	1732	1317	1195	1024	1122	732	536	219	0	500	536	671	1110	1244	1244	1500	1891	1610	1708	2098	2232	2147	2440	2257	2342	2391	1903	
1488	2806	2745	2366	2232	1817	1695	1512	1500	1134	878	671	500	0	353	646	915	1159	1329	1598	1976	1842	1976	2379	2549	2501	2830	2684	2793	2867	2379	
1293	2696	2671	2318	2208	1793	1695	1537	1659	1268	1049	756	536	353	0	305	610	817	976	1244	1622	1512	1659	2061	2244	2220	2562	2440	2586	2684	2220	
1110	2562	2586	2244	2171	1756	1695	1573	1793	1378	1207	890	671	646	305	0	463	573	671	939	1329	1220	1378	1769	1952	1952	2305	2208	2379	2501	2061	
1500	2964	3001	2671	2623	2208	2159	2037	2244	1830	1647	1329	1110	915	610	463	0	305	658	878	1207	1317	1500	1854	2074	2147	2513	2464	2671	2830	2427	
1390	2842	2903	2610	2598	2183	2171	2074	2342	1939	1781	1464	1244	1159	817	573	305	0	390	573	890	1049	1232	1573	1805	1891	2269	2257	2464	2659	2293	
1085	2501	2586	2330	2342	1952	1964	1903	2269	1866	1756	1439	1244	1329	976	671	658	390	0	268	658	646	841	1183	1415	1500	1866	1854	2086	2281	1939	
1195	2537	2659	2427	2464	2098	2135	2086	2488	2098	2013	1683	1500	1598	1244	939	878	573	268	0	390	512	707	1000	1244	1378	1756	1781	2037	2257	1964	
1476	2684	2842	2647	2720	2379	2440	2415	2842	2464	2391	2074	1891	1976	1622	1329	1207	890	658	390	0	585	732	878	1134	1342	1695	1793	2074	2330	2110	
939	2086	2244	2061	2147	1830	1915	1927	2403	2061	2037	1744	1610	1842	1512	1220	1317	1049	646	512	585	0	183	536	756	854	1232	1268	1525	1756	1512	
915	1952	2122	1964	2074	1781	1891	1915	2427	2098	2098	1817	1708	1976	1659	1378	1500	1232	841	707	732	183	0	390	585	658	1037	1085	1342	1586	1378	
1244	2013	2232	2147	2293	2049	2183	2232	2769	2464	2476	2208	2098	2379	2061	1769	1854	1573	1183	1000	878	536	390	0	256	500	829	976	1268	1549	1476	
1293	1854	2086	2049	2220	2013	2171	2244	2806	2525	2562	2318	2232	2549	2244	1952	2074	1805	1415	1244	1134	756	585	256	0	292	573	768	1061	1354	1354	
1134	1549	1793	1756	1939	1769	1939	2037	2598	2342	2415	2196	2147	2501	2220	1952	2147	1891	1500	1378	1342	854	658	500	292	0	378	475	768	1061	1049	
1403	1427	1708	1769	1988	1891	2074	2208	2781	2574	2671	2476	2440	2830	2562	2305	2513	2269	1866	1756	1695	1232	1037	829	573	378	0	329	573	866	1037	
1207	1110	1378	1439	1659	1573	1781	1915	2488	2305	2427	2269	2257	2684	2440	2208	2464	2257	1854	1781	1793	1268	1085	976	768	475	329	0	280	585	707	
1305	866	1146	1268	1512	1500	1720	1878	2452	2305	2452	2330	2342	2793	2586	2379	2671	2464	2086	2037	2074	1525	1342	1268	1061	768	573	280	0	292	585	
1390	585	890	1061	1329	1403	1610	1793	2354	2257	2440	2342	2391	2867	2684	2501	2830	2659	2281	2257	2330	1756	1586	1549	1354	1061	866	585	292	0	500	
939	561	744	719	939	915	1134	1293	1866	1756	1927	1842	1903	2379	2220	2061	2427	2293	1939	1964	2110	1512	1378	1476	1354	1049	1037	707	585	500	0	
V4
0	1824	1884	1535	1565	1124	1216	1231	1884	1520	1580	1322	1307	1854	1611	1383	1869	1732	1352	1489	1839	1170	1140	1550	1611	1413	1748	1504	1626	1732	1170	
1824	0	380	744	1064	1352	1611	1854	2477	2492	2751	2736	2872	3496	3359	3192	3693	3541	3116	3161	3344	2599	2432	2508	2310	1930	1778	1383	1079	729	699	
1884	380	0	501	790	1185	1413	1672	2234	2295	2599	2629	2796	3420	3328	3222	3739	3617	3222	3313	3541	2796	2644	2781	2599	2234	2128	1717	1428	1109	927	
1535	744	501	0	319	684	912	1170	1748	1793	2097	2143	2310	2948	2888	2796	3328	3252	2903	3024	3298	2568	2447	2675	2553	2188	2204	1793	1580	1322	896	
1565	1064	790	319	0	516	668	927	1428	1535	1854	1945	2158	2781	2751	2705	3268	3237	2918	3070	3389	2675	2584	2857	2766	2416	2477	2067	1884	1656	1170	
1124	1352	1185	684	516	0	273	501	1185	1140	1413	1459	1641	2264	2234	2188	2751	2720	2432	2614	2964	2280	2219	2553	2508	2204	2356	1960	1869	1748	1140	
1216	1611	1413	912	668	273	0	258	912	881	1185	1276	1489	2112	2112	2112	2690	2705	2447	2660	3040	2386	2356	2720	2705	2416	2584	2219	2143	2006	1413	
1231	1854	1672	1170	927	501	258	0	714	623	927	1048	1276	1884	1915	1960	2538	2584	2371	2599	3009	2401	2386	2781	2796	2538	2751	2386	2340	2234	1611	
1884	2477	2234	1748	1428	1185	912	714	0	501	775	1124	1398	1869	2067	2234	2796	2918	2827	3100	3541	2994	3024	3450	3496	3237	3465	3100	3055	2933	2325	
1520	2492	2295	1793	1535	1140	881	623	501	0	334	623	912	1413	1580	1717	2280	2416	2325	2614	3070	2568	2614	3070	3146	2918	3207	2872	2872	2812	2188	
1580	2751	2599	2097	1854	1413	1185	927	775	334	0	395	668	1094	1307	1504	2052	2219	2188	2508	2979	2538	2614	3085	3192	3009	3328	3024	3055	3040	2401	
1322	2736	2629	2143	1945	1459	1276	1048	1124	623	395	0	273	836	942	1109	1656	1824	1793	2097	2584	2173	2264	2751	2888	2736	3085	2827	2903	2918	2295	
1307	2872	2796	2310	2158	1641	1489	1276	1398	912	668	273	0	623	668	836	1383	1550	1550	1869	2356	2006	2128	2614	2781	2675	3040	2812	2918	2979	2371	
1854	3496	3420	2948	2781	2264	2112	1884	1869	1413	1094	836	623	0	440	805	1140	1444	1656	1991	2462	2295	2462	2964	3176	3116	3526	3344	3480	3572	2964	
1611	3359	3328	2888	2751	2234	2112	1915	2067	1580	1307	942	668	440	0	380	760	1018	1216	1550	2021	1884	2067	2568	2796	2766	3192	3040	3222	3344	2766	
1383	3192	3222	2796	2705	2188	2112	1960	2234	1717	1504	1109	836	805	380	0	577	714	836	1170	1656	1520	1717	2204	2432	2432	2872	2751	2964	3116	2568	
1869	3693	3739	3328	3268	2751	2690	2538	2796	2280	2052	1656	1383	1140	760	577	0	380	820	1094	1504	1641	1869	2310	2584	2675	3131	3070	3328	3526	3024	
1732	3541	3617	3252	3237	2720	2705	2584	2918	2416	2219	1824	1550	1444	1018	714	380	0	486	714	1109	1307	1535	1960	2249	2356	2827	2812	3070	3313	2857	
1352	3116	3222	2903	2918	2432	2447	2371	2827	2325	2188	1793	1550	1656	1216	836	820	486	0	334	820	805	1048	1474	1763	1869	2325	2310	2599	2842	2416	
1489	3161	3313	3024	3070	2614	2660	2599	3100	2614	2508	2097	1869	1991	1550	1170	1094	714	334	0	486	638	881	1246	1550	1717	2188	2219	2538	2812	2447	
1839	3344	3541	3298	3389	2964	3040	3009	3541	3070	2979	2584	2356	2462	2021	1656	1504	1109	820	486	0	729	912	1094	1413	1672	2112	2234	2584	2903	2629	
1170	2599	2796	2568	2675	2280	2386	2401	2994	2568	2538	2173	2006	2295	1884	1520	1641	1307	805	638	729	0	228	668	942	1064	1535	1580	1900	2188	1884	
1140	2432	2644	2447	2584	2219	2356	2386	3024	2614	2614	2264	2128	2462	2067	1717	1869	1535	1048	881	912	228	0	486	729	820	1292	1352	1672	1976	1717	
1550	2508	2781	2675	2857	2553	2720	2781	3450	3070	3085	2751	2614	2964	2568	2204	2310	1960	1474	1246	1094	668	486	0	319	623	1033	1216	1580	1930	1839	
1611	2310	2599	2553	2766	2508	2705	2796	3496	3146	3192	2888	2781	3176	2796	2432	2584	2249	1763	1550	1413	942	729	319	0	364	714	957	1322	1687	1687	
1413	1930	2234	2188	2416	2204	2416	2538	3237	2918	3009	2736	2675	3116	2766	2432	2675	2356	1869	1717	1672	1064	820	623	364	0	471	592	957	1322	1307	
1748	1778	2128	2204	2477	2356	2584	2751	3465	3207	3328	3085	3040	3526	3192	2872	3131	2827	2325	2188	2112	1535	1292	1033	714	471	0	410	714	1079	1292	
1504	1383	1717	1793	2067	1960	2219	2386	3100	2872	3024	2827	2812	3344	3040	2751	3070	2812	2310	2219	2234	1580	1352	1216	957	592	410	0	349	729	881	
1626	1079	1428	1580	1884	1869	2143	2340	3055	2872	3055	2903	2918	3480	3222	2964	3328	3070	2599	2538	2584	1900	1672	1580	1322	957	714	349	0	364	729	
1732	729	1109	1322	1656	1748	2006	2234	2933	2812	3040	2918	2979	3572	3344	3116	3526	3313	2842	2812	2903	2188	1976	1930	1687	1322	1079	729	364	0	623	
1170	699	927	896	1170	1140	1413	1611	2325	2188	2401	2295	2371	2964	2766	2568	3024	2857	2416	2447	2629	1884	1717	1839	1687	1307	1292	881	729	623	0	
V5
0	1728	1785	1454	1483	1065	1152	1166	1785	1440	1497	1252	1238	1756	1526	1310	1771	1641	1281	1411	1742	1108	1080	1468	1526	1339	1656	1425	1540	1641	1108	
1728	0	360	705	1008	1281	1526	1756	2347	2361	2606	2592	2721	3312	3182	3024	3499	3355	2952	2995	3168	2462	2304	2376	2188	1828	1684	1310	1022	691	662	
1785	360	0	475	748	1123	1339	1584	2116	2174	2462	2491	2649	3240	3153	3052	3542	3427	3052	3139	3355	2649	2505	2635	2462	2116	2016	1627	1353	1051	878	
1454	705	475	0	302	648	864	1108	1656	1699	1987	2030	2188	2793	2736	2649	3153	3081	2750	2865	3124	2433	2318	2534	2419	2073	2088	1699	1497	1252	849	
1483	1008	748	302	0	489	633	878	1353	1454	1756	1843	2044	2635	2606	2563	3096	3067	2764	2908	3211	2534	2448	2707	2620	2289	2347	1958	1785	1569	1108	
1065	1281	1123	648	489	0	259	475	1123	1080	1339	1382	1555	2145	2116	2073	2606	2577	2304	2476	2808	2160	2102	2419	2376	2088	2232	1857	1771	1656	1080	
1152	1526	1339	864	633	259	0	244	864	835	1123	1209	1411	2001	2001	2001	2548	2563	2318	2520	2880	2260	2232	2577	2563	2289	2448	2102	2030	1900	1339	
1166	1756	1584	1108	878	475	244	0	676	590	878	993	1209	1785	1814	1857	2404	2448	2246	2462	2851	2275	2260	2635	2649	2404	2606	2260	2217	2116	1526	
1785	2347	2116	1656	1353	1123	864	676	0	475	734	1065	1324	1771	1958	2116	2649	2764	2678	2937	3355	2836	2865	3268	3312	3067	3283	2937	2894	2779	2203	
1440	2361	2174	1699	1454	1080	835	590	475	0	316	590	864	1339	1497	1627	2160	2289	2203	2476	2908	2433	2476	2908	2980	2764	3038	2721	2721	2664	2073	
1497	2606	2462	1987	1756	1339	1123	878	734	316	0	374	633	1036	1238	1425	1944	2102	2073	2376	2822	2404	2476	2923	3024	2851	3153	2865	2894	2880	2275	
1252	2592	2491	2030	1843	1382	1209	993	1065	590	374	0	259	792	892	1051	1569	1728	1699	1987	2448	2059	2145	2606	2736	2592	2923	2678	2750	2764	2174	
1238	2721	2649	2188	2044	1555	1411	1209	1324	864	633	259	0	590	633	792	1310	1468	1468	1771	2232	1900	2016	2476	2635	2534	2880	2664	2764	2822	2246	
1756	3312	3240	2793	2635	2145	2001	1785	1771	1339	1036	792	590	0	417	763	1080	1368	1569	1886	2332	2174	2332	2808	3009	2952	3340	3168	3297	3384	2808	
1526	3182	3153	2736	2606	2116	2001	1814	1958	1497	1238	892	633	417	0	360	720	964	1152	1468	1915	1785	1958	2433	2649	2620	3024	2880	3052	3168	2620	
1310	3024	3052	2649	2563	2073	2001	1857	2116	1627	1425	1051	792	763	360	0	547	676	792	1108	1569	1440	1627	2088	2304	2304	2721	2606	2808	2952	2433	
1771	3499	3542	3153	3096	2606	2548	2404	2649	2160	1944	1569	1310	1080	720	547	0	360	777	1036	1425	1555	1771	2188	2448	2534	2966	2908	3153	3340	2865	
1641	3355	3427	3081	3067	2577	2563	2448	2764	2289	2102	1728	1468	1368	964	676	360	0	460	676	1051	1238	1454	1857	2131	2232	2678	2664	2908	3139	2707	
1281	2952	3052	2750	2764	2304	2318	2246	2678	2203	2073	1699	1468	1569	1152	792	777	460	0	316	777	763	993	1396	1670	1771	2203	2188	2462	2692	2289	
1411	2995	3139	2865	2908	2476	2520	2462	2937	2476	2376	1987	1771	1886	1468	1108	1036	676	316	0	460	604	835	1180	1468	1627	2073	2102	2404	2664	2318	
1742	3168	3355	3124	3211	2808	2880	2851	3355	2908	2822	2448	2232	2332	1915	1569	1425	1051	777	460	0	691	864	1036	1339	1584	2001	2116	2448	2750	2491	
1108	2462	2649	2433	2534	2160	2260	2275	2836	2433	2404	2059	1900	2174	1785	1440	1555	1238	763	604	691	0	216	633	892	1008	1454	1497	1800	2073	1785	
1080	2304	2505	2318	2448	2102	2232	2260	2865	2476	2476	2145	2016	2332	1958	1627	1771	1454	993	835	864	216	0	460	691	777	1224	1281	1584	1872	1627	
1468	2376	2635	2534	2707	2419	2577	2635	3268	2908	2923	2606	2476	2808	2433	2088	2188	1857	1396	1180	1036	633	460	0	302	590	979	1152	1497	1828	1742	
1526	2188	2462	2419	2620	2376	2563	2649	3312	2980	3024	2736	2635	3009	2649	2304	2448	2131	1670	1468	1339	892	691	302	0	345	676	907	1252	1598	1598	
1339	1828	2116	2073	2289	2088	2289	2404	3067	2764	2851	2592	2534	2952	2620	2304	2534	2232	1771	1627	1584	1008	777	590	345	0	446	561	907	1252	1238	
1656	1684	2016	2088	2347	2232	2448	2606	3283	3038	3153	2923	2880	3340	3024	2721	2966	2678	2203	2073	2001	1454	1224	979	676	446	0	388	676	1022	1224	
1425	1310	1627	1699	1958	1857	2102	2260	2937	2721	2865	2678	2664	3168	2880	2606	2908	2664	2188	2102	2116	1497	1281	1152	907	561	388	0	331	691	835	
1540	1022	1353	1497	1785	1771	2030	2217	2894	2721	2894	2750	2764	3297	3052	2808	3153	2908	2462	2404	2448	1800	1584	1497	1252	907	676	331	0	345	691	
1641	691	1051	1252	1569	1656	1900	2116	2779	2664	2880	2764	2822	3384	3168	2952	3340	3139	2692	2664	2750	2073	1872	1828	1598	1252	1022	691	345	0	590	
1108	662	878	849	1108	1080	1339	1526	2203	2073	2275	2174	2246	2808	2620	2433	2865	2707	2289	2318	2491	1785	1627	1742	1598	1238	1224	835	691	590	0	
V6
0	648	669	545	556	399	432	437	669	540	561	469	464	658	572	491	664	615	480	529	653	415	405	550	572	502	621	534	577	615	415	
648	0	135	264	378	480	572	658	880	885	977	972	1020	1242	1193	1134	1312	1258	1107	1123	1188	923	864	891	820	685	631	491	383	259	248	
669	135	0	178	280	421	502	594	793	815	923	934	993	1215	1182	1144	1328	1285	1144	1177	1258	993	939	988	923	793	756	610	507	394	329	
545	264	178	0	113	243	324	415	621	637	745	761	820	1047	1026	993	1182	1155	1031	1074	1171	912	869	950	907	777	783	637	561	469	318	
556	378	280	113	0	183	237	329	507	545	658	691	766	988	977	961	1161	1150	1036	1090	1204	950	918	1015	982	858	880	734	669	588	415	
399	480	421	243	183	0	97	178	421	405	502	518	583	804	793	777	977	966	864	928	1053	810	788	907	891	783	837	696	664	621	405	
432	572	502	324	237	97	0	91	324	313	421	453	529	750	750	750	955	961	869	945	1080	847	837	966	961	858	918	788	761	712	502	
437	658	594	415	329	178	91	0	253	221	329	372	453	669	680	696	901	918	842	923	1069	853	847	988	993	901	977	847	831	793	572	
669	880	793	621	507	421	324	253	0	178	275	399	496	664	734	793	993	1036	1004	1101	1258	1063	1074	1225	1242	1150	1231	1101	1085	1042	826	
540	885	815	637	545	405	313	221	178	0	118	221	324	502	561	610	810	858	826	928	1090	912	928	1090	1117	1036	1139	1020	1020	999	777	
561	977	923	745	658	502	421	329	275	118	0	140	237	388	464	534	729	788	777	891	1058	901	928	1096	1134	1069	1182	1074	1085	1080	853	
469	972	934	761	691	518	453	372	399	221	140	0	97	297	334	394	588	648	637	745	918	772	804	977	1026	972	1096	1004	1031	1036	815	
464	1020	993	820	766	583	529	453	496	324	237	97	0	221	237	297	491	550	550	664	837	712	756	928	988	950	1080	999	1036	1058	842	
658	1242	1215	1047	988	804	750	669	664	502	388	297	221	0	156	286	405	513	588	707	874	815	874	1053	1128	1107	1252	1188	1236	1269	1053	
572	1193	1182	1026	977	793	750	680	734	561	464	334	237	156	0	135	270	361	432	550	718	669	734	912	993	982	1134	1080	1144	1188	982	
491	1134	1144	993	961	777	750	696	793	610	534	394	297	286	135	0	205	253	297	415	588	540	610	783	864	864	1020	977	1053	1107	912	
664	1312	1328	1182	1161	977	955	901	993	810	729	588	491	405	270	205	0	135	291	388	534	583	664	820	918	950	1112	1090	1182	1252	1074	
615	1258	1285	1155	1150	966	961	918	1036	858	788	648	550	513	361	253	135	0	172	253	394	464	545	696	799	837	1004	999	1090	1177	1015	
480	1107	1144	1031	1036	864	869	842	1004	826	777	637	550	588	432	297	291	172	0	118	291	286	372	523	626	664	826	820	923	1009	858	
529	1123	1177	1074	1090	928	945	923	1101	928	891	745	664	707	550	415	388	253	118	0	172	226	313	442	550	610	777	788	901	999	869	
653	1188	1258	1171	1204	1053	1080	1069	1258	1090	1058	918	837	874	718	588	534	394	291	172	0	259	324	388	502	594	750	793	918	1031	934	
415	923	993	912	950	810	847	853	1063	912	901	772	712	815	669	540	583	464	286	226	259	0	81	237	334	378	545	561	675	777	669	
405	864	939	869	918	788	837	847	1074	928	928	804	756	874	734	610	664	545	372	313	324	81	0	172	259	291	459	480	594	702	610	
550	891	988	950	1015	907	966	988	1225	1090	1096	977	928	1053	912	783	820	696	523	442	388	237	172	0	113	221	367	432	561	685	653	
572	820	923	907	982	891	961	993	1242	1117	1134	1026	988	1128	993	864	918	799	626	550	502	334	259	113	0	129	253	340	469	599	599	
502	685	793	777	858	783	858	901	1150	1036	1069	972	950	1107	982	864	950	837	664	610	594	378	291	221	129	0	167	210	340	469	464	
621	631	756	783	880	837	918	977	1231	1139	1182	1096	1080	1252	1134	1020	1112	1004	826	777	750	545	459	367	253	167	0	145	253	383	459	
534	491	610	637	734	696	788	847	1101	1020	1074	1004	999	1188	1080	977	1090	999	820	788	793	561	480	432	340	210	145	0	124	259	313	
577	383	507	561	669	664	761	831	1085	1020	1085	1031	1036	1236	1144	1053	1182	1090	923	901	918	675	594	561	469	340	253	124	0	129	259	
615	259	394	469	588	621	712	793	1042	999	1080	1036	1058	1269	1188	1107	1252	1177	1009	999	1031	777	702	685	599	469	383	259	129	0	221	
415	248	329	318	415	405	502	572	826	777	853	815	842	1053	982	912	1074	1015	858	869	934	669	610	653	599	464	459	313	259	221	0	
V7
0	1584	1636	1333	1359	976	1056	1069	1636	1320	1372	1148	1135	1610	1399	1201	1623	1504	1174	1293	1597	1016	990	1346	1399	1227	1518	1306	1412	1504	1016	
1584	0	330	646	924	1174	1399	1610	2151	2164	2389	2376	2494	3036	2917	2772	3207	3075	2706	2745	2904	2257	2112	2178	2006	1676	1544	1201	937	633	607	
1636	330	0	435	686	1029	1227	1452	1940	1993	2257	2283	2428	2970	2890	2798	3247	3141	2798	2877	3075	2428	2296	2415	2257	1940	1848	1491	1240	963	805	
1333	646	435	0	277	594	792	1016	1518	1557	1821	1861	2006	2560	2508	2428	2890	2824	2521	2626	2864	2230	2125	2323	2217	1900	1914	1557	1372	1148	778	
1359	924	686	277	0	448	580	805	1240	1333	1610	1689	1874	2415	2389	2349	2838	2811	2534	2666	2943	2323	2244	2481	2402	2098	2151	1795	1636	1438	1016	
976	1174	1029	594	448	0	237	435	1029	990	1227	1267	1425	1966	1940	1900	2389	2362	2112	2270	2574	1980	1927	2217	2178	1914	2046	1702	1623	1518	990	
1056	1399	1227	792	580	237	0	224	792	765	1029	1108	1293	1834	1834	1834	2336	2349	2125	2310	2640	2072	2046	2362	2349	2098	2244	1927	1861	1742	1227	
1069	1610	1452	1016	805	435	224	0	620	541	805	910	1108	1636	1663	1702	2204	2244	2059	2257	2613	2085	2072	2415	2428	2204	2389	2072	2032	1940	1399	
1636	2151	1940	1518	1240	1029	792	620	0	435	673	976	1214	1623	1795	1940	2428	2534	2455	2692	3075	2600	2626	2996	3036	2811	3009	2692	2653	2547	2019	
1320	2164	1993	1557	1333	990	765	541	435	0	290	541	792	1227	1372	1491	1980	2098	2019	2270	2666	2230	2270	2666	2732	2534	2785	2494	2494	2442	1900	
1372	2389	2257	1821	1610	1227	1029	805	673	290	0	343	580	950	1135	1306	1782	1927	1900	2178	2587	2204	2270	2679	2772	2613	2890	2626	2653	2640	2085	
1148	2376	2283	1861	1689	1267	1108	910	976	541	343	0	237	726	818	963	1438	1584	1557	1821	2244	1887	1966	2389	2508	2376	2679	2455	2521	2534	1993	
1135	2494	2428	2006	1874	1425	1293	1108	1214	792	580	237	0	541	580	726	1201	1346	1346	1623	2046	1742	1848	2270	2415	2323	2640	2442	2534	2587	2059	
1610	3036	2970	2560	2415	1966	1834	1636	1623	1227	950	726	541	0	382	699	990	1254	1438	1729	2138	1993	2138	2574	2758	2706	3062	2904	3022	3102	2574	
1399	2917	2890	2508	2389	1940	1834	1663	1795	1372	1135	818	580	382	0	330	660	884	1056	1346	1755	1636	1795	2230	2428	2402	2772	2640	2798	2904	2402	
1201	2772	2798	2428	2349	1900	1834	1702	1940	1491	1306	963	726	699	330	0	501	620	726	1016	1438	1320	1491	1914	2112	2112	2494	2389	2574	2706	2230	
1623	3207	3247	2890	2838	2389	2336	2204	2428	1980	1782	1438	1201	990	660	501	0	330	712	950	1306	1425	1623	2006	2244	2323	2719	2666	2890	3062	2626	
1504	3075	3141	2824	2811	2362	2349	2244	2534	2098	1927	1584	1346	1254	884	620	330	0	422	620	963	1135	1333	1702	1953	2046	2455	2442	2666	2877	2481	
1174	2706	2798	2521	2534	2112	2125	2059	2455	2019	1900	1557	1346	1438	1056	726	712	422	0	290	712	699	910	1280	1531	1623	2019	2006	2257	2468	2098	
1293	2745	2877	2626	2666	2270	2310	2257	2692	2270	2178	1821	1623	1729	1346	1016	950	620	290	0	422	554	765	1082	1346	1491	1900	1927	2204	2442	2125	
1597	2904	3075	2864	2943	2574	2640	2613	3075	2666	2587	2244	2046	2138	1755	1438	1306	963	712	422	0	633	792	950	1227	1452	1834	1940	2244	2521	2283	
1016	2257	2428	2230	2323	1980	2072	2085	2600	2230	2204	1887	1742	1993	1636	1320	1425	1135	699	554	633	0	198	580	818	924	1333	1372	1650	1900	1636	
990	2112	2296	2125	2244	1927	2046	2072	2626	2270	2270	1966	1848	2138	1795	1491	1623	1333	910	765	792	198	0	422	633	712	1122	1174	1452	1716	1491	
1346	2178	2415	2323	2481	2217	2362	2415	2996	2666	2679	2389	2270	2574	2230	1914	2006	1702	1280	1082	950	580	422	0	277	541	897	1056	1372	1676	1597	
1399	2006	2257	2217	2402	2178	2349	2428	3036	2732	2772	2508	2415	2758	2428	2112	2244	1953	1531	1346	1227	818	633	277	0	316	620	831	1148	1465	1465	
1227	1676	1940	1900	2098	1914	2098	2204	2811	2534	2613	2376	2323	2706	2402	2112	2323	2046	1623	1491	1452	924	712	541	316	0	409	514	831	1148	1135	
1518	1544	1848	1914	2151	2046	2244	2389	3009	2785	2890	2679	2640	3062	2772	2494	2719	2455	2019	1900	1834	1333	1122	897	620	409	0	356	620	937	1122	
1306	1201	1491	1557	1795	1702	1927	2072	2692	2494	2626	2455	2442	2904	2640	2389	2666	2442	2006	1927	1940	1372	1174	1056	831	514	356	0	303	633	765	
1412	937	1240	1372	1636	1623	1861	2032	2653	2494	2653	2521	2534	3022	2798	2574	2890	2666	2257	2204	2244	1650	1452	1372	1148	831	620	303	0	316	633	
1504	633	963	1148	1438	1518	1742	1940	2547	2442	2640	2534	2587	3102	2904	2706	3062	2877	2468	2442	2521	1900	1716	1676	1465	1148	937	633	316	0	541	
1016	607	805	778	1016	990	1227	1399	2019	1900	2085	1993	2059	2574	2402	2230	2626	2481	2098	2125	2283	1636	1491	1597	1465	1135	1122	765	633	541	0	
V8
0	1296	1339	1090	1112	799	864	874	1339	1080	1123	939	928	1317	1144	982	1328	1231	961	1058	1306	831	810	1101	1144	1004	1242	1069	1155	1231	831	
1296	0	270	529	756	961	1144	1317	1760	1771	1954	1944	2041	2484	2386	2268	2624	2516	2214	2246	2376	1846	1728	1782	1641	1371	1263	982	766	518	496	
1339	270	0	356	561	842	1004	1188	1587	1630	1846	1868	1987	2430	2365	2289	2656	2570	2289	2354	2516	1987	1879	1976	1846	1587	1512	1220	1015	788	658	
1090	529	356	0	226	486	648	831	1242	1274	1490	1522	1641	2095	2052	1987	2365	2311	2062	2149	2343	1825	1738	1900	1814	1555	1566	1274	1123	939	637	
1112	756	561	226	0	367	475	658	1015	1090	1317	1382	1533	1976	1954	1922	2322	2300	2073	2181	2408	1900	1836	2030	1965	1717	1760	1468	1339	1177	831	
799	961	842	486	367	0	194	356	842	810	1004	1036	1166	1609	1587	1555	1954	1933	1728	1857	2106	1620	1576	1814	1782	1566	1674	1393	1328	1242	810	
864	1144	1004	648	475	194	0	183	648	626	842	907	1058	1501	1501	1501	1911	1922	1738	1890	2160	1695	1674	1933	1922	1717	1836	1576	1522	1425	1004	
874	1317	1188	831	658	356	183	0	507	442	658	745	907	1339	1360	1393	1803	1836	1684	1846	2138	1706	1695	1976	1987	1803	1954	1695	1663	1587	1144	
1339	1760	1587	1242	1015	842	648	507	0	356	550	799	993	1328	1468	1587	1987	2073	2008	2203	2516	2127	2149	2451	2484	2300	2462	2203	2170	2084	1652	
1080	1771	1630	1274	1090	810	626	442	356	0	237	442	648	1004	1123	1220	1620	1717	1652	1857	2181	1825	1857	2181	2235	2073	2278	2041	2041	1998	1555	
1123	1954	1846	1490	1317	1004	842	658	550	237	0	280	475	777	928	1069	1458	1576	1555	1782	2116	1803	1857	2192	2268	2138	2365	2149	2170	2160	1706	
939	1944	1868	1522	1382	1036	907	745	799	442	280	0	194	594	669	788	1177	1296	1274	1490	1836	1544	1609	1954	2052	1944	2192	2008	2062	2073	1630	
928	2041	1987	1641	1533	1166	1058	907	993	648	475	194	0	442	475	594	982	1101	1101	1328	1674	1425	1512	1857	1976	1900	2160	1998	2073	2116	1684	
1317	2484	2430	2095	1976	1609	1501	1339	1328	1004	777	594	442	0	313	572	810	1026	1177	1414	1749	1630	1749	2106	2257	2214	2505	2376	2473	2538	2106	
1144	2386	2365	2052	1954	1587	1501	1360	1468	1123	928	669	475	313	0	270	540	723	864	1101	1436	1339	1468	1825	1987	1965	2268	2160	2289	2376	1965	
982	2268	2289	1987	1922	1555	1501	1393	1587	1220	1069	788	594	572	270	0	410	507	594	831	1177	1080	1220	1566	1728	1728	2041	1954	2106	2214	1825	
1328	2624	2656	2365	2322	1954	1911	1803	1987	1620	1458	1177	982	810	540	410	0	270	583	777	1069	1166	1328	1641	1836	1900	2224	2181	2365	2505	2149	
1231	2516	2570	2311	2300	1933	1922	1836	2073	1717	1576	1296	1101	1026	723	507	270	0	345	507	788	928	1090	1393	1598	1674	2008	1998	2181	2354	2030	
961	2214	2289	2062	2073	1728	1738	1684	2008	1652	1555	1274	1101	1177	864	594	583	345	0	237	583	572	745	1047	1252	1328	1652	1641	1846	2019	1717	
1058	2246	2354	2149	2181	1857	1890	1846	2203	1857	1782	1490	1328	1414	1101	831	777	507	237	0	345	453	626	885	1101	1220	1555	1576	1803	1998	1738	
1306	2376	2516	2343	2408	2106	2160	2138	2516	2181	2116	1836	1674	1749	1436	1177	1069	788	583	345	0	518	648	777	1004	1188	1501	1587	1836	2062	1868	
831	1846	1987	1825	1900	1620	1695	1706	2127	1825	1803	1544	1425	1630	1339	1080	1166	928	572	453	518	0	162	475	669	756	1090	1123	1350	1555	1339	
810	1728	1879	1738	1836	1576	1674	1695	2149	1857	1857	1609	1512	1749	1468	1220	1328	1090	745	626	648	162	0	345	518	583	918	961	1188	1404	1220	
1101	1782	1976	1900	2030	1814	1933	1976	2451	2181	2192	1954	1857	2106	1825	1566	1641	1393	1047	885	777	475	345	0	226	442	734	864	1123	1371	1306	
1144	1641	1846	1814	1965	1782	1922	1987	2484	2235	2268	2052	1976	2257	1987	1728	1836	1598	1252	1101	1004	669	518	226	0	259	507	680	939	1198	1198	
1004	1371	1587	1555	1717	1566	1717	1803	2300	2073	2138	1944	1900	2214	1965	1728	1900	1674	1328	1220	1188	756	583	442	259	0	334	421	680	939	928	
1242	1263	1512	1566	1760	1674	1836	1954	2462	2278	2365	2192	2160	2505	2268	2041	2224	2008	1652	1555	1501	1090	918	734	507	334	0	291	507	766	918	
1069	982	1220	1274	1468	1393	1576	1695	2203	2041	2149	2008	1998	2376	2160	1954	2181	1998	1641	1576	1587	1123	961	864	680	421	291	0	248	518	626	
1155	766	1015	1123	1339	1328	1522	1663	2170	2041	2170	2062	2073	2473	2289	2106	2365	2181	1846	1803	1836	1350	1188	1123	939	680	507	248	0	259	518	
1231	518	788	939	1177	1242	1425	1587	2084	1998	2160	2073	2116	2538	2376	2214	2505	2354	2019	1998	2062	1555	1404	1371	1198	939	766	518	259	0	442	
831	496	658	637	831	810	1004	1144	1652	1555	1706	1630	1684	2106	1965	1825	2149	2030	1717	1738	1868	1339	1220	1306	1198	928	918	626	518	442	0	
V9
0	840	868	707	721	518	560	567	868	700	728	609	602	854	742	637	861	798	623	686	847	539	525	714	742	651	805	693	749	798	539	
840	0	175	343	490	623	742	854	1141	1148	1267	1260	1323	1610	1547	1470	1701	1631	1435	1456	1540	1197	1120	1155	1064	889	819	637	497	336	322	
868	175	0	231	364	546	651	770	1029	1057	1197	1211	1288	1575	1533	1484	1722	1666	1484	1526	1631	1288	1218	1281	1197	1029	980	791	658	511	427	
707	343	231	0	147	315	420	539	805	826	966	987	1064	1358	1330	1288	1533	1498	1337	1393	1519	1183	1127	1232	1176	1008	1015	826	728	609	413	
721	490	364	147	0	238	308	427	658	707	854	896	994	1281	1267	1246	1505	1491	1344	1414	1561	1232	1190	1316	1274	1113	1141	952	868	763	539	
518	623	546	315	238	0	126	231	546	525	651	672	756	1043	1029	1008	1267	1253	1120	1204	1365	1050	1022	1176	1155	1015	1085	903	861	805	525	
560	742	651	420	308	126	0	119	420	406	546	588	686	973	973	973	1239	1246	1127	1225	1400	1099	1085	1253	1246	1113	1190	1022	987	924	651	
567	854	770	539	427	231	119	0	329	287	427	483	588	868	882	903	1169	1190	1092	1197	1386	1106	1099	1281	1288	1169	1267	1099	1078	1029	742	
868	1141	1029	805	658	546	420	329	0	231	357	518	644	861	952	1029	1288	1344	1302	1428	1631	1379	1393	1589	1610	1491	1596	1428	1407	1351	1071	
700	1148	1057	826	707	525	406	287	231	0	154	287	420	651	728	791	1050	1113	1071	1204	1414	1183	1204	1414	1449	1344	1477	1323	1323	1295	1008	
728	1267	1197	966	854	651	546	427	357	154	0	182	308	504	602	693	945	1022	1008	1155	1372	1169	1204	1421	1470	1386	1533	1393	1407	1400	1106	
609	1260	1211	987	896	672	588	483	518	287	182	0	126	385	434	511	763	840	826	966	1190	1001	1043	1267	1330	1260	1421	1302	1337	1344	1057	
602	1323	1288	1064	994	756	686	588	644	420	308	126	0	287	308	385	637	714	714	861	1085	924	980	1204	1281	1232	1400	1295	1344	1372	1092	
854	1610	1575	1358	1281	1043	973	868	861	651	504	385	287	0	203	371	525	665	763	917	1134	1057	1134	1365	1463	1435	1624	1540	1603	1645	1365	
742	1547	1533	1330	1267	1029	973	882	952	728	602	434	308	203	0	175	350	469	560	714	931	868	952	1183	1288	1274	1470	1400	1484	1540	1274	
637	1470	1484	1288	1246	1008	973	903	1029	791	693	511	385	371	175	0	266	329	385	539	763	700	791	1015	1120	1120	1323	1267	1365	1435	1183	
861	1701	1722	1533	1505	1267	1239	1169	1288	1050	945	763	637	525	350	266	0	175	378	504	693	756	861	1064	1190	1232	1442	1414	1533	1624	1393	
798	1631	1666	1498	1491	1253	1246	1190	1344	1113	1022	840	714	665	469	329	175	0	224	329	511	602	707	903	1036	1085	1302	1295	1414	1526	1316	
623	1435	1484	1337	1344	1120	1127	1092	1302	1071	1008	826	714	763	560	385	378	224	0	154	378	371	483	679	812	861	1071	1064	1197	1309	1113	
686	1456	1526	1393	1414	1204	1225	1197	1428	1204	1155	966	861	917	714	539	504	329	154	0	224	294	406	574	714	791	1008	1022	1169	1295	1127	
847	1540	1631	1519	1561	1365	1400	1386	1631	1414	1372	1190	1085	1134	931	763	693	511	378	224	0	336	420	504	651	770	973	1029	1190	1337	1211	
539	1197	1288	1183	1232	1050	1099	1106	1379	1183	1169	1001	924	1057	868	700	756	602	371	294	336	0	105	308	434	490	707	728	875	1008	868	
525	1120	1218	1127	1190	1022	1085	1099	1393	1204	1204	1043	980	1134	952	791	861	707	483	406	420	105	0	224	336	378	595	623	770	910	791	
714	1155	1281	1232	1316	1176	1253	1281	1589	1414	1421	1267	1204	1365	1183	1015	1064	903	679	574	504	308	224	0	147	287	476	560	728	889	847	
742	1064	1197	1176	1274	1155	1246	1288	1610	1449	1470	1330	1281	1463	1288	1120	1190	1036	812	714	651	434	336	147	0	168	329	441	609	777	777	
651	889	1029	1008	1113	1015	1113	1169	1491	1344	1386	1260	1232	1435	1274	1120	1232	1085	861	791	770	490	378	287	168	0	217	273	441	609	602	
805	819	980	1015	1141	1085	1190	1267	1596	1477	1533	1421	1400	1624	1470	1323	1442	1302	1071	1008	973	707	595	476	329	217	0	189	329	497	595	
693	637	791	826	952	903	1022	1099	1428	1323	1393	1302	1295	1540	1400	1267	1414	1295	1064	1022	1029	728	623	560	441	273	189	0	161	336	406	
749	497	658	728	868	861	987	1078	1407	1323	1407	1337	1344	1603	1484	1365	1533	1414	1197	1169	1190	875	770	728	609	441	329	161	0	168	336	
798	336	511	609	763	805	924	1029	1351	1295	1400	1344	1372	1645	1540	1435	1624	1526	1309	1295	1337	1008	910	889	777	609	497	336	168	0	287	
539	322	427	413	539	525	651	742	1071	1008	1106	1057	1092	1365	1274	1183	1393	1316	1113	1127	1211	868	791	847	777	602	595	406	336	287	0	
V10
0	1296	1339	1090	1112	799	864	874	1339	1080	1123	939	928	1317	1144	982	1328	1231	961	1058	1306	831	810	1101	1144	1004	1242	1069	1155	1231	831	
1296	0	270	529	756	961	1144	1317	1760	1771	1954	1944	2041	2484	2386	2268	2624	2516	2214	2246	2376	1846	1728	1782	1641	1371	1263	982	766	518	496	
1339	270	0	356	561	842	1004	1188	1587	1630	1846	1868	1987	2430	2365	2289	2656	2570	2289	2354	2516	1987	1879	1976	1846	1587	1512	1220	1015	788	658	
1090	529	356	0	226	486	648	831	1242	1274	1490	1522	1641	2095	2052	1987	2365	2311	2062	2149	2343	1825	1738	1900	1814	1555	1566	1274	1123	939	637	
1112	756	561	226	0	367	475	658	1015	1090	1317	1382	1533	1976	1954	1922	2322	2300	2073	2181	2408	1900	1836	2030	1965	1717	1760	1468	1339	1177	831	
799	961	842	486	367	0	194	356	842	810	1004	1036	1166	1609	1587	1555	1954	1933	1728	1857	2106	1620	1576	1814	1782	1566	1674	1393	1328	1242	810	
864	1144	1004	648	475	194	0	183	648	626	842	907	1058	1501	1501	1501	1911	1922	1738	1890	2160	1695	1674	1933	1922	1717	1836	1576	1522	1425	1004	
874	1317	1188	831	658	356	183	0	507	442	658	745	907	1339	1360	1393	1803	1836	1684	1846	2138	1706	1695	1976	1987	1803	1954	1695	1663	1587	1144	
1339	1760	1587	1242	1015	842	648	507	0	356	550	799	993	1328	1468	1587	1987	2073	2008	2203	2516	2127	2149	2451	2484	2300	2462	2203	2170	2084	1652	
1080	1771	1630	1274	1090	810	626	442	356	0	237	442	648	1004	1123	1220	1620	1717	1652	1857	2181	1825	1857	2181	2235	2073	2278	2041	2041	1998	1555	
1123	1954	1846	1490	1317	1004	842	658	550	237	0	280	475	777	928	1069	1458	1576	1555	1782	2116	1803	1857	2192	2268	2138	2365	2149	2170	2160	1706	
939	1944	1868	1522	1382	1036	907	745	799	442	280	0	194	594	669	788	1177	1296	1274	1490	1836	1544	1609	1954	2052	1944	2192	2008	2062	2073	1630	
928	2041	1987	1641	1533	1166	1058	907	993	648	475	194	0	442	475	594	982	1101	1101	1328	1674	1425	1512	1857	1976	1900	2160	1998	2073	2116	1684	
1317	2484	2430	2095	1976	1609	1501	1339	1328	1004	777	594	442	0	313	572	810	1026	1177	1414	1749	1630	1749	2106	2257	2214	2505	2376	2473	2538	2106	
1144	2386	2365	2052	1954	1587	1501	1360	1468	1123	928	669	475	313	0	270	540	723	864	1101	1436	1339	1468	1825	1987	1965	2268	2160	2289	2376	1965	
982	2268	2289	1987	1922	1555	1501	1393	1587	1220	1069	788	594	572	270	0	410	507	594	831	1177	1080	1220	1566	1728	1728	2041	1954	2106	2214	1825	
1328	2624	2656	2365	2322	1954	1911	1803	1987	1620	1458	1177	982	810	540	410	0	270	583	777	1069	1166	1328	1641	1836	1900	2224	2181	2365	2505	2149	
1231	2516	2570	2311	2300	1933	1922	1836	2073	1717	1576	1296	1101	1026	723	507	270	0	345	507	788	928	1090	1393	1598	1674	2008	1998	2181	2354	2030	
961	2214	2289	2062	2073	1728	1738	1684	2008	1652	1555	1274	1101	1177	864	594	583	345	0	237	583	572	745	1047	1252	1328	1652	1641	1846	2019	1717	
1058	2246	2354	2149	2181	1857	1890	1846	2203	1857	1782	1490	1328	1414	1101	831	777	507	237	0	345	453	626	885	1101	1220	1555	1576	1803	1998	1738	
1306	2376	2516	2343	2408	2106	2160	2138	2516	2181	2116	1836	1674	1749	1436	1177	1069	788	583	345	0	518	648	777	1004	1188	1501	1587	1836	2062	1868	
831	1846	1987	1825	1900	1620	1695	1706	2127	1825	1803	1544	1425	1630	1339	1080	1166	928	572	453	518	0	162	475	669	756	1090	1123	1350	1555	1339	
810	1728	1879	1738	1836	1576	1674	1695	2149	1857	1857	1609	1512	1749	1468	1220	1328	1090	745	626	648	162	0	345	518	583	918	961	1188	1404	1220	
1101	1782	1976	1900	2030	1814	1933	1976	2451	2181	2192	1954	1857	2106	1825	1566	1641	1393	1047	885	777	475	345	0	226	442	734	864	1123	1371	1306	
1144	1641	1846	1814	1965	1782	1922	1987	2484	2235	2268	2052	1976	2257	1987	1728	1836	1598	1252	1101	1004	669	518	226	0	259	507	680	939	1198	1198	
1004	1371	1587	1555	1717	1566	1717	1803	2300	2073	2138	1944	1900	2214	1965	1728	1900	1674	1328	1220	1188	756	583	442	259	0	334	421	680	939	928	
1242	1263	1512	1566	1760	1674	1836	1954	2462	2278	2365	2192	2160	2505	2268	2041	2224	2008	1652	1555	1501	1090	918	734	507	334	0	291	507	766	918	
1069	982	1220	1274	1468	1393	1576	1695	2203	2041	2149	2008	1998	2376	2160	1954	2181	1998	1641	1576	1587	1123	961	864	680	421	291	0	248	518	626	
1155	766	1015	1123	1339	1328	1522	1663	2170	2041	2170	2062	2073	2473	2289	2106	2365	2181	1846	1803	1836	1350	1188	1123	939	680	507	248	0	259	518	
1231	518	788	939	1177	1242	1425	1587	2084	1998	2160	2073	2116	2538	2376	2214	2505	2354	2019	1998	2062	1555	1404	1371	1198	939	766	518	259	0	442	
831	496	658	637	831	810	1004	1144	1652	1555	1706	1630	1684	2106	1965	1825	2149	2030	1717	1738	1868	1339	1220	1306	1198	928	918	626	518	442	0	
V11
0	1848	1909	1555	1586	1139	1232	1247	1909	1540	1601	1339	1324	1878	1632	1401	1894	1755	1370	1509	1863	1185	1155	1570	1632	1432	1771	1524	1647	1755	1185	
1848	0	385	754	1078	1370	1632	1878	2510	2525	2787	2772	2910	3542	3403	3234	3742	3588	3157	3203	3388	2633	2464	2541	2340	1955	1801	1401	1093	739	708	
1909	385	0	508	800	1201	1432	1694	2263	2325	2633	2664	2833	3465	3372	3264	3788	3665	3264	3357	3588	2833	2679	2818	2633	2263	2156	1740	1447	1124	939	
1555	754	508	0	323	693	924	1185	1771	1817	2125	2171	2340	2987	2926	2833	3372	3295	2941	3064	3341	2602	2479	2710	2587	2217	2233	1817	1601	1339	908	
1586	1078	800	323	0	523	677	939	1447	1555	1878	1971	2186	2818	2787	2741	3311	3280	2956	3110	3434	2710	2618	2895	2802	2448	2510	2094	1909	1678	1185	
1139	1370	1201	693	523	0	277	508	1201	1155	1432	1478	1663	2294	2263	2217	2787	2756	2464	2648	3003	2310	2248	2587	2541	2233	2387	1986	1894	1771	1155	
1232	1632	1432	924	677	277	0	261	924	893	1201	1293	1509	2140	2140	2140	2725	2741	2479	2695	3080	2417	2387	2756	2741	2448	2618	2248	2171	2032	1432	
1247	1878	1694	1185	939	508	261	0	723	631	939	1062	1293	1909	1940	1986	2571	2618	2402	2633	3049	2433	2417	2818	2833	2571	2787	2417	2371	2263	1632	
1909	2510	2263	1771	1447	1201	924	723	0	508	785	1139	1416	1894	2094	2263	2833	2956	2864	3141	3588	3033	3064	3495	3542	3280	3511	3141	3095	2972	2356	
1540	2525	2325	1817	1555	1155	893	631	508	0	338	631	924	1432	1601	1740	2310	2448	2356	2648	3110	2602	2648	3110	3187	2956	3249	2910	2910	2849	2217	
1601	2787	2633	2125	1878	1432	1201	939	785	338	0	400	677	1108	1324	1524	2079	2248	2217	2541	3018	2571	2648	3126	3234	3049	3372	3064	3095	3080	2433	
1339	2772	2664	2171	1971	1478	1293	1062	1139	631	400	0	277	847	954	1124	1678	1848	1817	2125	2618	2202	2294	2787	2926	2772	3126	2864	2941	2956	2325	
1324	2910	2833	2340	2186	1663	1509	1293	1416	924	677	277	0	631	677	847	1401	1570	1570	1894	2387	2032	2156	2648	2818	2710	3080	2849	2956	3018	2402	
1878	3542	3465	2987	2818	2294	2140	1909	1894	1432	1108	847	631	0	446	816	1155	1463	1678	2017	2494	2325	2494	3003	3218	3157	3572	3388	3526	3619	3003	
1632	3403	3372	2926	2787	2263	2140	1940	2094	1601	1324	954	677	446	0	385	770	1031	1232	1570	2048	1909	2094	2602	2833	2802	3234	3080	3264	3388	2802	
1401	3234	3264	2833	2741	2217	2140	1986	2263	1740	1524	1124	847	816	385	0	585	723	847	1185	1678	1540	1740	2233	2464	2464	2910	2787	3003	3157	2602	
1894	3742	3788	3372	3311	2787	2725	2571	2833	2310	2079	1678	1401	1155	770	585	0	385	831	1108	1524	1663	1894	2340	2618	2710	3172	3110	3372	3572	3064	
1755	3588	3665	3295	3280	2756	2741	2618	2956	2448	2248	1848	1570	1463	1031	723	385	0	492	723	1124	1324	1555	1986	2279	2387	2864	2849	3110	3357	2895	
1370	3157	3264	2941	2956	2464	2479	2402	2864	2356	2217	1817	1570	1678	1232	847	831	492	0	338	831	816	1062	1493	1786	1894	2356	2340	2633	2879	2448	
1509	3203	3357	3064	3110	2648	2695	2633	3141	2648	2541	2125	1894	2017	1570	1185	1108	723	338	0	492	646	893	1262	1570	1740	2217	2248	2571	2849	2479	
1863	3388	3588	3341	3434	3003	3080	3049	3588	3110	3018	2618	2387	2494	2048	1678	1524	1124	831	492	0	739	924	1108	1432	1694	2140	2263	2618	2941	2664	
1185	2633	2833	2602	2710	2310	2417	2433	3033	2602	2571	2202	2032	2325	1909	1540	1663	1324	816	646	739	0	231	677	954	1078	1555	1601	1925	2217	1909	
1155	2464	2679	2479	2618	2248	2387	2417	3064	2648	2648	2294	2156	2494	2094	1740	1894	1555	1062	893	924	231	0	492	739	831	1309	1370	1694	2002	1740	
1570	2541	2818	2710	2895	2587	2756	2818	3495	3110	3126	2787	2648	3003	2602	2233	2340	1986	1493	1262	1108	677	492	0	323	631	1047	1232	1601	1955	1863	
1632	2340	2633	2587	2802	2541	2741	2833	3542	3187	3234	2926	2818	3218	2833	2464	2618	2279	1786	1570	1432	954	739	323	0	369	723	970	1339	1709	1709	
1432	1955	2263	2217	2448	2233	2448	2571	3280	2956	3049	2772	2710	3157	2802	2464	2710	2387	1894	1740	1694	1078	831	631	369	0	477	600	970	1339	1324	
1771	1801	2156	2233	2510	2387	2618	2787	3511	3249	3372	3126	3080	3572	3234	2910	3172	2864	2356	2217	2140	1555	1309	1047	723	477	0	415	723	1093	1309	
1524	1401	1740	1817	2094	1986	2248	2417	3141	2910	3064	2864	2849	3388	3080	2787	3110	2849	2340	2248	2263	1601	1370	1232	970	600	415	0	354	739	893	
1647	1093	1447	1601	1909	1894	2171	2371	3095	2910	3095	2941	2956	3526	3264	3003	3372	3110	2633	2571	2618	1925	1694	1601	1339	970	723	354	0	369	739	
1755	739	1124	1339	1678	1771	2032	2263	2972	2849	3080	2956	3018	3619	3388	3157	3572	3357	2879	2849	2941	2217	2002	1955	1709	1339	1093	739	369	0	631	
1185	708	939	908	1185	1155	1432	1632	2356	2217	2433	2325	2402	3003	2802	2602	3064	2895	2448	2479	2664	1909	1740	1863	1709	1324	1309	893	739	631	0	
Velocidade_Veiculos
1	1	1	1	1	1	1	1	1	1	1	1	