M: 8
N: 30
Nun_Veiculos: 12
Capacidade_Total: 732
Demanda_Total: 445
Setup_Min: 1
Setup_Max: 9
Raio: 20
Circulos: 1
Tempo_Processamento_Min: 1
Tempo_Processamento_Max: 49
Demanda_Min: 10
Demanda_Max: 30
Priority_Factor: 0.2
Range_Factor_R: 0.8
U_factor: 2
ALpha: 0.2Replicao: 4
Tempos_Processamentos
0	0	1	0	2	0	3	0	4	0	5	0	6	0	7	0	
0	21	1	39	2	40	3	27	4	36	5	15	6	31	7	20	
0	46	1	27	2	42	3	14	4	47	5	29	6	44	7	4	
0	37	1	4	2	3	3	46	4	9	5	13	6	29	7	11	
0	3	1	23	2	18	3	20	4	46	5	31	6	9	7	18	
0	3	1	15	2	38	3	39	4	1	5	39	6	34	7	15	
0	18	1	38	2	15	3	9	4	43	5	22	6	12	7	24	
0	4	1	27	2	20	3	33	4	36	5	17	6	49	7	27	
0	2	1	12	2	25	3	42	4	36	5	32	6	27	7	43	
0	39	1	37	2	9	3	15	4	20	5	31	6	36	7	28	
0	42	1	39	2	26	3	5	4	45	5	22	6	1	7	12	
0	3	1	10	2	10	3	40	4	22	5	38	6	10	7	39	
0	12	1	20	2	8	3	24	4	16	5	29	6	29	7	11	
0	21	1	27	2	31	3	37	4	31	5	26	6	49	7	21	
0	47	1	48	2	5	3	13	4	24	5	14	6	44	7	32	
0	42	1	11	2	7	3	42	4	36	5	32	6	11	7	37	
0	1	1	23	2	46	3	5	4	38	5	12	6	27	7	39	
0	21	1	41	2	6	3	38	4	27	5	14	6	21	7	37	
0	26	1	35	2	8	3	24	4	40	5	32	6	1	7	41	
0	8	1	36	2	14	3	22	4	14	5	4	6	8	7	2	
0	9	1	1	2	18	3	41	4	13	5	2	6	5	7	47	
0	49	1	36	2	39	3	4	4	16	5	20	6	11	7	23	
0	35	1	16	2	12	3	12	4	6	5	18	6	15	7	5	
0	17	1	27	2	28	3	8	4	15	5	7	6	33	7	38	
0	47	1	23	2	46	3	4	4	22	5	7	6	27	7	19	
0	43	1	48	2	18	3	24	4	49	5	6	6	43	7	26	
0	31	1	35	2	12	3	33	4	3	5	16	6	47	7	35	
0	25	1	12	2	22	3	31	4	46	5	11	6	5	7	28	
0	39	1	16	2	21	3	49	4	41	5	37	6	49	7	22	
0	10	1	6	2	26	3	6	4	38	5	14	6	32	7	41	
0	32	1	40	2	13	3	24	4	25	5	9	6	9	7	18	

Tempos_setup
M0
0	0	0	0	0	0	0	0	0	0	0	0	0	0	0	0	0	0	0	0	0	0	0	0	0	0	0	0	0	0	0	
0	0	3	4	3	3	4	2	3	3	2	3	3	3	2	3	4	3	2	4	3	3	4	3	3	2	2	2	3	4	3	
0	3	0	3	1	3	2	4	2	2	2	4	3	2	4	4	2	2	3	4	3	2	2	3	2	4	3	3	3	3	3	
0	3	3	0	3	4	3	3	1	2	3	3	4	3	4	4	2	3	3	4	2	3	5	3	4	2	4	4	2	3	2	
0	3	3	3	0	4	2	3	1	2	4	3	4	2	3	4	3	1	3	3	4	1	3	3	1	3	2	3	2	2	2	
0	3	2	4	2	0	2	1	2	2	3	3	4	1	3	2	2	3	1	3	3	2	4	2	3	4	4	2	3	3	1	
0	2	4	3	2	5	0	4	3	4	3	4	3	3	4	3	3	3	4	4	4	3	5	1	3	3	3	4	3	4	4	
0	2	3	4	1	3	3	0	2	1	3	3	4	3	4	1	2	2	3	4	3	2	4	1	2	3	3	4	2	3	3	
0	2	2	5	3	3	2	2	0	1	4	2	4	2	3	3	4	4	3	3	4	2	4	2	4	4	4	3	1	2	1	
0	4	2	5	2	3	3	4	3	0	4	2	4	3	4	3	3	3	2	3	4	2	4	4	3	4	4	4	4	4	2	
0	3	3	3	1	2	2	3	2	3	0	4	1	1	4	3	4	1	3	4	3	2	3	3	2	2	3	2	3	2	3	
0	2	1	4	2	4	3	2	3	3	3	0	2	3	3	3	3	3	4	1	4	2	3	3	3	4	4	4	4	3	2	
0	2	3	3	3	5	1	2	3	3	4	3	0	3	4	3	4	2	3	4	5	2	4	2	4	4	3	4	2	3	2	
0	3	2	4	2	2	3	3	3	4	3	4	4	0	3	3	3	3	2	4	2	1	3	2	3	3	4	1	4	3	2	
0	3	1	4	2	4	2	2	3	3	2	1	2	2	0	3	3	3	3	2	4	1	3	3	3	3	3	3	4	4	2	
0	3	3	4	2	2	3	1	1	2	2	3	3	3	4	0	1	3	2	4	2	3	5	2	3	2	3	4	2	3	2	
0	2	2	3	2	2	3	2	3	1	1	2	2	2	4	2	0	2	1	3	1	2	4	3	3	3	2	3	1	3	3	
0	4	3	5	3	5	3	4	2	3	5	4	5	4	4	3	4	0	4	4	3	4	2	3	4	3	3	3	3	1	2	
0	4	3	3	3	3	4	2	2	3	3	2	4	1	4	1	2	4	0	3	3	2	4	3	4	3	4	2	3	4	3	
0	3	2	3	2	4	2	1	2	2	4	3	1	2	2	2	3	2	3	0	4	1	2	2	2	3	3	3	3	2	1	
0	3	3	2	4	6	2	3	3	4	5	3	5	4	3	4	4	1	3	4	0	3	3	3	5	4	4	4	2	2	3	
0	4	2	3	3	3	2	4	2	3	4	3	4	1	2	3	4	4	2	3	3	0	4	3	4	2	5	2	3	4	1	
0	2	2	3	2	4	2	3	2	2	3	2	4	3	2	3	3	3	2	3	3	3	0	1	2	3	1	2	2	1	1	
0	1	3	3	1	4	3	3	2	3	2	3	3	2	3	4	2	2	3	3	3	2	4	0	2	2	2	3	2	3	3	
0	2	3	2	3	4	1	3	3	1	4	2	4	4	4	3	4	3	3	3	3	3	5	2	0	4	1	2	2	3	2	
0	3	3	4	1	4	3	3	2	3	4	4	3	2	4	4	4	2	3	2	3	2	4	2	2	0	3	2	3	3	2	
0	1	2	2	3	4	2	2	2	2	3	1	3	3	3	3	4	2	3	2	3	2	4	3	1	3	0	3	1	3	1	
0	4	4	3	3	4	3	3	3	3	2	3	3	2	4	2	2	2	1	4	1	3	4	4	2	4	3	0	3	3	3	
0	1	1	4	2	4	3	1	3	2	3	1	3	2	3	2	3	3	3	2	4	1	3	2	3	3	3	3	0	4	2	
0	3	3	5	3	4	3	3	1	2	4	3	4	3	4	2	3	4	3	4	3	3	2	2	4	4	3	2	2	0	2	
0	3	1	4	2	3	1	3	1	2	3	2	3	3	2	3	3	3	2	2	4	3	3	2	3	4	4	4	2	3	0	
M1
0	0	0	0	0	0	0	0	0	0	0	0	0	0	0	0	0	0	0	0	0	0	0	0	0	0	0	0	0	0	0	
0	0	1	4	3	3	2	3	3	3	3	4	2	4	3	2	2	1	1	3	2	3	2	3	3	2	2	2	4	2	2	
0	3	0	3	2	2	1	3	4	2	2	4	1	3	2	3	1	2	2	3	1	2	3	3	2	2	1	3	3	3	1	
0	2	3	0	1	2	4	3	3	2	3	3	1	2	3	2	2	1	3	3	2	4	3	3	3	2	2	2	3	2	3	
0	3	3	4	0	1	3	3	4	2	2	2	1	1	2	3	1	3	2	3	3	4	2	3	2	2	2	1	3	1	3	
0	3	3	4	4	0	3	3	5	2	3	4	4	3	3	3	3	3	1	5	3	4	2	4	4	4	3	3	3	2	4	
0	3	1	2	3	2	0	2	3	1	3	3	2	3	2	3	2	2	2	2	1	1	3	3	2	3	1	2	2	2	1	
0	1	2	4	4	3	3	0	4	2	3	3	3	3	4	3	2	2	2	3	3	4	3	4	3	3	3	3	3	1	3	
0	3	3	4	4	3	4	3	0	3	1	3	4	2	2	2	2	2	3	4	3	4	3	3	2	1	3	2	2	2	2	
0	2	3	3	4	3	3	1	5	0	2	4	4	3	2	3	3	3	1	4	3	4	2	2	4	4	2	1	1	2	4	
0	2	3	4	3	2	3	2	4	2	0	2	3	1	2	2	1	1	2	3	2	4	2	3	2	2	2	2	1	2	3	
0	2	3	2	1	2	3	1	4	2	2	0	2	2	3	1	1	3	1	3	3	3	2	2	1	2	3	2	3	1	3	
0	3	2	3	3	2	3	2	4	1	3	4	0	3	2	2	3	2	2	2	2	4	3	2	3	1	1	2	2	2	2	
0	3	2	3	2	3	3	2	5	3	2	1	3	0	2	2	2	3	1	4	3	4	2	3	2	1	3	1	3	2	2	
0	2	1	4	3	3	2	1	4	3	1	2	2	1	0	2	2	2	2	4	1	3	1	3	3	2	2	2	2	2	2	
0	2	3	2	3	2	3	3	3	2	3	3	3	2	4	0	3	3	3	2	4	2	2	1	2	3	4	3	3	2	4	
0	3	4	3	3	1	3	2	4	1	1	3	4	2	3	3	0	2	1	4	3	4	2	2	1	2	3	2	2	2	3	
0	1	2	3	3	2	3	3	4	3	2	4	2	3	2	1	3	0	2	2	1	3	3	2	3	1	1	1	3	2	2	
0	2	3	3	3	3	2	2	5	2	2	3	3	3	4	2	2	3	0	4	2	3	1	3	3	4	3	3	3	1	3	
0	3	3	3	3	3	4	2	2	3	3	2	2	4	3	3	2	4	2	0	4	3	3	2	1	2	3	2	4	1	3	
0	3	3	3	4	3	2	3	3	2	4	5	1	4	3	3	4	3	3	3	0	3	4	2	4	2	2	3	3	3	3	
0	2	3	1	2	3	4	1	2	3	3	2	2	3	4	2	3	2	3	1	2	0	4	3	2	3	2	3	4	2	4	
0	1	2	3	2	3	1	3	4	2	1	3	3	2	3	1	2	2	2	3	2	2	0	2	3	3	2	2	2	1	2	
0	1	2	1	2	3	3	3	4	3	3	3	2	3	4	1	2	2	2	3	3	3	3	0	3	3	3	3	4	1	3	
0	3	3	3	3	4	4	3	5	4	2	4	4	3	2	3	3	3	2	4	3	5	3	2	0	1	4	1	3	2	2	
0	3	2	5	3	3	3	2	4	3	2	3	3	2	1	3	2	3	3	3	2	4	2	4	3	0	3	2	3	1	1	
0	2	1	2	3	1	2	4	4	3	3	4	2	3	3	2	2	1	2	3	2	3	3	3	2	2	0	2	4	3	2	
0	3	4	5	4	3	4	3	5	3	1	3	4	2	3	3	2	2	3	4	3	5	3	4	3	3	3	0	2	3	4	
0	2	2	4	3	2	2	1	5	3	2	3	3	2	1	2	3	3	3	4	2	3	1	3	4	3	3	3	0	2	3	
0	4	2	4	3	2	3	3	5	2	2	2	3	3	4	3	1	3	2	4	3	3	3	3	2	3	3	2	3	0	3	
0	3	2	4	3	3	3	2	4	3	2	3	2	2	1	3	3	3	3	2	2	4	2	4	3	3	2	3	3	3	0	
M2
0	0	0	0	0	0	0	0	0	0	0	0	0	0	0	0	0	0	0	0	0	0	0	0	0	0	0	0	0	0	0	
0	0	2	3	2	2	3	2	2	3	3	2	2	4	1	3	2	1	2	2	3	1	2	3	2	3	2	3	3	1	3	
0	2	0	1	3	2	2	3	3	2	2	2	3	2	2	2	2	2	2	1	1	2	3	1	1	2	2	2	2	2	1	
0	3	1	0	2	2	3	3	2	2	1	2	3	1	2	2	3	2	3	1	2	1	3	2	2	2	2	3	3	3	2	
0	3	4	3	0	3	3	2	3	2	3	3	2	3	2	1	2	2	3	3	2	2	1	2	4	1	2	3	3	2	2	
0	3	2	3	3	0	2	2	4	2	3	2	2	3	2	3	2	1	3	2	3	3	2	3	3	2	2	1	3	1	2	
0	3	1	2	3	1	0	3	2	3	3	2	2	1	1	1	3	2	2	2	2	3	2	2	2	3	3	2	1	2	2	
0	1	3	4	3	1	3	0	3	3	1	2	2	4	2	2	3	1	2	2	2	2	3	3	3	2	2	2	3	2	3	
0	2	4	3	3	2	4	1	0	2	1	3	3	4	3	2	2	2	2	3	3	2	3	1	4	3	2	3	2	2	3	
0	2	3	2	2	2	3	1	4	0	2	3	3	3	1	3	1	2	2	3	3	3	2	4	2	3	2	2	4	3	2	
0	3	4	3	2	4	3	3	4	2	0	4	2	3	2	1	2	4	3	3	2	4	3	3	4	3	1	3	4	4	2	
0	3	3	2	3	2	2	2	3	2	2	0	1	3	2	3	3	2	2	2	3	3	3	2	1	2	2	1	2	3	2	
0	3	2	3	3	2	1	2	3	1	3	2	0	2	2	2	2	2	2	1	3	2	3	1	3	2	2	2	2	2	1	
0	2	3	4	3	1	3	2	3	3	3	2	2	0	3	3	3	1	3	2	2	2	2	3	3	3	2	2	3	2	2	
0	4	4	4	2	2	4	3	4	3	3	3	3	4	0	3	3	2	1	2	4	3	3	4	4	2	2	3	4	3	2	
0	2	3	4	3	3	2	3	3	2	3	3	1	2	1	0	3	3	2	2	1	3	3	2	3	2	2	2	3	3	1	
0	3	2	1	2	3	2	2	3	3	1	2	3	2	2	2	0	3	3	2	2	2	2	3	3	2	2	1	3	4	3	
0	2	3	3	2	2	2	1	3	2	2	1	1	3	3	2	2	0	3	1	3	2	3	2	2	2	1	2	2	3	2	
0	3	4	3	3	3	3	2	3	3	3	3	2	3	3	3	4	2	0	3	3	2	4	3	4	1	3	2	4	4	2	
0	3	4	3	3	2	3	2	2	1	3	1	2	3	2	3	2	1	2	0	3	2	3	3	2	1	2	2	3	3	2	
0	1	3	3	2	3	2	2	3	3	2	3	2	3	1	2	2	2	2	3	0	2	2	3	2	2	1	1	3	2	3	
0	3	2	3	1	2	4	2	1	3	2	4	3	4	3	2	3	3	3	3	3	0	2	2	3	2	3	3	3	3	3	
0	4	4	3	2	4	3	3	3	3	2	3	3	3	3	2	2	2	4	2	3	2	0	4	4	2	1	2	4	4	3	
0	3	3	2	2	1	3	2	2	1	2	2	3	3	2	3	1	2	1	3	3	1	2	0	3	2	3	2	1	1	3	
0	2	2	3	2	2	1	2	3	3	2	2	2	2	2	2	2	1	3	2	3	2	3	3	0	1	1	3	2	3	2	
0	2	3	2	2	2	3	1	2	2	2	2	2	2	2	2	3	1	3	2	2	1	3	3	3	0	2	2	3	3	1	
0	3	3	2	1	3	3	3	3	3	1	3	2	2	2	1	1	3	3	3	2	3	2	3	4	2	0	2	3	3	2	
0	2	2	3	2	2	1	1	3	3	2	3	3	2	1	2	2	2	2	3	3	2	3	2	3	1	1	0	2	3	2	
0	3	4	3	3	3	3	2	1	3	2	1	2	2	3	3	3	3	3	3	4	3	1	2	2	3	2	2	0	3	3	
0	3	3	2	3	1	3	2	4	3	2	3	3	3	3	3	1	2	4	3	3	3	1	3	4	2	2	2	4	0	3	
0	3	3	4	3	3	2	2	4	3	3	3	2	3	1	1	3	3	2	3	2	3	4	3	3	2	2	1	3	4	0	
M3
0	0	0	0	0	0	0	0	0	0	0	0	0	0	0	0	0	0	0	0	0	0	0	0	0	0	0	0	0	0	0	
0	0	3	2	3	2	3	1	1	2	4	4	2	4	3	3	3	1	2	3	3	2	2	2	3	4	1	2	2	2	1	
0	3	0	4	3	2	2	3	2	2	1	3	1	3	2	3	2	4	1	3	2	3	2	2	2	4	3	2	1	3	2	
0	3	1	0	3	2	2	3	3	1	2	4	2	2	1	2	3	4	2	4	3	4	3	2	2	4	3	3	2	4	3	
0	3	3	2	0	2	3	4	3	2	4	2	3	3	3	3	2	2	3	4	1	3	3	3	3	2	4	2	2	3	3	
0	4	2	3	3	0	4	4	4	4	3	3	3	3	3	3	3	4	3	3	2	3	2	3	2	4	3	2	1	4	3	
0	2	2	4	3	1	0	3	3	3	3	3	1	2	4	1	4	3	3	3	3	3	2	3	3	3	3	2	2	4	3	
0	5	3	2	2	3	4	0	4	3	4	4	1	3	3	2	4	2	3	2	3	3	1	2	3	3	3	2	2	1	2	
0	3	3	4	3	2	4	3	0	3	4	3	3	4	4	3	2	4	3	3	2	3	2	2	4	4	4	3	1	4	4	
0	2	2	4	4	2	1	2	2	0	3	4	2	2	1	1	4	3	3	3	3	4	2	3	4	3	3	3	2	3	3	
0	3	3	3	2	2	3	3	2	3	0	4	1	2	2	2	4	4	1	3	2	3	2	2	1	4	2	2	2	2	1	
0	4	2	3	4	3	3	2	2	3	2	0	3	1	3	2	3	4	2	3	1	4	2	1	3	3	4	3	2	3	3	
0	4	4	3	3	3	3	3	4	2	4	3	0	3	3	2	4	3	3	2	3	2	1	2	2	3	3	1	3	3	2	
0	4	4	3	3	3	4	3	3	3	1	3	2	0	3	2	3	4	2	2	1	3	1	2	2	3	3	2	2	3	2	
0	5	3	4	4	4	5	4	4	4	2	4	3	1	0	3	4	5	3	3	2	4	2	3	3	4	4	3	3	4	3	
0	4	3	4	4	1	3	2	4	3	2	3	1	1	4	0	3	4	3	3	2	3	2	3	3	2	4	2	1	3	3	
0	1	4	3	4	3	3	2	2	3	5	4	1	4	4	3	0	2	3	3	3	3	2	3	3	4	2	2	3	3	2	
0	3	2	1	3	3	3	3	3	2	3	4	3	3	2	2	3	0	3	2	3	5	1	2	3	3	4	4	3	3	3	
0	3	3	3	2	2	4	3	1	3	3	4	4	2	1	3	3	3	0	4	2	4	3	2	1	4	2	4	2	2	3	
0	3	2	2	2	3	2	3	3	3	3	2	2	3	3	2	4	2	2	0	3	3	1	2	3	1	3	2	3	1	2	
0	3	3	2	3	2	3	4	4	2	3	2	3	3	3	3	2	4	3	3	0	3	2	3	4	2	4	3	1	2	3	
0	4	3	2	2	3	4	4	4	3	3	4	2	2	3	2	3	1	4	3	3	0	2	3	4	4	3	3	3	1	2	
0	4	3	2	2	2	3	2	3	3	3	3	2	2	3	1	3	3	2	1	2	4	0	1	3	2	3	3	2	2	2	
0	3	4	3	3	2	4	1	2	3	3	3	2	2	2	1	2	3	1	3	1	4	2	0	2	3	3	3	2	2	3	
0	4	2	2	1	1	3	2	3	2	2	3	3	1	1	2	3	3	2	3	1	3	2	1	0	3	1	3	1	2	3	
0	2	3	3	3	2	1	3	2	4	3	1	2	2	2	2	4	2	1	4	2	3	3	2	2	0	3	2	3	3	2	
0	3	3	3	3	1	2	2	3	1	4	4	2	3	2	2	3	4	2	2	2	3	1	1	3	3	0	2	2	3	2	
0	3	3	3	2	2	4	3	4	3	3	2	2	2	2	1	4	2	3	3	2	1	2	2	1	3	2	0	2	2	1	
0	3	2	3	3	1	4	3	4	3	3	2	3	3	4	2	2	3	3	2	1	2	1	2	3	3	4	2	0	3	3	
0	4	2	1	1	3	3	4	4	2	3	3	3	3	2	2	3	3	3	3	2	4	2	3	3	3	2	3	3	0	1	
0	5	3	2	2	3	4	3	4	3	4	4	3	3	3	2	4	4	3	2	3	5	1	2	4	3	3	4	3	1	0	
M4
0	0	0	0	0	0	0	0	0	0	0	0	0	0	0	0	0	0	0	0	0	0	0	0	0	0	0	0	0	0	0	
0	0	2	3	2	2	3	2	2	2	3	1	1	2	3	3	3	3	4	3	2	4	3	2	2	1	3	3	1	1	2	
0	2	0	2	2	3	3	3	1	1	2	2	2	3	3	1	3	2	4	4	1	2	1	2	2	2	3	2	1	2	2	
0	3	2	0	3	1	3	2	2	2	3	2	1	2	1	3	2	2	2	3	3	3	3	2	3	1	2	1	3	3	2	
0	3	2	2	0	3	2	4	1	1	1	1	3	3	3	3	3	2	4	4	3	3	3	2	2	3	3	3	2	2	2	
0	3	3	2	2	0	2	2	1	1	3	2	3	3	3	2	3	1	2	3	3	3	3	1	3	3	1	2	2	3	2	
0	2	2	2	4	3	0	3	3	2	3	3	2	3	1	3	3	2	2	2	3	3	1	4	2	2	3	2	3	3	2	
0	1	2	2	2	3	2	0	2	2	2	2	2	2	3	3	2	2	2	1	3	3	1	1	2	2	2	1	2	2	2	
0	3	3	3	2	2	2	4	0	2	3	2	4	3	3	3	3	1	4	3	2	3	3	1	3	3	3	2	2	3	1	
0	3	3	1	2	2	3	3	3	0	3	2	2	2	2	2	3	3	3	4	2	2	2	3	3	2	3	2	1	2	1	
0	2	2	3	3	2	2	3	3	3	0	3	3	2	2	3	2	1	3	3	3	3	2	2	1	3	3	3	2	1	2	
0	2	1	3	3	4	3	4	2	2	3	0	3	4	4	2	2	3	3	4	2	3	2	2	1	3	4	3	2	3	2	
0	2	3	3	2	4	3	1	3	3	3	3	0	3	2	2	3	3	3	2	2	4	2	2	3	3	3	2	2	3	3	
0	3	2	3	2	3	2	3	3	2	3	3	4	0	3	3	3	2	3	3	3	2	3	1	4	2	2	2	2	3	3	
0	3	1	3	3	4	3	3	2	2	2	3	3	2	0	2	2	3	1	4	2	2	2	3	3	3	2	1	2	3	3	
0	3	3	3	1	3	3	3	2	2	1	2	4	3	3	0	3	2	3	4	4	4	3	3	2	3	2	2	3	2	3	
0	2	2	3	2	3	3	4	1	2	2	2	3	4	3	3	0	2	2	3	1	3	3	2	3	1	3	3	3	3	2	
0	3	3	3	3	1	1	3	2	2	3	3	3	4	2	3	2	0	3	3	2	3	2	2	3	2	2	3	3	4	1	
0	2	4	4	2	3	2	3	1	3	2	3	3	3	3	1	4	2	0	4	2	1	3	2	3	3	3	3	3	2	2	
0	3	2	3	2	3	3	2	2	2	1	2	1	2	3	2	2	2	1	0	3	2	3	3	2	3	1	1	1	2	2	
0	1	3	2	1	2	2	3	2	1	1	2	2	3	3	3	3	1	3	4	0	3	3	3	2	2	2	3	2	2	2	
0	3	3	3	2	2	1	4	2	3	2	3	3	3	2	4	3	1	3	3	2	0	2	1	3	3	3	2	2	3	1	
0	1	2	1	3	2	2	2	2	1	3	2	1	2	2	3	2	1	3	3	2	3	0	3	1	1	3	1	2	2	1	
0	2	2	3	1	2	1	3	2	2	2	2	3	2	2	3	2	1	3	2	3	4	2	0	3	3	2	1	1	2	2	
0	1	1	2	2	3	3	3	2	2	2	2	2	3	3	2	1	2	3	4	2	2	1	3	0	2	3	2	1	2	2	
0	3	2	2	3	3	3	3	1	3	3	1	3	3	3	3	3	2	3	2	2	4	3	2	2	0	3	3	3	2	1	
0	2	3	3	3	4	3	1	2	3	3	3	3	3	4	2	3	3	1	2	3	2	2	2	3	2	0	2	3	3	3	
0	3	1	3	3	3	3	4	1	2	3	2	3	1	4	2	1	2	3	3	2	3	2	2	3	2	3	0	2	3	2	
0	3	2	2	1	2	2	3	2	1	2	1	3	2	3	3	3	3	4	3	3	3	3	2	2	3	3	3	0	1	2	
0	3	3	3	2	1	2	2	2	2	3	3	3	1	2	3	3	2	3	2	4	3	3	1	4	3	2	2	2	0	3	
0	2	4	3	2	3	3	3	3	2	2	3	3	4	4	4	4	2	3	4	1	4	4	4	3	3	2	4	3	3	0	
M5
0	0	0	0	0	0	0	0	0	0	0	0	0	0	0	0	0	0	0	0	0	0	0	0	0	0	0	0	0	0	0	
0	0	2	3	2	1	3	2	3	3	2	1	1	2	3	1	3	2	3	2	3	3	2	3	2	2	2	3	2	3	3	
0	3	0	3	2	2	5	2	2	2	2	1	3	3	2	2	2	3	1	2	2	3	2	4	3	2	3	1	2	2	3	
0	3	4	0	2	2	5	2	1	2	2	1	2	2	1	2	2	2	3	3	2	1	3	3	2	2	4	2	1	2	3	
0	3	3	2	0	2	4	1	2	1	2	3	2	2	1	3	2	1	2	3	1	2	1	3	2	2	2	2	1	3	2	
0	4	4	2	2	0	3	3	3	2	1	3	4	3	2	2	2	3	3	3	2	3	3	2	1	1	4	3	3	2	4	
0	1	2	2	2	2	0	3	2	2	3	2	2	2	2	2	2	3	2	1	3	2	3	2	1	3	3	3	3	2	2	
0	2	2	2	3	1	4	0	3	3	1	3	2	2	2	2	2	3	1	3	2	1	3	3	2	2	4	2	1	3	3	
0	4	3	2	3	2	4	3	0	1	1	3	1	1	2	2	3	2	3	3	2	1	2	3	2	3	3	3	2	3	3	
0	3	2	2	3	3	3	3	3	0	4	3	3	2	1	3	3	3	2	3	1	2	4	3	2	2	4	3	2	2	4	
0	4	3	1	2	2	5	3	2	2	0	2	3	3	2	2	3	2	3	3	1	2	3	2	1	3	4	3	2	2	4	
0	2	3	3	1	1	4	1	2	2	2	0	3	3	2	1	3	2	2	2	2	2	2	3	2	2	3	3	2	3	3	
0	4	3	3	3	3	5	2	3	3	3	4	0	2	3	3	2	3	2	3	3	3	1	5	4	2	2	2	1	3	2	
0	3	3	3	2	4	4	3	2	1	2	4	1	0	2	1	2	1	3	2	2	3	2	3	3	3	3	2	2	3	3	
0	4	3	1	2	2	4	2	2	1	3	2	3	3	0	2	2	2	3	3	2	1	3	2	1	1	3	3	2	2	4	
0	2	2	3	1	3	5	2	3	2	2	3	3	2	2	0	3	2	3	1	2	3	2	4	3	3	3	2	2	3	3	
0	3	2	3	2	3	5	2	4	2	3	3	4	3	2	2	0	3	2	3	3	3	2	4	3	2	3	1	3	2	3	
0	4	3	3	1	3	4	2	3	1	3	4	3	3	2	3	1	0	3	3	2	3	2	2	2	3	2	2	2	2	2	
0	4	1	4	3	3	4	3	3	3	3	2	3	2	3	3	2	3	0	3	1	4	3	4	3	3	3	2	2	3	4	
0	2	3	3	1	3	4	2	3	1	3	3	2	1	2	2	2	2	2	0	2	3	2	4	3	3	3	3	2	3	3	
0	3	2	3	3	3	4	4	2	2	3	3	2	2	3	3	2	3	3	3	0	3	3	3	2	3	3	2	1	3	3	
0	3	3	2	3	3	5	2	3	3	3	3	3	3	3	4	3	4	3	3	1	0	4	2	3	3	4	3	2	4	4	
0	3	2	2	3	2	4	1	2	3	2	3	3	2	2	3	3	3	1	2	2	2	0	4	3	3	1	3	2	2	1	
0	4	2	3	2	4	5	3	3	3	3	3	4	3	2	3	1	3	1	3	2	3	3	0	3	1	2	2	3	3	3	
0	3	3	1	2	1	4	2	2	1	2	2	3	2	1	1	2	3	2	2	2	2	3	1	0	2	3	2	2	1	4	
0	4	3	2	1	3	5	2	3	2	2	3	3	3	1	3	1	2	3	4	2	2	2	3	2	0	3	2	2	3	3	
0	3	3	2	2	3	3	2	1	2	1	3	2	2	1	3	3	3	3	1	2	2	3	3	2	2	0	4	3	3	4	
0	4	2	2	1	3	4	2	3	1	3	3	3	2	1	3	1	2	1	2	2	2	1	3	2	1	2	0	2	1	2	
0	4	3	3	2	4	5	3	2	2	3	4	1	1	2	2	1	2	2	2	3	3	2	4	3	2	3	1	0	2	2	
0	3	3	3	2	4	5	3	3	2	2	4	2	1	2	2	2	2	2	1	2	3	2	4	3	2	3	1	3	0	3	
0	4	1	1	3	3	5	3	2	3	3	2	3	3	2	3	3	3	2	3	3	2	3	4	3	3	4	2	2	3	0	
M6
0	0	0	0	0	0	0	0	0	0	0	0	0	0	0	0	0	0	0	0	0	0	0	0	0	0	0	0	0	0	0	
0	0	4	4	4	3	3	3	1	3	2	2	4	3	3	4	3	4	2	2	2	3	4	4	3	3	5	4	3	3	5	
0	3	0	2	4	2	1	3	3	2	2	3	2	3	2	3	2	3	1	3	3	2	2	3	3	2	3	2	1	1	3	
0	3	3	0	3	2	3	2	1	3	3	2	4	3	3	3	2	2	2	2	3	3	4	1	1	3	4	3	2	3	3	
0	4	1	2	0	3	2	4	2	3	2	3	2	1	1	2	3	1	2	2	3	2	2	3	2	3	3	2	2	2	3	
0	1	3	2	4	0	3	3	2	2	3	2	2	3	2	4	3	2	2	3	3	3	4	3	3	3	4	1	4	1	4	
0	3	1	3	4	2	0	3	3	2	2	2	3	3	3	3	2	2	2	3	3	2	3	4	3	3	3	1	1	2	2	
0	3	1	3	2	2	2	0	3	2	1	3	3	2	3	4	3	3	2	4	3	3	2	3	3	3	4	3	2	2	2	
0	2	3	3	3	2	3	4	0	3	3	1	4	2	2	3	2	3	1	1	2	2	4	4	2	2	4	3	2	3	4	
0	2	4	3	3	2	3	3	2	0	1	1	3	2	3	3	2	3	2	2	1	2	2	2	3	2	4	3	3	2	3	
0	2	4	2	4	1	4	4	3	2	0	3	3	3	2	5	4	3	3	4	2	3	4	3	3	2	4	2	3	2	4	
0	1	3	3	2	2	3	4	1	3	3	0	4	2	3	2	1	2	2	1	2	3	4	4	3	3	3	3	2	3	4	
0	3	3	3	4	2	2	2	3	4	3	2	0	2	4	4	3	2	2	3	4	3	4	1	1	3	4	3	3	3	3	
0	3	2	4	4	2	1	4	1	3	2	2	2	0	3	4	3	3	2	2	3	3	4	3	1	3	4	2	2	3	3	
0	3	3	2	4	3	2	3	3	2	2	3	3	3	0	3	2	1	4	4	3	2	4	3	3	3	2	3	3	3	2	
0	2	3	1	3	3	2	3	2	3	3	3	3	1	1	0	3	2	3	3	3	3	5	2	2	4	1	3	3	3	3	
0	1	3	2	2	2	3	4	2	2	2	3	3	2	2	1	0	3	3	3	3	3	4	3	3	4	2	3	1	2	4	
0	3	2	1	3	2	1	3	2	3	1	3	2	4	2	4	3	0	3	3	3	1	4	2	2	3	3	2	2	2	3	
0	2	3	2	4	1	3	4	3	3	3	3	3	4	3	3	3	3	0	2	3	4	3	3	3	1	4	2	2	2	3	
0	2	4	2	3	1	3	4	3	2	3	3	3	2	3	2	1	3	3	0	1	2	3	3	3	2	3	2	2	2	5	
0	3	3	2	3	3	2	3	2	1	2	2	2	1	2	3	2	3	3	3	0	1	2	3	2	1	3	3	2	1	4	
0	4	3	2	2	4	3	2	2	4	3	3	2	3	2	3	3	3	3	3	3	0	4	3	3	4	2	4	4	1	4	
0	3	2	3	4	3	1	2	2	3	3	2	3	1	4	4	3	2	3	3	4	3	0	1	2	4	4	2	2	3	3	
0	4	2	2	3	3	2	1	3	3	2	3	3	3	3	5	4	1	3	4	4	2	3	0	3	3	4	2	3	3	3	
0	2	3	3	4	1	2	4	3	3	4	3	3	4	3	5	4	3	3	3	4	3	5	4	0	4	3	2	3	2	4	
0	3	3	1	3	2	2	3	2	2	2	3	4	3	4	3	2	3	3	2	3	3	2	2	2	0	3	3	1	3	4	
0	4	4	3	5	3	4	3	3	3	3	4	2	3	3	3	3	3	4	4	2	3	4	2	3	3	0	4	4	2	4	
0	2	2	4	3	3	3	4	2	1	2	1	4	2	2	3	2	3	3	2	2	3	3	3	3	3	4	0	3	3	4	
0	2	4	3	3	1	4	4	3	1	1	2	3	3	3	2	1	3	2	3	2	2	3	3	4	3	2	2	0	2	3	
0	4	2	1	4	3	3	2	2	3	2	3	1	3	1	4	3	2	3	3	4	3	4	2	2	3	3	4	3	0	3	
0	3	2	2	3	2	2	1	2	3	2	3	3	1	3	4	3	1	2	3	4	2	3	3	1	3	4	3	3	3	0	
M7
0	0	0	0	0	0	0	0	0	0	0	0	0	0	0	0	0	0	0	0	0	0	0	0	0	0	0	0	0	0	0	
0	0	2	3	3	2	2	2	2	2	2	4	3	3	1	4	2	2	2	2	3	1	3	3	2	1	3	3	1	3	2	
0	3	0	3	3	3	3	2	3	2	4	4	4	3	4	3	2	3	2	3	3	1	3	3	2	3	3	3	3	4	2	
0	1	1	0	2	2	2	2	1	1	3	3	2	3	2	4	2	3	1	2	1	2	2	2	2	2	2	2	2	3	3	
0	3	3	2	0	2	3	3	3	1	1	2	2	3	3	3	2	3	2	3	2	3	3	3	3	3	2	2	3	3	2	
0	2	2	2	2	0	2	3	2	2	3	2	2	2	2	5	2	3	1	3	1	2	1	2	1	3	3	3	3	1	3	
0	2	2	3	3	3	0	2	2	3	3	2	4	3	3	3	2	2	2	3	3	1	2	3	2	1	4	1	3	2	3	
0	2	2	2	1	3	4	0	2	2	2	2	3	2	3	4	3	1	3	3	2	3	2	1	1	3	3	3	3	3	3	
0	3	3	2	2	2	3	1	0	3	3	3	2	3	3	5	2	2	3	1	1	2	2	2	2	3	4	3	2	3	3	
0	2	2	2	3	2	2	2	3	0	2	2	2	3	3	3	1	2	1	2	1	2	2	2	3	2	1	1	3	2	2	
0	2	2	1	3	1	2	3	2	2	0	3	3	2	3	2	3	3	2	3	2	3	2	3	2	3	3	2	2	2	3	
0	2	2	3	2	2	2	1	1	2	2	0	3	3	1	4	3	2	1	2	2	3	2	2	2	3	3	3	2	3	2	
0	2	3	2	3	2	1	2	2	2	1	1	0	3	1	3	2	2	2	2	3	2	3	3	3	2	3	2	2	3	2	
0	2	2	3	3	3	3	3	2	3	3	2	2	0	3	5	4	1	3	3	3	3	4	3	2	3	4	4	3	4	4	
0	1	2	2	3	2	1	3	2	1	1	3	3	3	0	3	2	1	2	2	2	2	3	3	2	2	2	2	1	3	1	
0	3	3	3	2	3	4	1	1	3	3	3	3	3	4	0	3	2	3	2	2	3	2	2	2	4	4	3	3	3	2	
0	2	2	2	3	2	2	2	2	2	3	2	2	2	3	3	0	3	1	3	1	2	2	1	2	1	3	3	2	3	2	
0	1	1	3	2	3	3	2	1	3	3	3	3	2	2	4	3	0	3	2	2	2	3	2	1	2	3	4	2	4	3	
0	2	1	3	2	1	1	3	3	1	3	2	3	2	2	4	2	3	0	3	2	2	1	1	2	2	2	2	3	2	3	
0	2	4	3	3	2	3	2	3	3	4	2	3	3	3	5	2	3	3	0	2	1	3	1	2	3	4	4	3	2	3	
0	2	2	1	3	3	2	2	2	2	2	2	1	3	2	4	1	3	2	3	0	1	1	2	3	2	3	2	3	2	3	
0	2	3	3	2	3	2	1	3	3	3	3	3	2	3	4	1	2	2	3	2	0	2	2	2	2	4	3	3	3	2	
0	3	3	2	3	3	3	2	2	3	3	1	4	4	2	5	3	3	2	3	3	2	0	2	3	3	4	4	3	1	3	
0	1	3	2	3	3	3	2	2	2	3	1	2	3	2	4	2	2	2	3	1	2	2	0	2	2	3	3	2	2	3	
0	1	3	3	1	2	3	2	1	2	2	2	2	1	2	4	2	2	2	2	2	2	3	1	0	2	3	3	2	3	3	
0	2	1	2	2	2	2	1	2	2	3	3	3	2	3	4	3	2	1	3	3	2	2	2	1	0	3	3	3	3	3	
0	1	2	2	2	2	3	1	3	2	1	2	4	2	2	3	3	2	2	1	3	2	1	2	2	1	0	3	2	2	2	
0	2	2	3	3	2	2	2	2	2	2	1	3	3	2	2	2	1	1	2	3	2	2	2	2	3	3	0	3	1	3	
0	3	3	2	2	1	3	2	1	2	3	3	3	3	3	3	2	3	2	2	2	3	2	3	2	3	3	3	0	2	1	
0	3	3	4	3	3	3	2	2	3	3	1	4	3	2	5	2	3	2	3	3	1	3	3	2	3	4	3	3	0	3	
0	2	3	2	2	3	3	3	2	3	3	3	2	2	2	2	2	3	3	1	1	2	2	2	1	3	2	2	3	3	0	
Tamanho_Tarefas
0	20	17	11	12	5	21	20	3	25	17	19	9	30	6	9	9	14	2	6	2	17	13	9	23	31	20	17	31	10	17	
Data_Entrega
0	30	30	31	32	35	31	36	34	38	33	37	38	36	34	39	35	32	39	33	36	38	37	30	35	39	33	36	35	30	35	
Penalidade_Atraso
0	16	7	10	15	9	5	2	15	18	10	5	9	6	12	19	20	2	18	11	3	17	2	4	13	20	10	11	3	9	10	
Capacidade_Veiculo
35	43	69	71	50	43	62	83	49	69	69	89	
Custo_Fixo_Veiculo
350	430	690	710	500	430	620	830	490	690	690	890	
Coordenadas_Clientes
x	0	y	0
x	19	y	0
x	18	y	3
x	16	y	7
x	14	y	10
x	15	y	17
x	8	y	14
x	4	y	14
x	2	y	23
x	-2	y	19
x	-5	y	15
x	-8	y	15
x	-15	y	17
x	-14	y	10
x	-14	y	6
x	-22	y	4
x	-22	y	0
x	-16	y	-3
x	-17	y	-7
x	-18	y	-13
x	-13	y	-15
x	-11	y	-20
x	-6	y	-18
x	-1	y	-16
x	1	y	-16
x	6	y	-21
x	9	y	-16
x	15	y	-16
x	15	y	-11
x	18	y	-8
x	23	y	-4
Tempo_Viagem
0	19	18	17	17	22	16	14	23	19	15	17	22	17	15	22	22	16	18	22	19	22	18	16	16	21	18	21	18	19	23	
19	0	3	7	10	17	17	20	27	27	28	30	37	34	33	41	41	35	36	39	35	35	30	25	24	23	18	16	11	8	5	
18	3	0	4	7	14	14	17	24	24	25	28	35	32	32	40	40	34	36	39	35	36	31	26	25	26	21	19	14	11	8	
17	7	4	0	3	10	10	13	20	20	22	25	32	30	30	38	38	33	35	39	36	38	33	28	27	29	24	23	18	15	12	
17	10	7	3	0	7	7	10	17	17	19	22	29	28	28	36	37	32	35	39	36	39	34	30	29	31	26	26	21	18	15	
22	17	14	10	7	0	7	11	14	17	20	23	30	29	30	38	40	36	39	44	41	44	40	36	35	38	33	33	28	25	22	
16	17	14	10	7	7	0	4	10	11	13	16	23	22	23	31	33	29	32	37	35	38	34	31	30	35	30	30	25	24	22	
14	20	17	13	10	11	4	0	9	7	9	12	19	18	19	27	29	26	29	34	33	36	32	30	30	35	30	31	27	26	25	
23	27	24	20	17	14	10	9	0	5	10	12	18	19	22	29	31	31	35	40	40	44	41	39	39	44	39	40	35	34	32	
19	27	24	20	17	17	11	7	5	0	5	7	13	14	17	24	26	26	30	35	35	40	37	35	35	40	36	38	34	33	32	
15	28	25	22	19	20	13	9	10	5	0	3	10	10	12	20	22	21	25	30	31	35	33	31	31	36	33	36	32	32	33	
17	30	28	25	22	23	16	12	12	7	3	0	7	7	10	17	19	19	23	29	30	35	33	31	32	38	35	38	34	34	35	
22	37	35	32	29	30	23	19	18	13	10	7	0	7	11	14	18	20	24	30	32	37	36	35	36	43	40	43	40	41	42	
17	34	32	30	28	29	22	18	19	14	10	7	7	0	4	10	12	13	17	23	25	30	29	29	30	36	34	38	35	36	39	
15	33	32	30	28	30	23	19	22	17	12	10	11	4	0	8	10	9	13	19	21	26	25	25	26	33	31	36	33	34	38	
22	41	40	38	36	38	31	27	29	24	20	17	14	10	8	0	4	9	12	17	20	25	27	28	30	36	36	42	39	41	45	
22	41	40	38	37	40	33	29	31	26	22	19	18	12	10	4	0	6	8	13	16	21	23	25	27	33	34	39	38	40	45	
16	35	34	33	32	36	29	26	31	26	21	19	20	13	9	9	6	0	4	10	12	17	18	19	21	27	28	33	32	34	39	
18	36	36	35	35	39	32	29	35	30	25	23	24	17	13	12	8	4	0	6	8	13	15	18	20	26	27	33	32	35	40	
22	39	39	39	39	44	37	34	40	35	30	29	30	23	19	17	13	10	6	0	5	9	12	17	19	24	27	33	33	36	41	
19	35	35	36	36	41	35	33	40	35	31	30	32	25	21	20	16	12	8	5	0	5	7	12	14	19	22	28	28	31	37	
22	35	36	38	39	44	38	36	44	40	35	35	37	30	26	25	21	17	13	9	5	0	5	10	12	17	20	26	26	30	36	
18	30	31	33	34	40	34	32	41	37	33	33	36	29	25	27	23	18	15	12	7	5	0	5	7	12	15	21	21	25	31	
16	25	26	28	30	36	31	30	39	35	31	31	35	29	25	28	25	19	18	17	12	10	5	0	2	8	10	16	16	20	26	
16	24	25	27	29	35	30	30	39	35	31	32	36	30	26	30	27	21	20	19	14	12	7	2	0	7	8	14	14	18	24	
21	23	26	29	31	38	35	35	44	40	36	38	43	36	33	36	33	27	26	24	19	17	12	8	7	0	5	10	12	16	22	
18	18	21	24	26	33	30	30	39	36	33	35	40	34	31	36	34	28	27	27	22	20	15	10	8	5	0	6	7	11	17	
21	16	19	23	26	33	30	31	40	38	36	38	43	38	36	42	39	33	33	33	28	26	21	16	14	10	6	0	5	8	14	
18	11	14	18	21	28	25	27	35	34	32	34	40	35	33	39	38	32	32	33	28	26	21	16	14	12	7	5	0	4	10	
19	8	11	15	18	25	24	26	34	33	32	34	41	36	34	41	40	34	35	36	31	30	25	20	18	16	11	8	4	0	6	
23	5	8	12	15	22	22	25	32	32	33	35	42	39	38	45	45	39	40	41	37	36	31	26	24	22	17	14	10	6	0	
Custo_Viagem
V0
0	133	126	119	119	154	112	98	161	133	105	119	154	119	105	154	154	112	126	154	133	154	126	112	112	147	126	147	126	133	161	
133	0	21	49	77	119	119	140	196	196	196	210	266	238	231	287	287	245	252	273	245	252	210	175	168	168	126	112	77	56	35	
126	21	0	28	56	98	98	119	175	175	175	196	245	224	224	280	280	238	252	273	245	259	217	182	175	182	147	133	98	77	56	
119	49	28	0	21	70	70	91	147	147	154	175	224	210	210	266	266	231	245	273	252	266	231	196	189	203	168	161	126	105	91	
119	77	56	21	0	49	49	70	119	126	133	154	203	196	196	252	259	224	245	273	252	273	238	210	203	224	182	182	147	126	112	
154	119	98	70	49	0	49	77	98	119	140	161	210	203	217	273	280	252	280	308	294	315	280	252	245	273	231	231	196	175	154	
112	119	98	70	49	49	0	28	70	77	91	112	161	154	161	217	231	203	224	259	245	266	238	217	210	245	210	210	175	168	161	
98	140	119	91	70	77	28	0	63	49	63	84	133	126	133	189	203	182	203	238	231	259	231	210	210	245	210	217	189	182	182	
161	196	175	147	119	98	70	63	0	35	70	84	126	140	161	210	231	217	245	287	280	308	287	273	273	308	273	287	252	238	238	
133	196	175	147	126	119	77	49	35	0	35	49	91	105	119	175	189	182	210	245	245	280	259	245	245	280	252	266	238	231	231	
105	196	175	154	133	140	91	63	70	35	0	21	70	70	84	140	154	147	175	210	217	245	231	217	217	259	238	252	224	224	231	
119	210	196	175	154	161	112	84	84	49	21	0	49	49	70	119	140	133	161	203	210	245	231	217	224	266	245	266	238	238	252	
154	266	245	224	203	210	161	133	126	91	70	49	0	49	77	98	126	140	168	210	224	259	252	245	252	301	280	308	287	287	301	
119	238	224	210	196	203	154	126	140	105	70	49	49	0	28	70	84	91	119	161	175	210	203	203	210	252	238	266	245	252	273	
105	231	224	210	196	217	161	133	161	119	84	70	77	28	0	56	70	63	91	133	147	182	175	175	182	231	217	252	231	238	266	
154	287	280	266	252	273	217	189	210	175	140	119	98	70	56	0	28	63	84	119	147	182	189	203	210	259	252	294	273	287	315	
154	287	280	266	259	280	231	203	231	189	154	140	126	84	70	28	0	42	56	91	119	154	168	182	196	245	238	280	266	280	315	
112	245	238	231	224	252	203	182	217	182	147	133	140	91	63	63	42	0	28	70	84	119	126	133	147	196	196	231	224	238	273	
126	252	252	245	245	280	224	203	245	210	175	161	168	119	91	84	56	28	0	42	56	98	105	126	140	182	189	231	224	245	280	
154	273	273	273	273	308	259	238	287	245	210	203	210	161	133	119	91	70	42	0	35	63	91	119	133	175	189	231	231	252	287	
133	245	245	252	252	294	245	231	280	245	217	210	224	175	147	147	119	84	56	35	0	35	49	84	98	133	154	196	196	217	259	
154	252	259	266	273	315	266	259	308	280	245	245	259	210	182	182	154	119	98	63	35	0	35	70	84	119	140	182	189	217	259	
126	210	217	231	238	280	238	231	287	259	231	231	252	203	175	189	168	126	105	91	49	35	0	35	49	84	105	147	154	182	224	
112	175	182	196	210	252	217	210	273	245	217	217	245	203	175	203	182	133	126	119	84	70	35	0	14	56	70	112	112	140	182	
112	168	175	189	203	245	210	210	273	245	217	224	252	210	182	210	196	147	140	133	98	84	49	14	0	49	56	98	98	126	175	
147	168	182	203	224	273	245	245	308	280	259	266	301	252	231	259	245	196	182	175	133	119	84	56	49	0	35	70	91	119	168	
126	126	147	168	182	231	210	210	273	252	238	245	280	238	217	252	238	196	189	189	154	140	105	70	56	35	0	42	49	84	126	
147	112	133	161	182	231	210	217	287	266	252	266	308	266	252	294	280	231	231	231	196	182	147	112	98	70	42	0	35	56	98	
126	77	98	126	147	196	175	189	252	238	224	238	287	245	231	273	266	224	224	231	196	189	154	112	98	91	49	35	0	28	70	
133	56	77	105	126	175	168	182	238	231	224	238	287	252	238	287	280	238	245	252	217	217	182	140	126	119	84	56	28	0	42	
161	35	56	91	112	154	161	182	238	231	231	252	301	273	266	315	315	273	280	287	259	259	224	182	175	168	126	98	70	42	0	
V1
0	163	154	146	146	189	137	120	197	163	129	146	189	146	129	189	189	137	154	189	163	189	154	137	137	180	154	180	154	163	197	
163	0	25	60	94	146	146	172	240	240	240	258	326	292	283	352	352	301	309	335	301	309	258	215	206	206	154	137	94	68	43	
154	25	0	34	68	120	120	146	215	215	215	240	301	275	275	344	344	292	309	335	301	318	266	223	215	223	180	163	120	94	68	
146	60	34	0	25	86	86	111	180	180	189	215	275	258	258	326	326	283	301	335	309	326	283	240	232	249	206	197	154	129	111	
146	94	68	25	0	60	60	86	146	154	163	189	249	240	240	309	318	275	301	335	309	335	292	258	249	275	223	223	180	154	137	
189	146	120	86	60	0	60	94	120	146	172	197	258	249	266	335	344	309	344	378	361	387	344	309	301	335	283	283	240	215	189	
137	146	120	86	60	60	0	34	86	94	111	137	197	189	197	266	283	249	275	318	301	326	292	266	258	301	258	258	215	206	197	
120	172	146	111	86	94	34	0	77	60	77	103	163	154	163	232	249	223	249	292	283	318	283	258	258	301	258	266	232	223	223	
197	240	215	180	146	120	86	77	0	43	86	103	154	172	197	258	283	266	301	352	344	378	352	335	335	378	335	352	309	292	292	
163	240	215	180	154	146	94	60	43	0	43	60	111	129	146	215	232	223	258	301	301	344	318	301	301	344	309	326	292	283	283	
129	240	215	189	163	172	111	77	86	43	0	25	86	86	103	172	189	180	215	258	266	301	283	266	266	318	292	309	275	275	283	
146	258	240	215	189	197	137	103	103	60	25	0	60	60	86	146	172	163	197	249	258	301	283	266	275	326	301	326	292	292	309	
189	326	301	275	249	258	197	163	154	111	86	60	0	60	94	120	154	172	206	258	275	318	309	301	309	369	344	378	352	352	369	
146	292	275	258	240	249	189	154	172	129	86	60	60	0	34	86	103	111	146	197	215	258	249	249	258	309	292	326	301	309	335	
129	283	275	258	240	266	197	163	197	146	103	86	94	34	0	68	86	77	111	163	180	223	215	215	223	283	266	309	283	292	326	
189	352	344	326	309	335	266	232	258	215	172	146	120	86	68	0	34	77	103	146	180	223	232	249	258	318	309	361	335	352	387	
189	352	344	326	318	344	283	249	283	232	189	172	154	103	86	34	0	51	68	111	146	189	206	223	240	301	292	344	326	344	387	
137	301	292	283	275	309	249	223	266	223	180	163	172	111	77	77	51	0	34	86	103	146	154	163	180	240	240	283	275	292	335	
154	309	309	301	301	344	275	249	301	258	215	197	206	146	111	103	68	34	0	51	68	120	129	154	172	223	232	283	275	301	344	
189	335	335	335	335	378	318	292	352	301	258	249	258	197	163	146	111	86	51	0	43	77	111	146	163	215	232	283	283	309	352	
163	301	301	309	309	361	301	283	344	301	266	258	275	215	180	180	146	103	68	43	0	43	60	103	120	163	189	240	240	266	318	
189	309	318	326	335	387	326	318	378	344	301	301	318	258	223	223	189	146	120	77	43	0	43	86	103	146	172	223	232	266	318	
154	258	266	283	292	344	292	283	352	318	283	283	309	249	215	232	206	154	129	111	60	43	0	43	60	103	129	180	189	223	275	
137	215	223	240	258	309	266	258	335	301	266	266	301	249	215	249	223	163	154	146	103	86	43	0	17	68	86	137	137	172	223	
137	206	215	232	249	301	258	258	335	301	266	275	309	258	223	258	240	180	172	163	120	103	60	17	0	60	68	120	120	154	215	
180	206	223	249	275	335	301	301	378	344	318	326	369	309	283	318	301	240	223	215	163	146	103	68	60	0	43	86	111	146	206	
154	154	180	206	223	283	258	258	335	309	292	301	344	292	266	309	292	240	232	232	189	172	129	86	68	43	0	51	60	103	154	
180	137	163	197	223	283	258	266	352	326	309	326	378	326	309	361	344	283	283	283	240	223	180	137	120	86	51	0	43	68	120	
154	94	120	154	180	240	215	232	309	292	275	292	352	301	283	335	326	275	275	283	240	232	189	137	120	111	60	43	0	34	86	
163	68	94	129	154	215	206	223	292	283	275	292	352	309	292	352	344	292	301	309	266	266	223	172	154	146	103	68	34	0	51	
197	43	68	111	137	189	197	223	292	283	283	309	369	335	326	387	387	335	344	352	318	318	275	223	215	206	154	120	86	51	0	
V2
0	262	248	234	234	303	220	193	317	262	207	234	303	234	207	303	303	220	248	303	262	303	248	220	220	289	248	289	248	262	317	
262	0	41	96	151	234	234	276	386	386	386	414	524	469	455	565	565	483	496	538	483	496	414	345	331	331	248	220	151	110	69	
248	41	0	55	110	193	193	234	345	345	345	386	483	441	441	552	552	469	496	538	483	510	427	358	345	358	289	262	193	151	110	
234	96	55	0	41	138	138	179	289	289	303	345	441	414	414	524	524	455	483	538	496	524	455	386	372	400	331	317	248	207	179	
234	151	110	41	0	96	96	138	234	248	262	303	400	386	386	496	510	441	483	538	496	538	469	414	400	441	358	358	289	248	220	
303	234	193	138	96	0	96	151	193	234	276	317	414	400	427	538	552	496	552	607	579	621	552	496	483	538	455	455	386	345	303	
220	234	193	138	96	96	0	55	138	151	179	220	317	303	317	427	455	400	441	510	483	524	469	427	414	483	414	414	345	331	317	
193	276	234	179	138	151	55	0	124	96	124	165	262	248	262	372	400	358	400	469	455	510	455	414	414	483	414	427	372	358	358	
317	386	345	289	234	193	138	124	0	69	138	165	248	276	317	414	455	427	483	565	552	607	565	538	538	607	538	565	496	469	469	
262	386	345	289	248	234	151	96	69	0	69	96	179	207	234	345	372	358	414	483	483	552	510	483	483	552	496	524	469	455	455	
207	386	345	303	262	276	179	124	138	69	0	41	138	138	165	276	303	289	345	414	427	483	455	427	427	510	469	496	441	441	455	
234	414	386	345	303	317	220	165	165	96	41	0	96	96	138	234	276	262	317	400	414	483	455	427	441	524	483	524	469	469	496	
303	524	483	441	400	414	317	262	248	179	138	96	0	96	151	193	248	276	331	414	441	510	496	483	496	593	552	607	565	565	593	
234	469	441	414	386	400	303	248	276	207	138	96	96	0	55	138	165	179	234	317	345	414	400	400	414	496	469	524	483	496	538	
207	455	441	414	386	427	317	262	317	234	165	138	151	55	0	110	138	124	179	262	289	358	345	345	358	455	427	496	455	469	524	
303	565	552	524	496	538	427	372	414	345	276	234	193	138	110	0	55	124	165	234	289	358	372	400	414	510	496	579	538	565	621	
303	565	552	524	510	552	455	400	455	372	303	276	248	165	138	55	0	82	110	179	234	303	331	358	386	483	469	552	524	552	621	
220	483	469	455	441	496	400	358	427	358	289	262	276	179	124	124	82	0	55	138	165	234	248	262	289	386	386	455	441	469	538	
248	496	496	483	483	552	441	400	483	414	345	317	331	234	179	165	110	55	0	82	110	193	207	248	276	358	372	455	441	483	552	
303	538	538	538	538	607	510	469	565	483	414	400	414	317	262	234	179	138	82	0	69	124	179	234	262	345	372	455	455	496	565	
262	483	483	496	496	579	483	455	552	483	427	414	441	345	289	289	234	165	110	69	0	69	96	165	193	262	303	386	386	427	510	
303	496	510	524	538	621	524	510	607	552	483	483	510	414	358	358	303	234	193	124	69	0	69	138	165	234	276	358	372	427	510	
248	414	427	455	469	552	469	455	565	510	455	455	496	400	345	372	331	248	207	179	96	69	0	69	96	165	207	289	303	358	441	
220	345	358	386	414	496	427	414	538	483	427	427	483	400	345	400	358	262	248	234	165	138	69	0	27	110	138	220	220	276	358	
220	331	345	372	400	483	414	414	538	483	427	441	496	414	358	414	386	289	276	262	193	165	96	27	0	96	110	193	193	248	345	
289	331	358	400	441	538	483	483	607	552	510	524	593	496	455	510	483	386	358	345	262	234	165	110	96	0	69	138	179	234	331	
248	248	289	331	358	455	414	414	538	496	469	483	552	469	427	496	469	386	372	372	303	276	207	138	110	69	0	82	96	165	248	
289	220	262	317	358	455	414	427	565	524	496	524	607	524	496	579	552	455	455	455	386	358	289	220	193	138	82	0	69	110	193	
248	151	193	248	289	386	345	372	496	469	441	469	565	483	455	538	524	441	441	455	386	372	303	220	193	179	96	69	0	55	138	
262	110	151	207	248	345	331	358	469	455	441	469	565	496	469	565	552	469	483	496	427	427	358	276	248	234	165	110	55	0	82	
317	69	110	179	220	303	317	358	469	455	455	496	593	538	524	621	621	538	552	565	510	510	441	358	345	331	248	193	138	82	0	
V3
0	269	255	241	241	312	227	198	326	269	213	241	312	241	213	312	312	227	255	312	269	312	255	227	227	298	255	298	255	269	326	
269	0	42	99	156	241	241	284	397	397	397	426	539	482	468	582	582	497	511	553	497	511	426	355	340	340	255	227	156	113	71	
255	42	0	56	113	198	198	241	355	355	355	397	497	454	454	568	568	482	511	553	497	525	440	369	355	369	298	269	198	156	113	
241	99	56	0	42	142	142	184	298	298	312	355	454	426	426	539	539	468	497	553	511	539	468	397	383	411	340	326	255	213	184	
241	156	113	42	0	99	99	142	241	255	269	312	411	397	397	511	525	454	497	553	511	553	482	426	411	454	369	369	298	255	227	
312	241	198	142	99	0	99	156	198	241	284	326	426	411	440	553	568	511	568	624	596	639	568	511	497	553	468	468	397	355	312	
227	241	198	142	99	99	0	56	142	156	184	227	326	312	326	440	468	411	454	525	497	539	482	440	426	497	426	426	355	340	326	
198	284	241	184	142	156	56	0	127	99	127	170	269	255	269	383	411	369	411	482	468	525	468	426	426	497	426	440	383	369	369	
326	397	355	298	241	198	142	127	0	71	142	170	255	284	326	426	468	440	497	582	568	624	582	553	553	624	553	582	511	482	482	
269	397	355	298	255	241	156	99	71	0	71	99	184	213	241	355	383	369	426	497	497	568	525	497	497	568	511	539	482	468	468	
213	397	355	312	269	284	184	127	142	71	0	42	142	142	170	284	312	298	355	426	440	497	468	440	440	525	482	511	454	454	468	
241	426	397	355	312	326	227	170	170	99	42	0	99	99	142	241	284	269	326	411	426	497	468	440	454	539	497	539	482	482	511	
312	539	497	454	411	426	326	269	255	184	142	99	0	99	156	198	255	284	340	426	454	525	511	497	511	610	568	624	582	582	610	
241	482	454	426	397	411	312	255	284	213	142	99	99	0	56	142	170	184	241	326	355	426	411	411	426	511	482	539	497	511	553	
213	468	454	426	397	440	326	269	326	241	170	142	156	56	0	113	142	127	184	269	298	369	355	355	369	468	440	511	468	482	539	
312	582	568	539	511	553	440	383	426	355	284	241	198	142	113	0	56	127	170	241	298	369	383	411	426	525	511	596	553	582	639	
312	582	568	539	525	568	468	411	468	383	312	284	255	170	142	56	0	85	113	184	241	312	340	369	397	497	482	568	539	568	639	
227	497	482	468	454	511	411	369	440	369	298	269	284	184	127	127	85	0	56	142	170	241	255	269	298	397	397	468	454	482	553	
255	511	511	497	497	568	454	411	497	426	355	326	340	241	184	170	113	56	0	85	113	198	213	255	284	369	383	468	454	497	568	
312	553	553	553	553	624	525	482	582	497	426	411	426	326	269	241	184	142	85	0	71	127	184	241	269	355	383	468	468	511	582	
269	497	497	511	511	596	497	468	568	497	440	426	454	355	298	298	241	170	113	71	0	71	99	170	198	269	312	397	397	440	525	
312	511	525	539	553	639	539	525	624	568	497	497	525	426	369	369	312	241	198	127	71	0	71	142	170	241	284	369	383	440	525	
255	426	440	468	482	568	482	468	582	525	468	468	511	411	355	383	340	255	213	184	99	71	0	71	99	170	213	298	312	369	454	
227	355	369	397	426	511	440	426	553	497	440	440	497	411	355	411	369	269	255	241	170	142	71	0	28	113	142	227	227	284	369	
227	340	355	383	411	497	426	426	553	497	440	454	511	426	369	426	397	298	284	269	198	170	99	28	0	99	113	198	198	255	355	
298	340	369	411	454	553	497	497	624	568	525	539	610	511	468	525	497	397	369	355	269	241	170	113	99	0	71	142	184	241	340	
255	255	298	340	369	468	426	426	553	511	482	497	568	482	440	511	482	397	383	383	312	284	213	142	113	71	0	85	99	170	255	
298	227	269	326	369	468	426	440	582	539	511	539	624	539	511	596	568	468	468	468	397	369	298	227	198	142	85	0	71	113	198	
255	156	198	255	298	397	355	383	511	482	454	482	582	497	468	553	539	454	454	468	397	383	312	227	198	184	99	71	0	56	142	
269	113	156	213	255	355	340	369	482	468	454	482	582	511	482	582	568	482	497	511	440	440	369	284	255	241	170	113	56	0	85	
326	71	113	184	227	312	326	369	482	468	468	511	610	553	539	639	639	553	568	582	525	525	454	369	355	340	255	198	142	85	0	
V4
0	190	180	170	170	220	160	140	230	190	150	170	220	170	150	220	220	160	180	220	190	220	180	160	160	210	180	210	180	190	230	
190	0	30	70	110	170	170	200	280	280	280	300	380	340	330	410	410	350	360	390	350	360	300	250	240	240	180	160	110	80	50	
180	30	0	40	80	140	140	170	250	250	250	280	350	320	320	400	400	340	360	390	350	370	310	260	250	260	210	190	140	110	80	
170	70	40	0	30	100	100	130	210	210	220	250	320	300	300	380	380	330	350	390	360	380	330	280	270	290	240	230	180	150	130	
170	110	80	30	0	70	70	100	170	180	190	220	290	280	280	360	370	320	350	390	360	390	340	300	290	320	260	260	210	180	160	
220	170	140	100	70	0	70	110	140	170	200	230	300	290	310	390	400	360	400	440	420	450	400	360	350	390	330	330	280	250	220	
160	170	140	100	70	70	0	40	100	110	130	160	230	220	230	310	330	290	320	370	350	380	340	310	300	350	300	300	250	240	230	
140	200	170	130	100	110	40	0	90	70	90	120	190	180	190	270	290	260	290	340	330	370	330	300	300	350	300	310	270	260	260	
230	280	250	210	170	140	100	90	0	50	100	120	180	200	230	300	330	310	350	410	400	440	410	390	390	440	390	410	360	340	340	
190	280	250	210	180	170	110	70	50	0	50	70	130	150	170	250	270	260	300	350	350	400	370	350	350	400	360	380	340	330	330	
150	280	250	220	190	200	130	90	100	50	0	30	100	100	120	200	220	210	250	300	310	350	330	310	310	370	340	360	320	320	330	
170	300	280	250	220	230	160	120	120	70	30	0	70	70	100	170	200	190	230	290	300	350	330	310	320	380	350	380	340	340	360	
220	380	350	320	290	300	230	190	180	130	100	70	0	70	110	140	180	200	240	300	320	370	360	350	360	430	400	440	410	410	430	
170	340	320	300	280	290	220	180	200	150	100	70	70	0	40	100	120	130	170	230	250	300	290	290	300	360	340	380	350	360	390	
150	330	320	300	280	310	230	190	230	170	120	100	110	40	0	80	100	90	130	190	210	260	250	250	260	330	310	360	330	340	380	
220	410	400	380	360	390	310	270	300	250	200	170	140	100	80	0	40	90	120	170	210	260	270	290	300	370	360	420	390	410	450	
220	410	400	380	370	400	330	290	330	270	220	200	180	120	100	40	0	60	80	130	170	220	240	260	280	350	340	400	380	400	450	
160	350	340	330	320	360	290	260	310	260	210	190	200	130	90	90	60	0	40	100	120	170	180	190	210	280	280	330	320	340	390	
180	360	360	350	350	400	320	290	350	300	250	230	240	170	130	120	80	40	0	60	80	140	150	180	200	260	270	330	320	350	400	
220	390	390	390	390	440	370	340	410	350	300	290	300	230	190	170	130	100	60	0	50	90	130	170	190	250	270	330	330	360	410	
190	350	350	360	360	420	350	330	400	350	310	300	320	250	210	210	170	120	80	50	0	50	70	120	140	190	220	280	280	310	370	
220	360	370	380	390	450	380	370	440	400	350	350	370	300	260	260	220	170	140	90	50	0	50	100	120	170	200	260	270	310	370	
180	300	310	330	340	400	340	330	410	370	330	330	360	290	250	270	240	180	150	130	70	50	0	50	70	120	150	210	220	260	320	
160	250	260	280	300	360	310	300	390	350	310	310	350	290	250	290	260	190	180	170	120	100	50	0	20	80	100	160	160	200	260	
160	240	250	270	290	350	300	300	390	350	310	320	360	300	260	300	280	210	200	190	140	120	70	20	0	70	80	140	140	180	250	
210	240	260	290	320	390	350	350	440	400	370	380	430	360	330	370	350	280	260	250	190	170	120	80	70	0	50	100	130	170	240	
180	180	210	240	260	330	300	300	390	360	340	350	400	340	310	360	340	280	270	270	220	200	150	100	80	50	0	60	70	120	180	
210	160	190	230	260	330	300	310	410	380	360	380	440	380	360	420	400	330	330	330	280	260	210	160	140	100	60	0	50	80	140	
180	110	140	180	210	280	250	270	360	340	320	340	410	350	330	390	380	320	320	330	280	270	220	160	140	130	70	50	0	40	100	
190	80	110	150	180	250	240	260	340	330	320	340	410	360	340	410	400	340	350	360	310	310	260	200	180	170	120	80	40	0	60	
230	50	80	130	160	220	230	260	340	330	330	360	430	390	380	450	450	390	400	410	370	370	320	260	250	240	180	140	100	60	0	
V5
0	163	154	146	146	189	137	120	197	163	129	146	189	146	129	189	189	137	154	189	163	189	154	137	137	180	154	180	154	163	197	
163	0	25	60	94	146	146	172	240	240	240	258	326	292	283	352	352	301	309	335	301	309	258	215	206	206	154	137	94	68	43	
154	25	0	34	68	120	120	146	215	215	215	240	301	275	275	344	344	292	309	335	301	318	266	223	215	223	180	163	120	94	68	
146	60	34	0	25	86	86	111	180	180	189	215	275	258	258	326	326	283	301	335	309	326	283	240	232	249	206	197	154	129	111	
146	94	68	25	0	60	60	86	146	154	163	189	249	240	240	309	318	275	301	335	309	335	292	258	249	275	223	223	180	154	137	
189	146	120	86	60	0	60	94	120	146	172	197	258	249	266	335	344	309	344	378	361	387	344	309	301	335	283	283	240	215	189	
137	146	120	86	60	60	0	34	86	94	111	137	197	189	197	266	283	249	275	318	301	326	292	266	258	301	258	258	215	206	197	
120	172	146	111	86	94	34	0	77	60	77	103	163	154	163	232	249	223	249	292	283	318	283	258	258	301	258	266	232	223	223	
197	240	215	180	146	120	86	77	0	43	86	103	154	172	197	258	283	266	301	352	344	378	352	335	335	378	335	352	309	292	292	
163	240	215	180	154	146	94	60	43	0	43	60	111	129	146	215	232	223	258	301	301	344	318	301	301	344	309	326	292	283	283	
129	240	215	189	163	172	111	77	86	43	0	25	86	86	103	172	189	180	215	258	266	301	283	266	266	318	292	309	275	275	283	
146	258	240	215	189	197	137	103	103	60	25	0	60	60	86	146	172	163	197	249	258	301	283	266	275	326	301	326	292	292	309	
189	326	301	275	249	258	197	163	154	111	86	60	0	60	94	120	154	172	206	258	275	318	309	301	309	369	344	378	352	352	369	
146	292	275	258	240	249	189	154	172	129	86	60	60	0	34	86	103	111	146	197	215	258	249	249	258	309	292	326	301	309	335	
129	283	275	258	240	266	197	163	197	146	103	86	94	34	0	68	86	77	111	163	180	223	215	215	223	283	266	309	283	292	326	
189	352	344	326	309	335	266	232	258	215	172	146	120	86	68	0	34	77	103	146	180	223	232	249	258	318	309	361	335	352	387	
189	352	344	326	318	344	283	249	283	232	189	172	154	103	86	34	0	51	68	111	146	189	206	223	240	301	292	344	326	344	387	
137	301	292	283	275	309	249	223	266	223	180	163	172	111	77	77	51	0	34	86	103	146	154	163	180	240	240	283	275	292	335	
154	309	309	301	301	344	275	249	301	258	215	197	206	146	111	103	68	34	0	51	68	120	129	154	172	223	232	283	275	301	344	
189	335	335	335	335	378	318	292	352	301	258	249	258	197	163	146	111	86	51	0	43	77	111	146	163	215	232	283	283	309	352	
163	301	301	309	309	361	301	283	344	301	266	258	275	215	180	180	146	103	68	43	0	43	60	103	120	163	189	240	240	266	318	
189	309	318	326	335	387	326	318	378	344	301	301	318	258	223	223	189	146	120	77	43	0	43	86	103	146	172	223	232	266	318	
154	258	266	283	292	344	292	283	352	318	283	283	309	249	215	232	206	154	129	111	60	43	0	43	60	103	129	180	189	223	275	
137	215	223	240	258	309	266	258	335	301	266	266	301	249	215	249	223	163	154	146	103	86	43	0	17	68	86	137	137	172	223	
137	206	215	232	249	301	258	258	335	301	266	275	309	258	223	258	240	180	172	163	120	103	60	17	0	60	68	120	120	154	215	
180	206	223	249	275	335	301	301	378	344	318	326	369	309	283	318	301	240	223	215	163	146	103	68	60	0	43	86	111	146	206	
154	154	180	206	223	283	258	258	335	309	292	301	344	292	266	309	292	240	232	232	189	172	129	86	68	43	0	51	60	103	154	
180	137	163	197	223	283	258	266	352	326	309	326	378	326	309	361	344	283	283	283	240	223	180	137	120	86	51	0	43	68	120	
154	94	120	154	180	240	215	232	309	292	275	292	352	301	283	335	326	275	275	283	240	232	189	137	120	111	60	43	0	34	86	
163	68	94	129	154	215	206	223	292	283	275	292	352	309	292	352	344	292	301	309	266	266	223	172	154	146	103	68	34	0	51	
197	43	68	111	137	189	197	223	292	283	283	309	369	335	326	387	387	335	344	352	318	318	275	223	215	206	154	120	86	51	0	
V6
0	235	223	210	210	272	198	173	285	235	186	210	272	210	186	272	272	198	223	272	235	272	223	198	198	260	223	260	223	235	285	
235	0	37	86	136	210	210	248	347	347	347	372	471	421	409	508	508	434	446	483	434	446	372	310	297	297	223	198	136	99	62	
223	37	0	49	99	173	173	210	310	310	310	347	434	396	396	496	496	421	446	483	434	458	384	322	310	322	260	235	173	136	99	
210	86	49	0	37	124	124	161	260	260	272	310	396	372	372	471	471	409	434	483	446	471	409	347	334	359	297	285	223	186	161	
210	136	99	37	0	86	86	124	210	223	235	272	359	347	347	446	458	396	434	483	446	483	421	372	359	396	322	322	260	223	198	
272	210	173	124	86	0	86	136	173	210	248	285	372	359	384	483	496	446	496	545	520	558	496	446	434	483	409	409	347	310	272	
198	210	173	124	86	86	0	49	124	136	161	198	285	272	285	384	409	359	396	458	434	471	421	384	372	434	372	372	310	297	285	
173	248	210	161	124	136	49	0	111	86	111	148	235	223	235	334	359	322	359	421	409	458	409	372	372	434	372	384	334	322	322	
285	347	310	260	210	173	124	111	0	62	124	148	223	248	285	372	409	384	434	508	496	545	508	483	483	545	483	508	446	421	421	
235	347	310	260	223	210	136	86	62	0	62	86	161	186	210	310	334	322	372	434	434	496	458	434	434	496	446	471	421	409	409	
186	347	310	272	235	248	161	111	124	62	0	37	124	124	148	248	272	260	310	372	384	434	409	384	384	458	421	446	396	396	409	
210	372	347	310	272	285	198	148	148	86	37	0	86	86	124	210	248	235	285	359	372	434	409	384	396	471	434	471	421	421	446	
272	471	434	396	359	372	285	235	223	161	124	86	0	86	136	173	223	248	297	372	396	458	446	434	446	533	496	545	508	508	533	
210	421	396	372	347	359	272	223	248	186	124	86	86	0	49	124	148	161	210	285	310	372	359	359	372	446	421	471	434	446	483	
186	409	396	372	347	384	285	235	285	210	148	124	136	49	0	99	124	111	161	235	260	322	310	310	322	409	384	446	409	421	471	
272	508	496	471	446	483	384	334	372	310	248	210	173	124	99	0	49	111	148	210	260	322	334	359	372	458	446	520	483	508	558	
272	508	496	471	458	496	409	359	409	334	272	248	223	148	124	49	0	74	99	161	210	272	297	322	347	434	421	496	471	496	558	
198	434	421	409	396	446	359	322	384	322	260	235	248	161	111	111	74	0	49	124	148	210	223	235	260	347	347	409	396	421	483	
223	446	446	434	434	496	396	359	434	372	310	285	297	210	161	148	99	49	0	74	99	173	186	223	248	322	334	409	396	434	496	
272	483	483	483	483	545	458	421	508	434	372	359	372	285	235	210	161	124	74	0	62	111	161	210	235	310	334	409	409	446	508	
235	434	434	446	446	520	434	409	496	434	384	372	396	310	260	260	210	148	99	62	0	62	86	148	173	235	272	347	347	384	458	
272	446	458	471	483	558	471	458	545	496	434	434	458	372	322	322	272	210	173	111	62	0	62	124	148	210	248	322	334	384	458	
223	372	384	409	421	496	421	409	508	458	409	409	446	359	310	334	297	223	186	161	86	62	0	62	86	148	186	260	272	322	396	
198	310	322	347	372	446	384	372	483	434	384	384	434	359	310	359	322	235	223	210	148	124	62	0	24	99	124	198	198	248	322	
198	297	310	334	359	434	372	372	483	434	384	396	446	372	322	372	347	260	248	235	173	148	86	24	0	86	99	173	173	223	310	
260	297	322	359	396	483	434	434	545	496	458	471	533	446	409	458	434	347	322	310	235	210	148	99	86	0	62	124	161	210	297	
223	223	260	297	322	409	372	372	483	446	421	434	496	421	384	446	421	347	334	334	272	248	186	124	99	62	0	74	86	148	223	
260	198	235	285	322	409	372	384	508	471	446	471	545	471	446	520	496	409	409	409	347	322	260	198	173	124	74	0	62	99	173	
223	136	173	223	260	347	310	334	446	421	396	421	508	434	409	483	471	396	396	409	347	334	272	198	173	161	86	62	0	49	124	
235	99	136	186	223	310	297	322	421	409	396	421	508	446	421	508	496	421	434	446	384	384	322	248	223	210	148	99	49	0	74	
285	62	99	161	198	272	285	322	421	409	409	446	533	483	471	558	558	483	496	508	458	458	396	322	310	297	223	173	124	74	0	
V7
0	315	298	282	282	365	265	232	381	315	249	282	365	282	249	365	365	265	298	365	315	365	298	265	265	348	298	348	298	315	381	
315	0	49	116	182	282	282	332	464	464	464	498	630	564	547	680	680	581	597	647	581	597	498	415	398	398	298	265	182	132	83	
298	49	0	66	132	232	232	282	415	415	415	464	581	531	531	664	664	564	597	647	581	614	514	431	415	431	348	315	232	182	132	
282	116	66	0	49	166	166	215	348	348	365	415	531	498	498	630	630	547	581	647	597	630	547	464	448	481	398	381	298	249	215	
282	182	132	49	0	116	116	166	282	298	315	365	481	464	464	597	614	531	581	647	597	647	564	498	481	531	431	431	348	298	265	
365	282	232	166	116	0	116	182	232	282	332	381	498	481	514	647	664	597	664	730	697	747	664	597	581	647	547	547	464	415	365	
265	282	232	166	116	116	0	66	166	182	215	265	381	365	381	514	547	481	531	614	581	630	564	514	498	581	498	498	415	398	381	
232	332	282	215	166	182	66	0	149	116	149	199	315	298	315	448	481	431	481	564	547	614	547	498	498	581	498	514	448	431	431	
381	464	415	348	282	232	166	149	0	83	166	199	298	332	381	498	547	514	581	680	664	730	680	647	647	730	647	680	597	564	564	
315	464	415	348	298	282	182	116	83	0	83	116	215	249	282	415	448	431	498	581	581	664	614	581	581	664	597	630	564	547	547	
249	464	415	365	315	332	215	149	166	83	0	49	166	166	199	332	365	348	415	498	514	581	547	514	514	614	564	597	531	531	547	
282	498	464	415	365	381	265	199	199	116	49	0	116	116	166	282	332	315	381	481	498	581	547	514	531	630	581	630	564	564	597	
365	630	581	531	481	498	381	315	298	215	166	116	0	116	182	232	298	332	398	498	531	614	597	581	597	713	664	730	680	680	713	
282	564	531	498	464	481	365	298	332	249	166	116	116	0	66	166	199	215	282	381	415	498	481	481	498	597	564	630	581	597	647	
249	547	531	498	464	514	381	315	381	282	199	166	182	66	0	132	166	149	215	315	348	431	415	415	431	547	514	597	547	564	630	
365	680	664	630	597	647	514	448	498	415	332	282	232	166	132	0	66	149	199	282	348	431	448	481	498	614	597	697	647	680	747	
365	680	664	630	614	664	547	481	547	448	365	332	298	199	166	66	0	99	132	215	282	365	398	431	464	581	564	664	630	664	747	
265	581	564	547	531	597	481	431	514	431	348	315	332	215	149	149	99	0	66	166	199	282	298	315	348	464	464	547	531	564	647	
298	597	597	581	581	664	531	481	581	498	415	381	398	282	215	199	132	66	0	99	132	232	249	298	332	431	448	547	531	581	664	
365	647	647	647	647	730	614	564	680	581	498	481	498	381	315	282	215	166	99	0	83	149	215	282	315	415	448	547	547	597	680	
315	581	581	597	597	697	581	547	664	581	514	498	531	415	348	348	282	199	132	83	0	83	116	199	232	315	365	464	464	514	614	
365	597	614	630	647	747	630	614	730	664	581	581	614	498	431	431	365	282	232	149	83	0	83	166	199	282	332	431	448	514	614	
298	498	514	547	564	664	564	547	680	614	547	547	597	481	415	448	398	298	249	215	116	83	0	83	116	199	249	348	365	431	531	
265	415	431	464	498	597	514	498	647	581	514	514	581	481	415	481	431	315	298	282	199	166	83	0	33	132	166	265	265	332	431	
265	398	415	448	481	581	498	498	647	581	514	531	597	498	431	498	464	348	332	315	232	199	116	33	0	116	132	232	232	298	415	
348	398	431	481	531	647	581	581	730	664	614	630	713	597	547	614	581	464	431	415	315	282	199	132	116	0	83	166	215	282	398	
298	298	348	398	431	547	498	498	647	597	564	581	664	564	514	597	564	464	448	448	365	332	249	166	132	83	0	99	116	199	298	
348	265	315	381	431	547	498	514	680	630	597	630	730	630	597	697	664	547	547	547	464	431	348	265	232	166	99	0	83	132	232	
298	182	232	298	348	464	415	448	597	564	531	564	680	581	547	647	630	531	531	547	464	448	365	265	232	215	116	83	0	66	166	
315	132	182	249	298	415	398	431	564	547	531	564	680	597	564	680	664	564	581	597	514	514	431	332	298	282	199	132	66	0	99	
381	83	132	215	265	365	381	431	564	547	547	597	713	647	630	747	747	647	664	680	614	614	531	431	415	398	298	232	166	99	0	
V8
0	186	176	166	166	215	156	137	225	186	147	166	215	166	147	215	215	156	176	215	186	215	176	156	156	205	176	205	176	186	225	
186	0	29	68	107	166	166	196	274	274	274	294	372	333	323	401	401	343	352	382	343	352	294	245	235	235	176	156	107	78	49	
176	29	0	39	78	137	137	166	245	245	245	274	343	313	313	392	392	333	352	382	343	362	303	254	245	254	205	186	137	107	78	
166	68	39	0	29	98	98	127	205	205	215	245	313	294	294	372	372	323	343	382	352	372	323	274	264	284	235	225	176	147	127	
166	107	78	29	0	68	68	98	166	176	186	215	284	274	274	352	362	313	343	382	352	382	333	294	284	313	254	254	205	176	156	
215	166	137	98	68	0	68	107	137	166	196	225	294	284	303	382	392	352	392	431	411	441	392	352	343	382	323	323	274	245	215	
156	166	137	98	68	68	0	39	98	107	127	156	225	215	225	303	323	284	313	362	343	372	333	303	294	343	294	294	245	235	225	
137	196	166	127	98	107	39	0	88	68	88	117	186	176	186	264	284	254	284	333	323	362	323	294	294	343	294	303	264	254	254	
225	274	245	205	166	137	98	88	0	49	98	117	176	196	225	294	323	303	343	401	392	431	401	382	382	431	382	401	352	333	333	
186	274	245	205	176	166	107	68	49	0	49	68	127	147	166	245	264	254	294	343	343	392	362	343	343	392	352	372	333	323	323	
147	274	245	215	186	196	127	88	98	49	0	29	98	98	117	196	215	205	245	294	303	343	323	303	303	362	333	352	313	313	323	
166	294	274	245	215	225	156	117	117	68	29	0	68	68	98	166	196	186	225	284	294	343	323	303	313	372	343	372	333	333	352	
215	372	343	313	284	294	225	186	176	127	98	68	0	68	107	137	176	196	235	294	313	362	352	343	352	421	392	431	401	401	421	
166	333	313	294	274	284	215	176	196	147	98	68	68	0	39	98	117	127	166	225	245	294	284	284	294	352	333	372	343	352	382	
147	323	313	294	274	303	225	186	225	166	117	98	107	39	0	78	98	88	127	186	205	254	245	245	254	323	303	352	323	333	372	
215	401	392	372	352	382	303	264	294	245	196	166	137	98	78	0	39	88	117	166	205	254	264	284	294	362	352	411	382	401	441	
215	401	392	372	362	392	323	284	323	264	215	196	176	117	98	39	0	58	78	127	166	215	235	254	274	343	333	392	372	392	441	
156	343	333	323	313	352	284	254	303	254	205	186	196	127	88	88	58	0	39	98	117	166	176	186	205	274	274	323	313	333	382	
176	352	352	343	343	392	313	284	343	294	245	225	235	166	127	117	78	39	0	58	78	137	147	176	196	254	264	323	313	343	392	
215	382	382	382	382	431	362	333	401	343	294	284	294	225	186	166	127	98	58	0	49	88	127	166	186	245	264	323	323	352	401	
186	343	343	352	352	411	343	323	392	343	303	294	313	245	205	205	166	117	78	49	0	49	68	117	137	186	215	274	274	303	362	
215	352	362	372	382	441	372	362	431	392	343	343	362	294	254	254	215	166	137	88	49	0	49	98	117	166	196	254	264	303	362	
176	294	303	323	333	392	333	323	401	362	323	323	352	284	245	264	235	176	147	127	68	49	0	49	68	117	147	205	215	254	313	
156	245	254	274	294	352	303	294	382	343	303	303	343	284	245	284	254	186	176	166	117	98	49	0	19	78	98	156	156	196	254	
156	235	245	264	284	343	294	294	382	343	303	313	352	294	254	294	274	205	196	186	137	117	68	19	0	68	78	137	137	176	245	
205	235	254	284	313	382	343	343	431	392	362	372	421	352	323	362	343	274	254	245	186	166	117	78	68	0	49	98	127	166	235	
176	176	205	235	254	323	294	294	382	352	333	343	392	333	303	352	333	274	264	264	215	196	147	98	78	49	0	58	68	117	176	
205	156	186	225	254	323	294	303	401	372	352	372	431	372	352	411	392	323	323	323	274	254	205	156	137	98	58	0	49	78	137	
176	107	137	176	205	274	245	264	352	333	313	333	401	343	323	382	372	313	313	323	274	264	215	156	137	127	68	49	0	39	98	
186	78	107	147	176	245	235	254	333	323	313	333	401	352	333	401	392	333	343	352	303	303	254	196	176	166	117	78	39	0	58	
225	49	78	127	156	215	225	254	333	323	323	352	421	382	372	441	441	382	392	401	362	362	313	254	245	235	176	137	98	58	0	
V9
0	262	248	234	234	303	220	193	317	262	207	234	303	234	207	303	303	220	248	303	262	303	248	220	220	289	248	289	248	262	317	
262	0	41	96	151	234	234	276	386	386	386	414	524	469	455	565	565	483	496	538	483	496	414	345	331	331	248	220	151	110	69	
248	41	0	55	110	193	193	234	345	345	345	386	483	441	441	552	552	469	496	538	483	510	427	358	345	358	289	262	193	151	110	
234	96	55	0	41	138	138	179	289	289	303	345	441	414	414	524	524	455	483	538	496	524	455	386	372	400	331	317	248	207	179	
234	151	110	41	0	96	96	138	234	248	262	303	400	386	386	496	510	441	483	538	496	538	469	414	400	441	358	358	289	248	220	
303	234	193	138	96	0	96	151	193	234	276	317	414	400	427	538	552	496	552	607	579	621	552	496	483	538	455	455	386	345	303	
220	234	193	138	96	96	0	55	138	151	179	220	317	303	317	427	455	400	441	510	483	524	469	427	414	483	414	414	345	331	317	
193	276	234	179	138	151	55	0	124	96	124	165	262	248	262	372	400	358	400	469	455	510	455	414	414	483	414	427	372	358	358	
317	386	345	289	234	193	138	124	0	69	138	165	248	276	317	414	455	427	483	565	552	607	565	538	538	607	538	565	496	469	469	
262	386	345	289	248	234	151	96	69	0	69	96	179	207	234	345	372	358	414	483	483	552	510	483	483	552	496	524	469	455	455	
207	386	345	303	262	276	179	124	138	69	0	41	138	138	165	276	303	289	345	414	427	483	455	427	427	510	469	496	441	441	455	
234	414	386	345	303	317	220	165	165	96	41	0	96	96	138	234	276	262	317	400	414	483	455	427	441	524	483	524	469	469	496	
303	524	483	441	400	414	317	262	248	179	138	96	0	96	151	193	248	276	331	414	441	510	496	483	496	593	552	607	565	565	593	
234	469	441	414	386	400	303	248	276	207	138	96	96	0	55	138	165	179	234	317	345	414	400	400	414	496	469	524	483	496	538	
207	455	441	414	386	427	317	262	317	234	165	138	151	55	0	110	138	124	179	262	289	358	345	345	358	455	427	496	455	469	524	
303	565	552	524	496	538	427	372	414	345	276	234	193	138	110	0	55	124	165	234	289	358	372	400	414	510	496	579	538	565	621	
303	565	552	524	510	552	455	400	455	372	303	276	248	165	138	55	0	82	110	179	234	303	331	358	386	483	469	552	524	552	621	
220	483	469	455	441	496	400	358	427	358	289	262	276	179	124	124	82	0	55	138	165	234	248	262	289	386	386	455	441	469	538	
248	496	496	483	483	552	441	400	483	414	345	317	331	234	179	165	110	55	0	82	110	193	207	248	276	358	372	455	441	483	552	
303	538	538	538	538	607	510	469	565	483	414	400	414	317	262	234	179	138	82	0	69	124	179	234	262	345	372	455	455	496	565	
262	483	483	496	496	579	483	455	552	483	427	414	441	345	289	289	234	165	110	69	0	69	96	165	193	262	303	386	386	427	510	
303	496	510	524	538	621	524	510	607	552	483	483	510	414	358	358	303	234	193	124	69	0	69	138	165	234	276	358	372	427	510	
248	414	427	455	469	552	469	455	565	510	455	455	496	400	345	372	331	248	207	179	96	69	0	69	96	165	207	289	303	358	441	
220	345	358	386	414	496	427	414	538	483	427	427	483	400	345	400	358	262	248	234	165	138	69	0	27	110	138	220	220	276	358	
220	331	345	372	400	483	414	414	538	483	427	441	496	414	358	414	386	289	276	262	193	165	96	27	0	96	110	193	193	248	345	
289	331	358	400	441	538	483	483	607	552	510	524	593	496	455	510	483	386	358	345	262	234	165	110	96	0	69	138	179	234	331	
248	248	289	331	358	455	414	414	538	496	469	483	552	469	427	496	469	386	372	372	303	276	207	138	110	69	0	82	96	165	248	
289	220	262	317	358	455	414	427	565	524	496	524	607	524	496	579	552	455	455	455	386	358	289	220	193	138	82	0	69	110	193	
248	151	193	248	289	386	345	372	496	469	441	469	565	483	455	538	524	441	441	455	386	372	303	220	193	179	96	69	0	55	138	
262	110	151	207	248	345	331	358	469	455	441	469	565	496	469	565	552	469	483	496	427	427	358	276	248	234	165	110	55	0	82	
317	69	110	179	220	303	317	358	469	455	455	496	593	538	524	621	621	538	552	565	510	510	441	358	345	331	248	193	138	82	0	
V10
0	262	248	234	234	303	220	193	317	262	207	234	303	234	207	303	303	220	248	303	262	303	248	220	220	289	248	289	248	262	317	
262	0	41	96	151	234	234	276	386	386	386	414	524	469	455	565	565	483	496	538	483	496	414	345	331	331	248	220	151	110	69	
248	41	0	55	110	193	193	234	345	345	345	386	483	441	441	552	552	469	496	538	483	510	427	358	345	358	289	262	193	151	110	
234	96	55	0	41	138	138	179	289	289	303	345	441	414	414	524	524	455	483	538	496	524	455	386	372	400	331	317	248	207	179	
234	151	110	41	0	96	96	138	234	248	262	303	400	386	386	496	510	441	483	538	496	538	469	414	400	441	358	358	289	248	220	
303	234	193	138	96	0	96	151	193	234	276	317	414	400	427	538	552	496	552	607	579	621	552	496	483	538	455	455	386	345	303	
220	234	193	138	96	96	0	55	138	151	179	220	317	303	317	427	455	400	441	510	483	524	469	427	414	483	414	414	345	331	317	
193	276	234	179	138	151	55	0	124	96	124	165	262	248	262	372	400	358	400	469	455	510	455	414	414	483	414	427	372	358	358	
317	386	345	289	234	193	138	124	0	69	138	165	248	276	317	414	455	427	483	565	552	607	565	538	538	607	538	565	496	469	469	
262	386	345	289	248	234	151	96	69	0	69	96	179	207	234	345	372	358	414	483	483	552	510	483	483	552	496	524	469	455	455	
207	386	345	303	262	276	179	124	138	69	0	41	138	138	165	276	303	289	345	414	427	483	455	427	427	510	469	496	441	441	455	
234	414	386	345	303	317	220	165	165	96	41	0	96	96	138	234	276	262	317	400	414	483	455	427	441	524	483	524	469	469	496	
303	524	483	441	400	414	317	262	248	179	138	96	0	96	151	193	248	276	331	414	441	510	496	483	496	593	552	607	565	565	593	
234	469	441	414	386	400	303	248	276	207	138	96	96	0	55	138	165	179	234	317	345	414	400	400	414	496	469	524	483	496	538	
207	455	441	414	386	427	317	262	317	234	165	138	151	55	0	110	138	124	179	262	289	358	345	345	358	455	427	496	455	469	524	
303	565	552	524	496	538	427	372	414	345	276	234	193	138	110	0	55	124	165	234	289	358	372	400	414	510	496	579	538	565	621	
303	565	552	524	510	552	455	400	455	372	303	276	248	165	138	55	0	82	110	179	234	303	331	358	386	483	469	552	524	552	621	
220	483	469	455	441	496	400	358	427	358	289	262	276	179	124	124	82	0	55	138	165	234	248	262	289	386	386	455	441	469	538	
248	496	496	483	483	552	441	400	483	414	345	317	331	234	179	165	110	55	0	82	110	193	207	248	276	358	372	455	441	483	552	
303	538	538	538	538	607	510	469	565	483	414	400	414	317	262	234	179	138	82	0	69	124	179	234	262	345	372	455	455	496	565	
262	483	483	496	496	579	483	455	552	483	427	414	441	345	289	289	234	165	110	69	0	69	96	165	193	262	303	386	386	427	510	
303	496	510	524	538	621	524	510	607	552	483	483	510	414	358	358	303	234	193	124	69	0	69	138	165	234	276	358	372	427	510	
248	414	427	455	469	552	469	455	565	510	455	455	496	400	345	372	331	248	207	179	96	69	0	69	96	165	207	289	303	358	441	
220	345	358	386	414	496	427	414	538	483	427	427	483	400	345	400	358	262	248	234	165	138	69	0	27	110	138	220	220	276	358	
220	331	345	372	400	483	414	414	538	483	427	441	496	414	358	414	386	289	276	262	193	165	96	27	0	96	110	193	193	248	345	
289	331	358	400	441	538	483	483	607	552	510	524	593	496	455	510	483	386	358	345	262	234	165	110	96	0	69	138	179	234	331	
248	248	289	331	358	455	414	414	538	496	469	483	552	469	427	496	469	386	372	372	303	276	207	138	110	69	0	82	96	165	248	
289	220	262	317	358	455	414	427	565	524	496	524	607	524	496	579	552	455	455	455	386	358	289	220	193	138	82	0	69	110	193	
248	151	193	248	289	386	345	372	496	469	441	469	565	483	455	538	524	441	441	455	386	372	303	220	193	179	96	69	0	55	138	
262	110	151	207	248	345	331	358	469	455	441	469	565	496	469	565	552	469	483	496	427	427	358	276	248	234	165	110	55	0	82	
317	69	110	179	220	303	317	358	469	455	455	496	593	538	524	621	621	538	552	565	510	510	441	358	345	331	248	193	138	82	0	
V11
0	338	320	302	302	391	284	249	409	338	267	302	391	302	267	391	391	284	320	391	338	391	320	284	284	373	320	373	320	338	409	
338	0	53	124	195	302	302	356	498	498	498	534	676	605	587	729	729	623	640	694	623	640	534	445	427	427	320	284	195	142	89	
320	53	0	71	142	249	249	302	445	445	445	498	623	569	569	712	712	605	640	694	623	658	551	462	445	462	373	338	249	195	142	
302	124	71	0	53	178	178	231	373	373	391	445	569	534	534	676	676	587	623	694	640	676	587	498	480	516	427	409	320	267	231	
302	195	142	53	0	124	124	178	302	320	338	391	516	498	498	640	658	569	623	694	640	694	605	534	516	569	462	462	373	320	284	
391	302	249	178	124	0	124	195	249	302	356	409	534	516	551	694	712	640	712	783	747	801	712	640	623	694	587	587	498	445	391	
284	302	249	178	124	124	0	71	178	195	231	284	409	391	409	551	587	516	569	658	623	676	605	551	534	623	534	534	445	427	409	
249	356	302	231	178	195	71	0	160	124	160	213	338	320	338	480	516	462	516	605	587	658	587	534	534	623	534	551	480	462	462	
409	498	445	373	302	249	178	160	0	89	178	213	320	356	409	534	587	551	623	729	712	783	729	694	694	783	694	729	640	605	605	
338	498	445	373	320	302	195	124	89	0	89	124	231	267	302	445	480	462	534	623	623	712	658	623	623	712	640	676	605	587	587	
267	498	445	391	338	356	231	160	178	89	0	53	178	178	213	356	391	373	445	534	551	623	587	551	551	658	605	640	569	569	587	
302	534	498	445	391	409	284	213	213	124	53	0	124	124	178	302	356	338	409	516	534	623	587	551	569	676	623	676	605	605	640	
391	676	623	569	516	534	409	338	320	231	178	124	0	124	195	249	320	356	427	534	569	658	640	623	640	765	712	783	729	729	765	
302	605	569	534	498	516	391	320	356	267	178	124	124	0	71	178	213	231	302	409	445	534	516	516	534	640	605	676	623	640	694	
267	587	569	534	498	551	409	338	409	302	213	178	195	71	0	142	178	160	231	338	373	462	445	445	462	587	551	640	587	605	676	
391	729	712	676	640	694	551	480	534	445	356	302	249	178	142	0	71	160	213	302	373	462	480	516	534	658	640	747	694	729	801	
391	729	712	676	658	712	587	516	587	480	391	356	320	213	178	71	0	106	142	231	302	391	427	462	498	623	605	712	676	712	801	
284	623	605	587	569	640	516	462	551	462	373	338	356	231	160	160	106	0	71	178	213	302	320	338	373	498	498	587	569	605	694	
320	640	640	623	623	712	569	516	623	534	445	409	427	302	231	213	142	71	0	106	142	249	267	320	356	462	480	587	569	623	712	
391	694	694	694	694	783	658	605	729	623	534	516	534	409	338	302	231	178	106	0	89	160	231	302	338	445	480	587	587	640	729	
338	623	623	640	640	747	623	587	712	623	551	534	569	445	373	373	302	213	142	89	0	89	124	213	249	338	391	498	498	551	658	
391	640	658	676	694	801	676	658	783	712	623	623	658	534	462	462	391	302	249	160	89	0	89	178	213	302	356	462	480	551	658	
320	534	551	587	605	712	605	587	729	658	587	587	640	516	445	480	427	320	267	231	124	89	0	89	124	213	267	373	391	462	569	
284	445	462	498	534	640	551	534	694	623	551	551	623	516	445	516	462	338	320	302	213	178	89	0	35	142	178	284	284	356	462	
284	427	445	480	516	623	534	534	694	623	551	569	640	534	462	534	498	373	356	338	249	213	124	35	0	124	142	249	249	320	445	
373	427	462	516	569	694	623	623	783	712	658	676	765	640	587	658	623	498	462	445	338	302	213	142	124	0	89	178	231	302	427	
320	320	373	427	462	587	534	534	694	640	605	623	712	605	551	640	605	498	480	480	391	356	267	178	142	89	0	106	124	213	320	
373	284	338	409	462	587	534	551	729	676	640	676	783	676	640	747	712	587	587	587	498	462	373	284	249	178	106	0	89	142	249	
320	195	249	320	373	498	445	480	640	605	569	605	729	623	587	694	676	569	569	587	498	480	391	284	249	231	124	89	0	71	178	
338	142	195	267	320	445	427	462	605	587	569	605	729	640	605	729	712	605	623	640	551	551	462	356	320	302	213	142	71	0	106	
409	89	142	231	284	391	409	462	605	587	587	640	765	694	676	801	801	694	712	729	658	658	569	462	445	427	320	249	178	106	0	
Velocidade_Veiculos
1	1	1	1	1	1	1	1	1	1	1	1	