M: 8
N: 30
Nun_Veiculos: 21
Capacidade_Total: 991
Demanda_Total: 490
Setup_Min: 1
Setup_Max: 9
Raio: 20
Circulos: 1
Tempo_Processamento_Min: 1
Tempo_Processamento_Max: 49
Demanda_Min: 10
Demanda_Max: 30
Priority_Factor: 0.2
Range_Factor_R: 0.8
U_factor: 2
ALpha: 0.2Replicao: 1
Tempos_Processamentos
0	0	1	0	2	0	3	0	4	0	5	0	6	0	7	0	
0	47	1	8	2	46	3	2	4	20	5	10	6	37	7	47	
0	4	1	25	2	47	3	47	4	47	5	18	6	26	7	34	
0	22	1	19	2	29	3	12	4	8	5	33	6	13	7	19	
0	38	1	35	2	2	3	38	4	40	5	43	6	7	7	7	
0	39	1	3	2	24	3	20	4	33	5	31	6	14	7	21	
0	33	1	24	2	21	3	37	4	48	5	5	6	3	7	15	
0	18	1	3	2	1	3	46	4	10	5	14	6	43	7	41	
0	35	1	14	2	18	3	10	4	30	5	33	6	25	7	18	
0	32	1	33	2	24	3	22	4	47	5	1	6	13	7	4	
0	20	1	10	2	10	3	23	4	28	5	38	6	46	7	4	
0	6	1	6	2	12	3	11	4	25	5	29	6	35	7	38	
0	21	1	43	2	12	3	42	4	11	5	26	6	26	7	19	
0	16	1	13	2	30	3	48	4	10	5	19	6	37	7	4	
0	32	1	15	2	11	3	41	4	25	5	34	6	28	7	34	
0	14	1	42	2	43	3	41	4	25	5	24	6	41	7	10	
0	22	1	15	2	32	3	5	4	21	5	39	6	47	7	46	
0	18	1	40	2	12	3	4	4	29	5	29	6	7	7	38	
0	9	1	44	2	26	3	27	4	5	5	9	6	25	7	12	
0	15	1	18	2	36	3	46	4	2	5	22	6	29	7	33	
0	22	1	6	2	29	3	20	4	37	5	2	6	30	7	25	
0	13	1	37	2	29	3	36	4	5	5	44	6	32	7	4	
0	9	1	9	2	36	3	36	4	32	5	12	6	13	7	49	
0	9	1	13	2	34	3	47	4	28	5	41	6	41	7	10	
0	34	1	2	2	13	3	47	4	33	5	18	6	42	7	29	
0	37	1	30	2	5	3	47	4	13	5	23	6	23	7	17	
0	35	1	25	2	43	3	13	4	7	5	23	6	48	7	6	
0	25	1	5	2	30	3	9	4	40	5	43	6	48	7	28	
0	33	1	5	2	49	3	45	4	22	5	31	6	28	7	28	
0	47	1	43	2	35	3	1	4	18	5	18	6	22	7	19	
0	48	1	42	2	36	3	23	4	48	5	15	6	41	7	11	

Tempos_setup
M0
0	0	0	0	0	0	0	0	0	0	0	0	0	0	0	0	0	0	0	0	0	0	0	0	0	0	0	0	0	0	0	
0	0	2	3	2	3	3	2	3	1	3	4	1	2	3	4	3	2	2	3	3	3	2	4	1	2	2	3	2	3	3	
0	2	0	2	4	4	3	3	4	3	3	3	3	3	2	2	2	2	4	3	4	3	3	3	3	4	1	3	3	3	3	
0	2	2	0	3	4	2	1	2	2	2	4	3	2	3	1	3	2	2	1	2	2	1	1	3	2	3	3	3	3	3	
0	3	2	3	0	2	3	4	4	3	4	2	3	3	4	3	3	4	3	4	3	3	2	2	4	3	3	4	1	3	3	
0	3	2	1	2	0	2	2	3	2	3	2	2	2	3	1	3	2	2	2	2	2	1	2	2	3	3	3	3	1	1	
0	3	2	2	3	3	0	2	3	3	2	4	2	3	4	3	3	2	2	2	4	2	3	3	3	2	3	1	3	1	3	
0	1	3	1	2	3	3	0	1	1	1	3	2	2	2	2	2	3	2	2	2	2	1	2	2	2	3	2	3	4	3	
0	3	3	3	1	2	2	3	0	2	3	3	3	1	1	3	3	2	2	1	3	2	3	2	1	2	3	3	2	3	2	
0	2	4	2	2	4	2	1	2	0	2	4	3	3	3	3	3	3	2	2	3	2	2	3	3	1	4	2	3	3	3	
0	3	2	1	3	4	3	2	3	2	0	2	4	2	4	2	1	3	3	2	3	2	2	2	3	2	3	1	4	3	2	
0	3	1	3	2	2	1	2	3	1	2	0	3	1	2	3	1	3	3	3	4	2	3	4	3	2	2	2	3	2	2	
0	2	1	2	1	3	3	3	4	3	2	3	0	2	2	3	2	1	1	2	2	3	1	3	3	3	1	3	2	2	2	
0	3	3	2	1	3	3	2	3	3	2	3	4	0	3	3	3	4	3	3	3	1	2	3	2	3	2	2	2	4	1	
0	4	2	3	2	2	1	3	4	4	3	4	3	1	0	3	4	3	3	3	3	2	2	3	3	3	3	2	1	2	2	
0	2	1	3	3	4	1	2	3	1	3	3	3	4	3	0	3	3	3	3	4	1	3	4	2	2	2	2	3	2	3	
0	3	1	2	2	3	2	2	3	1	1	1	4	1	3	3	0	3	3	2	4	2	3	3	2	2	2	1	3	3	1	
0	4	2	2	3	4	3	3	3	2	1	2	3	2	2	2	1	0	3	1	3	3	3	3	3	2	3	2	3	4	2	
0	1	2	2	2	2	3	3	4	2	3	3	2	1	3	3	4	3	0	3	2	2	1	3	2	2	2	3	1	3	1	
0	3	3	2	3	4	4	3	4	3	2	3	2	3	3	3	2	1	2	0	3	2	3	3	3	1	2	3	3	4	3	
0	1	1	3	2	2	3	3	2	2	3	4	1	2	2	3	3	2	2	3	0	3	2	3	2	3	2	4	1	3	3	
0	2	3	2	3	3	3	1	2	2	2	2	3	3	3	3	3	4	3	3	3	0	2	3	3	3	4	3	2	4	4	
0	2	2	1	2	3	3	2	3	3	3	4	2	1	2	2	4	3	1	2	1	2	0	2	3	2	3	3	2	4	2	
0	1	2	3	3	3	2	2	3	2	3	3	2	3	3	1	3	3	3	3	1	1	3	0	2	3	3	3	2	2	4	
0	3	3	3	3	2	3	2	3	1	3	3	4	3	3	3	2	4	3	3	4	3	3	4	0	2	2	2	4	3	3	
0	3	3	2	3	4	4	2	3	3	1	3	2	3	4	3	2	2	3	3	2	1	3	3	4	0	3	2	3	4	3	
0	3	3	1	3	3	2	2	3	3	3	5	3	2	1	2	4	3	3	2	3	3	2	2	3	3	0	2	2	3	2	
0	4	2	3	3	5	4	3	4	4	2	4	3	3	3	4	3	3	3	2	3	2	2	3	4	1	3	0	4	4	4	
0	3	1	2	3	1	2	3	3	3	3	3	3	2	3	2	3	3	2	3	2	3	1	2	3	2	2	3	0	2	2	
0	3	1	3	2	2	3	2	3	3	2	3	1	3	3	2	2	1	2	1	3	1	2	4	2	2	2	3	3	0	3	
0	2	3	1	4	3	2	2	3	2	3	4	3	3	4	2	3	3	3	2	3	3	2	2	1	2	3	3	4	3	0	
M1
0	0	0	0	0	0	0	0	0	0	0	0	0	0	0	0	0	0	0	0	0	0	0	0	0	0	0	0	0	0	0	
0	0	2	2	3	3	1	2	2	2	4	1	1	2	2	3	3	2	3	3	3	3	1	3	2	2	1	3	3	2	2	
0	3	0	3	3	4	3	4	3	3	2	3	3	4	3	2	3	4	4	3	3	2	3	1	4	1	2	2	3	4	3	
0	3	3	0	4	4	3	3	3	4	3	4	3	1	4	4	2	2	3	4	3	3	3	3	2	3	4	3	2	4	4	
0	3	1	2	0	3	1	3	3	4	2	4	3	2	4	3	3	2	3	3	1	3	3	2	3	2	3	2	3	4	1	
0	2	3	2	5	0	3	2	2	3	3	3	2	2	4	1	2	3	2	1	3	2	3	4	2	3	2	3	3	2	2	
0	4	2	3	3	4	0	4	2	3	3	3	2	3	3	4	4	1	4	3	2	4	4	2	4	1	4	3	4	4	4	
0	2	2	1	4	3	1	0	2	2	3	3	2	2	4	3	2	2	1	3	3	3	2	3	3	2	1	3	3	4	3	
0	3	3	3	4	4	1	4	0	4	4	4	1	4	4	4	3	2	2	3	3	3	3	3	4	2	3	4	5	3	2	
0	2	3	1	4	4	2	1	2	0	2	3	1	2	3	1	2	3	2	1	1	2	3	2	2	3	2	1	2	2	3	
0	2	2	1	3	4	2	2	2	3	0	3	1	2	3	1	2	3	3	1	3	2	3	2	3	3	2	1	1	2	3	
0	1	3	1	4	4	2	1	3	3	3	0	2	1	3	4	3	2	2	3	3	3	2	3	1	3	2	3	2	1	2	
0	5	4	4	4	3	3	5	2	4	4	5	0	3	4	3	3	2	4	2	3	5	5	3	5	3	4	4	4	2	4	
0	3	3	1	4	5	3	3	3	4	2	4	3	0	4	3	3	3	2	3	2	3	2	3	3	4	3	2	2	4	3	
0	4	1	3	3	4	2	2	2	3	3	4	3	2	0	2	3	3	3	3	4	2	1	2	5	2	3	3	1	2	2	
0	3	3	2	4	3	2	3	3	2	3	4	1	2	4	0	2	3	4	1	2	3	2	4	3	3	1	3	2	2	3	
0	3	1	2	3	5	3	3	2	3	1	3	2	2	3	2	0	1	4	2	2	3	3	2	4	2	3	2	2	2	4	
0	3	2	3	2	4	2	3	1	2	2	3	1	2	2	3	4	0	3	3	1	4	3	1	4	1	3	2	3	3	3	
0	1	2	3	4	3	2	3	1	2	2	2	2	3	3	3	1	2	0	3	3	3	1	3	2	3	1	3	3	3	2	
0	3	2	2	4	4	3	4	3	3	2	4	2	1	4	1	1	2	3	0	3	3	3	3	4	3	2	2	3	1	4	
0	2	3	2	3	4	2	3	2	3	1	3	2	1	3	2	3	3	3	2	0	3	3	2	4	3	2	1	2	3	4	
0	3	3	2	3	3	3	2	3	1	2	4	2	3	4	2	2	3	3	2	2	0	3	3	3	2	3	2	3	3	1	
0	3	3	2	4	3	1	3	1	3	3	4	2	3	2	3	2	2	2	3	3	2	0	3	4	2	3	4	3	3	1	
0	2	3	3	4	4	2	3	2	2	4	3	3	3	3	3	3	3	3	2	3	3	3	0	4	3	2	1	2	3	4	
0	4	2	2	4	5	1	2	3	4	3	4	3	1	4	3	3	2	3	2	3	3	3	3	0	2	3	3	3	3	4	
0	3	1	3	4	3	4	3	4	4	3	2	4	3	2	3	3	4	4	2	2	3	3	2	3	0	3	3	3	3	4	
0	3	4	2	5	2	2	2	2	1	3	3	1	3	3	2	3	3	3	2	2	3	1	3	3	3	0	2	3	3	2	
0	1	2	3	3	3	1	2	1	2	3	2	2	2	2	3	2	2	3	3	3	2	2	1	3	2	1	0	1	3	3	
0	3	1	2	2	4	2	1	3	2	3	4	3	1	4	3	3	3	2	3	3	1	3	2	4	2	2	3	0	4	2	
0	3	3	2	4	4	3	3	3	3	5	4	3	3	4	4	4	4	4	4	4	3	3	3	4	4	2	2	2	0	4	
0	4	2	1	5	2	3	2	2	4	4	3	3	2	3	3	3	3	3	3	3	4	2	3	3	1	3	3	3	4	0	
M2
0	0	0	0	0	0	0	0	0	0	0	0	0	0	0	0	0	0	0	0	0	0	0	0	0	0	0	0	0	0	0	
0	0	3	4	4	2	3	4	3	2	3	3	3	2	4	3	4	1	2	3	2	4	3	5	3	3	3	4	3	4	2	
0	3	0	3	3	2	3	3	2	3	4	2	3	3	2	4	2	2	1	4	3	4	3	3	3	4	3	1	3	1	3	
0	3	2	0	2	4	3	3	1	2	3	3	3	1	2	3	3	2	2	3	2	3	4	4	3	2	2	3	3	2	2	
0	4	4	3	0	4	5	4	4	3	3	3	4	4	4	4	4	5	5	4	4	4	5	3	4	5	4	3	3	5	5	
0	4	3	3	3	0	4	2	3	3	3	3	3	2	3	4	3	3	2	2	2	4	3	3	1	3	3	2	1	4	4	
0	1	3	2	2	3	0	2	3	3	3	1	3	2	3	1	2	2	2	3	3	1	1	4	2	2	3	2	2	2	1	
0	4	3	1	1	2	4	0	2	2	3	3	3	2	3	4	3	3	3	3	3	4	3	4	1	3	3	2	3	2	3	
0	2	1	3	1	3	3	3	0	1	3	2	2	3	3	2	3	3	2	3	2	4	4	4	3	4	4	2	2	2	3	
0	3	2	2	2	3	2	3	1	0	3	1	1	3	2	3	2	3	2	3	2	3	3	4	4	3	4	3	2	3	3	
0	1	2	2	3	3	2	3	3	3	0	1	1	3	1	3	2	2	2	1	2	3	3	4	2	3	4	3	2	2	2	
0	3	3	1	3	2	4	2	2	3	2	0	3	2	3	4	3	3	3	2	2	4	3	3	3	2	3	4	1	3	3	
0	2	3	3	3	2	1	3	3	4	3	2	0	3	3	2	1	2	1	2	1	2	2	4	3	3	4	2	3	3	2	
0	3	3	3	3	4	3	4	2	1	2	2	2	0	2	4	3	4	1	3	2	3	3	3	4	2	1	3	3	3	3	
0	2	4	3	3	2	1	3	3	2	2	2	3	3	0	2	3	3	3	3	4	2	2	4	2	2	4	3	3	1	1	
0	3	4	3	2	2	4	3	3	3	4	2	4	3	3	0	4	4	1	3	3	4	4	4	2	4	4	3	2	4	4	
0	2	2	3	3	3	1	3	4	4	3	2	1	3	3	2	0	2	1	2	1	2	2	4	3	3	4	3	3	3	2	
0	3	4	3	4	4	3	3	3	2	2	3	2	1	3	4	3	0	2	3	3	3	4	4	2	2	2	3	3	4	1	
0	3	3	2	4	3	3	3	3	4	3	1	4	3	3	3	3	4	0	3	3	3	4	4	4	3	4	2	2	4	4	
0	2	3	2	3	3	3	2	3	3	3	1	4	3	2	4	3	3	3	0	3	4	3	4	1	3	4	2	2	3	3	
0	3	4	2	4	3	2	3	3	3	2	2	1	2	3	3	2	3	2	1	0	3	3	5	2	4	3	3	3	4	3	
0	1	2	2	3	3	2	4	2	3	4	3	2	3	2	3	1	2	2	3	2	0	3	3	3	4	3	1	3	3	3	
0	2	2	3	1	4	3	2	4	4	4	4	4	3	2	4	3	2	3	5	4	4	0	4	3	3	4	3	4	2	2	
0	3	4	2	1	2	2	1	3	3	3	3	3	3	1	1	4	4	2	3	2	3	2	0	2	3	2	3	3	2	2	
0	3	2	2	2	3	3	1	2	3	2	3	3	3	2	4	2	2	3	3	3	3	2	3	0	2	3	1	2	3	3	
0	3	3	4	3	3	2	3	3	3	3	3	2	3	1	3	1	3	2	3	2	3	3	4	3	0	4	2	2	2	2	
0	2	3	2	4	3	2	3	3	3	1	1	2	3	1	3	3	3	3	2	1	3	3	4	3	3	0	4	2	2	2	
0	3	1	4	2	3	2	3	1	2	3	3	2	3	1	3	1	3	2	3	2	3	3	2	2	3	2	0	2	2	2	
0	3	4	2	2	3	3	1	3	2	3	2	2	1	3	3	3	4	2	1	1	3	2	2	2	3	2	3	0	3	4	
0	4	4	2	3	5	4	4	3	2	5	3	3	3	4	4	4	4	4	5	4	5	2	3	5	3	4	3	4	0	4	
0	3	3	2	3	4	2	2	3	3	3	3	3	3	2	3	2	3	3	4	3	2	3	4	1	1	4	2	3	3	0	
M3
0	0	0	0	0	0	0	0	0	0	0	0	0	0	0	0	0	0	0	0	0	0	0	0	0	0	0	0	0	0	0	
0	0	2	3	2	4	3	3	4	1	1	2	3	1	3	2	3	2	3	3	2	3	3	2	3	3	2	3	1	3	3	
0	2	0	2	2	3	2	2	2	3	3	2	2	3	2	2	3	2	1	1	2	3	1	2	1	3	3	3	2	2	1	
0	4	3	0	3	3	2	3	2	3	3	3	3	3	1	4	3	3	2	2	2	4	4	4	1	3	3	2	2	2	4	
0	3	2	2	0	3	2	1	2	1	2	1	2	2	3	2	2	2	3	3	2	2	2	1	3	1	2	1	2	2	3	
0	3	3	1	2	0	3	3	3	3	3	3	4	3	2	4	4	2	3	3	3	3	4	3	2	2	2	3	3	1	3	
0	2	2	2	2	1	0	3	4	3	3	3	3	3	3	4	4	3	2	3	4	4	3	2	3	3	3	2	3	2	3	
0	2	3	3	2	2	1	0	1	1	1	3	3	2	3	3	1	2	2	3	2	2	1	2	3	2	2	3	3	1	3	
0	2	2	2	3	1	3	3	0	1	2	4	2	2	2	3	3	1	3	3	2	4	3	3	3	3	1	2	3	2	2	
0	2	4	3	2	4	3	3	3	0	2	3	3	2	2	3	4	4	3	3	1	4	4	3	2	3	1	2	3	3	3	
0	4	3	3	1	4	3	2	3	2	0	2	2	1	3	3	3	3	4	4	3	3	3	2	4	2	2	2	2	2	4	
0	2	1	3	3	3	3	3	2	1	2	0	2	1	2	3	1	1	2	2	2	3	2	2	2	4	2	3	3	3	2	
0	2	2	3	2	3	3	3	2	2	2	3	0	3	3	2	1	1	3	3	3	3	2	2	3	3	2	1	3	4	2	
0	3	3	3	2	3	2	3	3	2	1	2	2	0	2	3	3	2	3	4	3	4	4	1	3	3	1	2	3	3	3	
0	3	3	3	4	2	3	3	1	2	3	2	2	3	0	4	3	2	1	4	3	4	4	4	4	3	2	1	4	3	3	
0	1	1	1	3	3	2	3	2	2	2	3	3	1	2	0	4	3	2	2	3	2	2	2	2	2	2	3	2	3	1	
0	2	2	3	3	2	2	3	1	2	2	3	2	3	3	3	0	1	2	2	2	2	1	1	3	3	2	3	3	3	2	
0	1	1	3	2	3	2	3	2	1	1	3	3	2	3	2	4	0	2	2	2	3	2	2	2	3	2	3	2	3	1	
0	3	2	3	4	4	3	2	3	2	3	1	2	2	2	4	2	2	0	3	2	3	3	3	3	2	3	3	4	3	3	
0	2	2	3	1	3	2	1	2	2	2	2	2	2	4	2	2	1	2	0	3	2	2	2	3	2	3	2	3	2	2	
0	3	3	2	4	3	3	3	2	3	4	5	2	3	3	2	3	3	4	3	0	4	4	2	3	4	3	3	4	4	2	
0	2	2	1	1	4	3	2	3	2	3	2	3	2	2	1	3	3	1	3	3	0	3	2	2	1	3	2	3	3	2	
0	1	3	3	3	3	2	3	3	2	2	2	2	2	2	2	3	3	1	4	1	4	0	1	4	3	3	3	2	4	3	
0	3	3	2	3	2	1	4	3	1	2	4	1	3	3	3	2	2	3	4	2	4	3	0	3	4	2	2	2	3	3	
0	3	2	3	2	2	1	2	2	3	2	2	3	2	1	3	2	2	2	1	1	3	3	3	0	2	2	2	1	1	3	
0	3	3	1	2	3	3	3	2	3	4	3	3	3	2	2	4	3	2	3	2	1	4	2	2	0	3	3	3	3	3	
0	3	4	4	3	3	3	2	2	1	2	3	2	1	1	3	3	3	2	3	2	4	3	2	3	4	0	1	4	3	2	
0	3	3	4	3	4	3	2	3	1	3	4	1	3	3	3	2	2	4	4	2	4	3	3	3	4	2	0	3	3	3	
0	2	2	3	1	4	3	2	3	2	1	2	3	1	3	3	2	1	3	3	3	3	3	2	3	2	2	2	0	3	2	
0	2	2	2	1	4	3	2	3	2	2	2	3	2	2	3	3	1	3	3	3	2	3	2	3	1	1	2	3	0	2	
0	2	2	2	2	2	1	2	1	2	3	3	3	2	3	1	3	2	3	1	3	3	3	3	3	3	2	3	3	3	0	
M4
0	0	0	0	0	0	0	0	0	0	0	0	0	0	0	0	0	0	0	0	0	0	0	0	0	0	0	0	0	0	0	
0	0	3	2	3	3	1	3	4	1	3	2	2	3	3	3	2	2	2	1	2	3	3	3	2	3	3	3	1	4	3	
0	2	0	2	3	2	3	3	3	1	2	3	1	1	3	3	3	2	2	3	3	4	3	2	1	1	2	2	2	2	3	
0	3	1	0	3	3	4	3	4	2	2	3	1	2	4	4	3	3	3	2	3	3	2	3	2	2	3	3	2	3	1	
0	2	2	1	0	3	3	3	4	3	3	2	2	3	3	3	2	3	2	1	2	2	3	3	2	3	3	4	3	4	2	
0	2	2	2	2	0	3	3	1	2	1	2	3	2	3	4	3	1	2	2	3	3	2	2	1	3	3	4	2	1	1	
0	3	3	3	2	2	0	2	3	3	2	1	1	3	3	3	2	2	1	3	3	2	3	3	3	2	3	2	2	3	2	
0	2	2	2	3	2	3	0	3	3	3	4	3	3	3	4	1	3	2	3	4	2	3	3	3	3	3	4	3	1	2	
0	2	2	1	3	4	3	4	0	3	3	3	2	3	4	4	3	2	3	2	3	4	3	1	3	3	3	3	1	2	2	
0	2	2	1	3	2	3	4	3	0	3	3	2	2	3	4	3	2	3	3	3	4	3	2	1	3	2	4	3	3	2	
0	3	3	2	1	3	3	2	3	3	0	1	2	1	3	3	2	2	2	2	3	3	3	3	2	3	2	4	1	1	2	
0	2	2	2	2	2	3	1	3	2	3	0	3	3	4	2	1	1	3	3	4	3	2	3	2	3	3	4	3	2	3	
0	3	3	2	4	4	4	3	3	4	3	4	0	2	4	3	4	3	3	4	4	4	3	3	3	1	3	2	1	3	3	
0	2	2	3	2	3	3	3	4	2	1	2	1	0	3	4	3	1	2	3	4	4	3	4	3	2	3	3	2	1	2	
0	3	3	2	4	3	3	1	4	4	4	4	2	4	0	4	2	4	3	4	5	3	4	4	4	3	3	3	2	2	3	
0	2	3	2	2	3	3	1	3	3	1	2	2	2	2	0	2	3	2	2	3	1	2	4	3	3	2	4	2	2	1	
0	1	1	1	3	2	2	2	3	2	2	3	2	2	4	3	0	3	3	2	3	4	3	2	2	2	3	3	2	3	2	
0	3	3	2	1	2	4	2	3	3	3	1	3	3	3	3	2	0	3	2	3	3	3	4	3	2	2	3	2	3	3	
0	3	3	2	1	4	4	3	3	4	3	3	3	2	3	3	3	3	0	2	3	3	3	4	3	1	2	2	4	3	3	
0	2	2	2	2	2	3	2	3	2	3	1	3	2	3	2	1	2	3	0	1	3	2	2	1	3	2	4	3	3	3	
0	1	2	2	1	4	2	2	2	2	2	2	2	3	2	1	2	2	3	2	0	2	1	1	3	2	1	3	2	3	2	
0	3	2	1	1	3	4	2	2	3	3	3	2	3	1	3	2	4	3	2	3	0	2	3	3	2	1	3	1	3	2	
0	2	1	2	2	3	2	3	3	2	2	3	2	2	2	3	1	3	3	3	4	1	0	3	2	2	2	2	2	3	3	
0	3	3	3	2	3	3	3	2	4	3	2	3	2	4	3	2	1	3	3	4	4	4	0	4	3	3	2	3	3	3	
0	1	1	2	3	1	2	3	2	2	2	2	2	1	4	3	3	2	2	2	2	3	2	1	0	2	3	3	2	2	2	
0	3	3	3	3	3	4	2	2	3	2	3	2	1	4	2	3	2	2	3	3	3	2	3	2	0	3	1	3	2	2	
0	2	1	2	3	3	3	2	1	2	3	2	1	2	1	3	1	3	3	1	2	3	3	2	2	1	0	2	2	3	3	
0	3	3	2	2	4	3	2	1	4	2	3	3	2	3	1	3	2	1	2	2	2	2	2	3	2	2	0	2	1	1	
0	4	4	4	3	5	4	4	4	5	2	3	4	3	5	4	3	4	4	4	5	4	4	5	4	5	4	3	0	3	3	
0	4	3	3	2	4	2	3	4	4	2	3	3	3	3	4	3	4	1	2	3	3	2	3	3	2	3	3	3	0	1	
0	3	2	3	2	3	3	2	4	3	1	2	3	2	3	3	2	3	3	1	2	2	1	3	2	3	3	3	2	2	0	
M5
0	0	0	0	0	0	0	0	0	0	0	0	0	0	0	0	0	0	0	0	0	0	0	0	0	0	0	0	0	0	0	
0	0	3	3	1	2	2	4	2	1	3	4	2	3	4	2	4	3	3	1	3	3	3	2	3	3	3	3	2	2	3	
0	3	0	2	3	3	3	3	2	3	4	4	4	3	3	2	3	2	2	3	3	3	3	3	2	3	4	2	1	3	3	
0	3	3	0	2	3	2	4	2	2	3	3	3	3	4	1	3	3	4	3	4	2	2	2	3	4	3	3	2	1	2	
0	3	2	3	0	3	1	4	2	3	4	3	1	4	3	1	3	3	4	3	2	2	2	4	3	4	3	3	2	4	2	
0	2	3	2	3	0	2	2	3	2	1	3	1	2	3	2	2	1	3	3	4	1	2	2	3	2	3	2	2	3	2	
0	3	1	2	4	2	0	4	3	4	3	4	3	3	4	3	4	3	3	4	4	3	4	4	3	4	5	3	2	3	4	
0	3	3	2	1	3	2	0	3	3	2	3	2	2	2	2	1	1	3	2	3	2	3	2	2	2	4	1	3	2	2	
0	1	1	1	1	3	1	3	0	2	4	2	2	3	2	2	3	3	3	2	3	1	3	3	3	2	4	1	2	2	2	
0	3	3	2	2	3	2	3	2	0	2	3	3	2	3	3	3	2	4	2	3	3	2	1	2	3	2	2	1	3	2	
0	3	3	2	3	3	3	2	2	3	0	3	4	3	2	1	1	2	4	3	4	2	2	3	3	3	3	3	2	3	3	
0	4	3	2	4	3	4	3	3	3	4	0	4	4	4	3	2	4	3	3	4	3	2	3	1	3	3	4	3	3	1	
0	3	2	2	3	3	1	3	2	2	4	2	0	3	3	3	2	2	3	2	3	2	1	3	2	3	2	2	1	3	1	
0	1	3	2	2	2	3	2	2	2	3	2	2	0	3	2	3	1	3	2	4	2	1	2	2	1	2	2	3	3	3	
0	3	1	1	2	1	3	2	3	2	2	2	2	2	0	2	2	1	3	3	4	2	2	1	3	2	3	2	2	2	1	
0	2	2	2	2	2	2	4	1	2	3	3	3	4	3	0	2	3	4	2	4	1	1	3	2	3	2	2	3	3	3	
0	5	4	2	2	4	3	5	4	3	5	2	3	4	4	3	0	5	4	4	4	1	3	4	3	5	4	5	4	2	3	
0	2	3	1	2	3	3	1	2	2	2	3	2	1	2	1	2	0	2	2	4	2	2	1	3	1	3	1	3	2	2	
0	3	2	1	3	1	1	3	2	3	2	3	2	3	1	2	2	2	0	4	5	2	3	2	4	3	4	3	3	2	2	
0	3	3	3	1	3	2	4	2	2	4	3	1	3	3	2	3	3	4	0	3	3	2	3	2	4	3	2	2	1	2	
0	4	2	2	2	2	3	3	3	3	3	3	2	3	1	2	3	2	3	1	0	1	3	2	3	2	4	3	2	2	2	
0	4	4	1	3	4	3	5	3	3	4	4	4	4	5	2	4	4	5	4	5	0	3	3	4	5	4	4	3	2	3	
0	2	2	2	2	2	2	3	1	1	3	3	2	3	3	3	4	2	4	1	3	1	0	2	1	2	1	2	2	2	3	
0	2	2	3	1	3	2	3	2	1	1	3	2	1	3	2	2	2	3	2	3	2	1	0	2	2	2	3	2	3	2	
0	4	2	4	3	5	3	3	4	2	3	5	4	3	4	4	4	4	4	4	3	4	3	2	0	4	4	4	3	5	4	
0	3	3	2	2	4	2	2	3	3	3	3	1	2	3	2	3	1	3	3	4	3	2	2	2	0	3	2	2	3	2	
0	3	3	2	2	3	2	2	3	2	2	2	1	2	2	2	3	1	3	2	2	3	2	1	2	1	0	2	2	3	2	
0	2	2	2	2	2	3	2	3	2	3	2	2	2	1	3	2	2	3	1	4	3	2	2	3	3	3	0	3	1	1	
0	2	2	1	2	2	2	2	1	3	3	3	3	2	2	2	3	1	3	2	2	2	3	2	1	2	4	1	0	2	2	
0	3	2	2	3	2	3	3	3	1	3	2	3	2	4	2	2	3	3	3	4	3	2	2	2	3	3	3	2	0	1	
0	3	3	1	3	2	3	2	2	2	3	1	3	4	3	2	1	3	2	2	4	2	1	3	2	2	2	3	3	2	0	
M6
0	0	0	0	0	0	0	0	0	0	0	0	0	0	0	0	0	0	0	0	0	0	0	0	0	0	0	0	0	0	0	
0	0	1	2	2	3	3	2	2	3	3	3	3	2	2	3	3	1	1	3	1	2	1	2	1	2	2	3	1	2	2	
0	2	0	1	2	3	3	3	3	4	4	3	3	3	3	2	2	2	3	3	3	2	3	3	3	3	3	2	1	4	2	
0	1	2	0	2	2	3	2	2	4	3	2	2	3	2	1	3	1	2	2	2	1	2	3	2	3	3	2	2	3	2	
0	4	2	3	0	2	4	4	3	2	4	3	3	3	3	2	2	3	2	1	3	2	3	5	4	1	4	4	2	2	3	
0	3	3	2	2	0	4	2	1	3	2	4	1	2	2	3	3	3	3	3	1	3	1	3	3	2	3	3	2	3	3	
0	2	3	3	1	2	0	2	2	3	2	3	1	4	3	3	2	2	3	1	3	2	3	3	3	2	3	3	2	3	3	
0	3	3	2	2	1	4	0	2	2	2	3	2	2	2	3	2	3	3	3	2	2	1	2	3	1	3	1	3	4	1	
0	2	2	3	2	4	4	3	0	3	4	4	3	4	1	4	4	3	2	3	2	3	3	3	2	3	3	4	2	3	3	
0	3	1	2	3	2	3	2	1	0	2	2	1	1	2	3	1	2	3	4	3	1	1	3	3	2	3	3	2	4	2	
0	3	3	2	3	3	2	3	2	4	0	3	3	3	2	3	4	1	1	3	3	2	2	3	3	3	1	4	3	2	3	
0	3	3	4	2	2	2	3	1	2	3	0	2	2	2	3	2	1	3	3	2	2	3	2	1	1	2	4	3	2	2	
0	3	3	2	2	2	3	1	1	3	1	4	0	3	2	3	3	2	2	3	3	3	2	2	3	2	2	2	1	3	2	
0	4	4	3	3	3	4	2	2	3	2	5	1	0	2	4	3	3	3	4	3	4	3	3	3	2	3	3	2	3	3	
0	3	3	2	1	3	4	2	3	3	3	3	2	4	0	3	3	3	3	2	1	2	3	4	4	2	3	3	3	3	3	
0	4	4	3	3	3	4	2	2	4	2	5	1	3	3	0	4	3	3	4	2	4	3	3	4	3	3	3	2	4	3	
0	4	4	3	2	2	4	4	3	3	4	5	3	4	2	3	0	4	4	3	3	4	3	3	2	2	3	3	1	3	2	
0	3	2	3	2	2	3	3	1	3	3	2	3	2	1	3	3	0	3	3	2	1	2	4	3	2	2	3	3	3	2	
0	2	2	1	2	2	3	3	3	4	4	2	3	3	1	2	4	2	0	3	2	1	2	3	3	3	3	3	2	4	2	
0	3	4	2	3	1	3	3	2	4	3	2	2	3	2	3	1	2	4	0	2	1	2	4	3	3	4	4	2	4	2	
0	3	3	2	4	4	3	4	4	5	5	4	4	4	4	3	4	3	3	4	0	3	3	4	4	4	2	4	4	2	2	
0	4	3	3	3	1	2	2	2	3	3	1	2	2	2	3	3	1	4	3	2	0	1	3	2	2	3	3	3	3	1	
0	4	3	3	2	2	4	1	3	2	2	3	2	1	3	3	2	3	3	3	3	2	0	3	3	1	3	2	3	4	2	
0	4	2	3	2	3	4	5	3	4	5	4	4	3	4	3	2	4	3	2	1	3	4	0	3	3	3	3	1	3	1	
0	4	3	3	2	4	2	3	4	4	4	4	3	3	1	4	3	3	2	3	1	3	2	1	0	3	1	4	2	1	2	
0	4	2	3	1	3	4	3	2	1	3	3	2	2	3	2	1	3	3	2	4	2	2	4	3	0	4	4	2	3	3	
0	3	4	3	2	3	1	3	3	4	3	4	2	3	3	4	3	3	2	2	3	3	2	2	4	3	0	4	2	1	3	
0	2	2	1	2	3	4	3	3	4	3	3	3	4	3	2	3	2	3	3	2	2	3	1	3	3	4	0	2	4	2	
0	4	3	3	1	3	3	4	2	3	4	4	3	4	3	2	3	3	3	2	4	3	4	3	4	2	2	2	0	3	1	
0	3	3	2	3	3	4	2	3	3	3	3	3	2	2	3	3	3	1	4	3	2	1	4	4	2	4	3	2	0	3	
0	6	5	5	3	4	5	4	4	5	4	4	3	4	4	2	5	4	5	4	4	3	4	4	3	4	4	5	4	4	0	
M7
0	0	0	0	0	0	0	0	0	0	0	0	0	0	0	0	0	0	0	0	0	0	0	0	0	0	0	0	0	0	0	
0	0	2	3	3	2	1	3	1	1	3	1	1	1	1	2	2	3	3	2	1	2	2	3	1	2	2	3	2	2	3	
0	4	0	3	1	2	3	2	2	2	3	3	2	1	3	4	3	3	2	3	3	3	3	4	3	2	3	3	3	4	3	
0	2	4	0	4	3	3	4	3	3	3	3	1	3	3	3	4	3	3	2	3	4	4	3	2	3	4	4	2	3	3	
0	3	3	2	0	3	3	1	1	3	3	2	3	2	4	4	3	2	2	2	2	4	3	3	3	1	2	3	3	4	3	
0	3	3	3	3	0	1	4	3	2	1	2	3	2	4	2	3	1	2	1	2	3	2	3	2	2	2	2	3	2	3	
0	4	3	4	3	1	0	4	2	2	2	3	3	2	4	2	3	2	2	1	3	3	1	3	1	2	2	3	2	3	3	
0	3	4	1	2	3	2	0	2	3	3	3	2	3	4	3	2	1	1	2	3	3	2	3	3	3	2	2	2	3	4	
0	4	3	3	3	2	3	3	0	2	3	3	2	1	3	3	3	2	2	1	1	3	2	2	3	2	2	3	3	3	3	
0	3	3	3	2	3	2	2	3	0	2	2	1	3	3	3	1	3	3	2	2	1	3	3	2	3	1	4	3	2	3	
0	2	2	2	3	3	3	3	2	1	0	1	2	3	3	1	2	3	2	3	1	2	3	3	3	4	2	2	3	2	4	
0	1	1	3	2	2	2	3	2	2	3	0	2	2	2	3	3	3	3	3	2	2	2	3	2	3	3	4	3	2	4	
0	4	4	3	3	3	4	3	2	3	3	3	0	2	2	3	4	2	2	1	3	4	3	3	1	2	3	3	2	3	2	
0	3	3	2	2	1	2	3	2	1	2	2	1	0	2	3	2	2	3	2	2	2	3	4	2	1	2	2	3	3	3	
0	2	2	3	3	2	3	3	1	3	2	2	2	2	0	1	4	3	2	2	1	3	3	2	3	2	3	2	1	1	4	
0	4	1	3	2	3	3	3	2	3	3	3	2	2	4	0	4	2	1	3	3	2	2	3	3	3	2	1	2	3	4	
0	3	3	3	4	3	2	2	2	2	1	2	2	3	3	2	0	3	3	3	2	1	2	2	3	3	3	3	2	1	4	
0	4	4	4	2	4	3	3	3	2	3	3	3	3	5	3	3	0	3	2	4	3	2	4	2	2	1	1	3	4	4	
0	3	3	2	1	2	3	2	1	2	2	2	2	2	4	2	3	3	0	2	2	3	1	2	2	2	1	3	1	2	3	
0	4	3	3	2	2	3	3	2	2	3	3	2	1	3	2	3	1	1	0	3	3	2	3	3	2	2	2	2	3	2	
0	3	3	3	2	4	4	2	3	4	4	2	4	3	3	2	3	3	3	4	0	4	4	4	4	3	3	2	4	3	3	
0	2	2	2	3	2	1	1	3	3	3	1	1	3	3	3	2	2	2	2	1	0	2	4	2	3	3	3	3	3	3	
0	3	3	3	2	2	3	3	3	2	1	2	2	3	4	2	3	3	3	2	2	3	0	2	2	3	1	3	1	2	2	
0	4	1	2	2	3	4	3	1	3	3	3	3	2	3	3	4	3	1	2	2	4	2	0	3	2	2	4	2	3	4	
0	3	3	4	3	2	3	4	1	3	2	2	2	2	4	2	4	3	3	2	2	4	3	2	0	1	2	3	1	2	4	
0	2	2	4	2	3	2	3	1	2	2	1	3	2	3	3	3	3	3	2	2	3	3	3	2	0	1	3	3	3	4	
0	4	3	3	1	3	3	2	2	1	3	3	2	2	4	2	2	2	2	1	3	2	2	3	1	2	0	3	2	3	3	
0	4	3	4	2	3	2	3	3	2	3	3	3	3	5	2	3	3	3	2	4	3	2	4	2	3	1	0	3	4	4	
0	2	2	3	3	1	2	4	2	2	1	1	1	3	3	1	3	2	2	2	2	3	3	1	2	3	3	2	0	1	3	
0	2	2	3	3	2	2	4	2	2	1	2	2	3	3	2	3	2	2	3	2	3	3	1	3	3	3	3	1	0	4	
0	3	3	1	2	3	2	3	2	3	2	2	2	3	4	3	3	2	1	3	1	4	2	3	3	1	2	3	2	3	0	
Tamanho_Tarefas
0	27	17	13	21	18	14	5	13	15	16	8	15	12	27	27	18	20	16	4	14	19	15	15	25	18	24	5	28	2	19	
Data_Entrega
0	33	32	34	29	33	30	32	31	29	29	31	34	33	29	30	34	32	29	35	34	35	31	32	31	33	32	30	29	31	31	
Penalidade_Atraso
0	16	7	13	20	19	12	15	17	1	8	16	9	6	1	4	3	19	14	16	10	1	9	17	8	11	16	7	4	10	19	
Capacidade_Veiculo
42	61	60	82	55	34	50	53	57	29	33	53	33	31	32	76	36	35	47	31	61	
Custo_Fixo_Veiculo
420	610	600	820	550	340	500	530	570	290	330	530	330	310	320	760	360	350	470	310	610	
Coordenadas_Clientes
x	0	y	0
x	17	y	0
x	23	y	5
x	15	y	6
x	12	y	8
x	12	y	14
x	11	y	19
x	5	y	17
x	1	y	18
x	-2	y	21
x	-4	y	15
x	-7	y	13
x	-10	y	12
x	-19	y	14
x	-15	y	6
x	-17	y	3
x	-25	y	0
x	-20	y	-4
x	-22	y	-10
x	-13	y	-9
x	-11	y	-12
x	-10	y	-18
x	-6	y	-20
x	-2	y	-20
x	2	y	-20
x	4	y	-14
x	12	y	-21
x	11	y	-12
x	18	y	-13
x	20	y	-9
x	19	y	-4
Tempo_Viagem
0	17	23	16	14	18	21	17	18	21	15	14	15	23	16	17	25	20	24	15	16	20	20	20	20	14	24	16	22	21	19	
17	0	7	6	9	14	19	20	23	27	25	27	29	38	32	34	42	37	40	31	30	32	30	27	25	19	21	13	13	9	4	
23	7	0	8	11	14	18	21	25	29	28	30	33	42	38	40	48	43	47	38	37	39	37	34	32	26	27	20	18	14	9	
16	6	8	0	3	8	13	14	17	21	20	22	25	34	30	32	40	36	40	31	31	34	33	30	28	22	27	18	19	15	10	
14	9	11	3	0	6	11	11	14	18	17	19	22	31	27	29	37	34	38	29	30	34	33	31	29	23	29	20	21	18	13	
18	14	14	8	6	0	5	7	11	15	16	19	22	31	28	31	39	36	41	33	34	38	38	36	35	29	35	26	27	23	18	
21	19	18	13	11	5	0	6	10	13	15	18	21	30	28	31	39	38	43	36	37	41	41	41	39	33	40	31	32	28	23	
17	20	21	14	11	7	6	0	4	8	9	12	15	24	22	25	33	32	38	31	33	37	37	37	37	31	38	29	32	29	24	
18	23	25	17	14	11	10	4	0	4	5	8	11	20	18	21	29	28	34	30	32	37	38	38	38	32	40	31	35	32	27	
21	27	29	21	18	15	13	8	4	0	6	9	12	18	19	22	30	29	35	31	33	39	41	41	41	35	44	35	39	36	31	
15	25	28	20	17	16	15	9	5	6	0	3	6	15	13	16	24	23	29	25	27	33	35	35	35	29	39	30	35	33	29	
14	27	30	22	19	19	18	12	8	9	3	0	3	12	10	13	21	20	26	22	25	31	33	33	34	28	38	30	36	34	31	
15	29	33	25	22	22	21	15	11	12	6	3	0	9	7	10	18	17	23	21	24	30	32	32	34	29	39	31	37	36	33	
23	38	42	34	31	31	30	24	20	18	15	12	9	0	8	11	15	18	24	23	26	32	35	37	39	35	45	39	45	44	42	
16	32	38	30	27	28	28	22	18	19	13	10	7	8	0	3	11	10	16	15	18	24	27	29	31	27	37	31	38	37	35	
17	34	40	32	29	31	31	25	21	22	16	13	10	11	3	0	8	7	13	12	15	21	24	27	29	27	37	31	38	38	36	
25	42	48	40	37	39	39	33	29	30	24	21	18	15	11	8	0	6	10	14	17	23	26	29	32	31	41	37	44	45	44	
20	37	43	36	34	36	38	32	28	29	23	20	17	18	10	7	6	0	6	8	11	17	20	23	26	25	35	32	39	40	39	
24	40	47	40	38	41	43	38	34	35	29	26	23	24	16	13	10	6	0	9	11	14	18	22	26	26	35	33	40	42	41	
15	31	38	31	29	33	36	31	30	31	25	22	21	23	15	12	14	8	9	0	3	9	12	15	18	17	27	24	31	33	32	
16	30	37	31	30	34	37	33	32	33	27	25	24	26	18	15	17	11	11	3	0	6	9	12	15	15	24	22	29	31	31	
20	32	39	34	34	38	41	37	37	39	33	31	30	32	24	21	23	17	14	9	6	0	4	8	12	14	22	21	28	30	32	
20	30	37	33	33	38	41	37	38	41	35	33	32	35	27	24	26	20	18	12	9	4	0	4	8	11	18	18	25	27	29	
20	27	34	30	31	36	41	37	38	41	35	33	32	37	29	27	29	23	22	15	12	8	4	0	4	8	14	15	21	24	26	
20	25	32	28	29	35	39	37	38	41	35	34	34	39	31	29	32	26	26	18	15	12	8	4	0	6	10	12	17	21	23	
14	19	26	22	23	29	33	31	32	35	29	28	29	35	27	27	31	25	26	17	15	14	11	8	6	0	10	7	14	16	18	
24	21	27	27	29	35	40	38	40	44	39	38	39	45	37	37	41	35	35	27	24	22	18	14	10	10	0	9	10	14	18	
16	13	20	18	20	26	31	29	31	35	30	30	31	39	31	31	37	32	33	24	22	21	18	15	12	7	9	0	7	9	11	
22	13	18	19	21	27	32	32	35	39	35	36	37	45	38	38	44	39	40	31	29	28	25	21	17	14	10	7	0	4	9	
21	9	14	15	18	23	28	29	32	36	33	34	36	44	37	38	45	40	42	33	31	30	27	24	21	16	14	9	4	0	5	
19	4	9	10	13	18	23	24	27	31	29	31	33	42	35	36	44	39	41	32	31	32	29	26	23	18	18	11	9	5	0	
Custo_Viagem
V0
0	142	193	134	117	151	176	142	151	176	126	117	126	193	134	142	210	168	201	126	134	168	168	168	168	117	201	134	184	176	159	
142	0	58	50	75	117	159	168	201	235	210	226	243	319	268	285	352	310	336	260	252	268	252	226	210	159	176	109	109	75	33	
193	58	0	67	92	117	151	176	210	243	235	260	277	352	319	336	403	361	394	319	319	336	319	294	268	218	235	168	151	117	75	
134	50	67	0	25	67	109	117	151	184	176	193	210	285	252	268	336	302	336	260	260	285	277	260	243	184	226	151	159	126	84	
117	75	92	25	0	50	92	92	117	159	142	159	184	260	226	243	310	285	319	252	252	285	277	260	243	193	243	168	176	151	109	
151	117	117	67	50	0	42	58	92	126	134	159	184	260	235	260	327	302	344	277	285	319	319	302	294	243	294	218	226	201	159	
176	159	151	109	92	42	0	50	84	109	126	151	184	252	243	268	336	319	361	302	319	352	352	344	336	277	336	260	268	243	201	
142	168	176	117	92	58	50	0	33	67	75	100	126	201	184	218	285	268	319	260	277	319	319	310	310	260	319	243	268	252	210	
151	201	210	151	117	92	84	33	0	33	42	75	100	168	168	193	260	252	302	252	268	310	319	319	319	268	336	260	294	277	235	
176	235	243	184	159	126	109	67	33	0	50	75	100	151	159	193	260	252	302	260	285	327	344	344	344	294	369	294	327	310	268	
126	210	235	176	142	134	126	75	42	50	0	25	50	126	117	142	210	201	252	210	226	277	294	294	294	252	327	252	294	277	243	
117	226	260	193	159	159	151	100	75	75	25	0	25	100	84	117	184	176	226	184	210	260	277	277	285	243	319	252	302	285	260	
126	243	277	210	184	184	184	126	100	100	50	25	0	75	58	92	159	151	210	176	201	252	268	268	285	243	327	260	310	302	277	
193	319	352	285	260	260	252	201	168	151	126	100	75	0	67	92	126	151	201	193	226	277	302	319	327	302	386	327	378	378	352	
134	268	319	252	226	235	243	184	168	159	117	84	58	67	0	25	92	92	142	126	151	201	226	243	260	226	319	260	319	319	294	
142	285	336	268	243	260	268	218	193	193	142	117	92	92	25	0	67	58	109	100	134	184	210	226	243	226	310	260	319	319	302	
210	352	403	336	310	327	336	285	260	260	210	184	159	126	92	67	0	50	84	126	151	193	226	252	277	268	352	310	369	378	369	
168	310	361	302	285	302	319	268	252	252	201	176	151	151	92	58	50	0	50	67	100	142	176	201	226	218	302	268	327	336	327	
201	336	394	336	319	344	361	319	302	302	252	226	210	201	142	109	84	50	0	75	92	117	151	184	218	218	294	277	336	352	344	
126	260	319	260	252	277	302	260	252	260	210	184	176	193	126	100	126	67	75	0	25	75	109	126	151	142	226	201	260	277	268	
134	252	319	260	252	285	319	277	268	285	226	210	201	226	151	134	151	100	92	25	0	50	75	100	126	126	201	184	243	260	260	
168	268	336	285	285	319	352	319	310	327	277	260	252	277	201	184	193	142	117	75	50	0	33	67	100	117	184	176	235	260	268	
168	252	319	277	277	319	352	319	319	344	294	277	268	302	226	210	226	176	151	109	75	33	0	33	67	92	151	151	210	235	243	
168	226	294	260	260	302	344	310	319	344	294	277	268	319	243	226	252	201	184	126	100	67	33	0	33	67	117	126	176	201	218	
168	210	268	243	243	294	336	310	319	344	294	285	285	327	260	243	277	226	218	151	126	100	67	33	0	50	84	100	142	176	193	
117	159	218	184	193	243	277	260	268	294	252	243	243	302	226	226	268	218	218	142	126	117	92	67	50	0	84	58	117	134	151	
201	176	235	226	243	294	336	319	336	369	327	319	327	386	319	310	352	302	294	226	201	184	151	117	84	84	0	75	84	117	151	
134	109	168	151	168	218	260	243	260	294	252	252	260	327	260	260	310	268	277	201	184	176	151	126	100	58	75	0	58	75	92	
184	109	151	159	176	226	268	268	294	327	294	302	310	378	319	319	369	327	336	260	243	235	210	176	142	117	84	58	0	33	75	
176	75	117	126	151	201	243	252	277	310	277	285	302	378	319	319	378	336	352	277	260	260	235	201	176	134	117	75	33	0	42	
159	33	75	84	109	159	201	210	235	268	243	260	277	352	294	302	369	327	344	268	260	268	243	218	193	151	151	92	75	42	0	
V1
0	207	280	195	170	219	256	207	219	256	183	170	183	280	195	207	305	244	292	183	195	244	244	244	244	170	292	195	268	256	231	
207	0	85	73	109	170	231	244	292	341	305	329	353	463	390	414	512	451	488	378	366	390	366	329	305	231	256	158	158	109	48	
280	85	0	97	134	170	219	256	305	353	341	378	402	512	463	488	585	524	573	463	463	488	463	427	390	317	341	244	219	170	109	
195	73	97	0	36	97	158	170	219	268	256	280	305	414	366	390	488	439	488	378	378	414	402	378	353	268	329	219	231	183	122	
170	109	134	36	0	73	134	134	170	231	207	231	268	378	329	353	451	414	463	366	366	414	402	378	353	280	353	244	256	219	158	
219	170	170	97	73	0	61	85	134	183	195	231	268	378	341	378	475	439	500	402	414	463	463	439	427	353	427	317	329	292	231	
256	231	219	158	134	61	0	73	122	158	183	219	268	366	353	390	488	463	524	439	463	512	512	500	488	402	488	378	390	353	292	
207	244	256	170	134	85	73	0	48	97	109	146	183	292	268	317	414	390	463	378	402	463	463	451	451	378	463	353	390	366	305	
219	292	305	219	170	134	122	48	0	48	61	109	146	244	244	280	378	366	439	366	390	451	463	463	463	390	488	378	427	402	341	
256	341	353	268	231	183	158	97	48	0	73	109	146	219	231	280	378	366	439	378	414	475	500	500	500	427	536	427	475	451	390	
183	305	341	256	207	195	183	109	61	73	0	36	73	183	170	207	305	292	366	305	329	402	427	427	427	366	475	366	427	402	353	
170	329	378	280	231	231	219	146	109	109	36	0	36	146	122	170	268	256	329	268	305	378	402	402	414	353	463	366	439	414	378	
183	353	402	305	268	268	268	183	146	146	73	36	0	109	85	134	231	219	305	256	292	366	390	390	414	353	475	378	451	439	402	
280	463	512	414	378	378	366	292	244	219	183	146	109	0	97	134	183	219	292	280	329	402	439	463	475	439	561	475	549	549	512	
195	390	463	366	329	341	353	268	244	231	170	122	85	97	0	36	134	134	207	183	219	292	329	353	378	329	463	378	463	463	427	
207	414	488	390	353	378	390	317	280	280	207	170	134	134	36	0	97	85	158	146	195	268	305	329	353	329	451	378	463	463	439	
305	512	585	488	451	475	488	414	378	378	305	268	231	183	134	97	0	73	122	183	219	280	329	366	402	390	512	451	536	549	536	
244	451	524	439	414	439	463	390	366	366	292	256	219	219	134	85	73	0	73	97	146	207	256	292	329	317	439	390	475	488	475	
292	488	573	488	463	500	524	463	439	439	366	329	305	292	207	158	122	73	0	109	134	170	219	268	317	317	427	402	488	512	500	
183	378	463	378	366	402	439	378	366	378	305	268	256	280	183	146	183	97	109	0	36	109	158	183	219	207	329	292	378	402	390	
195	366	463	378	366	414	463	402	390	414	329	305	292	329	219	195	219	146	134	36	0	73	109	146	183	183	292	268	353	378	378	
244	390	488	414	414	463	512	463	451	475	402	378	366	402	292	268	280	207	170	109	73	0	48	97	146	170	268	256	341	378	390	
244	366	463	402	402	463	512	463	463	500	427	402	390	439	329	305	329	256	219	158	109	48	0	48	97	134	219	219	305	341	353	
244	329	427	378	378	439	500	451	463	500	427	402	390	463	353	329	366	292	268	183	146	97	48	0	48	97	170	183	256	292	317	
244	305	390	353	353	427	488	451	463	500	427	414	414	475	378	353	402	329	317	219	183	146	97	48	0	73	122	146	207	256	280	
170	231	317	268	280	353	402	378	390	427	366	353	353	439	329	329	390	317	317	207	183	170	134	97	73	0	122	85	170	195	219	
292	256	341	329	353	427	488	463	488	536	475	463	475	561	463	451	512	439	427	329	292	268	219	170	122	122	0	109	122	170	219	
195	158	244	219	244	317	378	353	378	427	366	366	378	475	378	378	451	390	402	292	268	256	219	183	146	85	109	0	85	109	134	
268	158	219	231	256	329	390	390	427	475	427	439	451	549	463	463	536	475	488	378	353	341	305	256	207	170	122	85	0	48	109	
256	109	170	183	219	292	353	366	402	451	402	414	439	549	463	463	549	488	512	402	378	378	341	292	256	195	170	109	48	0	61	
231	48	109	122	158	231	292	305	341	390	353	378	402	512	427	439	536	475	500	390	378	390	353	317	280	219	219	134	109	61	0	
V2
0	204	276	192	168	216	252	204	216	252	180	168	180	276	192	204	300	240	288	180	192	240	240	240	240	168	288	192	264	252	228	
204	0	84	72	108	168	228	240	288	336	300	324	348	456	384	408	504	444	480	372	360	384	360	324	300	228	252	156	156	108	48	
276	84	0	96	132	168	216	252	300	348	336	372	396	504	456	480	576	516	564	456	456	480	456	420	384	312	336	240	216	168	108	
192	72	96	0	36	96	156	168	216	264	252	276	300	408	360	384	480	432	480	372	372	408	396	372	348	264	324	216	228	180	120	
168	108	132	36	0	72	132	132	168	228	204	228	264	372	324	348	444	408	456	360	360	408	396	372	348	276	348	240	252	216	156	
216	168	168	96	72	0	60	84	132	180	192	228	264	372	336	372	468	432	492	396	408	456	456	432	420	348	420	312	324	288	228	
252	228	216	156	132	60	0	72	120	156	180	216	264	360	348	384	480	456	516	432	456	504	504	492	480	396	480	372	384	348	288	
204	240	252	168	132	84	72	0	48	96	108	144	180	288	264	312	408	384	456	372	396	456	456	444	444	372	456	348	384	360	300	
216	288	300	216	168	132	120	48	0	48	60	108	144	240	240	276	372	360	432	360	384	444	456	456	456	384	480	372	420	396	336	
252	336	348	264	228	180	156	96	48	0	72	108	144	216	228	276	372	360	432	372	408	468	492	492	492	420	528	420	468	444	384	
180	300	336	252	204	192	180	108	60	72	0	36	72	180	168	204	300	288	360	300	324	396	420	420	420	360	468	360	420	396	348	
168	324	372	276	228	228	216	144	108	108	36	0	36	144	120	168	264	252	324	264	300	372	396	396	408	348	456	360	432	408	372	
180	348	396	300	264	264	264	180	144	144	72	36	0	108	84	132	228	216	300	252	288	360	384	384	408	348	468	372	444	432	396	
276	456	504	408	372	372	360	288	240	216	180	144	108	0	96	132	180	216	288	276	324	396	432	456	468	432	552	468	540	540	504	
192	384	456	360	324	336	348	264	240	228	168	120	84	96	0	36	132	132	204	180	216	288	324	348	372	324	456	372	456	456	420	
204	408	480	384	348	372	384	312	276	276	204	168	132	132	36	0	96	84	156	144	192	264	300	324	348	324	444	372	456	456	432	
300	504	576	480	444	468	480	408	372	372	300	264	228	180	132	96	0	72	120	180	216	276	324	360	396	384	504	444	528	540	528	
240	444	516	432	408	432	456	384	360	360	288	252	216	216	132	84	72	0	72	96	144	204	252	288	324	312	432	384	468	480	468	
288	480	564	480	456	492	516	456	432	432	360	324	300	288	204	156	120	72	0	108	132	168	216	264	312	312	420	396	480	504	492	
180	372	456	372	360	396	432	372	360	372	300	264	252	276	180	144	180	96	108	0	36	108	156	180	216	204	324	288	372	396	384	
192	360	456	372	360	408	456	396	384	408	324	300	288	324	216	192	216	144	132	36	0	72	108	144	180	180	288	264	348	372	372	
240	384	480	408	408	456	504	456	444	468	396	372	360	396	288	264	276	204	168	108	72	0	48	96	144	168	264	252	336	372	384	
240	360	456	396	396	456	504	456	456	492	420	396	384	432	324	300	324	252	216	156	108	48	0	48	96	132	216	216	300	336	348	
240	324	420	372	372	432	492	444	456	492	420	396	384	456	348	324	360	288	264	180	144	96	48	0	48	96	168	180	252	288	312	
240	300	384	348	348	420	480	444	456	492	420	408	408	468	372	348	396	324	312	216	180	144	96	48	0	72	120	144	204	252	276	
168	228	312	264	276	348	396	372	384	420	360	348	348	432	324	324	384	312	312	204	180	168	132	96	72	0	120	84	168	192	216	
288	252	336	324	348	420	480	456	480	528	468	456	468	552	456	444	504	432	420	324	288	264	216	168	120	120	0	108	120	168	216	
192	156	240	216	240	312	372	348	372	420	360	360	372	468	372	372	444	384	396	288	264	252	216	180	144	84	108	0	84	108	132	
264	156	216	228	252	324	384	384	420	468	420	432	444	540	456	456	528	468	480	372	348	336	300	252	204	168	120	84	0	48	108	
252	108	168	180	216	288	348	360	396	444	396	408	432	540	456	456	540	480	504	396	372	372	336	288	252	192	168	108	48	0	60	
228	48	108	120	156	228	288	300	336	384	348	372	396	504	420	432	528	468	492	384	372	384	348	312	276	216	216	132	108	60	0	
V3
0	278	377	262	229	295	344	278	295	344	246	229	246	377	262	278	410	328	393	246	262	328	328	328	328	229	393	262	360	344	311	
278	0	114	98	147	229	311	328	393	459	410	442	475	623	524	557	688	606	656	508	492	524	492	442	410	311	344	213	213	147	65	
377	114	0	131	180	229	295	344	410	475	459	508	541	688	623	656	787	705	770	623	623	656	623	574	524	426	459	328	295	229	147	
262	98	131	0	49	131	213	229	295	360	344	377	410	557	492	524	656	590	656	508	508	557	541	508	475	360	442	295	311	246	164	
229	147	180	49	0	98	180	180	229	311	278	311	360	508	442	475	606	557	623	492	492	557	541	508	475	377	475	328	344	295	213	
295	229	229	131	98	0	82	114	180	246	262	311	360	508	459	508	639	590	672	541	557	623	623	590	574	475	574	426	442	393	311	
344	311	295	213	180	82	0	98	164	213	246	295	360	492	475	524	656	623	705	590	623	688	688	672	656	541	656	508	524	475	393	
278	328	344	229	180	114	98	0	65	131	147	196	246	393	360	426	557	524	623	508	541	623	623	606	606	508	623	475	524	492	410	
295	393	410	295	229	180	164	65	0	65	82	147	196	328	328	377	508	492	590	492	524	606	623	623	623	524	656	508	574	541	459	
344	459	475	360	311	246	213	131	65	0	98	147	196	295	311	377	508	492	590	508	557	639	672	672	672	574	721	574	639	606	524	
246	410	459	344	278	262	246	147	82	98	0	49	98	246	229	278	410	393	492	410	442	541	574	574	574	492	639	492	574	541	475	
229	442	508	377	311	311	295	196	147	147	49	0	49	196	164	229	360	344	442	360	410	508	541	541	557	475	623	492	590	557	508	
246	475	541	410	360	360	360	246	196	196	98	49	0	147	114	180	311	295	410	344	393	492	524	524	557	475	639	508	606	590	541	
377	623	688	557	508	508	492	393	328	295	246	196	147	0	131	180	246	295	393	377	442	541	590	623	639	590	754	639	738	738	688	
262	524	623	492	442	459	475	360	328	311	229	164	114	131	0	49	180	180	278	246	295	393	442	475	508	442	623	508	623	623	574	
278	557	656	524	475	508	524	426	377	377	278	229	180	180	49	0	131	114	213	196	262	360	410	442	475	442	606	508	623	623	590	
410	688	787	656	606	639	656	557	508	508	410	360	311	246	180	131	0	98	164	246	295	377	442	492	541	524	688	606	721	738	721	
328	606	705	590	557	590	623	524	492	492	393	344	295	295	180	114	98	0	98	131	196	278	344	393	442	426	590	524	639	656	639	
393	656	770	656	623	672	705	623	590	590	492	442	410	393	278	213	164	98	0	147	180	229	295	360	426	426	574	541	656	688	672	
246	508	623	508	492	541	590	508	492	508	410	360	344	377	246	196	246	131	147	0	49	147	213	246	295	278	442	393	508	541	524	
262	492	623	508	492	557	623	541	524	557	442	410	393	442	295	262	295	196	180	49	0	98	147	196	246	246	393	360	475	508	508	
328	524	656	557	557	623	688	623	606	639	541	508	492	541	393	360	377	278	229	147	98	0	65	131	196	229	360	344	459	508	524	
328	492	623	541	541	623	688	623	623	672	574	541	524	590	442	410	442	344	295	213	147	65	0	65	131	180	295	295	410	459	475	
328	442	574	508	508	590	672	606	623	672	574	541	524	623	475	442	492	393	360	246	196	131	65	0	65	131	229	246	344	393	426	
328	410	524	475	475	574	656	606	623	672	574	557	557	639	508	475	541	442	426	295	246	196	131	65	0	98	164	196	278	344	377	
229	311	426	360	377	475	541	508	524	574	492	475	475	590	442	442	524	426	426	278	246	229	180	131	98	0	164	114	229	262	295	
393	344	459	442	475	574	656	623	656	721	639	623	639	754	623	606	688	590	574	442	393	360	295	229	164	164	0	147	164	229	295	
262	213	328	295	328	426	508	475	508	574	492	492	508	639	508	508	606	524	541	393	360	344	295	246	196	114	147	0	114	147	180	
360	213	295	311	344	442	524	524	574	639	574	590	606	738	623	623	721	639	656	508	475	459	410	344	278	229	164	114	0	65	147	
344	147	229	246	295	393	475	492	541	606	541	557	590	738	623	623	738	656	688	541	508	508	459	393	344	262	229	147	65	0	82	
311	65	147	164	213	311	393	410	459	524	475	508	541	688	574	590	721	639	672	524	508	524	475	426	377	295	295	180	147	82	0	
V4
0	187	253	176	154	198	231	187	198	231	165	154	165	253	176	187	275	220	264	165	176	220	220	220	220	154	264	176	242	231	209	
187	0	77	66	99	154	209	220	264	308	275	297	319	418	352	374	462	407	440	341	330	352	330	297	275	209	231	143	143	99	44	
253	77	0	88	121	154	198	231	275	319	308	341	363	462	418	440	528	473	517	418	418	440	418	385	352	286	308	220	198	154	99	
176	66	88	0	33	88	143	154	198	242	231	253	275	374	330	352	440	396	440	341	341	374	363	341	319	242	297	198	209	165	110	
154	99	121	33	0	66	121	121	154	209	187	209	242	341	297	319	407	374	418	330	330	374	363	341	319	253	319	220	231	198	143	
198	154	154	88	66	0	55	77	121	165	176	209	242	341	308	341	429	396	451	363	374	418	418	396	385	319	385	286	297	264	209	
231	209	198	143	121	55	0	66	110	143	165	198	242	330	319	352	440	418	473	396	418	462	462	451	440	363	440	341	352	319	264	
187	220	231	154	121	77	66	0	44	88	99	132	165	264	242	286	374	352	418	341	363	418	418	407	407	341	418	319	352	330	275	
198	264	275	198	154	121	110	44	0	44	55	99	132	220	220	253	341	330	396	330	352	407	418	418	418	352	440	341	385	363	308	
231	308	319	242	209	165	143	88	44	0	66	99	132	198	209	253	341	330	396	341	374	429	451	451	451	385	484	385	429	407	352	
165	275	308	231	187	176	165	99	55	66	0	33	66	165	154	187	275	264	330	275	297	363	385	385	385	330	429	330	385	363	319	
154	297	341	253	209	209	198	132	99	99	33	0	33	132	110	154	242	231	297	242	275	341	363	363	374	319	418	330	396	374	341	
165	319	363	275	242	242	242	165	132	132	66	33	0	99	77	121	209	198	275	231	264	330	352	352	374	319	429	341	407	396	363	
253	418	462	374	341	341	330	264	220	198	165	132	99	0	88	121	165	198	264	253	297	363	396	418	429	396	506	429	495	495	462	
176	352	418	330	297	308	319	242	220	209	154	110	77	88	0	33	121	121	187	165	198	264	297	319	341	297	418	341	418	418	385	
187	374	440	352	319	341	352	286	253	253	187	154	121	121	33	0	88	77	143	132	176	242	275	297	319	297	407	341	418	418	396	
275	462	528	440	407	429	440	374	341	341	275	242	209	165	121	88	0	66	110	165	198	253	297	330	363	352	462	407	484	495	484	
220	407	473	396	374	396	418	352	330	330	264	231	198	198	121	77	66	0	66	88	132	187	231	264	297	286	396	352	429	440	429	
264	440	517	440	418	451	473	418	396	396	330	297	275	264	187	143	110	66	0	99	121	154	198	242	286	286	385	363	440	462	451	
165	341	418	341	330	363	396	341	330	341	275	242	231	253	165	132	165	88	99	0	33	99	143	165	198	187	297	264	341	363	352	
176	330	418	341	330	374	418	363	352	374	297	275	264	297	198	176	198	132	121	33	0	66	99	132	165	165	264	242	319	341	341	
220	352	440	374	374	418	462	418	407	429	363	341	330	363	264	242	253	187	154	99	66	0	44	88	132	154	242	231	308	341	352	
220	330	418	363	363	418	462	418	418	451	385	363	352	396	297	275	297	231	198	143	99	44	0	44	88	121	198	198	275	308	319	
220	297	385	341	341	396	451	407	418	451	385	363	352	418	319	297	330	264	242	165	132	88	44	0	44	88	154	165	231	264	286	
220	275	352	319	319	385	440	407	418	451	385	374	374	429	341	319	363	297	286	198	165	132	88	44	0	66	110	132	187	231	253	
154	209	286	242	253	319	363	341	352	385	330	319	319	396	297	297	352	286	286	187	165	154	121	88	66	0	110	77	154	176	198	
264	231	308	297	319	385	440	418	440	484	429	418	429	506	418	407	462	396	385	297	264	242	198	154	110	110	0	99	110	154	198	
176	143	220	198	220	286	341	319	341	385	330	330	341	429	341	341	407	352	363	264	242	231	198	165	132	77	99	0	77	99	121	
242	143	198	209	231	297	352	352	385	429	385	396	407	495	418	418	484	429	440	341	319	308	275	231	187	154	110	77	0	44	99	
231	99	154	165	198	264	319	330	363	407	363	374	396	495	418	418	495	440	462	363	341	341	308	264	231	176	154	99	44	0	55	
209	44	99	110	143	209	264	275	308	352	319	341	363	462	385	396	484	429	451	352	341	352	319	286	253	198	198	121	99	55	0	
V5
0	115	156	108	95	122	142	115	122	142	102	95	102	156	108	115	170	136	163	102	108	136	136	136	136	95	163	108	149	142	129	
115	0	47	40	61	95	129	136	163	190	170	183	197	258	217	231	285	251	272	210	204	217	204	183	170	129	142	88	88	61	27	
156	47	0	54	74	95	122	142	170	197	190	210	224	285	258	272	326	292	319	258	258	272	258	238	217	176	190	136	122	95	61	
108	40	54	0	20	54	88	95	122	149	142	156	170	231	204	217	272	244	272	210	210	231	224	210	197	149	183	122	129	102	68	
95	61	74	20	0	40	74	74	95	129	115	129	149	210	183	197	251	231	258	204	204	231	224	210	197	156	197	136	142	122	88	
122	95	95	54	40	0	34	47	74	102	108	129	149	210	190	210	265	244	278	224	231	258	258	244	238	197	238	176	183	163	129	
142	129	122	88	74	34	0	40	68	88	102	122	149	204	197	217	272	258	292	244	258	285	285	278	272	224	272	210	217	197	163	
115	136	142	95	74	47	40	0	27	54	61	81	102	163	149	176	231	217	258	210	224	258	258	251	251	210	258	197	217	204	170	
122	163	170	122	95	74	68	27	0	27	34	61	81	136	136	156	210	204	244	204	217	251	258	258	258	217	272	210	238	224	190	
142	190	197	149	129	102	88	54	27	0	40	61	81	122	129	156	210	204	244	210	231	265	278	278	278	238	299	238	265	251	217	
102	170	190	142	115	108	102	61	34	40	0	20	40	102	95	115	170	163	204	170	183	224	238	238	238	204	265	204	238	224	197	
95	183	210	156	129	129	122	81	61	61	20	0	20	81	68	95	149	142	183	149	170	210	224	224	231	197	258	204	244	231	210	
102	197	224	170	149	149	149	102	81	81	40	20	0	61	47	74	129	122	170	142	163	204	217	217	231	197	265	210	251	244	224	
156	258	285	231	210	210	204	163	136	122	102	81	61	0	54	74	102	122	163	156	183	224	244	258	265	244	312	265	306	306	285	
108	217	258	204	183	190	197	149	136	129	95	68	47	54	0	20	74	74	115	102	122	163	183	197	210	183	258	210	258	258	238	
115	231	272	217	197	210	217	176	156	156	115	95	74	74	20	0	54	47	88	81	108	149	170	183	197	183	251	210	258	258	244	
170	285	326	272	251	265	272	231	210	210	170	149	129	102	74	54	0	40	68	102	122	156	183	204	224	217	285	251	299	306	299	
136	251	292	244	231	244	258	217	204	204	163	142	122	122	74	47	40	0	40	54	81	115	142	163	183	176	244	217	265	272	265	
163	272	319	272	258	278	292	258	244	244	204	183	170	163	115	88	68	40	0	61	74	95	122	149	176	176	238	224	272	285	278	
102	210	258	210	204	224	244	210	204	210	170	149	142	156	102	81	102	54	61	0	20	61	88	102	122	115	183	163	210	224	217	
108	204	258	210	204	231	258	224	217	231	183	170	163	183	122	108	122	81	74	20	0	40	61	81	102	102	163	149	197	210	210	
136	217	272	231	231	258	285	258	251	265	224	210	204	224	163	149	156	115	95	61	40	0	27	54	81	95	149	142	190	210	217	
136	204	258	224	224	258	285	258	258	278	238	224	217	244	183	170	183	142	122	88	61	27	0	27	54	74	122	122	170	190	197	
136	183	238	210	210	244	278	251	258	278	238	224	217	258	197	183	204	163	149	102	81	54	27	0	27	54	95	102	142	163	176	
136	170	217	197	197	238	272	251	258	278	238	231	231	265	210	197	224	183	176	122	102	81	54	27	0	40	68	81	115	142	156	
95	129	176	149	156	197	224	210	217	238	204	197	197	244	183	183	217	176	176	115	102	95	74	54	40	0	68	47	95	108	122	
163	142	190	183	197	238	272	258	272	299	265	258	265	312	258	251	285	244	238	183	163	149	122	95	68	68	0	61	68	95	122	
108	88	136	122	136	176	210	197	210	238	204	204	210	265	210	210	251	217	224	163	149	142	122	102	81	47	61	0	47	61	74	
149	88	122	129	142	183	217	217	238	265	238	244	251	306	258	258	299	265	272	210	197	190	170	142	115	95	68	47	0	27	61	
142	61	95	102	122	163	197	204	224	251	224	231	244	306	258	258	306	272	285	224	210	210	190	163	142	108	95	61	27	0	34	
129	27	61	68	88	129	163	170	190	217	197	210	224	285	238	244	299	265	278	217	210	217	197	176	156	122	122	74	61	34	0	
V6
0	170	230	160	140	180	210	170	180	210	150	140	150	230	160	170	250	200	240	150	160	200	200	200	200	140	240	160	220	210	190	
170	0	70	60	90	140	190	200	240	280	250	270	290	380	320	340	420	370	400	310	300	320	300	270	250	190	210	130	130	90	40	
230	70	0	80	110	140	180	210	250	290	280	310	330	420	380	400	480	430	470	380	380	400	380	350	320	260	280	200	180	140	90	
160	60	80	0	30	80	130	140	180	220	210	230	250	340	300	320	400	360	400	310	310	340	330	310	290	220	270	180	190	150	100	
140	90	110	30	0	60	110	110	140	190	170	190	220	310	270	290	370	340	380	300	300	340	330	310	290	230	290	200	210	180	130	
180	140	140	80	60	0	50	70	110	150	160	190	220	310	280	310	390	360	410	330	340	380	380	360	350	290	350	260	270	240	190	
210	190	180	130	110	50	0	60	100	130	150	180	220	300	290	320	400	380	430	360	380	420	420	410	400	330	400	310	320	290	240	
170	200	210	140	110	70	60	0	40	80	90	120	150	240	220	260	340	320	380	310	330	380	380	370	370	310	380	290	320	300	250	
180	240	250	180	140	110	100	40	0	40	50	90	120	200	200	230	310	300	360	300	320	370	380	380	380	320	400	310	350	330	280	
210	280	290	220	190	150	130	80	40	0	60	90	120	180	190	230	310	300	360	310	340	390	410	410	410	350	440	350	390	370	320	
150	250	280	210	170	160	150	90	50	60	0	30	60	150	140	170	250	240	300	250	270	330	350	350	350	300	390	300	350	330	290	
140	270	310	230	190	190	180	120	90	90	30	0	30	120	100	140	220	210	270	220	250	310	330	330	340	290	380	300	360	340	310	
150	290	330	250	220	220	220	150	120	120	60	30	0	90	70	110	190	180	250	210	240	300	320	320	340	290	390	310	370	360	330	
230	380	420	340	310	310	300	240	200	180	150	120	90	0	80	110	150	180	240	230	270	330	360	380	390	360	460	390	450	450	420	
160	320	380	300	270	280	290	220	200	190	140	100	70	80	0	30	110	110	170	150	180	240	270	290	310	270	380	310	380	380	350	
170	340	400	320	290	310	320	260	230	230	170	140	110	110	30	0	80	70	130	120	160	220	250	270	290	270	370	310	380	380	360	
250	420	480	400	370	390	400	340	310	310	250	220	190	150	110	80	0	60	100	150	180	230	270	300	330	320	420	370	440	450	440	
200	370	430	360	340	360	380	320	300	300	240	210	180	180	110	70	60	0	60	80	120	170	210	240	270	260	360	320	390	400	390	
240	400	470	400	380	410	430	380	360	360	300	270	250	240	170	130	100	60	0	90	110	140	180	220	260	260	350	330	400	420	410	
150	310	380	310	300	330	360	310	300	310	250	220	210	230	150	120	150	80	90	0	30	90	130	150	180	170	270	240	310	330	320	
160	300	380	310	300	340	380	330	320	340	270	250	240	270	180	160	180	120	110	30	0	60	90	120	150	150	240	220	290	310	310	
200	320	400	340	340	380	420	380	370	390	330	310	300	330	240	220	230	170	140	90	60	0	40	80	120	140	220	210	280	310	320	
200	300	380	330	330	380	420	380	380	410	350	330	320	360	270	250	270	210	180	130	90	40	0	40	80	110	180	180	250	280	290	
200	270	350	310	310	360	410	370	380	410	350	330	320	380	290	270	300	240	220	150	120	80	40	0	40	80	140	150	210	240	260	
200	250	320	290	290	350	400	370	380	410	350	340	340	390	310	290	330	270	260	180	150	120	80	40	0	60	100	120	170	210	230	
140	190	260	220	230	290	330	310	320	350	300	290	290	360	270	270	320	260	260	170	150	140	110	80	60	0	100	70	140	160	180	
240	210	280	270	290	350	400	380	400	440	390	380	390	460	380	370	420	360	350	270	240	220	180	140	100	100	0	90	100	140	180	
160	130	200	180	200	260	310	290	310	350	300	300	310	390	310	310	370	320	330	240	220	210	180	150	120	70	90	0	70	90	110	
220	130	180	190	210	270	320	320	350	390	350	360	370	450	380	380	440	390	400	310	290	280	250	210	170	140	100	70	0	40	90	
210	90	140	150	180	240	290	300	330	370	330	340	360	450	380	380	450	400	420	330	310	310	280	240	210	160	140	90	40	0	50	
190	40	90	100	130	190	240	250	280	320	290	310	330	420	350	360	440	390	410	320	310	320	290	260	230	180	180	110	90	50	0	
V7
0	180	243	169	148	190	222	180	190	222	159	148	159	243	169	180	265	212	254	159	169	212	212	212	212	148	254	169	233	222	201	
180	0	74	63	95	148	201	212	254	296	265	286	307	402	339	360	445	392	424	328	318	339	318	286	265	201	222	137	137	95	42	
243	74	0	84	116	148	190	222	265	307	296	328	349	445	402	424	508	455	498	402	402	424	402	371	339	275	296	212	190	148	95	
169	63	84	0	31	84	137	148	190	233	222	243	265	360	318	339	424	381	424	328	328	360	349	328	307	233	286	190	201	159	106	
148	95	116	31	0	63	116	116	148	201	180	201	233	328	286	307	392	360	402	318	318	360	349	328	307	243	307	212	222	190	137	
190	148	148	84	63	0	53	74	116	159	169	201	233	328	296	328	413	381	434	349	360	402	402	381	371	307	371	275	286	254	201	
222	201	190	137	116	53	0	63	106	137	159	190	233	318	307	339	424	402	455	381	402	445	445	434	424	349	424	328	339	307	254	
180	212	222	148	116	74	63	0	42	84	95	127	159	254	233	275	360	339	402	328	349	402	402	392	392	328	402	307	339	318	265	
190	254	265	190	148	116	106	42	0	42	53	95	127	212	212	243	328	318	381	318	339	392	402	402	402	339	424	328	371	349	296	
222	296	307	233	201	159	137	84	42	0	63	95	127	190	201	243	328	318	381	328	360	413	434	434	434	371	466	371	413	392	339	
159	265	296	222	180	169	159	95	53	63	0	31	63	159	148	180	265	254	318	265	286	349	371	371	371	318	413	318	371	349	307	
148	286	328	243	201	201	190	127	95	95	31	0	31	127	106	148	233	222	286	233	265	328	349	349	360	307	402	318	381	360	328	
159	307	349	265	233	233	233	159	127	127	63	31	0	95	74	116	201	190	265	222	254	318	339	339	360	307	413	328	392	381	349	
243	402	445	360	328	328	318	254	212	190	159	127	95	0	84	116	159	190	254	243	286	349	381	402	413	381	487	413	477	477	445	
169	339	402	318	286	296	307	233	212	201	148	106	74	84	0	31	116	116	180	159	190	254	286	307	328	286	402	328	402	402	371	
180	360	424	339	307	328	339	275	243	243	180	148	116	116	31	0	84	74	137	127	169	233	265	286	307	286	392	328	402	402	381	
265	445	508	424	392	413	424	360	328	328	265	233	201	159	116	84	0	63	106	159	190	243	286	318	349	339	445	392	466	477	466	
212	392	455	381	360	381	402	339	318	318	254	222	190	190	116	74	63	0	63	84	127	180	222	254	286	275	381	339	413	424	413	
254	424	498	424	402	434	455	402	381	381	318	286	265	254	180	137	106	63	0	95	116	148	190	233	275	275	371	349	424	445	434	
159	328	402	328	318	349	381	328	318	328	265	233	222	243	159	127	159	84	95	0	31	95	137	159	190	180	286	254	328	349	339	
169	318	402	328	318	360	402	349	339	360	286	265	254	286	190	169	190	127	116	31	0	63	95	127	159	159	254	233	307	328	328	
212	339	424	360	360	402	445	402	392	413	349	328	318	349	254	233	243	180	148	95	63	0	42	84	127	148	233	222	296	328	339	
212	318	402	349	349	402	445	402	402	434	371	349	339	381	286	265	286	222	190	137	95	42	0	42	84	116	190	190	265	296	307	
212	286	371	328	328	381	434	392	402	434	371	349	339	402	307	286	318	254	233	159	127	84	42	0	42	84	148	159	222	254	275	
212	265	339	307	307	371	424	392	402	434	371	360	360	413	328	307	349	286	275	190	159	127	84	42	0	63	106	127	180	222	243	
148	201	275	233	243	307	349	328	339	371	318	307	307	381	286	286	339	275	275	180	159	148	116	84	63	0	106	74	148	169	190	
254	222	296	286	307	371	424	402	424	466	413	402	413	487	402	392	445	381	371	286	254	233	190	148	106	106	0	95	106	148	190	
169	137	212	190	212	275	328	307	328	371	318	318	328	413	328	328	392	339	349	254	233	222	190	159	127	74	95	0	74	95	116	
233	137	190	201	222	286	339	339	371	413	371	381	392	477	402	402	466	413	424	328	307	296	265	222	180	148	106	74	0	42	95	
222	95	148	159	190	254	307	318	349	392	349	360	381	477	402	402	477	424	445	349	328	328	296	254	222	169	148	95	42	0	53	
201	42	95	106	137	201	254	265	296	339	307	328	349	445	371	381	466	413	434	339	328	339	307	275	243	190	190	116	95	53	0	
V8
0	193	262	182	159	205	239	193	205	239	171	159	171	262	182	193	285	228	273	171	182	228	228	228	228	159	273	182	250	239	216	
193	0	79	68	102	159	216	228	273	319	285	307	330	433	364	387	478	421	456	353	342	364	342	307	285	216	239	148	148	102	45	
262	79	0	91	125	159	205	239	285	330	319	353	376	478	433	456	547	490	535	433	433	456	433	399	364	296	319	228	205	159	102	
182	68	91	0	34	91	148	159	205	250	239	262	285	387	342	364	456	410	456	353	353	387	376	353	330	250	307	205	216	171	114	
159	102	125	34	0	68	125	125	159	216	193	216	250	353	307	330	421	387	433	342	342	387	376	353	330	262	330	228	239	205	148	
205	159	159	91	68	0	57	79	125	171	182	216	250	353	319	353	444	410	467	376	387	433	433	410	399	330	399	296	307	273	216	
239	216	205	148	125	57	0	68	114	148	171	205	250	342	330	364	456	433	490	410	433	478	478	467	456	376	456	353	364	330	273	
193	228	239	159	125	79	68	0	45	91	102	136	171	273	250	296	387	364	433	353	376	433	433	421	421	353	433	330	364	342	285	
205	273	285	205	159	125	114	45	0	45	57	102	136	228	228	262	353	342	410	342	364	421	433	433	433	364	456	353	399	376	319	
239	319	330	250	216	171	148	91	45	0	68	102	136	205	216	262	353	342	410	353	387	444	467	467	467	399	501	399	444	421	364	
171	285	319	239	193	182	171	102	57	68	0	34	68	171	159	193	285	273	342	285	307	376	399	399	399	342	444	342	399	376	330	
159	307	353	262	216	216	205	136	102	102	34	0	34	136	114	159	250	239	307	250	285	353	376	376	387	330	433	342	410	387	353	
171	330	376	285	250	250	250	171	136	136	68	34	0	102	79	125	216	205	285	239	273	342	364	364	387	330	444	353	421	410	376	
262	433	478	387	353	353	342	273	228	205	171	136	102	0	91	125	171	205	273	262	307	376	410	433	444	410	524	444	513	513	478	
182	364	433	342	307	319	330	250	228	216	159	114	79	91	0	34	125	125	193	171	205	273	307	330	353	307	433	353	433	433	399	
193	387	456	364	330	353	364	296	262	262	193	159	125	125	34	0	91	79	148	136	182	250	285	307	330	307	421	353	433	433	410	
285	478	547	456	421	444	456	387	353	353	285	250	216	171	125	91	0	68	114	171	205	262	307	342	376	364	478	421	501	513	501	
228	421	490	410	387	410	433	364	342	342	273	239	205	205	125	79	68	0	68	91	136	193	239	273	307	296	410	364	444	456	444	
273	456	535	456	433	467	490	433	410	410	342	307	285	273	193	148	114	68	0	102	125	159	205	250	296	296	399	376	456	478	467	
171	353	433	353	342	376	410	353	342	353	285	250	239	262	171	136	171	91	102	0	34	102	148	171	205	193	307	273	353	376	364	
182	342	433	353	342	387	433	376	364	387	307	285	273	307	205	182	205	136	125	34	0	68	102	136	171	171	273	250	330	353	353	
228	364	456	387	387	433	478	433	421	444	376	353	342	376	273	250	262	193	159	102	68	0	45	91	136	159	250	239	319	353	364	
228	342	433	376	376	433	478	433	433	467	399	376	364	410	307	285	307	239	205	148	102	45	0	45	91	125	205	205	285	319	330	
228	307	399	353	353	410	467	421	433	467	399	376	364	433	330	307	342	273	250	171	136	91	45	0	45	91	159	171	239	273	296	
228	285	364	330	330	399	456	421	433	467	399	387	387	444	353	330	376	307	296	205	171	136	91	45	0	68	114	136	193	239	262	
159	216	296	250	262	330	376	353	364	399	342	330	330	410	307	307	364	296	296	193	171	159	125	91	68	0	114	79	159	182	205	
273	239	319	307	330	399	456	433	456	501	444	433	444	524	433	421	478	410	399	307	273	250	205	159	114	114	0	102	114	159	205	
182	148	228	205	228	296	353	330	353	399	342	342	353	444	353	353	421	364	376	273	250	239	205	171	136	79	102	0	79	102	125	
250	148	205	216	239	307	364	364	399	444	399	410	421	513	433	433	501	444	456	353	330	319	285	239	193	159	114	79	0	45	102	
239	102	159	171	205	273	330	342	376	421	376	387	410	513	433	433	513	456	478	376	353	353	319	273	239	182	159	102	45	0	57	
216	45	102	114	148	216	273	285	319	364	330	353	376	478	399	410	501	444	467	364	353	364	330	296	262	205	205	125	102	57	0	
V9
0	98	133	92	81	104	121	98	104	121	87	81	87	133	92	98	145	116	139	87	92	116	116	116	116	81	139	92	127	121	110	
98	0	40	34	52	81	110	116	139	162	145	156	168	220	185	197	243	214	232	179	174	185	174	156	145	110	121	75	75	52	23	
133	40	0	46	63	81	104	121	145	168	162	179	191	243	220	232	278	249	272	220	220	232	220	203	185	150	162	116	104	81	52	
92	34	46	0	17	46	75	81	104	127	121	133	145	197	174	185	232	208	232	179	179	197	191	179	168	127	156	104	110	87	58	
81	52	63	17	0	34	63	63	81	110	98	110	127	179	156	168	214	197	220	174	174	197	191	179	168	133	168	116	121	104	75	
104	81	81	46	34	0	29	40	63	87	92	110	127	179	162	179	226	208	237	191	197	220	220	208	203	168	203	150	156	139	110	
121	110	104	75	63	29	0	34	58	75	87	104	127	174	168	185	232	220	249	208	220	243	243	237	232	191	232	179	185	168	139	
98	116	121	81	63	40	34	0	23	46	52	69	87	139	127	150	197	185	220	179	191	220	220	214	214	179	220	168	185	174	145	
104	139	145	104	81	63	58	23	0	23	29	52	69	116	116	133	179	174	208	174	185	214	220	220	220	185	232	179	203	191	162	
121	162	168	127	110	87	75	46	23	0	34	52	69	104	110	133	179	174	208	179	197	226	237	237	237	203	255	203	226	214	185	
87	145	162	121	98	92	87	52	29	34	0	17	34	87	81	98	145	139	174	145	156	191	203	203	203	174	226	174	203	191	168	
81	156	179	133	110	110	104	69	52	52	17	0	17	69	58	81	127	121	156	127	145	179	191	191	197	168	220	174	208	197	179	
87	168	191	145	127	127	127	87	69	69	34	17	0	52	40	63	110	104	145	121	139	174	185	185	197	168	226	179	214	208	191	
133	220	243	197	179	179	174	139	116	104	87	69	52	0	46	63	87	104	139	133	156	191	208	220	226	208	266	226	261	261	243	
92	185	220	174	156	162	168	127	116	110	81	58	40	46	0	17	63	63	98	87	104	139	156	168	179	156	220	179	220	220	203	
98	197	232	185	168	179	185	150	133	133	98	81	63	63	17	0	46	40	75	69	92	127	145	156	168	156	214	179	220	220	208	
145	243	278	232	214	226	232	197	179	179	145	127	110	87	63	46	0	34	58	87	104	133	156	174	191	185	243	214	255	261	255	
116	214	249	208	197	208	220	185	174	174	139	121	104	104	63	40	34	0	34	46	69	98	121	139	156	150	208	185	226	232	226	
139	232	272	232	220	237	249	220	208	208	174	156	145	139	98	75	58	34	0	52	63	81	104	127	150	150	203	191	232	243	237	
87	179	220	179	174	191	208	179	174	179	145	127	121	133	87	69	87	46	52	0	17	52	75	87	104	98	156	139	179	191	185	
92	174	220	179	174	197	220	191	185	197	156	145	139	156	104	92	104	69	63	17	0	34	52	69	87	87	139	127	168	179	179	
116	185	232	197	197	220	243	220	214	226	191	179	174	191	139	127	133	98	81	52	34	0	23	46	69	81	127	121	162	179	185	
116	174	220	191	191	220	243	220	220	237	203	191	185	208	156	145	156	121	104	75	52	23	0	23	46	63	104	104	145	162	168	
116	156	203	179	179	208	237	214	220	237	203	191	185	220	168	156	174	139	127	87	69	46	23	0	23	46	81	87	121	139	150	
116	145	185	168	168	203	232	214	220	237	203	197	197	226	179	168	191	156	150	104	87	69	46	23	0	34	58	69	98	121	133	
81	110	150	127	133	168	191	179	185	203	174	168	168	208	156	156	185	150	150	98	87	81	63	46	34	0	58	40	81	92	104	
139	121	162	156	168	203	232	220	232	255	226	220	226	266	220	214	243	208	203	156	139	127	104	81	58	58	0	52	58	81	104	
92	75	116	104	116	150	179	168	179	203	174	174	179	226	179	179	214	185	191	139	127	121	104	87	69	40	52	0	40	52	63	
127	75	104	110	121	156	185	185	203	226	203	208	214	261	220	220	255	226	232	179	168	162	145	121	98	81	58	40	0	23	52	
121	52	81	87	104	139	168	174	191	214	191	197	208	261	220	220	261	232	243	191	179	179	162	139	121	92	81	52	23	0	29	
110	23	52	58	75	110	139	145	162	185	168	179	191	243	203	208	255	226	237	185	179	185	168	150	133	104	104	63	52	29	0	
V10
0	112	151	105	92	118	138	112	118	138	99	92	99	151	105	112	165	132	158	99	105	132	132	132	132	92	158	105	145	138	125	
112	0	46	39	59	92	125	132	158	184	165	178	191	250	211	224	277	244	264	204	198	211	198	178	165	125	138	85	85	59	26	
151	46	0	52	72	92	118	138	165	191	184	204	217	277	250	264	316	283	310	250	250	264	250	231	211	171	184	132	118	92	59	
105	39	52	0	19	52	85	92	118	145	138	151	165	224	198	211	264	237	264	204	204	224	217	204	191	145	178	118	125	99	66	
92	59	72	19	0	39	72	72	92	125	112	125	145	204	178	191	244	224	250	198	198	224	217	204	191	151	191	132	138	118	85	
118	92	92	52	39	0	33	46	72	99	105	125	145	204	184	204	257	237	270	217	224	250	250	237	231	191	231	171	178	158	125	
138	125	118	85	72	33	0	39	66	85	99	118	145	198	191	211	264	250	283	237	250	277	277	270	264	217	264	204	211	191	158	
112	132	138	92	72	46	39	0	26	52	59	79	99	158	145	171	224	211	250	204	217	250	250	244	244	204	250	191	211	198	165	
118	158	165	118	92	72	66	26	0	26	33	59	79	132	132	151	204	198	237	198	211	244	250	250	250	211	264	204	231	217	184	
138	184	191	145	125	99	85	52	26	0	39	59	79	118	125	151	204	198	237	204	224	257	270	270	270	231	290	231	257	244	211	
99	165	184	138	112	105	99	59	33	39	0	19	39	99	92	112	165	158	198	165	178	217	231	231	231	198	257	198	231	217	191	
92	178	204	151	125	125	118	79	59	59	19	0	19	79	66	92	145	138	178	145	165	204	217	217	224	191	250	198	237	224	204	
99	191	217	165	145	145	145	99	79	79	39	19	0	59	46	72	125	118	165	138	158	198	211	211	224	191	257	204	244	237	217	
151	250	277	224	204	204	198	158	132	118	99	79	59	0	52	72	99	118	158	151	178	217	237	250	257	237	303	257	297	297	277	
105	211	250	198	178	184	191	145	132	125	92	66	46	52	0	19	72	72	112	99	118	158	178	191	204	178	250	204	250	250	231	
112	224	264	211	191	204	211	171	151	151	112	92	72	72	19	0	52	46	85	79	105	145	165	178	191	178	244	204	250	250	237	
165	277	316	264	244	257	264	224	204	204	165	145	125	99	72	52	0	39	66	99	118	151	178	198	217	211	277	244	290	297	290	
132	244	283	237	224	237	250	211	198	198	158	138	118	118	72	46	39	0	39	52	79	112	138	158	178	171	237	211	257	264	257	
158	264	310	264	250	270	283	250	237	237	198	178	165	158	112	85	66	39	0	59	72	92	118	145	171	171	231	217	264	277	270	
99	204	250	204	198	217	237	204	198	204	165	145	138	151	99	79	99	52	59	0	19	59	85	99	118	112	178	158	204	217	211	
105	198	250	204	198	224	250	217	211	224	178	165	158	178	118	105	118	79	72	19	0	39	59	79	99	99	158	145	191	204	204	
132	211	264	224	224	250	277	250	244	257	217	204	198	217	158	145	151	112	92	59	39	0	26	52	79	92	145	138	184	204	211	
132	198	250	217	217	250	277	250	250	270	231	217	211	237	178	165	178	138	118	85	59	26	0	26	52	72	118	118	165	184	191	
132	178	231	204	204	237	270	244	250	270	231	217	211	250	191	178	198	158	145	99	79	52	26	0	26	52	92	99	138	158	171	
132	165	211	191	191	231	264	244	250	270	231	224	224	257	204	191	217	178	171	118	99	79	52	26	0	39	66	79	112	138	151	
92	125	171	145	151	191	217	204	211	231	198	191	191	237	178	178	211	171	171	112	99	92	72	52	39	0	66	46	92	105	118	
158	138	184	178	191	231	264	250	264	290	257	250	257	303	250	244	277	237	231	178	158	145	118	92	66	66	0	59	66	92	118	
105	85	132	118	132	171	204	191	204	231	198	198	204	257	204	204	244	211	217	158	145	138	118	99	79	46	59	0	46	59	72	
145	85	118	125	138	178	211	211	231	257	231	237	244	297	250	250	290	257	264	204	191	184	165	138	112	92	66	46	0	26	59	
138	59	92	99	118	158	191	198	217	244	217	224	237	297	250	250	297	264	277	217	204	204	184	158	138	105	92	59	26	0	33	
125	26	59	66	85	125	158	165	184	211	191	204	217	277	231	237	290	257	270	211	204	211	191	171	151	118	118	72	59	33	0	
V11
0	180	243	169	148	190	222	180	190	222	159	148	159	243	169	180	265	212	254	159	169	212	212	212	212	148	254	169	233	222	201	
180	0	74	63	95	148	201	212	254	296	265	286	307	402	339	360	445	392	424	328	318	339	318	286	265	201	222	137	137	95	42	
243	74	0	84	116	148	190	222	265	307	296	328	349	445	402	424	508	455	498	402	402	424	402	371	339	275	296	212	190	148	95	
169	63	84	0	31	84	137	148	190	233	222	243	265	360	318	339	424	381	424	328	328	360	349	328	307	233	286	190	201	159	106	
148	95	116	31	0	63	116	116	148	201	180	201	233	328	286	307	392	360	402	318	318	360	349	328	307	243	307	212	222	190	137	
190	148	148	84	63	0	53	74	116	159	169	201	233	328	296	328	413	381	434	349	360	402	402	381	371	307	371	275	286	254	201	
222	201	190	137	116	53	0	63	106	137	159	190	233	318	307	339	424	402	455	381	402	445	445	434	424	349	424	328	339	307	254	
180	212	222	148	116	74	63	0	42	84	95	127	159	254	233	275	360	339	402	328	349	402	402	392	392	328	402	307	339	318	265	
190	254	265	190	148	116	106	42	0	42	53	95	127	212	212	243	328	318	381	318	339	392	402	402	402	339	424	328	371	349	296	
222	296	307	233	201	159	137	84	42	0	63	95	127	190	201	243	328	318	381	328	360	413	434	434	434	371	466	371	413	392	339	
159	265	296	222	180	169	159	95	53	63	0	31	63	159	148	180	265	254	318	265	286	349	371	371	371	318	413	318	371	349	307	
148	286	328	243	201	201	190	127	95	95	31	0	31	127	106	148	233	222	286	233	265	328	349	349	360	307	402	318	381	360	328	
159	307	349	265	233	233	233	159	127	127	63	31	0	95	74	116	201	190	265	222	254	318	339	339	360	307	413	328	392	381	349	
243	402	445	360	328	328	318	254	212	190	159	127	95	0	84	116	159	190	254	243	286	349	381	402	413	381	487	413	477	477	445	
169	339	402	318	286	296	307	233	212	201	148	106	74	84	0	31	116	116	180	159	190	254	286	307	328	286	402	328	402	402	371	
180	360	424	339	307	328	339	275	243	243	180	148	116	116	31	0	84	74	137	127	169	233	265	286	307	286	392	328	402	402	381	
265	445	508	424	392	413	424	360	328	328	265	233	201	159	116	84	0	63	106	159	190	243	286	318	349	339	445	392	466	477	466	
212	392	455	381	360	381	402	339	318	318	254	222	190	190	116	74	63	0	63	84	127	180	222	254	286	275	381	339	413	424	413	
254	424	498	424	402	434	455	402	381	381	318	286	265	254	180	137	106	63	0	95	116	148	190	233	275	275	371	349	424	445	434	
159	328	402	328	318	349	381	328	318	328	265	233	222	243	159	127	159	84	95	0	31	95	137	159	190	180	286	254	328	349	339	
169	318	402	328	318	360	402	349	339	360	286	265	254	286	190	169	190	127	116	31	0	63	95	127	159	159	254	233	307	328	328	
212	339	424	360	360	402	445	402	392	413	349	328	318	349	254	233	243	180	148	95	63	0	42	84	127	148	233	222	296	328	339	
212	318	402	349	349	402	445	402	402	434	371	349	339	381	286	265	286	222	190	137	95	42	0	42	84	116	190	190	265	296	307	
212	286	371	328	328	381	434	392	402	434	371	349	339	402	307	286	318	254	233	159	127	84	42	0	42	84	148	159	222	254	275	
212	265	339	307	307	371	424	392	402	434	371	360	360	413	328	307	349	286	275	190	159	127	84	42	0	63	106	127	180	222	243	
148	201	275	233	243	307	349	328	339	371	318	307	307	381	286	286	339	275	275	180	159	148	116	84	63	0	106	74	148	169	190	
254	222	296	286	307	371	424	402	424	466	413	402	413	487	402	392	445	381	371	286	254	233	190	148	106	106	0	95	106	148	190	
169	137	212	190	212	275	328	307	328	371	318	318	328	413	328	328	392	339	349	254	233	222	190	159	127	74	95	0	74	95	116	
233	137	190	201	222	286	339	339	371	413	371	381	392	477	402	402	466	413	424	328	307	296	265	222	180	148	106	74	0	42	95	
222	95	148	159	190	254	307	318	349	392	349	360	381	477	402	402	477	424	445	349	328	328	296	254	222	169	148	95	42	0	53	
201	42	95	106	137	201	254	265	296	339	307	328	349	445	371	381	466	413	434	339	328	339	307	275	243	190	190	116	95	53	0	
V12
0	112	151	105	92	118	138	112	118	138	99	92	99	151	105	112	165	132	158	99	105	132	132	132	132	92	158	105	145	138	125	
112	0	46	39	59	92	125	132	158	184	165	178	191	250	211	224	277	244	264	204	198	211	198	178	165	125	138	85	85	59	26	
151	46	0	52	72	92	118	138	165	191	184	204	217	277	250	264	316	283	310	250	250	264	250	231	211	171	184	132	118	92	59	
105	39	52	0	19	52	85	92	118	145	138	151	165	224	198	211	264	237	264	204	204	224	217	204	191	145	178	118	125	99	66	
92	59	72	19	0	39	72	72	92	125	112	125	145	204	178	191	244	224	250	198	198	224	217	204	191	151	191	132	138	118	85	
118	92	92	52	39	0	33	46	72	99	105	125	145	204	184	204	257	237	270	217	224	250	250	237	231	191	231	171	178	158	125	
138	125	118	85	72	33	0	39	66	85	99	118	145	198	191	211	264	250	283	237	250	277	277	270	264	217	264	204	211	191	158	
112	132	138	92	72	46	39	0	26	52	59	79	99	158	145	171	224	211	250	204	217	250	250	244	244	204	250	191	211	198	165	
118	158	165	118	92	72	66	26	0	26	33	59	79	132	132	151	204	198	237	198	211	244	250	250	250	211	264	204	231	217	184	
138	184	191	145	125	99	85	52	26	0	39	59	79	118	125	151	204	198	237	204	224	257	270	270	270	231	290	231	257	244	211	
99	165	184	138	112	105	99	59	33	39	0	19	39	99	92	112	165	158	198	165	178	217	231	231	231	198	257	198	231	217	191	
92	178	204	151	125	125	118	79	59	59	19	0	19	79	66	92	145	138	178	145	165	204	217	217	224	191	250	198	237	224	204	
99	191	217	165	145	145	145	99	79	79	39	19	0	59	46	72	125	118	165	138	158	198	211	211	224	191	257	204	244	237	217	
151	250	277	224	204	204	198	158	132	118	99	79	59	0	52	72	99	118	158	151	178	217	237	250	257	237	303	257	297	297	277	
105	211	250	198	178	184	191	145	132	125	92	66	46	52	0	19	72	72	112	99	118	158	178	191	204	178	250	204	250	250	231	
112	224	264	211	191	204	211	171	151	151	112	92	72	72	19	0	52	46	85	79	105	145	165	178	191	178	244	204	250	250	237	
165	277	316	264	244	257	264	224	204	204	165	145	125	99	72	52	0	39	66	99	118	151	178	198	217	211	277	244	290	297	290	
132	244	283	237	224	237	250	211	198	198	158	138	118	118	72	46	39	0	39	52	79	112	138	158	178	171	237	211	257	264	257	
158	264	310	264	250	270	283	250	237	237	198	178	165	158	112	85	66	39	0	59	72	92	118	145	171	171	231	217	264	277	270	
99	204	250	204	198	217	237	204	198	204	165	145	138	151	99	79	99	52	59	0	19	59	85	99	118	112	178	158	204	217	211	
105	198	250	204	198	224	250	217	211	224	178	165	158	178	118	105	118	79	72	19	0	39	59	79	99	99	158	145	191	204	204	
132	211	264	224	224	250	277	250	244	257	217	204	198	217	158	145	151	112	92	59	39	0	26	52	79	92	145	138	184	204	211	
132	198	250	217	217	250	277	250	250	270	231	217	211	237	178	165	178	138	118	85	59	26	0	26	52	72	118	118	165	184	191	
132	178	231	204	204	237	270	244	250	270	231	217	211	250	191	178	198	158	145	99	79	52	26	0	26	52	92	99	138	158	171	
132	165	211	191	191	231	264	244	250	270	231	224	224	257	204	191	217	178	171	118	99	79	52	26	0	39	66	79	112	138	151	
92	125	171	145	151	191	217	204	211	231	198	191	191	237	178	178	211	171	171	112	99	92	72	52	39	0	66	46	92	105	118	
158	138	184	178	191	231	264	250	264	290	257	250	257	303	250	244	277	237	231	178	158	145	118	92	66	66	0	59	66	92	118	
105	85	132	118	132	171	204	191	204	231	198	198	204	257	204	204	244	211	217	158	145	138	118	99	79	46	59	0	46	59	72	
145	85	118	125	138	178	211	211	231	257	231	237	244	297	250	250	290	257	264	204	191	184	165	138	112	92	66	46	0	26	59	
138	59	92	99	118	158	191	198	217	244	217	224	237	297	250	250	297	264	277	217	204	204	184	158	138	105	92	59	26	0	33	
125	26	59	66	85	125	158	165	184	211	191	204	217	277	231	237	290	257	270	211	204	211	191	171	151	118	118	72	59	33	0	
V13
0	105	142	99	86	111	130	105	111	130	93	86	93	142	99	105	155	124	148	93	99	124	124	124	124	86	148	99	136	130	117	
105	0	43	37	55	86	117	124	148	173	155	167	179	235	198	210	260	229	248	192	186	198	186	167	155	117	130	80	80	55	24	
142	43	0	49	68	86	111	130	155	179	173	192	204	260	235	248	297	266	291	235	235	248	235	217	198	161	173	124	111	86	55	
99	37	49	0	18	49	80	86	111	136	130	142	155	210	186	198	248	223	248	192	192	210	204	192	179	136	167	111	117	93	62	
86	55	68	18	0	37	68	68	86	117	105	117	136	192	167	179	229	210	235	186	186	210	204	192	179	142	179	124	130	111	80	
111	86	86	49	37	0	31	43	68	93	99	117	136	192	173	192	241	223	254	204	210	235	235	223	217	179	217	161	167	148	117	
130	117	111	80	68	31	0	37	62	80	93	111	136	186	179	198	248	235	266	223	235	260	260	254	248	204	248	192	198	179	148	
105	124	130	86	68	43	37	0	24	49	55	74	93	148	136	161	210	198	235	192	204	235	235	229	229	192	235	179	198	186	155	
111	148	155	111	86	68	62	24	0	24	31	55	74	124	124	142	192	186	223	186	198	229	235	235	235	198	248	192	217	204	173	
130	173	179	136	117	93	80	49	24	0	37	55	74	111	117	142	192	186	223	192	210	241	254	254	254	217	272	217	241	229	198	
93	155	173	130	105	99	93	55	31	37	0	18	37	93	86	105	155	148	186	155	167	204	217	217	217	186	241	186	217	204	179	
86	167	192	142	117	117	111	74	55	55	18	0	18	74	62	86	136	130	167	136	155	192	204	204	210	179	235	186	223	210	192	
93	179	204	155	136	136	136	93	74	74	37	18	0	55	43	68	117	111	155	130	148	186	198	198	210	179	241	192	229	223	204	
142	235	260	210	192	192	186	148	124	111	93	74	55	0	49	68	93	111	148	142	167	204	223	235	241	223	285	241	279	279	260	
99	198	235	186	167	173	179	136	124	117	86	62	43	49	0	18	68	68	105	93	111	148	167	179	192	167	235	192	235	235	217	
105	210	248	198	179	192	198	161	142	142	105	86	68	68	18	0	49	43	80	74	99	136	155	167	179	167	229	192	235	235	223	
155	260	297	248	229	241	248	210	192	192	155	136	117	93	68	49	0	37	62	93	111	142	167	186	204	198	260	229	272	279	272	
124	229	266	223	210	223	235	198	186	186	148	130	111	111	68	43	37	0	37	49	74	105	130	148	167	161	223	198	241	248	241	
148	248	291	248	235	254	266	235	223	223	186	167	155	148	105	80	62	37	0	55	68	86	111	136	161	161	217	204	248	260	254	
93	192	235	192	186	204	223	192	186	192	155	136	130	142	93	74	93	49	55	0	18	55	80	93	111	105	167	148	192	204	198	
99	186	235	192	186	210	235	204	198	210	167	155	148	167	111	99	111	74	68	18	0	37	55	74	93	93	148	136	179	192	192	
124	198	248	210	210	235	260	235	229	241	204	192	186	204	148	136	142	105	86	55	37	0	24	49	74	86	136	130	173	192	198	
124	186	235	204	204	235	260	235	235	254	217	204	198	223	167	155	167	130	111	80	55	24	0	24	49	68	111	111	155	173	179	
124	167	217	192	192	223	254	229	235	254	217	204	198	235	179	167	186	148	136	93	74	49	24	0	24	49	86	93	130	148	161	
124	155	198	179	179	217	248	229	235	254	217	210	210	241	192	179	204	167	161	111	93	74	49	24	0	37	62	74	105	130	142	
86	117	161	136	142	179	204	192	198	217	186	179	179	223	167	167	198	161	161	105	93	86	68	49	37	0	62	43	86	99	111	
148	130	173	167	179	217	248	235	248	272	241	235	241	285	235	229	260	223	217	167	148	136	111	86	62	62	0	55	62	86	111	
99	80	124	111	124	161	192	179	192	217	186	186	192	241	192	192	229	198	204	148	136	130	111	93	74	43	55	0	43	55	68	
136	80	111	117	130	167	198	198	217	241	217	223	229	279	235	235	272	241	248	192	179	173	155	130	105	86	62	43	0	24	55	
130	55	86	93	111	148	179	186	204	229	204	210	223	279	235	235	279	248	260	204	192	192	173	148	130	99	86	55	24	0	31	
117	24	55	62	80	117	148	155	173	198	179	192	204	260	217	223	272	241	254	198	192	198	179	161	142	111	111	68	55	31	0	
V14
0	108	147	102	89	115	134	108	115	134	96	89	96	147	102	108	160	128	153	96	102	128	128	128	128	89	153	102	140	134	121	
108	0	44	38	57	89	121	128	153	179	160	172	185	243	204	217	268	236	256	198	192	204	192	172	160	121	134	83	83	57	25	
147	44	0	51	70	89	115	134	160	185	179	198	211	268	243	256	307	275	300	243	243	256	243	224	204	166	179	128	115	89	57	
102	38	51	0	19	51	83	89	115	140	134	147	160	217	192	204	256	230	256	198	198	217	211	198	185	140	172	115	121	96	64	
89	57	70	19	0	38	70	70	89	121	108	121	140	198	172	185	236	217	243	192	192	217	211	198	185	147	185	128	134	115	83	
115	89	89	51	38	0	32	44	70	96	102	121	140	198	179	198	249	230	262	211	217	243	243	230	224	185	224	166	172	153	121	
134	121	115	83	70	32	0	38	64	83	96	115	140	192	185	204	256	243	275	230	243	268	268	262	256	211	256	198	204	185	153	
108	128	134	89	70	44	38	0	25	51	57	76	96	153	140	166	217	204	243	198	211	243	243	236	236	198	243	185	204	192	160	
115	153	160	115	89	70	64	25	0	25	32	57	76	128	128	147	198	192	230	192	204	236	243	243	243	204	256	198	224	211	179	
134	179	185	140	121	96	83	51	25	0	38	57	76	115	121	147	198	192	230	198	217	249	262	262	262	224	281	224	249	236	204	
96	160	179	134	108	102	96	57	32	38	0	19	38	96	89	108	160	153	192	160	172	211	224	224	224	192	249	192	224	211	185	
89	172	198	147	121	121	115	76	57	57	19	0	19	76	64	89	140	134	172	140	160	198	211	211	217	185	243	192	230	217	198	
96	185	211	160	140	140	140	96	76	76	38	19	0	57	44	70	121	115	160	134	153	192	204	204	217	185	249	198	236	230	211	
147	243	268	217	198	198	192	153	128	115	96	76	57	0	51	70	96	115	153	147	172	211	230	243	249	230	294	249	288	288	268	
102	204	243	192	172	179	185	140	128	121	89	64	44	51	0	19	70	70	108	96	115	153	172	185	198	172	243	198	243	243	224	
108	217	256	204	185	198	204	166	147	147	108	89	70	70	19	0	51	44	83	76	102	140	160	172	185	172	236	198	243	243	230	
160	268	307	256	236	249	256	217	198	198	160	140	121	96	70	51	0	38	64	96	115	147	172	192	211	204	268	236	281	288	281	
128	236	275	230	217	230	243	204	192	192	153	134	115	115	70	44	38	0	38	51	76	108	134	153	172	166	230	204	249	256	249	
153	256	300	256	243	262	275	243	230	230	192	172	160	153	108	83	64	38	0	57	70	89	115	140	166	166	224	211	256	268	262	
96	198	243	198	192	211	230	198	192	198	160	140	134	147	96	76	96	51	57	0	19	57	83	96	115	108	172	153	198	211	204	
102	192	243	198	192	217	243	211	204	217	172	160	153	172	115	102	115	76	70	19	0	38	57	76	96	96	153	140	185	198	198	
128	204	256	217	217	243	268	243	236	249	211	198	192	211	153	140	147	108	89	57	38	0	25	51	76	89	140	134	179	198	204	
128	192	243	211	211	243	268	243	243	262	224	211	204	230	172	160	172	134	115	83	57	25	0	25	51	70	115	115	160	179	185	
128	172	224	198	198	230	262	236	243	262	224	211	204	243	185	172	192	153	140	96	76	51	25	0	25	51	89	96	134	153	166	
128	160	204	185	185	224	256	236	243	262	224	217	217	249	198	185	211	172	166	115	96	76	51	25	0	38	64	76	108	134	147	
89	121	166	140	147	185	211	198	204	224	192	185	185	230	172	172	204	166	166	108	96	89	70	51	38	0	64	44	89	102	115	
153	134	179	172	185	224	256	243	256	281	249	243	249	294	243	236	268	230	224	172	153	140	115	89	64	64	0	57	64	89	115	
102	83	128	115	128	166	198	185	198	224	192	192	198	249	198	198	236	204	211	153	140	134	115	96	76	44	57	0	44	57	70	
140	83	115	121	134	172	204	204	224	249	224	230	236	288	243	243	281	249	256	198	185	179	160	134	108	89	64	44	0	25	57	
134	57	89	96	115	153	185	192	211	236	211	217	230	288	243	243	288	256	268	211	198	198	179	153	134	102	89	57	25	0	32	
121	25	57	64	83	121	153	160	179	204	185	198	211	268	224	230	281	249	262	204	198	204	185	166	147	115	115	70	57	32	0	
V15
0	258	349	243	212	273	319	258	273	319	228	212	228	349	243	258	380	304	364	228	243	304	304	304	304	212	364	243	334	319	288	
258	0	106	91	136	212	288	304	364	425	380	410	440	577	486	516	638	562	608	471	456	486	456	410	380	288	319	197	197	136	60	
349	106	0	121	167	212	273	319	380	440	425	471	501	638	577	608	729	653	714	577	577	608	577	532	486	395	425	304	273	212	136	
243	91	121	0	45	121	197	212	273	334	319	349	380	516	456	486	608	547	608	471	471	516	501	471	440	334	410	273	288	228	152	
212	136	167	45	0	91	167	167	212	288	258	288	334	471	410	440	562	516	577	456	456	516	501	471	440	349	440	304	319	273	197	
273	212	212	121	91	0	76	106	167	228	243	288	334	471	425	471	592	547	623	501	516	577	577	547	532	440	532	395	410	364	288	
319	288	273	197	167	76	0	91	152	197	228	273	334	456	440	486	608	577	653	547	577	638	638	623	608	501	608	471	486	440	364	
258	304	319	212	167	106	91	0	60	121	136	182	228	364	334	395	516	486	577	471	501	577	577	562	562	471	577	440	486	456	380	
273	364	380	273	212	167	152	60	0	60	76	136	182	304	304	349	471	456	547	456	486	562	577	577	577	486	608	471	532	501	425	
319	425	440	334	288	228	197	121	60	0	91	136	182	273	288	349	471	456	547	471	516	592	623	623	623	532	668	532	592	562	486	
228	380	425	319	258	243	228	136	76	91	0	45	91	228	212	258	380	364	456	380	410	501	532	532	532	456	592	456	532	501	440	
212	410	471	349	288	288	273	182	136	136	45	0	45	182	152	212	334	319	410	334	380	471	501	501	516	440	577	456	547	516	471	
228	440	501	380	334	334	334	228	182	182	91	45	0	136	106	167	288	273	380	319	364	456	486	486	516	440	592	471	562	547	501	
349	577	638	516	471	471	456	364	304	273	228	182	136	0	121	167	228	273	364	349	410	501	547	577	592	547	699	592	684	684	638	
243	486	577	456	410	425	440	334	304	288	212	152	106	121	0	45	167	167	258	228	273	364	410	440	471	410	577	471	577	577	532	
258	516	608	486	440	471	486	395	349	349	258	212	167	167	45	0	121	106	197	182	243	334	380	410	440	410	562	471	577	577	547	
380	638	729	608	562	592	608	516	471	471	380	334	288	228	167	121	0	91	152	228	273	349	410	456	501	486	638	562	668	684	668	
304	562	653	547	516	547	577	486	456	456	364	319	273	273	167	106	91	0	91	121	182	258	319	364	410	395	547	486	592	608	592	
364	608	714	608	577	623	653	577	547	547	456	410	380	364	258	197	152	91	0	136	167	212	273	334	395	395	532	501	608	638	623	
228	471	577	471	456	501	547	471	456	471	380	334	319	349	228	182	228	121	136	0	45	136	197	228	273	258	410	364	471	501	486	
243	456	577	471	456	516	577	501	486	516	410	380	364	410	273	243	273	182	167	45	0	91	136	182	228	228	364	334	440	471	471	
304	486	608	516	516	577	638	577	562	592	501	471	456	501	364	334	349	258	212	136	91	0	60	121	182	212	334	319	425	471	486	
304	456	577	501	501	577	638	577	577	623	532	501	486	547	410	380	410	319	273	197	136	60	0	60	121	167	273	273	380	425	440	
304	410	532	471	471	547	623	562	577	623	532	501	486	577	440	410	456	364	334	228	182	121	60	0	60	121	212	228	319	364	395	
304	380	486	440	440	532	608	562	577	623	532	516	516	592	471	440	501	410	395	273	228	182	121	60	0	91	152	182	258	319	349	
212	288	395	334	349	440	501	471	486	532	456	440	440	547	410	410	486	395	395	258	228	212	167	121	91	0	152	106	212	243	273	
364	319	425	410	440	532	608	577	608	668	592	577	592	699	577	562	638	547	532	410	364	334	273	212	152	152	0	136	152	212	273	
243	197	304	273	304	395	471	440	471	532	456	456	471	592	471	471	562	486	501	364	334	319	273	228	182	106	136	0	106	136	167	
334	197	273	288	319	410	486	486	532	592	532	547	562	684	577	577	668	592	608	471	440	425	380	319	258	212	152	106	0	60	136	
319	136	212	228	273	364	440	456	501	562	501	516	547	684	577	577	684	608	638	501	471	471	425	364	319	243	212	136	60	0	76	
288	60	136	152	197	288	364	380	425	486	440	471	501	638	532	547	668	592	623	486	471	486	440	395	349	273	273	167	136	76	0	
V16
0	122	165	115	100	129	151	122	129	151	108	100	108	165	115	122	180	144	172	108	115	144	144	144	144	100	172	115	158	151	136	
122	0	50	43	64	100	136	144	172	201	180	194	208	273	230	244	302	266	288	223	216	230	216	194	180	136	151	93	93	64	28	
165	50	0	57	79	100	129	151	180	208	201	223	237	302	273	288	345	309	338	273	273	288	273	252	230	187	201	144	129	100	64	
115	43	57	0	21	57	93	100	129	158	151	165	180	244	216	230	288	259	288	223	223	244	237	223	208	158	194	129	136	108	72	
100	64	79	21	0	43	79	79	100	136	122	136	158	223	194	208	266	244	273	216	216	244	237	223	208	165	208	144	151	129	93	
129	100	100	57	43	0	36	50	79	108	115	136	158	223	201	223	280	259	295	237	244	273	273	259	252	208	252	187	194	172	136	
151	136	129	93	79	36	0	43	72	93	108	129	158	216	208	230	288	273	309	259	273	302	302	295	288	237	288	223	230	208	172	
122	144	151	100	79	50	43	0	28	57	64	86	108	172	158	187	244	230	273	223	237	273	273	266	266	223	273	208	230	216	180	
129	172	180	129	100	79	72	28	0	28	36	64	86	144	144	165	223	216	259	216	230	266	273	273	273	230	288	223	252	237	201	
151	201	208	158	136	108	93	57	28	0	43	64	86	129	136	165	223	216	259	223	244	280	295	295	295	252	316	252	280	266	230	
108	180	201	151	122	115	108	64	36	43	0	21	43	108	100	122	180	172	216	180	194	237	252	252	252	216	280	216	252	237	208	
100	194	223	165	136	136	129	86	64	64	21	0	21	86	72	100	158	151	194	158	180	223	237	237	244	208	273	216	259	244	223	
108	208	237	180	158	158	158	108	86	86	43	21	0	64	50	79	136	129	180	151	172	216	230	230	244	208	280	223	266	259	237	
165	273	302	244	223	223	216	172	144	129	108	86	64	0	57	79	108	129	172	165	194	237	259	273	280	259	331	280	324	324	302	
115	230	273	216	194	201	208	158	144	136	100	72	50	57	0	21	79	79	122	108	129	172	194	208	223	194	273	223	273	273	252	
122	244	288	230	208	223	230	187	165	165	122	100	79	79	21	0	57	50	93	86	115	158	180	194	208	194	266	223	273	273	259	
180	302	345	288	266	280	288	244	223	223	180	158	136	108	79	57	0	43	72	108	129	165	194	216	237	230	302	266	316	324	316	
144	266	309	259	244	259	273	230	216	216	172	151	129	129	79	50	43	0	43	57	86	122	151	172	194	187	259	230	280	288	280	
172	288	338	288	273	295	309	273	259	259	216	194	180	172	122	93	72	43	0	64	79	100	129	158	187	187	252	237	288	302	295	
108	223	273	223	216	237	259	223	216	223	180	158	151	165	108	86	108	57	64	0	21	64	93	108	129	122	194	172	223	237	230	
115	216	273	223	216	244	273	237	230	244	194	180	172	194	129	115	129	86	79	21	0	43	64	86	108	108	172	158	208	223	223	
144	230	288	244	244	273	302	273	266	280	237	223	216	237	172	158	165	122	100	64	43	0	28	57	86	100	158	151	201	223	230	
144	216	273	237	237	273	302	273	273	295	252	237	230	259	194	180	194	151	129	93	64	28	0	28	57	79	129	129	180	201	208	
144	194	252	223	223	259	295	266	273	295	252	237	230	273	208	194	216	172	158	108	86	57	28	0	28	57	100	108	151	172	187	
144	180	230	208	208	252	288	266	273	295	252	244	244	280	223	208	237	194	187	129	108	86	57	28	0	43	72	86	122	151	165	
100	136	187	158	165	208	237	223	230	252	216	208	208	259	194	194	230	187	187	122	108	100	79	57	43	0	72	50	100	115	129	
172	151	201	194	208	252	288	273	288	316	280	273	280	331	273	266	302	259	252	194	172	158	129	100	72	72	0	64	72	100	129	
115	93	144	129	144	187	223	208	223	252	216	216	223	280	223	223	266	230	237	172	158	151	129	108	86	50	64	0	50	64	79	
158	93	129	136	151	194	230	230	252	280	252	259	266	324	273	273	316	280	288	223	208	201	180	151	122	100	72	50	0	28	64	
151	64	100	108	129	172	208	216	237	266	237	244	259	324	273	273	324	288	302	237	223	223	201	172	151	115	100	64	28	0	36	
136	28	64	72	93	136	172	180	201	230	208	223	237	302	252	259	316	280	295	230	223	230	208	187	165	129	129	79	64	36	0	
V17
0	119	161	112	98	126	147	119	126	147	105	98	105	161	112	119	175	140	168	105	112	140	140	140	140	98	168	112	154	147	133	
119	0	49	42	63	98	133	140	168	196	175	189	203	266	224	238	294	259	280	217	210	224	210	189	175	133	147	91	91	63	28	
161	49	0	56	77	98	126	147	175	203	196	217	231	294	266	280	336	301	329	266	266	280	266	245	224	182	196	140	126	98	63	
112	42	56	0	21	56	91	98	126	154	147	161	175	238	210	224	280	252	280	217	217	238	231	217	203	154	189	126	133	105	70	
98	63	77	21	0	42	77	77	98	133	119	133	154	217	189	203	259	238	266	210	210	238	231	217	203	161	203	140	147	126	91	
126	98	98	56	42	0	35	49	77	105	112	133	154	217	196	217	273	252	287	231	238	266	266	252	245	203	245	182	189	168	133	
147	133	126	91	77	35	0	42	70	91	105	126	154	210	203	224	280	266	301	252	266	294	294	287	280	231	280	217	224	203	168	
119	140	147	98	77	49	42	0	28	56	63	84	105	168	154	182	238	224	266	217	231	266	266	259	259	217	266	203	224	210	175	
126	168	175	126	98	77	70	28	0	28	35	63	84	140	140	161	217	210	252	210	224	259	266	266	266	224	280	217	245	231	196	
147	196	203	154	133	105	91	56	28	0	42	63	84	126	133	161	217	210	252	217	238	273	287	287	287	245	308	245	273	259	224	
105	175	196	147	119	112	105	63	35	42	0	21	42	105	98	119	175	168	210	175	189	231	245	245	245	210	273	210	245	231	203	
98	189	217	161	133	133	126	84	63	63	21	0	21	84	70	98	154	147	189	154	175	217	231	231	238	203	266	210	252	238	217	
105	203	231	175	154	154	154	105	84	84	42	21	0	63	49	77	133	126	175	147	168	210	224	224	238	203	273	217	259	252	231	
161	266	294	238	217	217	210	168	140	126	105	84	63	0	56	77	105	126	168	161	189	231	252	266	273	252	322	273	315	315	294	
112	224	266	210	189	196	203	154	140	133	98	70	49	56	0	21	77	77	119	105	126	168	189	203	217	189	266	217	266	266	245	
119	238	280	224	203	217	224	182	161	161	119	98	77	77	21	0	56	49	91	84	112	154	175	189	203	189	259	217	266	266	252	
175	294	336	280	259	273	280	238	217	217	175	154	133	105	77	56	0	42	70	105	126	161	189	210	231	224	294	259	308	315	308	
140	259	301	252	238	252	266	224	210	210	168	147	126	126	77	49	42	0	42	56	84	119	147	168	189	182	252	224	273	280	273	
168	280	329	280	266	287	301	266	252	252	210	189	175	168	119	91	70	42	0	63	77	98	126	154	182	182	245	231	280	294	287	
105	217	266	217	210	231	252	217	210	217	175	154	147	161	105	84	105	56	63	0	21	63	91	105	126	119	189	168	217	231	224	
112	210	266	217	210	238	266	231	224	238	189	175	168	189	126	112	126	84	77	21	0	42	63	84	105	105	168	154	203	217	217	
140	224	280	238	238	266	294	266	259	273	231	217	210	231	168	154	161	119	98	63	42	0	28	56	84	98	154	147	196	217	224	
140	210	266	231	231	266	294	266	266	287	245	231	224	252	189	175	189	147	126	91	63	28	0	28	56	77	126	126	175	196	203	
140	189	245	217	217	252	287	259	266	287	245	231	224	266	203	189	210	168	154	105	84	56	28	0	28	56	98	105	147	168	182	
140	175	224	203	203	245	280	259	266	287	245	238	238	273	217	203	231	189	182	126	105	84	56	28	0	42	70	84	119	147	161	
98	133	182	154	161	203	231	217	224	245	210	203	203	252	189	189	224	182	182	119	105	98	77	56	42	0	70	49	98	112	126	
168	147	196	189	203	245	280	266	280	308	273	266	273	322	266	259	294	252	245	189	168	154	126	98	70	70	0	63	70	98	126	
112	91	140	126	140	182	217	203	217	245	210	210	217	273	217	217	259	224	231	168	154	147	126	105	84	49	63	0	49	63	77	
154	91	126	133	147	189	224	224	245	273	245	252	259	315	266	266	308	273	280	217	203	196	175	147	119	98	70	49	0	28	63	
147	63	98	105	126	168	203	210	231	259	231	238	252	315	266	266	315	280	294	231	217	217	196	168	147	112	98	63	28	0	35	
133	28	63	70	91	133	168	175	196	224	203	217	231	294	245	252	308	273	287	224	217	224	203	182	161	126	126	77	63	35	0	
V18
0	159	216	150	131	169	197	159	169	197	141	131	141	216	150	159	235	188	225	141	150	188	188	188	188	131	225	150	206	197	178	
159	0	65	56	84	131	178	188	225	263	235	253	272	357	300	319	394	347	376	291	282	300	282	253	235	178	197	122	122	84	37	
216	65	0	75	103	131	169	197	235	272	263	291	310	394	357	376	451	404	441	357	357	376	357	329	300	244	263	188	169	131	84	
150	56	75	0	28	75	122	131	169	206	197	216	235	319	282	300	376	338	376	291	291	319	310	291	272	206	253	169	178	141	94	
131	84	103	28	0	56	103	103	131	178	159	178	206	291	253	272	347	319	357	282	282	319	310	291	272	216	272	188	197	169	122	
169	131	131	75	56	0	47	65	103	141	150	178	206	291	263	291	366	338	385	310	319	357	357	338	329	272	329	244	253	225	178	
197	178	169	122	103	47	0	56	94	122	141	169	206	282	272	300	376	357	404	338	357	394	394	385	376	310	376	291	300	272	225	
159	188	197	131	103	65	56	0	37	75	84	112	141	225	206	244	319	300	357	291	310	357	357	347	347	291	357	272	300	282	235	
169	225	235	169	131	103	94	37	0	37	47	84	112	188	188	216	291	282	338	282	300	347	357	357	357	300	376	291	329	310	263	
197	263	272	206	178	141	122	75	37	0	56	84	112	169	178	216	291	282	338	291	319	366	385	385	385	329	413	329	366	347	300	
141	235	263	197	159	150	141	84	47	56	0	28	56	141	131	159	235	225	282	235	253	310	329	329	329	282	366	282	329	310	272	
131	253	291	216	178	178	169	112	84	84	28	0	28	112	94	131	206	197	253	206	235	291	310	310	319	272	357	282	338	319	291	
141	272	310	235	206	206	206	141	112	112	56	28	0	84	65	103	178	169	235	197	225	282	300	300	319	272	366	291	347	338	310	
216	357	394	319	291	291	282	225	188	169	141	112	84	0	75	103	141	169	225	216	253	310	338	357	366	338	432	366	423	423	394	
150	300	357	282	253	263	272	206	188	178	131	94	65	75	0	28	103	103	159	141	169	225	253	272	291	253	357	291	357	357	329	
159	319	376	300	272	291	300	244	216	216	159	131	103	103	28	0	75	65	122	112	150	206	235	253	272	253	347	291	357	357	338	
235	394	451	376	347	366	376	319	291	291	235	206	178	141	103	75	0	56	94	141	169	216	253	282	310	300	394	347	413	423	413	
188	347	404	338	319	338	357	300	282	282	225	197	169	169	103	65	56	0	56	75	112	159	197	225	253	244	338	300	366	376	366	
225	376	441	376	357	385	404	357	338	338	282	253	235	225	159	122	94	56	0	84	103	131	169	206	244	244	329	310	376	394	385	
141	291	357	291	282	310	338	291	282	291	235	206	197	216	141	112	141	75	84	0	28	84	122	141	169	159	253	225	291	310	300	
150	282	357	291	282	319	357	310	300	319	253	235	225	253	169	150	169	112	103	28	0	56	84	112	141	141	225	206	272	291	291	
188	300	376	319	319	357	394	357	347	366	310	291	282	310	225	206	216	159	131	84	56	0	37	75	112	131	206	197	263	291	300	
188	282	357	310	310	357	394	357	357	385	329	310	300	338	253	235	253	197	169	122	84	37	0	37	75	103	169	169	235	263	272	
188	253	329	291	291	338	385	347	357	385	329	310	300	357	272	253	282	225	206	141	112	75	37	0	37	75	131	141	197	225	244	
188	235	300	272	272	329	376	347	357	385	329	319	319	366	291	272	310	253	244	169	141	112	75	37	0	56	94	112	159	197	216	
131	178	244	206	216	272	310	291	300	329	282	272	272	338	253	253	300	244	244	159	141	131	103	75	56	0	94	65	131	150	169	
225	197	263	253	272	329	376	357	376	413	366	357	366	432	357	347	394	338	329	253	225	206	169	131	94	94	0	84	94	131	169	
150	122	188	169	188	244	291	272	291	329	282	282	291	366	291	291	347	300	310	225	206	197	169	141	112	65	84	0	65	84	103	
206	122	169	178	197	253	300	300	329	366	329	338	347	423	357	357	413	366	376	291	272	263	235	197	159	131	94	65	0	37	84	
197	84	131	141	169	225	272	282	310	347	310	319	338	423	357	357	423	376	394	310	291	291	263	225	197	150	131	84	37	0	47	
178	37	84	94	122	178	225	235	263	300	272	291	310	394	329	338	413	366	385	300	291	300	272	244	216	169	169	103	84	47	0	
V19
0	105	142	99	86	111	130	105	111	130	93	86	93	142	99	105	155	124	148	93	99	124	124	124	124	86	148	99	136	130	117	
105	0	43	37	55	86	117	124	148	173	155	167	179	235	198	210	260	229	248	192	186	198	186	167	155	117	130	80	80	55	24	
142	43	0	49	68	86	111	130	155	179	173	192	204	260	235	248	297	266	291	235	235	248	235	217	198	161	173	124	111	86	55	
99	37	49	0	18	49	80	86	111	136	130	142	155	210	186	198	248	223	248	192	192	210	204	192	179	136	167	111	117	93	62	
86	55	68	18	0	37	68	68	86	117	105	117	136	192	167	179	229	210	235	186	186	210	204	192	179	142	179	124	130	111	80	
111	86	86	49	37	0	31	43	68	93	99	117	136	192	173	192	241	223	254	204	210	235	235	223	217	179	217	161	167	148	117	
130	117	111	80	68	31	0	37	62	80	93	111	136	186	179	198	248	235	266	223	235	260	260	254	248	204	248	192	198	179	148	
105	124	130	86	68	43	37	0	24	49	55	74	93	148	136	161	210	198	235	192	204	235	235	229	229	192	235	179	198	186	155	
111	148	155	111	86	68	62	24	0	24	31	55	74	124	124	142	192	186	223	186	198	229	235	235	235	198	248	192	217	204	173	
130	173	179	136	117	93	80	49	24	0	37	55	74	111	117	142	192	186	223	192	210	241	254	254	254	217	272	217	241	229	198	
93	155	173	130	105	99	93	55	31	37	0	18	37	93	86	105	155	148	186	155	167	204	217	217	217	186	241	186	217	204	179	
86	167	192	142	117	117	111	74	55	55	18	0	18	74	62	86	136	130	167	136	155	192	204	204	210	179	235	186	223	210	192	
93	179	204	155	136	136	136	93	74	74	37	18	0	55	43	68	117	111	155	130	148	186	198	198	210	179	241	192	229	223	204	
142	235	260	210	192	192	186	148	124	111	93	74	55	0	49	68	93	111	148	142	167	204	223	235	241	223	285	241	279	279	260	
99	198	235	186	167	173	179	136	124	117	86	62	43	49	0	18	68	68	105	93	111	148	167	179	192	167	235	192	235	235	217	
105	210	248	198	179	192	198	161	142	142	105	86	68	68	18	0	49	43	80	74	99	136	155	167	179	167	229	192	235	235	223	
155	260	297	248	229	241	248	210	192	192	155	136	117	93	68	49	0	37	62	93	111	142	167	186	204	198	260	229	272	279	272	
124	229	266	223	210	223	235	198	186	186	148	130	111	111	68	43	37	0	37	49	74	105	130	148	167	161	223	198	241	248	241	
148	248	291	248	235	254	266	235	223	223	186	167	155	148	105	80	62	37	0	55	68	86	111	136	161	161	217	204	248	260	254	
93	192	235	192	186	204	223	192	186	192	155	136	130	142	93	74	93	49	55	0	18	55	80	93	111	105	167	148	192	204	198	
99	186	235	192	186	210	235	204	198	210	167	155	148	167	111	99	111	74	68	18	0	37	55	74	93	93	148	136	179	192	192	
124	198	248	210	210	235	260	235	229	241	204	192	186	204	148	136	142	105	86	55	37	0	24	49	74	86	136	130	173	192	198	
124	186	235	204	204	235	260	235	235	254	217	204	198	223	167	155	167	130	111	80	55	24	0	24	49	68	111	111	155	173	179	
124	167	217	192	192	223	254	229	235	254	217	204	198	235	179	167	186	148	136	93	74	49	24	0	24	49	86	93	130	148	161	
124	155	198	179	179	217	248	229	235	254	217	210	210	241	192	179	204	167	161	111	93	74	49	24	0	37	62	74	105	130	142	
86	117	161	136	142	179	204	192	198	217	186	179	179	223	167	167	198	161	161	105	93	86	68	49	37	0	62	43	86	99	111	
148	130	173	167	179	217	248	235	248	272	241	235	241	285	235	229	260	223	217	167	148	136	111	86	62	62	0	55	62	86	111	
99	80	124	111	124	161	192	179	192	217	186	186	192	241	192	192	229	198	204	148	136	130	111	93	74	43	55	0	43	55	68	
136	80	111	117	130	167	198	198	217	241	217	223	229	279	235	235	272	241	248	192	179	173	155	130	105	86	62	43	0	24	55	
130	55	86	93	111	148	179	186	204	229	204	210	223	279	235	235	279	248	260	204	192	192	173	148	130	99	86	55	24	0	31	
117	24	55	62	80	117	148	155	173	198	179	192	204	260	217	223	272	241	254	198	192	198	179	161	142	111	111	68	55	31	0	
V20
0	207	280	195	170	219	256	207	219	256	183	170	183	280	195	207	305	244	292	183	195	244	244	244	244	170	292	195	268	256	231	
207	0	85	73	109	170	231	244	292	341	305	329	353	463	390	414	512	451	488	378	366	390	366	329	305	231	256	158	158	109	48	
280	85	0	97	134	170	219	256	305	353	341	378	402	512	463	488	585	524	573	463	463	488	463	427	390	317	341	244	219	170	109	
195	73	97	0	36	97	158	170	219	268	256	280	305	414	366	390	488	439	488	378	378	414	402	378	353	268	329	219	231	183	122	
170	109	134	36	0	73	134	134	170	231	207	231	268	378	329	353	451	414	463	366	366	414	402	378	353	280	353	244	256	219	158	
219	170	170	97	73	0	61	85	134	183	195	231	268	378	341	378	475	439	500	402	414	463	463	439	427	353	427	317	329	292	231	
256	231	219	158	134	61	0	73	122	158	183	219	268	366	353	390	488	463	524	439	463	512	512	500	488	402	488	378	390	353	292	
207	244	256	170	134	85	73	0	48	97	109	146	183	292	268	317	414	390	463	378	402	463	463	451	451	378	463	353	390	366	305	
219	292	305	219	170	134	122	48	0	48	61	109	146	244	244	280	378	366	439	366	390	451	463	463	463	390	488	378	427	402	341	
256	341	353	268	231	183	158	97	48	0	73	109	146	219	231	280	378	366	439	378	414	475	500	500	500	427	536	427	475	451	390	
183	305	341	256	207	195	183	109	61	73	0	36	73	183	170	207	305	292	366	305	329	402	427	427	427	366	475	366	427	402	353	
170	329	378	280	231	231	219	146	109	109	36	0	36	146	122	170	268	256	329	268	305	378	402	402	414	353	463	366	439	414	378	
183	353	402	305	268	268	268	183	146	146	73	36	0	109	85	134	231	219	305	256	292	366	390	390	414	353	475	378	451	439	402	
280	463	512	414	378	378	366	292	244	219	183	146	109	0	97	134	183	219	292	280	329	402	439	463	475	439	561	475	549	549	512	
195	390	463	366	329	341	353	268	244	231	170	122	85	97	0	36	134	134	207	183	219	292	329	353	378	329	463	378	463	463	427	
207	414	488	390	353	378	390	317	280	280	207	170	134	134	36	0	97	85	158	146	195	268	305	329	353	329	451	378	463	463	439	
305	512	585	488	451	475	488	414	378	378	305	268	231	183	134	97	0	73	122	183	219	280	329	366	402	390	512	451	536	549	536	
244	451	524	439	414	439	463	390	366	366	292	256	219	219	134	85	73	0	73	97	146	207	256	292	329	317	439	390	475	488	475	
292	488	573	488	463	500	524	463	439	439	366	329	305	292	207	158	122	73	0	109	134	170	219	268	317	317	427	402	488	512	500	
183	378	463	378	366	402	439	378	366	378	305	268	256	280	183	146	183	97	109	0	36	109	158	183	219	207	329	292	378	402	390	
195	366	463	378	366	414	463	402	390	414	329	305	292	329	219	195	219	146	134	36	0	73	109	146	183	183	292	268	353	378	378	
244	390	488	414	414	463	512	463	451	475	402	378	366	402	292	268	280	207	170	109	73	0	48	97	146	170	268	256	341	378	390	
244	366	463	402	402	463	512	463	463	500	427	402	390	439	329	305	329	256	219	158	109	48	0	48	97	134	219	219	305	341	353	
244	329	427	378	378	439	500	451	463	500	427	402	390	463	353	329	366	292	268	183	146	97	48	0	48	97	170	183	256	292	317	
244	305	390	353	353	427	488	451	463	500	427	414	414	475	378	353	402	329	317	219	183	146	97	48	0	73	122	146	207	256	280	
170	231	317	268	280	353	402	378	390	427	366	353	353	439	329	329	390	317	317	207	183	170	134	97	73	0	122	85	170	195	219	
292	256	341	329	353	427	488	463	488	536	475	463	475	561	463	451	512	439	427	329	292	268	219	170	122	122	0	109	122	170	219	
195	158	244	219	244	317	378	353	378	427	366	366	378	475	378	378	451	390	402	292	268	256	219	183	146	85	109	0	85	109	134	
268	158	219	231	256	329	390	390	427	475	427	439	451	549	463	463	536	475	488	378	353	341	305	256	207	170	122	85	0	48	109	
256	109	170	183	219	292	353	366	402	451	402	414	439	549	463	463	549	488	512	402	378	378	341	292	256	195	170	109	48	0	61	
231	48	109	122	158	231	292	305	341	390	353	378	402	512	427	439	536	475	500	390	378	390	353	317	280	219	219	134	109	61	0	
Velocidade_Veiculos
1	1	1	1	1	1	1	1	1	1	1	1	1	1	1	1	1	1	1	1	1	