M: 8
N: 30
Nun_Veiculos: 11
Capacidade_Total: 807
Demanda_Total: 538
Setup_Min: 1
Setup_Max: 99
Raio: 100
Circulos: 1
Tempo_Processamento_Min: 1
Tempo_Processamento_Max: 49
Demanda_Min: 10
Demanda_Max: 30
Priority_Factor: 0.2
Range_Factor_R: 0.8
U_factor: 2
ALpha: 0.2Replicao: 2
Tempos_Processamentos
0	0	1	0	2	0	3	0	4	0	5	0	6	0	7	0	
0	5	1	12	2	48	3	45	4	7	5	9	6	28	7	35	
0	10	1	10	2	21	3	33	4	37	5	26	6	24	7	25	
0	49	1	11	2	45	3	43	4	49	5	36	6	15	7	32	
0	3	1	47	2	12	3	44	4	13	5	46	6	1	7	9	
0	44	1	13	2	10	3	15	4	33	5	26	6	49	7	37	
0	9	1	34	2	17	3	37	4	38	5	44	6	47	7	31	
0	37	1	23	2	4	3	20	4	6	5	47	6	48	7	27	
0	30	1	37	2	16	3	43	4	22	5	23	6	19	7	23	
0	31	1	10	2	41	3	14	4	33	5	26	6	33	7	34	
0	38	1	7	2	24	3	48	4	9	5	32	6	20	7	31	
0	15	1	32	2	38	3	7	4	21	5	4	6	36	7	28	
0	1	1	40	2	32	3	3	4	49	5	13	6	49	7	48	
0	37	1	42	2	11	3	27	4	1	5	23	6	43	7	11	
0	13	1	43	2	16	3	43	4	28	5	13	6	11	7	20	
0	12	1	9	2	45	3	8	4	12	5	26	6	34	7	5	
0	20	1	48	2	33	3	22	4	9	5	46	6	35	7	3	
0	17	1	16	2	10	3	49	4	23	5	43	6	37	7	43	
0	41	1	29	2	6	3	46	4	41	5	44	6	37	7	30	
0	41	1	49	2	19	3	26	4	46	5	17	6	27	7	6	
0	5	1	16	2	40	3	14	4	17	5	16	6	14	7	8	
0	9	1	10	2	41	3	21	4	34	5	35	6	22	7	17	
0	32	1	37	2	3	3	34	4	1	5	27	6	3	7	2	
0	4	1	3	2	36	3	37	4	40	5	41	6	12	7	20	
0	2	1	34	2	34	3	8	4	48	5	27	6	40	7	44	
0	46	1	16	2	24	3	19	4	2	5	27	6	22	7	29	
0	48	1	10	2	8	3	36	4	39	5	45	6	48	7	32	
0	14	1	43	2	23	3	47	4	38	5	38	6	27	7	39	
0	45	1	41	2	35	3	36	4	47	5	2	6	32	7	27	
0	1	1	23	2	36	3	49	4	42	5	45	6	33	7	44	
0	21	1	14	2	9	3	10	4	40	5	28	6	40	7	24	

Tempos_setup
M0
0	0	0	0	0	0	0	0	0	0	0	0	0	0	0	0	0	0	0	0	0	0	0	0	0	0	0	0	0	0	0	
0	0	5	26	17	18	10	23	15	13	19	15	9	14	14	12	11	14	22	11	10	17	13	10	2	7	8	17	9	6	12	
0	14	0	21	12	13	8	18	10	13	14	10	4	19	9	9	6	9	17	6	5	17	13	5	2	7	22	21	8	1	7	
0	13	15	0	12	13	7	17	10	18	13	9	3	24	8	9	6	9	16	5	4	22	13	5	15	16	3	20	7	8	6	
0	9	11	23	0	10	3	20	12	22	9	5	13	20	5	7	8	11	19	1	6	18	20	7	11	16	17	22	14	7	8	
0	26	28	26	20	0	16	23	18	30	25	11	20	29	16	13	14	17	22	18	12	27	26	13	25	26	29	26	20	13	14	
0	26	31	34	23	22	0	31	21	37	28	27	23	29	18	20	17	20	30	24	24	41	20	16	28	32	34	34	22	12	22	
0	16	11	3	15	11	10	0	10	19	16	12	6	25	11	12	9	9	19	8	7	23	16	8	8	13	6	3	10	10	9	
0	19	21	30	10	20	7	30	0	31	19	15	22	26	15	17	16	16	29	11	16	24	24	15	21	26	27	21	24	11	1	
0	14	12	16	18	24	16	13	15	0	23	20	16	28	5	5	12	15	12	16	17	29	8	11	14	13	19	16	2	7	16	
0	13	15	16	14	1	7	13	12	20	0	9	14	24	10	10	8	11	12	5	6	22	13	7	15	20	19	16	7	11	8	
0	15	17	18	9	10	9	15	7	22	14	0	9	18	5	2	3	6	14	7	1	16	15	2	14	18	21	18	9	2	3	
0	10	12	17	9	10	4	14	7	15	10	6	0	21	5	6	3	6	13	2	1	19	10	2	12	17	18	17	4	8	3	
0	19	21	29	10	20	13	26	19	24	19	12	12	0	15	14	15	18	25	11	13	17	22	14	21	26	16	29	16	14	15	
0	29	31	27	20	23	17	24	10	39	28	25	30	23	0	20	17	20	32	21	26	34	28	25	28	32	30	20	22	21	11	
0	24	16	16	21	24	18	13	19	20	24	20	17	30	22	0	15	18	12	16	18	28	21	14	13	18	19	16	21	17	20	
0	12	14	19	6	12	9	16	4	22	11	11	18	26	8	3	0	3	15	7	12	24	21	13	11	15	20	19	18	13	5	
0	9	14	24	11	9	8	21	1	22	8	16	18	23	5	18	16	0	20	12	14	25	21	15	11	16	17	22	15	11	2	
0	12	8	4	14	12	6	1	11	8	12	8	5	22	10	10	8	10	0	4	6	20	15	7	9	14	7	4	9	5	8	
0	8	10	22	13	9	2	19	11	21	8	4	13	19	9	6	7	10	18	0	5	17	19	6	10	15	16	21	13	6	7	
0	14	16	19	8	9	8	16	6	23	13	13	8	27	4	5	2	5	15	9	0	25	14	1	13	17	22	19	8	7	2	
0	11	13	21	2	12	5	18	14	7	11	7	14	2	7	9	10	13	19	3	8	0	15	9	13	18	18	21	9	9	10	
0	6	11	14	17	18	12	11	15	18	18	14	8	20	13	14	11	14	10	10	9	23	0	10	8	13	14	14	12	12	11	
0	13	15	20	7	13	10	17	5	22	12	12	7	27	9	4	1	4	16	8	8	25	17	0	12	16	21	20	11	6	6	
0	17	3	24	15	16	8	21	13	11	17	13	7	17	12	12	9	12	20	9	8	15	11	8	0	5	25	24	11	4	10	
0	12	6	20	12	17	3	17	10	14	17	13	7	20	12	9	6	9	16	9	8	18	6	5	3	0	20	20	11	7	10	
0	21	24	29	15	18	18	26	14	31	21	20	16	35	18	13	10	13	25	16	17	33	15	9	21	25	0	29	20	5	14	
0	26	31	27	28	8	24	31	26	20	33	19	28	32	24	21	22	25	30	26	20	35	28	21	28	33	25	0	22	21	21	
0	12	10	19	16	22	14	16	14	23	21	20	14	26	18	3	10	13	15	16	15	27	6	9	12	17	20	19	0	5	15	
0	17	19	24	11	17	14	21	9	26	16	15	11	31	13	8	5	8	20	12	12	29	21	4	16	20	25	24	15	0	10	
0	18	20	29	9	19	6	29	19	30	18	14	21	25	14	16	15	18	28	10	15	23	23	14	20	25	26	20	23	10	0	
M1
0	0	0	0	0	0	0	0	0	0	0	0	0	0	0	0	0	0	0	0	0	0	0	0	0	0	0	0	0	0	0	
0	0	7	20	20	17	8	17	20	16	10	14	6	7	15	14	15	15	13	17	10	17	22	1	16	11	16	14	17	15	17	
0	12	0	16	20	13	15	10	13	20	12	18	10	14	8	7	8	11	9	10	3	10	16	13	12	15	18	16	10	8	17	
0	15	10	0	23	16	13	13	15	23	11	16	9	2	11	10	11	14	12	13	6	13	19	16	15	14	12	10	13	11	15	
0	7	10	19	0	1	12	13	8	15	11	17	11	2	11	10	11	14	12	10	6	11	19	8	15	16	1	2	5	11	5	
0	6	9	18	22	0	14	12	7	14	10	16	10	1	10	9	10	13	11	12	5	12	18	7	14	15	6	7	4	10	4	
0	14	5	18	22	15	0	10	17	25	14	12	4	16	13	12	13	13	11	15	8	15	20	15	14	9	14	15	15	13	15	
0	9	8	11	17	10	12	0	7	21	17	15	7	11	13	12	11	8	14	10	8	10	19	10	9	12	16	17	11	13	14	
0	16	7	22	24	14	12	12	0	25	12	16	8	9	10	14	15	15	13	17	10	5	23	3	8	13	15	16	15	12	18	
0	10	5	14	18	11	6	8	11	0	10	2	8	12	6	5	6	9	7	8	1	7	10	11	10	13	4	5	8	6	15	
0	20	15	23	24	21	17	18	21	28	0	26	18	15	16	15	16	19	17	12	11	13	21	19	20	23	6	4	18	16	25	
0	16	11	15	21	14	13	10	10	20	16	0	14	15	12	11	12	15	13	11	7	12	8	13	8	19	2	3	14	5	18	
0	10	1	14	18	11	13	11	14	21	10	8	0	12	9	8	9	9	7	11	4	11	16	11	10	5	10	11	11	9	11	
0	13	8	17	21	14	16	11	14	21	9	19	11	0	9	8	9	12	10	11	4	11	17	14	13	16	10	8	11	9	18	
0	6	10	13	14	7	9	2	9	18	16	17	9	8	0	14	13	5	3	7	10	7	19	7	6	14	13	14	8	15	11	
0	5	12	20	13	6	8	13	11	13	15	15	11	7	11	0	11	4	2	6	11	6	18	6	5	16	12	13	3	10	10	
0	8	14	16	14	13	9	10	13	13	12	15	13	14	8	13	0	11	9	2	14	3	8	9	12	18	12	10	10	17	17	
0	1	8	20	9	2	4	9	9	13	11	15	7	3	7	11	12	0	10	2	7	2	14	2	1	12	8	9	3	10	6	
0	3	10	22	11	4	6	11	11	15	13	17	9	5	9	13	14	2	0	4	9	4	16	4	3	14	10	11	5	12	8	
0	12	13	19	12	13	11	8	15	22	10	20	12	13	6	11	19	11	9	0	15	1	20	7	12	17	10	8	12	19	17	
0	9	4	13	17	10	12	7	10	17	9	15	7	11	5	4	5	8	6	7	0	7	13	10	9	12	15	13	7	5	14	
0	11	12	18	19	12	10	7	14	21	9	19	11	12	5	19	18	10	8	12	15	0	19	6	11	16	15	13	11	18	16	
0	16	12	8	24	17	17	7	5	12	17	14	13	10	15	17	18	15	18	17	13	10	0	8	13	18	16	17	17	17	21	
0	15	6	19	23	16	18	16	19	26	9	13	5	6	14	13	14	14	12	16	9	16	21	0	15	10	15	13	16	14	16	
0	12	15	24	25	6	20	18	13	17	16	19	16	7	16	15	16	16	14	18	11	18	24	13	0	21	12	13	7	14	10	
0	22	12	9	29	23	19	18	14	16	5	18	18	11	18	17	18	21	19	17	13	18	26	15	22	0	8	9	6	13	6	
0	14	9	18	21	15	11	12	15	22	14	20	12	16	10	9	10	13	11	9	5	10	18	15	14	17	0	1	12	10	19	
0	16	11	20	20	17	13	14	17	24	16	22	14	18	12	11	12	15	13	8	7	9	17	15	16	19	2	0	14	12	21	
0	20	15	17	23	21	16	12	8	10	20	12	16	17	16	15	16	19	17	18	11	13	20	11	16	21	14	15	0	7	25	
0	14	12	10	16	15	17	5	5	26	17	20	12	12	15	17	16	13	12	13	13	10	16	8	13	17	17	18	16	0	19	
0	16	6	20	23	17	13	14	17	16	16	15	14	18	12	11	12	15	13	11	7	12	20	17	16	19	2	3	14	12	0	
M2
0	0	0	0	0	0	0	0	0	0	0	0	0	0	0	0	0	0	0	0	0	0	0	0	0	0	0	0	0	0	0	
0	0	6	7	10	6	16	8	15	14	6	10	9	9	5	2	9	7	22	10	16	15	9	1	5	10	2	11	7	20	4	
0	18	0	18	21	12	18	16	11	11	17	16	13	16	16	14	14	1	23	21	17	15	15	13	17	22	14	6	16	16	16	
0	2	8	0	4	6	12	4	13	10	2	8	11	10	1	4	11	9	21	8	11	11	6	3	7	12	4	10	3	16	6	
0	5	11	12	0	10	19	13	9	13	11	13	14	7	10	7	10	12	25	4	7	16	5	6	10	15	7	9	6	18	9	
0	16	13	14	17	0	16	12	17	12	13	17	14	7	12	9	15	10	24	17	16	14	3	8	12	17	9	7	14	25	11	
0	12	13	10	13	5	0	6	11	15	9	11	8	8	8	5	12	14	21	17	19	6	8	9	12	17	10	10	10	20	3	
0	10	12	8	11	7	16	0	17	13	7	5	10	6	6	7	9	10	17	15	15	13	2	7	11	16	8	8	8	14	5	
0	16	7	14	17	7	19	6	0	17	13	11	10	10	12	3	10	8	23	10	15	16	8	2	6	11	3	12	12	20	5	
0	9	12	16	19	12	7	11	5	0	15	5	13	15	14	8	3	1	23	15	20	4	13	7	11	16	8	6	16	16	10	
0	16	6	14	17	10	15	6	13	8	0	11	13	11	12	10	11	7	21	10	20	12	7	12	5	10	13	12	1	14	8	
0	10	16	17	20	16	25	18	23	24	16	0	19	19	15	12	4	17	32	18	26	22	19	11	15	20	12	21	17	29	14	
0	19	25	26	21	25	26	18	24	19	25	19	0	24	24	21	13	9	13	25	28	23	20	20	24	29	21	14	24	24	23	
0	15	6	14	17	6	14	11	11	7	13	10	7	0	12	2	9	7	19	10	16	11	9	1	5	10	2	2	11	22	4	
0	4	7	2	5	8	11	3	14	9	1	8	13	9	0	3	10	8	20	9	11	13	5	5	6	11	6	9	2	15	8	
0	13	8	20	23	12	20	18	17	14	15	13	14	7	18	0	7	9	26	12	23	17	15	8	7	12	9	9	16	24	10	
0	6	12	13	16	12	22	14	21	20	12	6	15	15	11	8	0	13	28	16	22	21	15	7	11	16	8	17	13	25	10	
0	19	19	26	27	20	17	21	15	10	24	15	12	15	24	17	13	0	22	23	27	14	19	16	18	23	17	5	15	15	19	
0	13	13	13	8	12	21	5	17	18	12	10	15	11	11	12	14	14	0	12	15	18	7	12	12	17	9	13	13	19	10	
0	18	9	17	20	9	16	11	5	10	8	13	10	3	15	5	12	10	22	0	18	13	12	4	8	13	5	5	9	22	7	
0	9	13	16	19	13	20	12	9	14	12	6	13	7	14	9	3	14	18	4	0	17	14	8	12	17	9	9	13	11	11	
0	15	16	13	16	8	3	9	14	18	12	10	11	11	11	8	11	17	23	20	22	0	11	12	15	20	13	13	13	16	6	
0	13	10	11	14	10	14	9	15	11	10	14	11	4	9	6	13	11	23	14	13	11	0	5	9	14	6	6	11	23	8	
0	14	5	19	22	5	17	17	14	15	12	9	8	8	17	1	8	6	21	9	15	14	8	0	4	9	1	10	10	21	3	
0	18	1	19	22	5	13	14	10	12	8	17	8	8	17	5	12	2	21	5	18	10	8	9	0	5	10	7	9	17	3	
0	19	9	17	20	13	8	9	16	11	3	14	16	14	15	13	14	10	24	13	23	5	10	15	8	0	16	15	4	17	11	
0	17	4	18	21	4	16	16	13	14	11	8	7	7	16	4	11	5	20	8	20	13	7	8	3	8	0	9	12	20	2	
0	14	14	21	22	15	12	16	10	5	20	10	17	10	19	12	8	6	17	18	25	9	18	11	13	18	12	0	21	21	14	
0	16	5	17	20	9	14	17	12	7	11	12	12	12	15	9	10	6	20	9	22	11	12	13	4	9	14	11	0	13	7	
0	10	13	15	15	14	18	12	19	14	9	17	15	8	13	10	17	14	7	17	17	15	4	9	12	17	10	9	10	0	12	
0	15	10	16	19	2	18	14	16	12	15	15	5	5	14	2	9	11	18	14	18	16	5	6	9	14	7	7	14	26	0	
M3
0	0	0	0	0	0	0	0	0	0	0	0	0	0	0	0	0	0	0	0	0	0	0	0	0	0	0	0	0	0	0	
0	0	10	11	9	6	13	10	8	7	8	15	7	20	10	4	13	15	15	23	6	7	3	11	7	12	10	19	17	2	16	
0	22	0	17	13	10	12	22	17	15	14	19	26	10	20	19	18	19	26	24	17	7	23	15	11	16	14	25	23	24	23	
0	13	12	0	4	1	8	13	10	9	5	10	10	22	18	2	9	10	17	18	8	13	14	6	2	7	5	15	14	15	14	
0	11	8	17	0	10	17	13	6	5	14	18	13	18	14	15	18	18	21	26	4	9	14	2	11	15	14	23	23	13	14	
0	12	11	7	3	0	7	13	9	8	4	14	16	21	17	9	8	14	16	19	7	12	13	5	1	11	4	15	13	14	17	
0	18	6	11	14	11	0	10	12	9	11	7	14	16	21	11	19	7	22	12	11	13	14	16	12	4	15	20	18	13	11	
0	8	5	9	5	2	9	0	3	2	6	5	15	15	18	9	10	5	18	13	1	6	11	7	3	2	6	17	15	10	9	
0	14	2	14	10	7	14	16	0	2	11	13	21	12	22	13	15	12	23	20	7	9	17	12	8	10	11	20	20	16	11	
0	12	9	12	8	5	12	14	7	0	9	19	19	19	22	11	13	19	21	24	5	10	15	10	6	16	9	18	18	14	9	
0	16	15	3	7	4	11	16	13	12	0	13	13	21	16	5	12	13	12	21	11	13	9	9	5	10	8	18	17	18	17	
0	16	7	7	7	4	11	13	5	7	4	0	14	17	17	9	12	9	16	12	11	14	10	9	5	14	8	13	17	9	4	
0	11	8	4	8	5	12	3	6	5	1	8	0	18	17	6	13	8	8	16	4	9	10	10	6	5	9	14	18	13	12	
0	13	8	8	4	1	2	12	7	9	5	9	16	0	18	10	9	9	17	14	8	13	14	6	2	6	5	16	14	15	13	
0	17	14	18	14	11	17	9	12	11	15	14	24	15	0	18	19	14	27	22	10	15	20	16	12	11	15	26	24	19	18	
0	19	16	12	16	13	20	11	14	13	9	16	8	26	19	0	21	16	16	24	12	16	12	12	14	13	17	22	26	21	20	
0	16	13	11	10	10	13	8	11	10	14	13	19	23	24	11	0	13	22	21	9	14	19	12	11	10	10	7	5	18	17	
0	14	11	4	8	5	12	15	9	2	9	14	12	21	17	4	13	0	20	8	7	12	10	10	6	11	9	18	18	9	11	
0	20	16	21	9	18	10	16	15	14	21	17	22	26	23	21	10	17	0	22	13	18	23	11	19	14	7	6	15	22	21	
0	12	9	10	13	10	17	9	7	6	7	6	6	19	9	3	12	6	14	0	5	6	2	14	11	3	14	19	17	1	10	
0	7	4	13	9	6	13	9	2	1	10	14	14	14	17	11	14	14	22	22	0	5	10	9	7	11	10	19	19	9	10	
0	22	19	27	24	21	16	22	17	16	25	23	29	28	13	21	29	23	37	28	15	0	25	24	22	20	25	25	34	24	25	
0	22	19	21	19	16	20	14	17	16	20	19	29	22	7	21	10	19	32	27	15	4	0	21	17	16	20	17	15	24	19	
0	9	6	15	11	8	15	11	4	3	12	16	16	16	19	13	16	16	21	24	2	7	12	0	9	13	12	21	21	11	12	
0	11	16	6	10	7	10	15	16	15	3	16	16	24	19	8	7	16	15	22	14	16	12	12	0	13	11	14	12	13	20	
0	16	10	7	10	7	14	16	8	5	7	3	15	20	20	7	15	3	19	11	9	14	13	12	8	0	11	16	14	12	7	
0	17	9	14	14	11	3	9	12	11	14	10	17	19	21	14	19	10	25	15	10	15	17	16	12	7	0	23	21	16	14	
0	14	11	15	3	13	6	12	9	8	16	13	16	21	17	15	4	13	24	18	7	12	17	5	13	10	3	0	9	16	17	
0	11	8	12	5	5	8	3	6	5	9	8	14	18	19	6	6	8	17	16	4	9	14	7	6	5	5	2	0	13	12	
0	11	8	9	13	10	17	8	6	5	6	13	5	18	8	2	11	13	13	21	4	5	1	13	11	10	14	18	16	0	14	
0	15	3	15	11	8	15	9	1	3	12	14	20	13	23	12	13	13	24	19	8	10	18	13	9	11	12	9	18	17	0	
M4
0	0	0	0	0	0	0	0	0	0	0	0	0	0	0	0	0	0	0	0	0	0	0	0	0	0	0	0	0	0	0	
0	0	15	20	16	16	6	23	5	4	21	15	17	13	14	18	25	23	15	21	17	20	13	16	25	7	10	15	19	9	21	
0	11	0	7	14	1	14	11	16	14	18	8	16	22	15	12	10	16	10	6	2	18	7	6	15	12	18	6	13	9	14	
0	4	15	0	14	13	10	22	9	8	18	8	21	17	18	22	21	22	19	17	14	22	17	9	18	11	14	18	16	13	18	
0	11	1	7	0	2	15	12	14	15	15	9	17	23	16	13	11	17	11	7	3	12	8	7	16	13	19	7	8	10	8	
0	10	19	6	18	0	13	10	15	13	18	12	15	21	14	11	9	15	9	5	1	17	6	5	14	11	17	5	12	8	13	
0	18	23	14	22	20	0	17	12	3	17	16	17	12	8	12	24	23	9	25	13	14	20	15	24	1	4	9	22	3	17	
0	22	28	19	27	25	5	0	17	3	22	21	17	12	13	17	20	23	14	29	18	19	17	20	29	6	9	14	27	8	22	
0	22	12	18	11	13	26	21	0	24	16	20	12	18	21	24	21	18	22	17	14	18	19	18	27	21	26	18	19	21	19	
0	20	25	16	24	22	2	19	14	0	19	18	14	9	10	14	26	20	11	26	15	16	22	17	26	3	6	11	24	5	19	
0	17	27	13	26	23	23	26	22	21	0	20	18	19	16	11	25	24	10	21	21	24	23	16	25	12	21	15	18	11	20	
0	14	7	10	6	5	11	14	16	14	10	0	18	23	17	16	13	14	14	9	6	14	11	1	10	6	15	10	8	13	10	
0	11	20	7	19	9	16	12	16	14	18	15	0	6	9	20	18	6	18	14	10	9	15	11	20	10	14	10	18	13	18	
0	22	18	18	17	15	10	19	17	8	21	11	16	0	12	16	20	22	13	17	16	16	15	12	21	11	8	4	19	7	12	
0	18	18	14	17	19	19	21	19	22	9	19	25	28	0	18	20	31	15	24	20	29	12	20	29	19	23	22	25	20	25	
0	6	17	2	16	15	12	19	11	10	14	10	7	13	5	0	20	13	9	17	16	16	12	11	20	1	16	4	18	7	12	
0	2	17	19	18	18	6	1	7	4	14	17	18	13	5	18	0	24	15	18	19	20	15	18	27	7	10	15	15	9	17	
0	13	14	9	13	3	11	6	14	9	12	15	18	18	3	14	12	0	12	8	4	3	9	5	14	4	15	8	12	11	12	
0	9	20	5	19	18	15	16	14	13	17	13	10	15	8	3	15	16	0	16	19	19	15	6	15	4	19	7	13	10	15	
0	5	16	1	15	14	10	5	10	8	15	9	10	16	9	9	4	16	6	0	14	19	3	10	19	10	14	13	17	4	19	
0	16	24	12	23	16	14	19	19	17	18	17	17	22	15	10	18	23	19	14	0	17	17	4	13	10	18	14	11	17	13	
0	19	11	15	10	12	8	3	11	6	21	19	20	15	16	13	21	13	17	17	3	0	18	7	16	3	12	17	14	11	16	
0	12	23	8	22	21	7	17	17	10	12	16	13	18	11	6	18	19	3	19	20	21	0	9	18	7	11	10	16	10	18	
0	15	20	11	19	12	10	15	15	13	14	13	17	22	18	18	14	23	15	10	13	13	13	0	9	11	14	17	7	13	9	
0	15	24	11	23	5	14	15	20	14	23	17	20	23	19	16	14	20	14	10	6	15	11	10	0	15	18	10	17	13	18	
0	42	35	38	34	33	33	28	44	31	38	28	45	40	41	39	41	42	39	37	34	42	36	29	38	0	37	38	36	36	38	
0	15	20	18	19	21	21	25	20	19	13	23	29	28	4	22	24	33	19	26	22	24	16	24	33	22	0	26	27	24	27	
0	18	14	14	13	11	16	15	14	18	17	7	12	18	17	12	16	18	9	16	12	12	14	8	17	13	13	0	15	3	8	
0	8	13	4	12	5	13	8	8	11	7	6	10	16	12	11	7	16	8	3	6	6	6	7	16	9	17	10	0	7	2	
0	15	26	11	25	24	21	22	16	19	23	19	16	21	14	9	21	22	6	22	10	25	21	12	21	10	10	13	19	0	21	
0	10	15	9	14	3	12	7	6	10	18	15	12	18	13	9	8	17	6	8	4	4	6	8	17	7	15	8	15	11	0	
M5
0	0	0	0	0	0	0	0	0	0	0	0	0	0	0	0	0	0	0	0	0	0	0	0	0	0	0	0	0	0	0	
0	0	5	10	8	5	11	33	1	14	11	12	11	4	3	17	11	12	9	13	18	2	11	10	9	8	4	9	13	13	12	
0	13	0	21	9	12	6	36	14	17	18	18	12	7	6	20	12	15	22	8	28	15	12	5	9	11	17	12	8	17	14	
0	15	9	0	11	11	10	27	7	8	14	4	4	7	8	11	1	6	19	12	19	10	5	7	2	11	10	7	10	3	2	
0	10	13	16	0	3	11	36	5	15	9	13	3	11	10	17	17	15	19	13	25	10	3	14	15	9	8	6	9	12	18	
0	7	12	17	12	0	8	37	8	18	6	14	15	11	10	18	14	16	16	10	25	9	8	14	15	6	8	7	14	13	16	
0	7	12	16	13	12	0	30	8	11	12	13	16	11	10	14	6	9	16	2	22	9	10	10	7	15	11	13	13	12	8	
0	11	16	21	8	11	12	0	12	18	10	18	11	15	14	21	18	16	20	14	15	13	11	17	18	17	12	11	5	17	20	
0	11	16	21	7	4	12	41	0	17	10	18	10	6	5	20	18	20	20	14	29	13	10	9	11	10	3	11	12	17	20	
0	18	7	12	14	11	13	39	7	0	17	14	16	6	5	22	13	18	11	15	20	4	14	12	11	10	10	11	15	15	14	
0	1	6	11	6	1	2	31	2	12	0	8	9	5	4	12	8	10	10	4	19	3	2	8	9	7	2	1	8	7	10	
0	12	5	3	14	11	11	30	7	11	17	0	7	7	11	14	4	9	21	13	22	10	5	10	2	11	10	10	11	6	5	
0	13	10	13	17	13	8	33	14	14	12	10	0	9	8	14	14	12	18	10	22	7	14	13	12	13	14	3	16	9	15	
0	16	13	16	15	16	11	36	17	17	15	13	18	0	11	17	17	15	25	13	28	10	17	16	15	4	17	6	19	12	18	
0	17	14	17	16	15	12	37	11	12	16	14	19	1	0	18	18	16	23	14	29	11	9	17	6	5	14	7	15	13	19	
0	4	9	13	9	4	5	33	3	13	3	10	12	8	7	0	11	12	13	7	22	6	1	11	12	10	5	4	7	9	12	
0	17	12	13	13	10	17	33	6	14	16	10	16	6	10	17	0	12	25	18	25	9	4	10	1	10	9	12	10	9	15	
0	9	9	14	5	8	10	21	8	2	8	14	8	3	2	5	10	0	13	12	13	6	6	1	5	7	10	9	4	13	16	
0	16	10	1	12	12	11	28	8	9	15	5	5	8	9	12	2	7	0	13	9	11	6	8	3	12	11	8	11	4	3	
0	5	10	15	11	10	12	38	6	19	10	17	14	9	8	19	16	17	14	0	23	7	12	15	14	13	9	11	18	17	17	
0	12	9	12	10	12	7	32	13	13	11	9	13	8	7	13	13	11	21	9	0	6	13	6	10	8	13	2	9	8	14	
0	16	3	13	12	11	9	37	12	13	16	10	15	2	1	18	14	16	24	11	29	0	10	8	7	6	10	7	11	13	15	
0	13	18	23	9	6	14	38	2	12	12	20	12	8	7	22	20	17	22	16	30	15	0	11	13	12	5	13	6	19	22	
0	14	15	16	4	7	13	35	9	13	13	13	7	2	1	19	9	14	23	15	27	12	7	0	4	6	12	8	3	12	18	
0	16	11	12	12	9	16	32	5	13	15	9	15	5	9	16	13	11	24	18	24	8	3	12	0	9	8	11	9	8	14	
0	12	9	12	11	12	7	32	13	13	11	9	14	8	7	13	13	11	21	9	24	6	13	12	11	0	13	2	15	8	14	
0	8	13	18	4	1	9	38	9	19	7	15	7	8	7	17	15	17	17	11	26	10	7	6	10	7	0	8	9	14	17	
0	10	7	10	14	10	5	30	11	11	9	7	14	6	5	11	11	9	19	7	22	4	11	10	9	10	11	0	13	6	12	
0	15	12	22	10	13	10	32	15	13	14	19	13	11	10	16	16	11	24	12	24	9	13	12	16	15	16	15	0	21	18	
0	12	6	4	8	11	12	24	8	5	11	1	8	6	5	8	5	3	16	14	16	9	6	4	3	10	11	11	7	0	6	
0	15	10	8	12	15	8	28	12	9	15	5	12	10	9	12	9	7	20	10	20	13	10	8	7	14	15	15	11	4	0	
M6
0	0	0	0	0	0	0	0	0	0	0	0	0	0	0	0	0	0	0	0	0	0	0	0	0	0	0	0	0	0	0	
0	0	16	9	26	18	17	18	8	20	24	22	11	23	21	10	11	12	6	17	9	12	16	10	6	15	17	1	7	5	15	
0	20	0	11	29	19	14	14	11	31	17	33	22	11	17	13	9	17	17	18	21	23	12	22	18	18	5	21	10	16	15	
0	19	34	0	33	32	12	25	20	34	36	32	17	22	28	22	20	24	15	31	27	21	30	25	24	29	16	19	21	19	26	
0	23	24	14	0	16	20	16	16	22	30	16	19	12	19	18	8	16	23	15	20	26	17	21	17	21	14	24	16	20	14	
0	13	21	8	12	0	12	10	7	18	22	28	3	7	13	7	5	7	9	12	4	15	14	5	1	14	1	13	6	12	11	
0	7	22	9	32	24	0	23	8	26	27	20	8	20	20	10	17	12	3	23	15	9	22	16	12	21	14	7	13	11	21	
0	14	21	10	25	13	18	0	9	21	17	35	11	16	3	11	4	12	20	12	17	22	14	18	14	16	10	15	8	6	10	
0	19	35	1	28	32	13	26	0	30	37	33	18	23	29	2	13	20	16	31	17	22	23	24	20	17	17	20	9	15	18	
0	27	30	30	36	36	27	32	29	0	38	24	35	29	27	31	27	29	30	35	30	20	11	31	27	25	23	22	28	26	33	
0	13	21	7	24	13	15	13	6	18	0	34	14	19	16	7	9	7	9	12	4	14	14	5	1	13	14	13	5	11	15	
0	18	30	17	29	26	24	19	16	32	14	0	21	16	22	18	4	12	23	25	18	20	17	19	15	23	10	19	15	17	10	
0	21	30	5	30	22	17	15	4	32	19	37	0	12	12	6	10	15	20	21	19	26	22	24	20	19	6	22	11	17	13	
0	14	18	2	22	10	8	10	11	23	27	28	13	0	13	9	4	12	11	9	14	17	11	15	11	15	10	14	10	8	10	
0	22	27	10	31	23	21	16	9	29	23	41	8	13	0	11	1	9	24	22	21	19	24	22	18	20	7	21	12	14	7	
0	25	39	17	43	31	27	31	26	31	45	46	26	38	34	0	35	30	21	30	33	27	32	33	30	36	32	25	31	29	39	
0	21	26	13	30	22	20	15	12	28	24	40	17	12	18	14	0	8	23	21	20	18	23	21	17	19	6	20	11	13	6	
0	13	18	9	26	22	17	22	8	20	29	35	24	12	25	10	11	0	19	21	22	25	16	23	19	15	17	14	7	5	17	
0	4	19	6	29	21	18	20	5	23	24	25	5	17	17	7	14	9	0	20	12	6	19	13	9	18	11	4	10	8	18	
0	8	9	9	13	1	8	1	8	19	18	23	4	8	4	8	5	8	10	0	5	16	2	6	2	6	2	9	7	7	11	
0	19	27	13	30	19	17	19	12	14	24	37	20	19	22	13	15	13	15	18	0	21	20	11	7	19	20	19	11	17	21	
0	14	17	10	27	16	18	19	9	21	25	23	19	21	22	11	12	9	15	18	10	0	17	11	7	16	17	2	8	6	18	
0	30	19	26	37	25	32	25	25	35	35	21	24	29	16	24	17	24	26	24	21	32	0	22	18	30	23	30	28	29	23	
0	15	20	11	28	23	12	14	10	22	31	32	20	14	17	2	13	2	15	23	15	21	15	0	21	17	14	16	9	7	19	
0	12	20	14	24	12	16	12	13	17	21	33	13	18	15	6	16	6	8	11	3	14	13	4	0	17	13	12	13	11	22	
0	2	18	9	11	19	2	12	8	20	26	22	10	9	15	10	7	14	5	18	11	11	6	12	8	0	3	3	7	5	13	
0	15	24	7	24	16	14	9	6	26	26	34	19	6	12	8	4	12	17	15	20	22	17	21	17	13	0	16	5	11	10	
0	12	15	8	25	17	16	17	7	19	23	21	18	22	20	9	10	11	13	16	8	19	15	9	5	14	16	0	6	4	16	
0	10	26	2	19	26	10	19	1	21	28	30	18	16	22	3	4	12	13	25	18	19	14	20	16	8	10	11	0	6	10	
0	8	24	4	21	20	12	21	3	15	30	30	19	18	24	5	6	14	14	25	17	20	11	18	14	10	12	9	2	0	12	
0	15	20	11	28	22	19	15	10	22	30	37	11	12	18	12	10	2	19	21	14	25	18	15	11	17	6	16	9	7	0	
M7
0	0	0	0	0	0	0	0	0	0	0	0	0	0	0	0	0	0	0	0	0	0	0	0	0	0	0	0	0	0	0	
0	0	10	16	12	16	19	21	3	5	17	32	11	7	4	20	12	27	9	20	17	18	15	12	17	6	17	10	7	11	11	
0	17	0	11	9	13	16	15	19	12	19	28	8	10	16	15	23	21	10	21	15	8	16	15	21	13	9	13	18	12	6	
0	20	17	0	13	17	20	21	16	16	25	32	12	3	16	18	16	27	8	24	8	15	14	8	22	17	22	9	14	8	10	
0	9	13	13	0	5	7	12	12	14	13	23	10	4	13	9	20	18	9	23	17	17	15	9	17	12	15	10	15	9	8	
0	4	8	19	10	0	11	7	7	9	8	20	9	11	8	17	16	13	13	18	16	16	19	16	21	10	10	14	11	15	14	
0	8	12	9	7	4	0	11	11	10	12	24	6	8	12	13	20	17	13	22	13	19	19	13	24	5	14	12	15	13	4	
0	10	11	16	6	10	13	0	4	6	4	13	5	8	14	10	13	6	10	11	9	19	16	13	16	7	6	13	8	12	11	
0	15	7	13	9	13	16	18	0	2	14	29	8	4	14	17	9	24	6	17	17	15	12	9	14	3	14	9	4	8	8	
0	15	19	20	7	11	14	18	18	0	12	30	6	11	19	16	26	24	16	26	15	15	22	16	24	1	14	17	22	16	15	
0	7	14	15	2	6	9	13	10	5	0	25	1	6	11	11	14	19	11	14	19	19	17	11	14	6	2	12	14	11	10	
0	10	16	4	3	8	10	10	13	14	14	0	10	7	12	12	19	16	6	21	6	19	3	12	20	15	16	9	14	8	8	
0	9	13	14	1	5	8	12	12	4	13	24	0	5	13	10	21	18	10	23	18	18	16	10	18	5	15	11	16	10	9	
0	17	14	18	14	15	21	18	13	15	22	31	14	0	13	22	16	24	5	24	16	13	11	5	19	16	19	6	11	5	13	
0	20	24	16	11	16	18	23	23	13	24	34	15	15	0	20	18	29	20	26	13	28	26	20	24	14	26	21	26	20	15	
0	19	16	18	16	17	23	20	15	17	24	14	16	2	15	0	18	26	7	26	17	15	13	7	21	18	16	8	13	7	15	
0	18	22	19	16	14	10	21	21	19	14	34	15	18	22	23	0	27	23	8	23	29	26	23	21	15	16	16	21	15	14	
0	4	14	10	8	12	15	19	7	9	17	28	7	9	8	14	16	0	13	13	3	22	19	14	21	10	19	14	11	14	5	
0	12	11	17	10	12	17	13	10	12	17	26	9	12	8	19	13	19	0	21	21	19	6	17	14	12	16	3	8	2	12	
0	10	14	11	9	6	2	13	13	12	14	26	8	10	14	15	22	19	15	0	15	21	21	15	13	7	16	14	17	15	6	
0	13	17	7	5	9	12	16	16	8	17	25	4	6	17	11	22	22	11	16	0	19	17	11	22	9	19	12	17	11	2	
0	14	13	18	5	10	12	7	11	12	11	20	8	9	10	14	15	13	2	18	16	0	8	14	16	13	13	5	10	4	13	
0	10	14	20	13	6	17	7	11	13	11	20	12	15	11	17	16	13	3	18	16	22	0	20	17	14	13	6	11	5	15	
0	19	13	13	11	15	18	15	12	14	19	28	10	12	18	17	15	21	10	23	17	8	15	0	20	12	18	5	10	4	8	
0	1	11	17	13	17	20	22	4	6	18	15	12	8	5	21	13	13	10	21	16	19	16	13	0	7	18	11	8	11	12	
0	27	24	21	19	23	26	21	25	15	25	34	18	20	24	25	29	27	16	30	14	14	22	25	30	0	27	19	24	18	16	
0	13	23	23	21	18	14	25	16	18	26	27	20	15	17	13	14	25	14	12	19	19	20	20	12	5	0	17	20	16	18	
0	14	8	14	12	16	19	23	7	9	21	30	11	11	18	18	10	28	13	18	18	16	19	16	15	10	13	0	5	15	9	
0	11	3	9	7	11	14	18	3	5	17	25	6	7	15	13	5	23	9	13	13	11	15	12	10	6	12	12	0	11	4	
0	15	9	15	9	14	16	18	8	10	22	31	12	12	17	18	11	24	9	19	19	17	11	17	16	11	14	1	6	0	10	
0	11	15	5	3	7	10	14	14	6	15	23	2	4	15	9	20	20	9	25	9	17	15	9	20	7	17	10	15	9	0	
Tamanho_Tarefas
0	15	21	35	15	16	28	23	24	27	20	8	29	1	11	18	4	27	26	14	15	16	16	12	14	12	21	30	6	12	22	
Data_Entrega
0	148	156	155	150	154	156	158	159	152	154	148	158	150	157	157	154	148	153	158	154	153	147	157	153	159	156	149	148	158	159	
Penalidade_Atraso
0	20	5	16	17	16	16	11	1	19	14	16	20	9	9	18	2	5	7	9	8	13	17	4	12	16	3	18	14	20	14	
Capacidade_Veiculo
105	67	74	94	55	56	43	104	52	64	93	
Custo_Fixo_Veiculo
1050	670	740	940	550	560	430	1040	520	640	930	
Coordenadas_Clientes
x	0	y	0
x	97	y	0
x	118	y	25
x	78	y	34
x	78	y	57
x	60	y	66
x	56	y	98
x	26	y	81
x	11	y	113
x	-10	y	104
x	-23	y	71
x	-38	y	65
x	-83	y	92
x	-72	y	52
x	-82	y	36
x	-117	y	24
x	-78	y	0
x	-102	y	-21
x	-100	y	-44
x	-76	y	-55
x	-77	y	-86
x	-56	y	-98
x	-34	y	-107
x	-11	y	-113
x	12	y	-118
x	33	y	-101
x	37	y	-64
x	52	y	-57
x	93	y	-67
x	110	y	-49
x	96	y	-20
Tempo_Viagem
0	97	120	85	96	89	112	85	113	104	74	75	123	88	89	119	78	104	109	93	115	112	112	113	118	106	73	77	114	120	98	
97	0	32	38	60	74	105	107	141	149	139	149	201	176	182	215	175	200	201	181	194	181	169	155	144	119	87	72	67	50	20	
120	32	0	41	51	71	95	107	138	149	148	161	211	191	200	235	197	224	228	209	224	213	201	187	176	151	119	104	95	74	50	
85	38	41	0	23	36	67	70	103	112	107	120	170	151	160	195	159	188	194	177	196	188	180	171	165	141	106	94	102	88	56	
96	60	51	23	0	20	46	57	87	99	101	116	164	150	161	197	166	196	204	189	210	204	198	191	186	163	127	116	124	110	79	
89	74	71	36	20	0	32	37	67	79	83	98	145	132	145	181	152	183	194	182	204	200	196	192	190	169	132	123	137	124	92	
112	105	95	67	46	32	0	34	47	66	83	99	139	135	151	187	165	196	210	202	227	224	223	221	220	200	163	155	169	155	123	
85	107	107	70	57	37	34	0	35	42	50	65	109	101	117	153	131	162	177	170	196	196	197	197	199	182	145	140	162	154	122	
113	141	138	103	87	67	47	35	0	22	54	68	95	102	120	155	143	174	192	189	217	221	224	226	231	215	178	174	197	189	157	
104	149	149	112	99	79	66	42	22	0	35	48	73	80	98	133	124	155	173	171	201	207	212	217	222	209	174	172	199	194	163	
74	139	148	107	101	83	83	50	54	35	0	16	63	52	68	105	89	120	138	136	166	172	178	184	192	180	147	148	180	179	149	
75	149	161	120	116	98	99	65	68	48	16	0	52	36	52	89	76	107	125	125	155	163	172	180	189	180	148	151	185	186	158	
123	201	211	170	164	145	139	109	95	73	63	52	0	41	56	76	92	114	137	147	178	191	204	216	230	225	196	200	237	238	210	
88	176	191	151	150	132	135	101	102	80	52	36	41	0	18	53	52	78	100	107	138	150	163	175	189	185	159	165	202	208	182	
89	182	200	160	161	145	151	117	120	98	68	52	56	18	0	37	36	60	82	91	122	136	150	165	180	178	155	163	203	209	186	
119	215	235	195	197	181	187	153	155	133	105	89	76	53	37	0	45	47	70	89	116	136	155	173	191	195	176	186	228	238	217	
78	175	197	159	166	152	165	131	143	124	89	76	92	52	36	45	0	31	49	55	86	100	115	131	148	150	131	141	183	194	175	
104	200	224	188	196	183	196	162	174	155	120	107	114	78	60	47	31	0	23	42	69	89	108	129	149	156	145	158	200	213	198	
109	201	228	194	204	194	210	177	192	173	138	125	137	100	82	70	49	23	0	26	47	69	91	112	134	144	138	152	194	210	197	
93	181	209	177	189	182	202	170	189	171	136	125	147	107	91	89	55	42	26	0	31	47	66	87	108	118	113	128	169	186	175	
115	194	224	196	210	204	227	196	217	201	166	155	178	138	122	116	86	69	47	31	0	24	47	70	93	111	116	132	171	190	185	
112	181	213	188	204	200	224	196	221	207	172	163	191	150	136	136	100	89	69	47	24	0	23	46	69	89	99	115	152	173	170	
112	169	201	180	198	196	223	197	224	212	178	172	204	163	150	155	115	108	91	66	47	23	0	23	46	67	83	99	133	155	156	
113	155	187	171	191	192	221	197	226	217	184	180	216	175	165	173	131	129	112	87	70	46	23	0	23	45	68	84	113	136	141	
118	144	176	165	186	190	220	199	231	222	192	189	230	189	180	191	148	149	134	108	93	69	46	23	0	27	59	72	95	119	129	
106	119	151	141	163	169	200	182	215	209	180	180	225	185	178	195	150	156	144	118	111	89	67	45	27	0	37	47	68	92	102	
73	87	119	106	127	132	163	145	178	174	147	148	196	159	155	176	131	145	138	113	116	99	83	68	59	37	0	16	56	74	73	
77	72	104	94	116	123	155	140	174	172	148	151	200	165	163	186	141	158	152	128	132	115	99	84	72	47	16	0	42	58	57	
114	67	95	102	124	137	169	162	197	199	180	185	237	202	203	228	183	200	194	169	171	152	133	113	95	68	56	42	0	24	47	
120	50	74	88	110	124	155	154	189	194	179	186	238	208	209	238	194	213	210	186	190	173	155	136	119	92	74	58	24	0	32	
98	20	50	56	79	92	123	122	157	163	149	158	210	182	186	217	175	198	197	175	185	170	156	141	129	102	73	57	47	32	0	
Custo_Viagem
V0
0	2037	2520	1785	2016	1869	2352	1785	2373	2184	1554	1575	2583	1848	1869	2499	1638	2184	2289	1953	2415	2352	2352	2373	2478	2226	1533	1617	2394	2520	2058	
2037	0	672	798	1260	1575	2226	2247	2982	3129	2919	3129	4242	3696	3822	4515	3675	4200	4221	3801	4074	3801	3549	3276	3045	2499	1827	1512	1407	1050	420	
2520	672	0	861	1071	1491	1995	2247	2898	3150	3108	3381	4431	4011	4200	4935	4137	4704	4788	4389	4704	4473	4221	3948	3738	3171	2520	2205	1995	1554	1050	
1785	798	861	0	483	756	1407	1470	2163	2352	2247	2520	3591	3171	3360	4095	3339	3948	4074	3717	4116	3948	3780	3591	3465	2982	2226	1974	2142	1848	1176	
2016	1260	1071	483	0	420	966	1197	1827	2079	2121	2436	3444	3150	3381	4137	3486	4116	4284	3990	4410	4284	4158	4011	3927	3444	2667	2436	2604	2310	1659	
1869	1575	1491	756	420	0	672	777	1407	1659	1743	2058	3045	2772	3045	3801	3192	3843	4074	3822	4284	4200	4116	4032	3990	3549	2772	2583	2877	2625	1953	
2352	2226	1995	1407	966	672	0	714	987	1386	1743	2079	2919	2856	3171	3948	3486	4137	4410	4242	4767	4725	4683	4641	4620	4200	3423	3255	3549	3276	2604	
1785	2247	2247	1470	1197	777	714	0	735	882	1050	1365	2289	2142	2457	3213	2751	3423	3717	3570	4116	4116	4137	4137	4179	3822	3045	2940	3402	3234	2562	
2373	2982	2898	2163	1827	1407	987	735	0	462	1134	1428	2016	2163	2520	3255	3003	3675	4032	3969	4557	4641	4704	4767	4851	4515	3738	3654	4137	3969	3297	
2184	3129	3150	2352	2079	1659	1386	882	462	0	735	1008	1533	1680	2079	2793	2604	3255	3633	3612	4221	4347	4452	4557	4683	4389	3654	3612	4179	4074	3423	
1554	2919	3108	2247	2121	1743	1743	1050	1134	735	0	336	1323	1092	1428	2205	1869	2541	2898	2856	3486	3612	3738	3864	4032	3780	3087	3108	3780	3759	3129	
1575	3129	3381	2520	2436	2058	2079	1365	1428	1008	336	0	1092	756	1092	1869	1596	2247	2625	2625	3255	3423	3612	3780	3969	3780	3129	3171	3885	3906	3318	
2583	4242	4431	3591	3444	3045	2919	2289	2016	1533	1323	1092	0	861	1176	1596	1932	2394	2877	3087	3738	4011	4284	4557	4830	4725	4116	4221	4977	5019	4431	
1848	3696	4011	3171	3150	2772	2856	2142	2163	1680	1092	756	861	0	378	1113	1092	1638	2100	2247	2898	3150	3423	3675	3969	3885	3339	3465	4263	4368	3822	
1869	3822	4200	3360	3381	3045	3171	2457	2520	2079	1428	1092	1176	378	0	777	756	1260	1722	1911	2562	2856	3150	3465	3780	3738	3255	3423	4263	4389	3906	
2499	4515	4935	4095	4137	3801	3948	3213	3255	2793	2205	1869	1596	1113	777	0	945	987	1470	1869	2457	2856	3255	3633	4011	4095	3717	3927	4788	4998	4557	
1638	3675	4137	3339	3486	3192	3486	2751	3003	2604	1869	1596	1932	1092	756	945	0	651	1029	1155	1806	2100	2415	2751	3108	3150	2751	2961	3843	4074	3675	
2184	4200	4704	3948	4116	3843	4137	3423	3675	3255	2541	2247	2394	1638	1260	987	651	0	483	882	1449	1869	2289	2709	3129	3276	3045	3318	4200	4473	4158	
2289	4221	4788	4074	4284	4074	4410	3717	4032	3633	2898	2625	2877	2100	1722	1470	1029	483	0	546	987	1449	1911	2352	2814	3024	2898	3192	4074	4410	4137	
1953	3801	4389	3717	3990	3822	4242	3570	3969	3612	2856	2625	3087	2247	1911	1869	1155	882	546	0	651	987	1386	1827	2268	2478	2373	2688	3549	3906	3675	
2415	4074	4704	4116	4410	4284	4767	4116	4557	4221	3486	3255	3738	2898	2562	2457	1806	1449	987	651	0	504	987	1491	1974	2331	2436	2772	3591	3990	3885	
2352	3801	4473	3948	4284	4200	4725	4116	4641	4347	3612	3423	4011	3150	2856	2856	2100	1869	1449	987	504	0	483	987	1470	1869	2079	2415	3192	3633	3570	
2352	3549	4221	3780	4158	4116	4683	4137	4704	4452	3738	3612	4284	3423	3150	3255	2415	2289	1911	1386	987	483	0	483	987	1407	1743	2079	2793	3255	3276	
2373	3276	3948	3591	4011	4032	4641	4137	4767	4557	3864	3780	4557	3675	3465	3633	2751	2709	2352	1827	1491	987	483	0	483	945	1428	1764	2373	2856	2961	
2478	3045	3738	3465	3927	3990	4620	4179	4851	4683	4032	3969	4830	3969	3780	4011	3108	3129	2814	2268	1974	1470	987	483	0	567	1239	1512	1995	2499	2709	
2226	2499	3171	2982	3444	3549	4200	3822	4515	4389	3780	3780	4725	3885	3738	4095	3150	3276	3024	2478	2331	1869	1407	945	567	0	777	987	1428	1932	2142	
1533	1827	2520	2226	2667	2772	3423	3045	3738	3654	3087	3129	4116	3339	3255	3717	2751	3045	2898	2373	2436	2079	1743	1428	1239	777	0	336	1176	1554	1533	
1617	1512	2205	1974	2436	2583	3255	2940	3654	3612	3108	3171	4221	3465	3423	3927	2961	3318	3192	2688	2772	2415	2079	1764	1512	987	336	0	882	1218	1197	
2394	1407	1995	2142	2604	2877	3549	3402	4137	4179	3780	3885	4977	4263	4263	4788	3843	4200	4074	3549	3591	3192	2793	2373	1995	1428	1176	882	0	504	987	
2520	1050	1554	1848	2310	2625	3276	3234	3969	4074	3759	3906	5019	4368	4389	4998	4074	4473	4410	3906	3990	3633	3255	2856	2499	1932	1554	1218	504	0	672	
2058	420	1050	1176	1659	1953	2604	2562	3297	3423	3129	3318	4431	3822	3906	4557	3675	4158	4137	3675	3885	3570	3276	2961	2709	2142	1533	1197	987	672	0	
V1
0	1299	1608	1139	1286	1192	1500	1139	1514	1393	991	1005	1648	1179	1192	1594	1045	1393	1460	1246	1541	1500	1500	1514	1581	1420	978	1031	1527	1608	1313	
1299	0	428	509	804	1005	1420	1433	1902	1996	1862	1996	2706	2358	2438	2881	2345	2680	2693	2425	2599	2425	2264	2090	1943	1594	1165	964	897	670	268	
1608	428	0	549	683	951	1273	1433	1849	2010	1983	2157	2827	2559	2680	3149	2639	3001	3055	2800	3001	2854	2693	2519	2385	2023	1608	1407	1273	991	670	
1139	509	549	0	308	482	897	938	1380	1500	1433	1608	2291	2023	2144	2613	2130	2519	2599	2371	2626	2519	2412	2291	2211	1902	1420	1259	1366	1179	750	
1286	804	683	308	0	268	616	763	1165	1326	1353	1554	2197	2010	2157	2639	2224	2626	2733	2546	2814	2733	2653	2559	2505	2197	1701	1554	1661	1474	1058	
1192	1005	951	482	268	0	428	495	897	1058	1112	1313	1943	1768	1943	2425	2036	2452	2599	2438	2733	2680	2626	2572	2546	2264	1768	1648	1835	1675	1246	
1500	1420	1273	897	616	428	0	455	629	884	1112	1326	1862	1822	2023	2519	2224	2639	2814	2706	3041	3015	2988	2961	2948	2680	2184	2077	2264	2090	1661	
1139	1433	1433	938	763	495	455	0	469	562	670	871	1460	1366	1567	2050	1755	2184	2371	2278	2626	2626	2639	2639	2666	2438	1943	1876	2170	2063	1634	
1514	1902	1849	1380	1165	897	629	469	0	294	723	911	1286	1380	1608	2077	1916	2345	2572	2532	2907	2961	3001	3041	3095	2881	2385	2331	2639	2532	2103	
1393	1996	2010	1500	1326	1058	884	562	294	0	469	643	978	1072	1326	1782	1661	2077	2318	2304	2693	2773	2840	2907	2988	2800	2331	2304	2666	2599	2184	
991	1862	1983	1433	1353	1112	1112	670	723	469	0	214	844	696	911	1407	1192	1621	1849	1822	2224	2304	2385	2465	2572	2412	1969	1983	2412	2398	1996	
1005	1996	2157	1608	1554	1313	1326	871	911	643	214	0	696	482	696	1192	1018	1433	1675	1675	2077	2184	2304	2412	2532	2412	1996	2023	2479	2492	2117	
1648	2706	2827	2291	2197	1943	1862	1460	1286	978	844	696	0	549	750	1018	1232	1527	1835	1969	2385	2559	2733	2907	3082	3015	2626	2693	3175	3202	2827	
1179	2358	2559	2023	2010	1768	1822	1366	1380	1072	696	482	549	0	241	710	696	1045	1340	1433	1849	2010	2184	2345	2532	2479	2130	2211	2720	2787	2438	
1192	2438	2680	2144	2157	1943	2023	1567	1608	1326	911	696	750	241	0	495	482	804	1098	1219	1634	1822	2010	2211	2412	2385	2077	2184	2720	2800	2492	
1594	2881	3149	2613	2639	2425	2519	2050	2077	1782	1407	1192	1018	710	495	0	603	629	938	1192	1567	1822	2077	2318	2559	2613	2371	2505	3055	3189	2907	
1045	2345	2639	2130	2224	2036	2224	1755	1916	1661	1192	1018	1232	696	482	603	0	415	656	737	1152	1340	1541	1755	1983	2010	1755	1889	2452	2599	2345	
1393	2680	3001	2519	2626	2452	2639	2184	2345	2077	1621	1433	1527	1045	804	629	415	0	308	562	924	1192	1460	1728	1996	2090	1943	2117	2680	2854	2653	
1460	2693	3055	2599	2733	2599	2814	2371	2572	2318	1849	1675	1835	1340	1098	938	656	308	0	348	629	924	1219	1500	1795	1929	1849	2036	2599	2814	2639	
1246	2425	2800	2371	2546	2438	2706	2278	2532	2304	1822	1675	1969	1433	1219	1192	737	562	348	0	415	629	884	1165	1447	1581	1514	1715	2264	2492	2345	
1541	2599	3001	2626	2814	2733	3041	2626	2907	2693	2224	2077	2385	1849	1634	1567	1152	924	629	415	0	321	629	951	1259	1487	1554	1768	2291	2546	2479	
1500	2425	2854	2519	2733	2680	3015	2626	2961	2773	2304	2184	2559	2010	1822	1822	1340	1192	924	629	321	0	308	629	938	1192	1326	1541	2036	2318	2278	
1500	2264	2693	2412	2653	2626	2988	2639	3001	2840	2385	2304	2733	2184	2010	2077	1541	1460	1219	884	629	308	0	308	629	897	1112	1326	1782	2077	2090	
1514	2090	2519	2291	2559	2572	2961	2639	3041	2907	2465	2412	2907	2345	2211	2318	1755	1728	1500	1165	951	629	308	0	308	603	911	1125	1514	1822	1889	
1581	1943	2385	2211	2505	2546	2948	2666	3095	2988	2572	2532	3082	2532	2412	2559	1983	1996	1795	1447	1259	938	629	308	0	361	790	964	1273	1594	1728	
1420	1594	2023	1902	2197	2264	2680	2438	2881	2800	2412	2412	3015	2479	2385	2613	2010	2090	1929	1581	1487	1192	897	603	361	0	495	629	911	1232	1366	
978	1165	1608	1420	1701	1768	2184	1943	2385	2331	1969	1996	2626	2130	2077	2371	1755	1943	1849	1514	1554	1326	1112	911	790	495	0	214	750	991	978	
1031	964	1407	1259	1554	1648	2077	1876	2331	2304	1983	2023	2693	2211	2184	2505	1889	2117	2036	1715	1768	1541	1326	1125	964	629	214	0	562	777	763	
1527	897	1273	1366	1661	1835	2264	2170	2639	2666	2412	2479	3175	2720	2720	3055	2452	2680	2599	2264	2291	2036	1782	1514	1273	911	750	562	0	321	629	
1608	670	991	1179	1474	1675	2090	2063	2532	2599	2398	2492	3202	2787	2800	3189	2599	2854	2814	2492	2546	2318	2077	1822	1594	1232	991	777	321	0	428	
1313	268	670	750	1058	1246	1661	1634	2103	2184	1996	2117	2827	2438	2492	2907	2345	2653	2639	2345	2479	2278	2090	1889	1728	1366	978	763	629	428	0	
V2
0	1435	1776	1258	1420	1317	1657	1258	1672	1539	1095	1110	1820	1302	1317	1761	1154	1539	1613	1376	1702	1657	1657	1672	1746	1568	1080	1139	1687	1776	1450	
1435	0	473	562	888	1110	1568	1583	2101	2205	2057	2205	2989	2604	2693	3182	2590	2960	2974	2678	2871	2678	2501	2308	2146	1761	1287	1065	991	740	296	
1776	473	0	606	754	1050	1406	1583	2042	2220	2190	2382	3122	2826	2960	3478	2915	3315	3374	3093	3315	3152	2974	2782	2634	2234	1776	1554	1406	1095	740	
1258	562	606	0	340	532	991	1036	1524	1657	1583	1776	2530	2234	2368	2886	2353	2782	2871	2619	2900	2782	2664	2530	2442	2101	1568	1391	1509	1302	828	
1420	888	754	340	0	296	680	843	1287	1465	1494	1716	2427	2220	2382	2915	2456	2900	3019	2812	3108	3019	2930	2826	2767	2427	1879	1716	1835	1628	1169	
1317	1110	1050	532	296	0	473	547	991	1169	1228	1450	2146	1953	2146	2678	2249	2708	2871	2693	3019	2960	2900	2841	2812	2501	1953	1820	2027	1850	1376	
1657	1568	1406	991	680	473	0	503	695	976	1228	1465	2057	2012	2234	2782	2456	2915	3108	2989	3359	3330	3300	3270	3256	2960	2412	2294	2501	2308	1835	
1258	1583	1583	1036	843	547	503	0	518	621	740	962	1613	1509	1731	2264	1938	2412	2619	2516	2900	2900	2915	2915	2945	2693	2146	2072	2397	2279	1805	
1672	2101	2042	1524	1287	991	695	518	0	325	799	1006	1420	1524	1776	2294	2116	2590	2841	2797	3211	3270	3315	3359	3418	3182	2634	2575	2915	2797	2323	
1539	2205	2220	1657	1465	1169	976	621	325	0	518	710	1080	1184	1465	1968	1835	2294	2560	2545	2974	3063	3137	3211	3300	3093	2575	2545	2945	2871	2412	
1095	2057	2190	1583	1494	1228	1228	740	799	518	0	236	932	769	1006	1554	1317	1790	2042	2012	2456	2545	2634	2723	2841	2664	2175	2190	2664	2649	2205	
1110	2205	2382	1776	1716	1450	1465	962	1006	710	236	0	769	532	769	1317	1124	1583	1850	1850	2294	2412	2545	2664	2797	2664	2205	2234	2738	2752	2338	
1820	2989	3122	2530	2427	2146	2057	1613	1420	1080	932	769	0	606	828	1124	1361	1687	2027	2175	2634	2826	3019	3211	3404	3330	2900	2974	3507	3537	3122	
1302	2604	2826	2234	2220	1953	2012	1509	1524	1184	769	532	606	0	266	784	769	1154	1480	1583	2042	2220	2412	2590	2797	2738	2353	2442	3004	3078	2693	
1317	2693	2960	2368	2382	2146	2234	1731	1776	1465	1006	769	828	266	0	547	532	888	1213	1346	1805	2012	2220	2442	2664	2634	2294	2412	3004	3093	2752	
1761	3182	3478	2886	2915	2678	2782	2264	2294	1968	1554	1317	1124	784	547	0	666	695	1036	1317	1731	2012	2294	2560	2826	2886	2619	2767	3374	3522	3211	
1154	2590	2915	2353	2456	2249	2456	1938	2116	1835	1317	1124	1361	769	532	666	0	458	725	814	1272	1480	1702	1938	2190	2220	1938	2086	2708	2871	2590	
1539	2960	3315	2782	2900	2708	2915	2412	2590	2294	1790	1583	1687	1154	888	695	458	0	340	621	1021	1317	1613	1909	2205	2308	2146	2338	2960	3152	2930	
1613	2974	3374	2871	3019	2871	3108	2619	2841	2560	2042	1850	2027	1480	1213	1036	725	340	0	384	695	1021	1346	1657	1983	2131	2042	2249	2871	3108	2915	
1376	2678	3093	2619	2812	2693	2989	2516	2797	2545	2012	1850	2175	1583	1346	1317	814	621	384	0	458	695	976	1287	1598	1746	1672	1894	2501	2752	2590	
1702	2871	3315	2900	3108	3019	3359	2900	3211	2974	2456	2294	2634	2042	1805	1731	1272	1021	695	458	0	355	695	1050	1391	1642	1716	1953	2530	2812	2738	
1657	2678	3152	2782	3019	2960	3330	2900	3270	3063	2545	2412	2826	2220	2012	2012	1480	1317	1021	695	355	0	340	695	1036	1317	1465	1702	2249	2560	2516	
1657	2501	2974	2664	2930	2900	3300	2915	3315	3137	2634	2545	3019	2412	2220	2294	1702	1613	1346	976	695	340	0	340	695	991	1228	1465	1968	2294	2308	
1672	2308	2782	2530	2826	2841	3270	2915	3359	3211	2723	2664	3211	2590	2442	2560	1938	1909	1657	1287	1050	695	340	0	340	666	1006	1243	1672	2012	2086	
1746	2146	2634	2442	2767	2812	3256	2945	3418	3300	2841	2797	3404	2797	2664	2826	2190	2205	1983	1598	1391	1036	695	340	0	399	873	1065	1406	1761	1909	
1568	1761	2234	2101	2427	2501	2960	2693	3182	3093	2664	2664	3330	2738	2634	2886	2220	2308	2131	1746	1642	1317	991	666	399	0	547	695	1006	1361	1509	
1080	1287	1776	1568	1879	1953	2412	2146	2634	2575	2175	2205	2900	2353	2294	2619	1938	2146	2042	1672	1716	1465	1228	1006	873	547	0	236	828	1095	1080	
1139	1065	1554	1391	1716	1820	2294	2072	2575	2545	2190	2234	2974	2442	2412	2767	2086	2338	2249	1894	1953	1702	1465	1243	1065	695	236	0	621	858	843	
1687	991	1406	1509	1835	2027	2501	2397	2915	2945	2664	2738	3507	3004	3004	3374	2708	2960	2871	2501	2530	2249	1968	1672	1406	1006	828	621	0	355	695	
1776	740	1095	1302	1628	1850	2308	2279	2797	2871	2649	2752	3537	3078	3093	3522	2871	3152	3108	2752	2812	2560	2294	2012	1761	1361	1095	858	355	0	473	
1450	296	740	828	1169	1376	1835	1805	2323	2412	2205	2338	3122	2693	2752	3211	2590	2930	2915	2590	2738	2516	2308	2086	1909	1509	1080	843	695	473	0	
V3
0	1823	2256	1598	1804	1673	2105	1598	2124	1955	1391	1410	2312	1654	1673	2237	1466	1955	2049	1748	2162	2105	2105	2124	2218	1992	1372	1447	2143	2256	1842	
1823	0	601	714	1128	1410	1992	2011	2669	2801	2613	2801	3797	3308	3421	4042	3290	3760	3778	3402	3647	3402	3177	2932	2726	2237	1635	1353	1259	940	376	
2256	601	0	770	958	1334	1786	2011	2594	2820	2782	3026	3966	3590	3760	4418	3703	4211	4286	3929	4211	4004	3778	3534	3346	2838	2256	1974	1786	1391	940	
1598	714	770	0	432	676	1259	1316	1936	2105	2011	2256	3214	2838	3008	3666	2989	3534	3647	3327	3684	3534	3384	3214	3102	2669	1992	1767	1917	1654	1052	
1804	1128	958	432	0	376	864	1071	1635	1861	1898	2180	3083	2820	3026	3703	3120	3684	3835	3572	3948	3835	3722	3590	3515	3083	2387	2180	2331	2068	1485	
1673	1410	1334	676	376	0	601	695	1259	1485	1560	1842	2726	2481	2726	3402	2857	3440	3647	3421	3835	3760	3684	3609	3572	3177	2481	2312	2575	2350	1748	
2105	1992	1786	1259	864	601	0	639	883	1240	1560	1861	2613	2556	2838	3534	3120	3703	3948	3797	4267	4230	4192	4154	4136	3760	3064	2914	3177	2932	2331	
1598	2011	2011	1316	1071	695	639	0	658	789	940	1222	2049	1917	2199	2876	2462	3064	3327	3196	3684	3684	3703	3703	3741	3421	2726	2632	3045	2895	2293	
2124	2669	2594	1936	1635	1259	883	658	0	413	1015	1278	1804	1936	2256	2914	2688	3290	3609	3553	4079	4154	4211	4267	4342	4042	3346	3271	3703	3553	2951	
1955	2801	2820	2105	1861	1485	1240	789	413	0	658	902	1372	1504	1861	2500	2331	2914	3252	3233	3778	3891	3985	4079	4192	3929	3271	3233	3741	3647	3064	
1391	2613	2782	2011	1898	1560	1560	940	1015	658	0	300	1184	977	1278	1974	1673	2274	2594	2556	3120	3233	3346	3459	3609	3384	2763	2782	3384	3365	2801	
1410	2801	3026	2256	2180	1842	1861	1222	1278	902	300	0	977	676	977	1673	1428	2011	2350	2350	2914	3064	3233	3384	3553	3384	2801	2838	3478	3496	2970	
2312	3797	3966	3214	3083	2726	2613	2049	1804	1372	1184	977	0	770	1052	1428	1729	2143	2575	2763	3346	3590	3835	4079	4324	4230	3684	3778	4455	4493	3966	
1654	3308	3590	2838	2820	2481	2556	1917	1936	1504	977	676	770	0	338	996	977	1466	1880	2011	2594	2820	3064	3290	3553	3478	2989	3102	3816	3910	3421	
1673	3421	3760	3008	3026	2726	2838	2199	2256	1861	1278	977	1052	338	0	695	676	1128	1541	1710	2293	2556	2820	3102	3384	3346	2914	3064	3816	3929	3496	
2237	4042	4418	3666	3703	3402	3534	2876	2914	2500	1974	1673	1428	996	695	0	846	883	1316	1673	2199	2556	2914	3252	3590	3666	3327	3515	4286	4474	4079	
1466	3290	3703	2989	3120	2857	3120	2462	2688	2331	1673	1428	1729	977	676	846	0	582	921	1034	1616	1880	2162	2462	2782	2820	2462	2650	3440	3647	3290	
1955	3760	4211	3534	3684	3440	3703	3064	3290	2914	2274	2011	2143	1466	1128	883	582	0	432	789	1297	1673	2049	2425	2801	2932	2726	2970	3760	4004	3722	
2049	3778	4286	3647	3835	3647	3948	3327	3609	3252	2594	2350	2575	1880	1541	1316	921	432	0	488	883	1297	1710	2105	2519	2707	2594	2857	3647	3948	3703	
1748	3402	3929	3327	3572	3421	3797	3196	3553	3233	2556	2350	2763	2011	1710	1673	1034	789	488	0	582	883	1240	1635	2030	2218	2124	2406	3177	3496	3290	
2162	3647	4211	3684	3948	3835	4267	3684	4079	3778	3120	2914	3346	2594	2293	2199	1616	1297	883	582	0	451	883	1334	1767	2086	2180	2481	3214	3572	3478	
2105	3402	4004	3534	3835	3760	4230	3684	4154	3891	3233	3064	3590	2820	2556	2556	1880	1673	1297	883	451	0	432	883	1316	1673	1861	2162	2857	3252	3196	
2105	3177	3778	3384	3722	3684	4192	3703	4211	3985	3346	3233	3835	3064	2820	2914	2162	2049	1710	1240	883	432	0	432	883	1259	1560	1861	2500	2914	2932	
2124	2932	3534	3214	3590	3609	4154	3703	4267	4079	3459	3384	4079	3290	3102	3252	2462	2425	2105	1635	1334	883	432	0	432	846	1278	1579	2124	2556	2650	
2218	2726	3346	3102	3515	3572	4136	3741	4342	4192	3609	3553	4324	3553	3384	3590	2782	2801	2519	2030	1767	1316	883	432	0	507	1109	1353	1786	2237	2425	
1992	2237	2838	2669	3083	3177	3760	3421	4042	3929	3384	3384	4230	3478	3346	3666	2820	2932	2707	2218	2086	1673	1259	846	507	0	695	883	1278	1729	1917	
1372	1635	2256	1992	2387	2481	3064	2726	3346	3271	2763	2801	3684	2989	2914	3327	2462	2726	2594	2124	2180	1861	1560	1278	1109	695	0	300	1052	1391	1372	
1447	1353	1974	1767	2180	2312	2914	2632	3271	3233	2782	2838	3778	3102	3064	3515	2650	2970	2857	2406	2481	2162	1861	1579	1353	883	300	0	789	1090	1071	
2143	1259	1786	1917	2331	2575	3177	3045	3703	3741	3384	3478	4455	3816	3816	4286	3440	3760	3647	3177	3214	2857	2500	2124	1786	1278	1052	789	0	451	883	
2256	940	1391	1654	2068	2350	2932	2895	3553	3647	3365	3496	4493	3910	3929	4474	3647	4004	3948	3496	3572	3252	2914	2556	2237	1729	1391	1090	451	0	601	
1842	376	940	1052	1485	1748	2331	2293	2951	3064	2801	2970	3966	3421	3496	4079	3290	3722	3703	3290	3478	3196	2932	2650	2425	1917	1372	1071	883	601	0	
V4
0	1067	1320	935	1056	979	1232	935	1243	1144	814	825	1353	968	979	1309	858	1144	1199	1023	1265	1232	1232	1243	1298	1166	803	847	1254	1320	1078	
1067	0	352	418	660	825	1166	1177	1562	1639	1529	1639	2222	1936	2002	2365	1925	2200	2211	1991	2134	1991	1859	1716	1595	1309	957	792	737	550	220	
1320	352	0	451	561	781	1045	1177	1518	1650	1628	1771	2321	2101	2200	2585	2167	2464	2508	2299	2464	2343	2211	2068	1958	1661	1320	1155	1045	814	550	
935	418	451	0	253	396	737	770	1133	1232	1177	1320	1881	1661	1760	2145	1749	2068	2134	1947	2156	2068	1980	1881	1815	1562	1166	1034	1122	968	616	
1056	660	561	253	0	220	506	627	957	1089	1111	1276	1804	1650	1771	2167	1826	2156	2244	2090	2310	2244	2178	2101	2057	1804	1397	1276	1364	1210	869	
979	825	781	396	220	0	352	407	737	869	913	1078	1595	1452	1595	1991	1672	2013	2134	2002	2244	2200	2156	2112	2090	1859	1452	1353	1507	1375	1023	
1232	1166	1045	737	506	352	0	374	517	726	913	1089	1529	1496	1661	2068	1826	2167	2310	2222	2497	2475	2453	2431	2420	2200	1793	1705	1859	1716	1364	
935	1177	1177	770	627	407	374	0	385	462	550	715	1199	1122	1287	1683	1441	1793	1947	1870	2156	2156	2167	2167	2189	2002	1595	1540	1782	1694	1342	
1243	1562	1518	1133	957	737	517	385	0	242	594	748	1056	1133	1320	1705	1573	1925	2112	2079	2387	2431	2464	2497	2541	2365	1958	1914	2167	2079	1727	
1144	1639	1650	1232	1089	869	726	462	242	0	385	528	803	880	1089	1463	1364	1705	1903	1892	2211	2277	2332	2387	2453	2299	1914	1892	2189	2134	1793	
814	1529	1628	1177	1111	913	913	550	594	385	0	176	693	572	748	1155	979	1331	1518	1496	1826	1892	1958	2024	2112	1980	1617	1628	1980	1969	1639	
825	1639	1771	1320	1276	1078	1089	715	748	528	176	0	572	396	572	979	836	1177	1375	1375	1705	1793	1892	1980	2079	1980	1639	1661	2035	2046	1738	
1353	2222	2321	1881	1804	1595	1529	1199	1056	803	693	572	0	451	616	836	1012	1254	1507	1617	1958	2101	2244	2387	2530	2475	2156	2211	2607	2629	2321	
968	1936	2101	1661	1650	1452	1496	1122	1133	880	572	396	451	0	198	583	572	858	1100	1177	1518	1650	1793	1925	2079	2035	1749	1815	2233	2288	2002	
979	2002	2200	1760	1771	1595	1661	1287	1320	1089	748	572	616	198	0	407	396	660	902	1001	1342	1496	1650	1815	1980	1958	1705	1793	2233	2299	2046	
1309	2365	2585	2145	2167	1991	2068	1683	1705	1463	1155	979	836	583	407	0	495	517	770	979	1287	1496	1705	1903	2101	2145	1947	2057	2508	2618	2387	
858	1925	2167	1749	1826	1672	1826	1441	1573	1364	979	836	1012	572	396	495	0	341	539	605	946	1100	1265	1441	1628	1650	1441	1551	2013	2134	1925	
1144	2200	2464	2068	2156	2013	2167	1793	1925	1705	1331	1177	1254	858	660	517	341	0	253	462	759	979	1199	1419	1639	1716	1595	1738	2200	2343	2178	
1199	2211	2508	2134	2244	2134	2310	1947	2112	1903	1518	1375	1507	1100	902	770	539	253	0	286	517	759	1001	1232	1474	1584	1518	1672	2134	2310	2167	
1023	1991	2299	1947	2090	2002	2222	1870	2079	1892	1496	1375	1617	1177	1001	979	605	462	286	0	341	517	726	957	1188	1298	1243	1408	1859	2046	1925	
1265	2134	2464	2156	2310	2244	2497	2156	2387	2211	1826	1705	1958	1518	1342	1287	946	759	517	341	0	264	517	781	1034	1221	1276	1452	1881	2090	2035	
1232	1991	2343	2068	2244	2200	2475	2156	2431	2277	1892	1793	2101	1650	1496	1496	1100	979	759	517	264	0	253	517	770	979	1089	1265	1672	1903	1870	
1232	1859	2211	1980	2178	2156	2453	2167	2464	2332	1958	1892	2244	1793	1650	1705	1265	1199	1001	726	517	253	0	253	517	737	913	1089	1463	1705	1716	
1243	1716	2068	1881	2101	2112	2431	2167	2497	2387	2024	1980	2387	1925	1815	1903	1441	1419	1232	957	781	517	253	0	253	495	748	924	1243	1496	1551	
1298	1595	1958	1815	2057	2090	2420	2189	2541	2453	2112	2079	2530	2079	1980	2101	1628	1639	1474	1188	1034	770	517	253	0	297	649	792	1045	1309	1419	
1166	1309	1661	1562	1804	1859	2200	2002	2365	2299	1980	1980	2475	2035	1958	2145	1650	1716	1584	1298	1221	979	737	495	297	0	407	517	748	1012	1122	
803	957	1320	1166	1397	1452	1793	1595	1958	1914	1617	1639	2156	1749	1705	1947	1441	1595	1518	1243	1276	1089	913	748	649	407	0	176	616	814	803	
847	792	1155	1034	1276	1353	1705	1540	1914	1892	1628	1661	2211	1815	1793	2057	1551	1738	1672	1408	1452	1265	1089	924	792	517	176	0	462	638	627	
1254	737	1045	1122	1364	1507	1859	1782	2167	2189	1980	2035	2607	2233	2233	2508	2013	2200	2134	1859	1881	1672	1463	1243	1045	748	616	462	0	264	517	
1320	550	814	968	1210	1375	1716	1694	2079	2134	1969	2046	2629	2288	2299	2618	2134	2343	2310	2046	2090	1903	1705	1496	1309	1012	814	638	264	0	352	
1078	220	550	616	869	1023	1364	1342	1727	1793	1639	1738	2321	2002	2046	2387	1925	2178	2167	1925	2035	1870	1716	1551	1419	1122	803	627	517	352	0	
V5
0	1086	1344	952	1075	996	1254	952	1265	1164	828	840	1377	985	996	1332	873	1164	1220	1041	1288	1254	1254	1265	1321	1187	817	862	1276	1344	1097	
1086	0	358	425	672	840	1187	1198	1590	1668	1556	1668	2262	1971	2038	2408	1960	2240	2251	2027	2172	2027	1892	1747	1624	1332	974	806	750	560	224	
1344	358	0	459	571	795	1064	1198	1545	1680	1657	1803	2363	2139	2240	2632	2206	2508	2553	2340	2508	2385	2251	2105	1993	1691	1344	1176	1064	828	560	
952	425	459	0	257	403	750	784	1153	1254	1198	1344	1915	1691	1792	2184	1780	2105	2172	1982	2195	2105	2016	1915	1848	1590	1187	1052	1142	985	627	
1075	672	571	257	0	224	515	638	974	1108	1131	1299	1836	1680	1803	2206	1859	2195	2284	2128	2352	2284	2217	2139	2094	1836	1422	1299	1388	1232	884	
996	840	795	403	224	0	358	414	750	884	929	1097	1624	1478	1624	2027	1702	2049	2172	2038	2284	2240	2195	2150	2128	1892	1478	1377	1534	1400	1041	
1254	1187	1064	750	515	358	0	380	526	739	929	1108	1556	1523	1691	2105	1859	2206	2352	2262	2542	2520	2497	2475	2464	2240	1825	1736	1892	1747	1388	
952	1198	1198	784	638	414	380	0	392	470	560	728	1220	1142	1310	1713	1467	1825	1982	1904	2195	2195	2206	2206	2228	2038	1624	1568	1814	1724	1366	
1265	1590	1545	1153	974	750	526	392	0	246	604	761	1075	1153	1344	1736	1601	1960	2150	2116	2430	2475	2508	2542	2587	2408	1993	1948	2206	2116	1758	
1164	1668	1680	1254	1108	884	739	470	246	0	392	537	817	896	1108	1489	1388	1736	1937	1926	2251	2318	2374	2430	2497	2340	1948	1926	2228	2172	1825	
828	1556	1657	1198	1131	929	929	560	604	392	0	179	705	582	761	1176	996	1355	1545	1523	1859	1926	1993	2060	2150	2016	1646	1657	2016	2004	1668	
840	1668	1803	1344	1299	1097	1108	728	761	537	179	0	582	403	582	996	851	1198	1400	1400	1736	1825	1926	2016	2116	2016	1668	1691	2072	2083	1769	
1377	2262	2363	1915	1836	1624	1556	1220	1075	817	705	582	0	459	627	851	1030	1276	1534	1646	1993	2139	2284	2430	2576	2520	2195	2251	2654	2676	2363	
985	1971	2139	1691	1680	1478	1523	1142	1153	896	582	403	459	0	201	593	582	873	1120	1198	1545	1680	1825	1960	2116	2072	1780	1848	2273	2329	2038	
996	2038	2240	1792	1803	1624	1691	1310	1344	1108	761	582	627	201	0	414	403	672	918	1019	1366	1523	1680	1848	2016	1993	1736	1825	2273	2340	2083	
1332	2408	2632	2184	2206	2027	2105	1713	1736	1489	1176	996	851	593	414	0	504	526	784	996	1310	1523	1736	1937	2139	2184	1982	2094	2553	2665	2430	
873	1960	2206	1780	1859	1702	1859	1467	1601	1388	996	851	1030	582	403	504	0	347	548	616	963	1120	1288	1467	1657	1680	1467	1579	2049	2172	1960	
1164	2240	2508	2105	2195	2049	2206	1825	1960	1736	1355	1198	1276	873	672	526	347	0	257	470	772	996	1220	1444	1668	1747	1624	1769	2240	2385	2217	
1220	2251	2553	2172	2284	2172	2352	1982	2150	1937	1545	1400	1534	1120	918	784	548	257	0	291	526	772	1019	1254	1500	1612	1545	1702	2172	2352	2206	
1041	2027	2340	1982	2128	2038	2262	1904	2116	1926	1523	1400	1646	1198	1019	996	616	470	291	0	347	526	739	974	1209	1321	1265	1433	1892	2083	1960	
1288	2172	2508	2195	2352	2284	2542	2195	2430	2251	1859	1736	1993	1545	1366	1310	963	772	526	347	0	268	526	795	1052	1243	1299	1478	1915	2128	2072	
1254	2027	2385	2105	2284	2240	2520	2195	2475	2318	1926	1825	2139	1680	1523	1523	1120	996	772	526	268	0	257	526	784	996	1108	1288	1702	1937	1904	
1254	1892	2251	2016	2217	2195	2497	2206	2508	2374	1993	1926	2284	1825	1680	1736	1288	1220	1019	739	526	257	0	257	526	750	929	1108	1489	1736	1747	
1265	1747	2105	1915	2139	2150	2475	2206	2542	2430	2060	2016	2430	1960	1848	1937	1467	1444	1254	974	795	526	257	0	257	504	761	940	1265	1523	1579	
1321	1624	1993	1848	2094	2128	2464	2228	2587	2497	2150	2116	2576	2116	2016	2139	1657	1668	1500	1209	1052	784	526	257	0	302	660	806	1064	1332	1444	
1187	1332	1691	1590	1836	1892	2240	2038	2408	2340	2016	2016	2520	2072	1993	2184	1680	1747	1612	1321	1243	996	750	504	302	0	414	526	761	1030	1142	
817	974	1344	1187	1422	1478	1825	1624	1993	1948	1646	1668	2195	1780	1736	1982	1467	1624	1545	1265	1299	1108	929	761	660	414	0	179	627	828	817	
862	806	1176	1052	1299	1377	1736	1568	1948	1926	1657	1691	2251	1848	1825	2094	1579	1769	1702	1433	1478	1288	1108	940	806	526	179	0	470	649	638	
1276	750	1064	1142	1388	1534	1892	1814	2206	2228	2016	2072	2654	2273	2273	2553	2049	2240	2172	1892	1915	1702	1489	1265	1064	761	627	470	0	268	526	
1344	560	828	985	1232	1400	1747	1724	2116	2172	2004	2083	2676	2329	2340	2665	2172	2385	2352	2083	2128	1937	1736	1523	1332	1030	828	649	268	0	358	
1097	224	560	627	884	1041	1388	1366	1758	1825	1668	1769	2363	2038	2083	2430	1960	2217	2206	1960	2072	1904	1747	1579	1444	1142	817	638	526	358	0	
V6
0	834	1032	731	825	765	963	731	971	894	636	645	1057	756	765	1023	670	894	937	799	989	963	963	971	1014	911	627	662	980	1032	842	
834	0	275	326	516	645	911	920	1221	1281	1195	1281	1737	1513	1565	1849	1505	1720	1728	1556	1668	1556	1453	1341	1247	1023	748	619	576	430	172	
1032	275	0	352	438	610	817	920	1186	1290	1272	1384	1814	1642	1720	2021	1694	1926	1960	1797	1926	1831	1728	1616	1530	1298	1032	903	817	636	430	
731	326	352	0	197	309	576	602	885	963	920	1032	1470	1298	1376	1677	1367	1616	1668	1522	1685	1616	1548	1470	1419	1221	911	808	877	756	481	
825	516	438	197	0	172	395	490	748	851	868	997	1410	1290	1384	1694	1427	1685	1754	1634	1806	1754	1702	1642	1608	1410	1092	997	1066	946	679	
765	645	610	309	172	0	275	318	576	679	713	842	1247	1135	1247	1556	1307	1573	1668	1565	1754	1720	1685	1651	1634	1453	1135	1057	1178	1075	799	
963	911	817	576	395	275	0	292	404	567	713	851	1195	1169	1298	1616	1427	1694	1806	1737	1952	1935	1917	1900	1892	1720	1401	1333	1453	1341	1066	
731	920	920	602	490	318	292	0	301	361	430	559	937	877	1006	1315	1126	1401	1522	1462	1685	1685	1694	1694	1711	1565	1247	1204	1393	1324	1049	
971	1221	1186	885	748	576	404	301	0	189	464	584	825	885	1032	1333	1229	1505	1651	1625	1866	1900	1926	1952	1986	1849	1530	1496	1694	1625	1350	
894	1281	1290	963	851	679	567	361	189	0	301	412	627	688	851	1143	1066	1333	1487	1479	1728	1780	1823	1866	1917	1797	1496	1479	1711	1668	1401	
636	1195	1272	920	868	713	713	430	464	301	0	137	541	447	584	903	765	1040	1186	1169	1427	1479	1530	1582	1651	1548	1264	1272	1548	1539	1281	
645	1281	1384	1032	997	842	851	559	584	412	137	0	447	309	447	765	653	920	1075	1075	1333	1401	1479	1548	1625	1548	1281	1298	1591	1599	1358	
1057	1737	1814	1470	1410	1247	1195	937	825	627	541	447	0	352	481	653	791	980	1178	1264	1530	1642	1754	1866	1978	1935	1685	1728	2038	2055	1814	
756	1513	1642	1298	1290	1135	1169	877	885	688	447	309	352	0	154	455	447	670	860	920	1186	1290	1401	1505	1625	1591	1367	1419	1745	1788	1565	
765	1565	1720	1376	1384	1247	1298	1006	1032	851	584	447	481	154	0	318	309	516	705	782	1049	1169	1290	1419	1548	1530	1333	1401	1745	1797	1599	
1023	1849	2021	1677	1694	1556	1616	1315	1333	1143	903	765	653	455	318	0	387	404	602	765	1006	1169	1333	1487	1642	1677	1522	1608	1960	2046	1866	
670	1505	1694	1367	1427	1307	1427	1126	1229	1066	765	653	791	447	309	387	0	266	421	473	739	860	989	1126	1272	1290	1126	1212	1573	1668	1505	
894	1720	1926	1616	1685	1573	1694	1401	1505	1333	1040	920	980	670	516	404	266	0	197	361	593	765	937	1109	1281	1341	1247	1358	1720	1831	1702	
937	1728	1960	1668	1754	1668	1806	1522	1651	1487	1186	1075	1178	860	705	602	421	197	0	223	404	593	782	963	1152	1238	1186	1307	1668	1806	1694	
799	1556	1797	1522	1634	1565	1737	1462	1625	1479	1169	1075	1264	920	782	765	473	361	223	0	266	404	567	748	928	1014	971	1100	1453	1599	1505	
989	1668	1926	1685	1806	1754	1952	1685	1866	1728	1427	1333	1530	1186	1049	1006	739	593	404	266	0	206	404	610	808	954	997	1135	1470	1634	1591	
963	1556	1831	1616	1754	1720	1935	1685	1900	1780	1479	1401	1642	1290	1169	1169	860	765	593	404	206	0	197	404	602	765	851	989	1307	1487	1462	
963	1453	1728	1548	1702	1685	1917	1694	1926	1823	1530	1479	1754	1401	1290	1333	989	937	782	567	404	197	0	197	404	576	713	851	1143	1333	1341	
971	1341	1616	1470	1642	1651	1900	1694	1952	1866	1582	1548	1866	1505	1419	1487	1126	1109	963	748	610	404	197	0	197	387	584	722	971	1169	1212	
1014	1247	1530	1419	1608	1634	1892	1711	1986	1917	1651	1625	1978	1625	1548	1642	1272	1281	1152	928	808	602	404	197	0	232	507	619	817	1023	1109	
911	1023	1298	1221	1410	1453	1720	1565	1849	1797	1548	1548	1935	1591	1530	1677	1290	1341	1238	1014	954	765	576	387	232	0	318	404	584	791	877	
627	748	1032	911	1092	1135	1401	1247	1530	1496	1264	1281	1685	1367	1333	1522	1126	1247	1186	971	997	851	713	584	507	318	0	137	481	636	627	
662	619	903	808	997	1057	1333	1204	1496	1479	1272	1298	1728	1419	1401	1608	1212	1358	1307	1100	1135	989	851	722	619	404	137	0	361	498	490	
980	576	817	877	1066	1178	1453	1393	1694	1711	1548	1591	2038	1745	1745	1960	1573	1720	1668	1453	1470	1307	1143	971	817	584	481	361	0	206	404	
1032	430	636	756	946	1075	1341	1324	1625	1668	1539	1599	2055	1788	1797	2046	1668	1831	1806	1599	1634	1487	1333	1169	1023	791	636	498	206	0	275	
842	172	430	481	679	799	1066	1049	1350	1401	1281	1358	1814	1565	1599	1866	1505	1702	1694	1505	1591	1462	1341	1212	1109	877	627	490	404	275	0	
V7
0	2017	2496	1768	1996	1851	2329	1768	2350	2163	1539	1560	2558	1830	1851	2475	1622	2163	2267	1934	2392	2329	2329	2350	2454	2204	1518	1601	2371	2496	2038	
2017	0	665	790	1248	1560	2204	2225	2953	3099	2891	3099	4201	3660	3785	4472	3640	4160	4180	3764	4035	3764	3515	3244	3016	2475	1809	1497	1393	1040	416	
2496	665	0	852	1060	1476	1976	2225	2870	3120	3078	3348	4388	3972	4160	4888	4097	4659	4742	4347	4659	4430	4180	3910	3702	3140	2496	2184	1976	1539	1040	
1768	790	852	0	478	748	1393	1456	2142	2329	2225	2496	3556	3140	3328	4056	3307	3910	4035	3681	4076	3910	3744	3556	3432	2953	2204	1955	2121	1830	1164	
1996	1248	1060	478	0	416	956	1185	1809	2059	2100	2412	3411	3120	3348	4097	3452	4076	4243	3952	4368	4243	4118	3972	3889	3411	2641	2412	2579	2288	1643	
1851	1560	1476	748	416	0	665	769	1393	1643	1726	2038	3016	2745	3016	3764	3161	3806	4035	3785	4243	4160	4076	3993	3952	3515	2745	2558	2849	2600	1934	
2329	2204	1976	1393	956	665	0	707	977	1372	1726	2059	2891	2828	3140	3910	3452	4097	4368	4201	4721	4680	4638	4596	4576	4160	3390	3224	3515	3244	2579	
1768	2225	2225	1456	1185	769	707	0	728	873	1040	1352	2267	2121	2433	3182	2724	3390	3681	3536	4076	4076	4097	4097	4139	3785	3016	2912	3369	3203	2537	
2350	2953	2870	2142	1809	1393	977	728	0	457	1123	1414	1996	2142	2496	3224	2974	3640	3993	3931	4513	4596	4659	4721	4804	4472	3702	3619	4097	3931	3265	
2163	3099	3120	2329	2059	1643	1372	873	457	0	728	998	1518	1664	2059	2766	2579	3224	3598	3577	4180	4305	4409	4513	4638	4347	3619	3577	4139	4035	3390	
1539	2891	3078	2225	2100	1726	1726	1040	1123	728	0	332	1310	1081	1414	2184	1851	2516	2870	2828	3452	3577	3702	3827	3993	3744	3057	3078	3744	3723	3099	
1560	3099	3348	2496	2412	2038	2059	1352	1414	998	332	0	1081	748	1081	1851	1580	2225	2600	2600	3224	3390	3577	3744	3931	3744	3099	3140	3848	3868	3286	
2558	4201	4388	3556	3411	3016	2891	2267	1996	1518	1310	1081	0	852	1164	1580	1913	2371	2849	3057	3702	3972	4243	4513	4784	4680	4076	4180	4929	4971	4388	
1830	3660	3972	3140	3120	2745	2828	2121	2142	1664	1081	748	852	0	374	1102	1081	1622	2080	2225	2870	3120	3390	3640	3931	3848	3307	3432	4222	4326	3785	
1851	3785	4160	3328	3348	3016	3140	2433	2496	2059	1414	1081	1164	374	0	769	748	1248	1705	1892	2537	2828	3120	3432	3744	3702	3224	3390	4222	4347	3868	
2475	4472	4888	4056	4097	3764	3910	3182	3224	2766	2184	1851	1580	1102	769	0	936	977	1456	1851	2433	2828	3224	3598	3972	4056	3681	3889	4742	4950	4513	
1622	3640	4097	3307	3452	3161	3452	2724	2974	2579	1851	1580	1913	1081	748	936	0	644	1019	1144	1788	2080	2392	2724	3078	3120	2724	2932	3806	4035	3640	
2163	4160	4659	3910	4076	3806	4097	3390	3640	3224	2516	2225	2371	1622	1248	977	644	0	478	873	1435	1851	2267	2683	3099	3244	3016	3286	4160	4430	4118	
2267	4180	4742	4035	4243	4035	4368	3681	3993	3598	2870	2600	2849	2080	1705	1456	1019	478	0	540	977	1435	1892	2329	2787	2995	2870	3161	4035	4368	4097	
1934	3764	4347	3681	3952	3785	4201	3536	3931	3577	2828	2600	3057	2225	1892	1851	1144	873	540	0	644	977	1372	1809	2246	2454	2350	2662	3515	3868	3640	
2392	4035	4659	4076	4368	4243	4721	4076	4513	4180	3452	3224	3702	2870	2537	2433	1788	1435	977	644	0	499	977	1476	1955	2308	2412	2745	3556	3952	3848	
2329	3764	4430	3910	4243	4160	4680	4076	4596	4305	3577	3390	3972	3120	2828	2828	2080	1851	1435	977	499	0	478	977	1456	1851	2059	2392	3161	3598	3536	
2329	3515	4180	3744	4118	4076	4638	4097	4659	4409	3702	3577	4243	3390	3120	3224	2392	2267	1892	1372	977	478	0	478	977	1393	1726	2059	2766	3224	3244	
2350	3244	3910	3556	3972	3993	4596	4097	4721	4513	3827	3744	4513	3640	3432	3598	2724	2683	2329	1809	1476	977	478	0	478	936	1414	1747	2350	2828	2932	
2454	3016	3702	3432	3889	3952	4576	4139	4804	4638	3993	3931	4784	3931	3744	3972	3078	3099	2787	2246	1955	1456	977	478	0	561	1227	1497	1976	2475	2683	
2204	2475	3140	2953	3411	3515	4160	3785	4472	4347	3744	3744	4680	3848	3702	4056	3120	3244	2995	2454	2308	1851	1393	936	561	0	769	977	1414	1913	2121	
1518	1809	2496	2204	2641	2745	3390	3016	3702	3619	3057	3099	4076	3307	3224	3681	2724	3016	2870	2350	2412	2059	1726	1414	1227	769	0	332	1164	1539	1518	
1601	1497	2184	1955	2412	2558	3224	2912	3619	3577	3078	3140	4180	3432	3390	3889	2932	3286	3161	2662	2745	2392	2059	1747	1497	977	332	0	873	1206	1185	
2371	1393	1976	2121	2579	2849	3515	3369	4097	4139	3744	3848	4929	4222	4222	4742	3806	4160	4035	3515	3556	3161	2766	2350	1976	1414	1164	873	0	499	977	
2496	1040	1539	1830	2288	2600	3244	3203	3931	4035	3723	3868	4971	4326	4347	4950	4035	4430	4368	3868	3952	3598	3224	2828	2475	1913	1539	1206	499	0	665	
2038	416	1040	1164	1643	1934	2579	2537	3265	3390	3099	3286	4388	3785	3868	4513	3640	4118	4097	3640	3848	3536	3244	2932	2683	2121	1518	1185	977	665	0	
V8
0	1008	1248	884	998	925	1164	884	1175	1081	769	780	1279	915	925	1237	811	1081	1133	967	1196	1164	1164	1175	1227	1102	759	800	1185	1248	1019	
1008	0	332	395	624	780	1102	1112	1476	1549	1445	1549	2100	1830	1892	2236	1820	2080	2090	1882	2017	1882	1757	1622	1508	1237	904	748	696	520	208	
1248	332	0	426	530	738	988	1112	1435	1560	1539	1674	2194	1986	2080	2444	2048	2329	2371	2173	2329	2215	2090	1955	1851	1570	1248	1092	988	769	520	
884	395	426	0	239	374	696	728	1071	1164	1112	1248	1778	1570	1664	2028	1653	1955	2017	1840	2038	1955	1872	1778	1716	1476	1102	977	1060	915	582	
998	624	530	239	0	208	478	592	904	1029	1050	1206	1705	1560	1674	2048	1726	2038	2121	1976	2184	2121	2059	1986	1944	1705	1320	1206	1289	1144	821	
925	780	738	374	208	0	332	384	696	821	863	1019	1508	1372	1508	1882	1580	1903	2017	1892	2121	2080	2038	1996	1976	1757	1372	1279	1424	1300	967	
1164	1102	988	696	478	332	0	353	488	686	863	1029	1445	1414	1570	1955	1726	2048	2184	2100	2360	2340	2319	2298	2288	2080	1695	1612	1757	1622	1289	
884	1112	1112	728	592	384	353	0	364	436	520	676	1133	1060	1216	1591	1362	1695	1840	1768	2038	2038	2048	2048	2069	1892	1508	1456	1684	1601	1268	
1175	1476	1435	1071	904	696	488	364	0	228	561	707	998	1071	1248	1612	1487	1820	1996	1965	2256	2298	2329	2360	2402	2236	1851	1809	2048	1965	1632	
1081	1549	1560	1164	1029	821	686	436	228	0	364	499	759	832	1029	1383	1289	1612	1799	1788	2090	2152	2204	2256	2319	2173	1809	1788	2069	2017	1695	
769	1445	1539	1112	1050	863	863	520	561	364	0	166	655	540	707	1092	925	1258	1435	1414	1726	1788	1851	1913	1996	1872	1528	1539	1872	1861	1549	
780	1549	1674	1248	1206	1019	1029	676	707	499	166	0	540	374	540	925	790	1112	1300	1300	1612	1695	1788	1872	1965	1872	1549	1570	1924	1934	1643	
1279	2100	2194	1778	1705	1508	1445	1133	998	759	655	540	0	426	582	790	956	1185	1424	1528	1851	1986	2121	2256	2392	2340	2038	2090	2464	2485	2194	
915	1830	1986	1570	1560	1372	1414	1060	1071	832	540	374	426	0	187	551	540	811	1040	1112	1435	1560	1695	1820	1965	1924	1653	1716	2111	2163	1892	
925	1892	2080	1664	1674	1508	1570	1216	1248	1029	707	540	582	187	0	384	374	624	852	946	1268	1414	1560	1716	1872	1851	1612	1695	2111	2173	1934	
1237	2236	2444	2028	2048	1882	1955	1591	1612	1383	1092	925	790	551	384	0	468	488	728	925	1216	1414	1612	1799	1986	2028	1840	1944	2371	2475	2256	
811	1820	2048	1653	1726	1580	1726	1362	1487	1289	925	790	956	540	374	468	0	322	509	572	894	1040	1196	1362	1539	1560	1362	1466	1903	2017	1820	
1081	2080	2329	1955	2038	1903	2048	1695	1820	1612	1258	1112	1185	811	624	488	322	0	239	436	717	925	1133	1341	1549	1622	1508	1643	2080	2215	2059	
1133	2090	2371	2017	2121	2017	2184	1840	1996	1799	1435	1300	1424	1040	852	728	509	239	0	270	488	717	946	1164	1393	1497	1435	1580	2017	2184	2048	
967	1882	2173	1840	1976	1892	2100	1768	1965	1788	1414	1300	1528	1112	946	925	572	436	270	0	322	488	686	904	1123	1227	1175	1331	1757	1934	1820	
1196	2017	2329	2038	2184	2121	2360	2038	2256	2090	1726	1612	1851	1435	1268	1216	894	717	488	322	0	249	488	738	977	1154	1206	1372	1778	1976	1924	
1164	1882	2215	1955	2121	2080	2340	2038	2298	2152	1788	1695	1986	1560	1414	1414	1040	925	717	488	249	0	239	488	728	925	1029	1196	1580	1799	1768	
1164	1757	2090	1872	2059	2038	2319	2048	2329	2204	1851	1788	2121	1695	1560	1612	1196	1133	946	686	488	239	0	239	488	696	863	1029	1383	1612	1622	
1175	1622	1955	1778	1986	1996	2298	2048	2360	2256	1913	1872	2256	1820	1716	1799	1362	1341	1164	904	738	488	239	0	239	468	707	873	1175	1414	1466	
1227	1508	1851	1716	1944	1976	2288	2069	2402	2319	1996	1965	2392	1965	1872	1986	1539	1549	1393	1123	977	728	488	239	0	280	613	748	988	1237	1341	
1102	1237	1570	1476	1705	1757	2080	1892	2236	2173	1872	1872	2340	1924	1851	2028	1560	1622	1497	1227	1154	925	696	468	280	0	384	488	707	956	1060	
759	904	1248	1102	1320	1372	1695	1508	1851	1809	1528	1549	2038	1653	1612	1840	1362	1508	1435	1175	1206	1029	863	707	613	384	0	166	582	769	759	
800	748	1092	977	1206	1279	1612	1456	1809	1788	1539	1570	2090	1716	1695	1944	1466	1643	1580	1331	1372	1196	1029	873	748	488	166	0	436	603	592	
1185	696	988	1060	1289	1424	1757	1684	2048	2069	1872	1924	2464	2111	2111	2371	1903	2080	2017	1757	1778	1580	1383	1175	988	707	582	436	0	249	488	
1248	520	769	915	1144	1300	1622	1601	1965	2017	1861	1934	2485	2163	2173	2475	2017	2215	2184	1934	1976	1799	1612	1414	1237	956	769	603	249	0	332	
1019	208	520	582	821	967	1289	1268	1632	1695	1549	1643	2194	1892	1934	2256	1820	2059	2048	1820	1924	1768	1622	1466	1341	1060	759	592	488	332	0	
V9
0	1241	1536	1088	1228	1139	1433	1088	1446	1331	947	960	1574	1126	1139	1523	998	1331	1395	1190	1472	1433	1433	1446	1510	1356	934	985	1459	1536	1254	
1241	0	409	486	768	960	1356	1369	1817	1907	1779	1907	2585	2252	2329	2752	2240	2560	2572	2316	2483	2316	2163	1996	1856	1523	1113	921	857	640	256	
1536	409	0	524	652	908	1216	1369	1766	1920	1894	2060	2700	2444	2560	3008	2521	2867	2918	2675	2867	2726	2572	2406	2278	1932	1536	1344	1216	947	640	
1088	486	524	0	294	460	857	896	1318	1433	1369	1536	2188	1932	2048	2496	2035	2406	2483	2265	2508	2406	2304	2188	2112	1817	1356	1203	1305	1126	716	
1228	768	652	294	0	256	588	729	1113	1267	1292	1484	2099	1920	2060	2521	2124	2508	2611	2432	2688	2611	2534	2444	2393	2099	1625	1484	1587	1408	1011	
1139	960	908	460	256	0	409	473	857	1011	1062	1254	1856	1689	1856	2316	1945	2342	2483	2329	2611	2560	2508	2457	2432	2163	1689	1574	1753	1600	1190	
1433	1356	1216	857	588	409	0	435	601	844	1062	1267	1779	1740	1932	2406	2124	2521	2688	2585	2905	2880	2854	2828	2816	2560	2086	1984	2163	1996	1587	
1088	1369	1369	896	729	473	435	0	448	537	640	832	1395	1305	1497	1958	1676	2086	2265	2176	2508	2508	2521	2521	2547	2329	1856	1792	2073	1971	1561	
1446	1817	1766	1318	1113	857	601	448	0	281	691	870	1228	1318	1536	1984	1830	2240	2457	2419	2777	2828	2867	2905	2956	2752	2278	2227	2521	2419	2009	
1331	1907	1920	1433	1267	1011	844	537	281	0	448	614	934	1024	1267	1702	1587	1984	2214	2201	2572	2649	2713	2777	2854	2675	2227	2201	2547	2483	2086	
947	1779	1894	1369	1292	1062	1062	640	691	448	0	204	806	665	870	1344	1139	1548	1766	1740	2124	2201	2278	2355	2457	2304	1881	1894	2304	2291	1907	
960	1907	2060	1536	1484	1254	1267	832	870	614	204	0	665	460	665	1139	972	1369	1600	1600	1984	2086	2201	2304	2419	2304	1907	1932	2368	2380	2022	
1574	2585	2700	2188	2099	1856	1779	1395	1228	934	806	665	0	524	716	972	1177	1459	1753	1881	2278	2444	2611	2777	2944	2880	2508	2572	3033	3059	2700	
1126	2252	2444	1932	1920	1689	1740	1305	1318	1024	665	460	524	0	230	678	665	998	1280	1369	1766	1920	2086	2240	2419	2368	2035	2112	2598	2662	2329	
1139	2329	2560	2048	2060	1856	1932	1497	1536	1267	870	665	716	230	0	473	460	768	1049	1164	1561	1740	1920	2112	2304	2278	1984	2086	2598	2675	2380	
1523	2752	3008	2496	2521	2316	2406	1958	1984	1702	1344	1139	972	678	473	0	576	601	896	1139	1497	1740	1984	2214	2444	2496	2265	2393	2918	3046	2777	
998	2240	2521	2035	2124	1945	2124	1676	1830	1587	1139	972	1177	665	460	576	0	396	627	704	1100	1280	1472	1676	1894	1920	1676	1804	2342	2483	2240	
1331	2560	2867	2406	2508	2342	2521	2086	2240	1984	1548	1369	1459	998	768	601	396	0	294	537	883	1139	1395	1651	1907	1996	1856	2022	2560	2726	2534	
1395	2572	2918	2483	2611	2483	2688	2265	2457	2214	1766	1600	1753	1280	1049	896	627	294	0	332	601	883	1164	1433	1715	1843	1766	1945	2483	2688	2521	
1190	2316	2675	2265	2432	2329	2585	2176	2419	2201	1740	1600	1881	1369	1164	1139	704	537	332	0	396	601	844	1113	1382	1510	1446	1638	2163	2380	2240	
1472	2483	2867	2508	2688	2611	2905	2508	2777	2572	2124	1984	2278	1766	1561	1497	1100	883	601	396	0	307	601	908	1203	1420	1484	1689	2188	2432	2368	
1433	2316	2726	2406	2611	2560	2880	2508	2828	2649	2201	2086	2444	1920	1740	1740	1280	1139	883	601	307	0	294	601	896	1139	1267	1472	1945	2214	2176	
1433	2163	2572	2304	2534	2508	2854	2521	2867	2713	2278	2201	2611	2086	1920	1984	1472	1395	1164	844	601	294	0	294	601	857	1062	1267	1702	1984	1996	
1446	1996	2406	2188	2444	2457	2828	2521	2905	2777	2355	2304	2777	2240	2112	2214	1676	1651	1433	1113	908	601	294	0	294	576	870	1075	1446	1740	1804	
1510	1856	2278	2112	2393	2432	2816	2547	2956	2854	2457	2419	2944	2419	2304	2444	1894	1907	1715	1382	1203	896	601	294	0	345	755	921	1216	1523	1651	
1356	1523	1932	1817	2099	2163	2560	2329	2752	2675	2304	2304	2880	2368	2278	2496	1920	1996	1843	1510	1420	1139	857	576	345	0	473	601	870	1177	1305	
934	1113	1536	1356	1625	1689	2086	1856	2278	2227	1881	1907	2508	2035	1984	2265	1676	1856	1766	1446	1484	1267	1062	870	755	473	0	204	716	947	934	
985	921	1344	1203	1484	1574	1984	1792	2227	2201	1894	1932	2572	2112	2086	2393	1804	2022	1945	1638	1689	1472	1267	1075	921	601	204	0	537	742	729	
1459	857	1216	1305	1587	1753	2163	2073	2521	2547	2304	2368	3033	2598	2598	2918	2342	2560	2483	2163	2188	1945	1702	1446	1216	870	716	537	0	307	601	
1536	640	947	1126	1408	1600	1996	1971	2419	2483	2291	2380	3059	2662	2675	3046	2483	2726	2688	2380	2432	2214	1984	1740	1523	1177	947	742	307	0	409	
1254	256	640	716	1011	1190	1587	1561	2009	2086	1907	2022	2700	2329	2380	2777	2240	2534	2521	2240	2368	2176	1996	1804	1651	1305	934	729	601	409	0	
V10
0	1804	2232	1581	1785	1655	2083	1581	2101	1934	1376	1395	2287	1636	1655	2213	1450	1934	2027	1729	2139	2083	2083	2101	2194	1971	1357	1432	2120	2232	1822	
1804	0	595	706	1116	1395	1971	1990	2641	2771	2585	2771	3757	3273	3385	3999	3255	3720	3738	3366	3608	3366	3143	2901	2697	2213	1618	1339	1246	930	372	
2232	595	0	762	948	1320	1767	1990	2566	2790	2752	2994	3924	3552	3720	4371	3664	4166	4240	3887	4166	3961	3738	3496	3310	2808	2232	1953	1767	1376	930	
1581	706	762	0	427	669	1246	1302	1915	2083	1990	2232	3180	2808	2976	3627	2957	3496	3608	3292	3645	3496	3348	3180	3069	2641	1971	1748	1897	1636	1041	
1785	1116	948	427	0	372	855	1060	1618	1841	1878	2157	3050	2790	2994	3664	3087	3645	3794	3534	3906	3794	3682	3552	3478	3050	2362	2157	2306	2046	1469	
1655	1395	1320	669	372	0	595	688	1246	1469	1543	1822	2697	2455	2697	3366	2827	3403	3608	3385	3794	3720	3645	3571	3534	3143	2455	2287	2548	2325	1729	
2083	1971	1767	1246	855	595	0	632	874	1227	1543	1841	2585	2529	2808	3496	3087	3664	3906	3757	4222	4185	4147	4110	4092	3720	3031	2883	3143	2901	2306	
1581	1990	1990	1302	1060	688	632	0	651	781	930	1209	2027	1897	2176	2845	2436	3031	3292	3162	3645	3645	3664	3664	3701	3385	2697	2604	3013	2864	2269	
2101	2641	2566	1915	1618	1246	874	651	0	409	1004	1264	1785	1915	2232	2883	2659	3255	3571	3515	4036	4110	4166	4222	4296	3999	3310	3236	3664	3515	2920	
1934	2771	2790	2083	1841	1469	1227	781	409	0	651	892	1357	1488	1841	2473	2306	2883	3217	3199	3738	3850	3943	4036	4147	3887	3236	3199	3701	3608	3031	
1376	2585	2752	1990	1878	1543	1543	930	1004	651	0	297	1171	967	1264	1953	1655	2250	2566	2529	3087	3199	3310	3422	3571	3348	2734	2752	3348	3329	2771	
1395	2771	2994	2232	2157	1822	1841	1209	1264	892	297	0	967	669	967	1655	1413	1990	2325	2325	2883	3031	3199	3348	3515	3348	2771	2808	3441	3459	2938	
2287	3757	3924	3180	3050	2697	2585	2027	1785	1357	1171	967	0	762	1041	1413	1711	2120	2548	2734	3310	3552	3794	4036	4278	4185	3645	3738	4408	4445	3924	
1636	3273	3552	2808	2790	2455	2529	1897	1915	1488	967	669	762	0	334	985	967	1450	1860	1990	2566	2790	3031	3255	3515	3441	2957	3069	3775	3868	3385	
1655	3385	3720	2976	2994	2697	2808	2176	2232	1841	1264	967	1041	334	0	688	669	1116	1525	1692	2269	2529	2790	3069	3348	3310	2883	3031	3775	3887	3459	
2213	3999	4371	3627	3664	3366	3496	2845	2883	2473	1953	1655	1413	985	688	0	837	874	1302	1655	2176	2529	2883	3217	3552	3627	3292	3478	4240	4426	4036	
1450	3255	3664	2957	3087	2827	3087	2436	2659	2306	1655	1413	1711	967	669	837	0	576	911	1023	1599	1860	2139	2436	2752	2790	2436	2622	3403	3608	3255	
1934	3720	4166	3496	3645	3403	3664	3031	3255	2883	2250	1990	2120	1450	1116	874	576	0	427	781	1283	1655	2027	2399	2771	2901	2697	2938	3720	3961	3682	
2027	3738	4240	3608	3794	3608	3906	3292	3571	3217	2566	2325	2548	1860	1525	1302	911	427	0	483	874	1283	1692	2083	2492	2678	2566	2827	3608	3906	3664	
1729	3366	3887	3292	3534	3385	3757	3162	3515	3199	2529	2325	2734	1990	1692	1655	1023	781	483	0	576	874	1227	1618	2008	2194	2101	2380	3143	3459	3255	
2139	3608	4166	3645	3906	3794	4222	3645	4036	3738	3087	2883	3310	2566	2269	2176	1599	1283	874	576	0	446	874	1320	1748	2064	2157	2455	3180	3534	3441	
2083	3366	3961	3496	3794	3720	4185	3645	4110	3850	3199	3031	3552	2790	2529	2529	1860	1655	1283	874	446	0	427	874	1302	1655	1841	2139	2827	3217	3162	
2083	3143	3738	3348	3682	3645	4147	3664	4166	3943	3310	3199	3794	3031	2790	2883	2139	2027	1692	1227	874	427	0	427	874	1246	1543	1841	2473	2883	2901	
2101	2901	3496	3180	3552	3571	4110	3664	4222	4036	3422	3348	4036	3255	3069	3217	2436	2399	2083	1618	1320	874	427	0	427	837	1264	1562	2101	2529	2622	
2194	2697	3310	3069	3478	3534	4092	3701	4296	4147	3571	3515	4278	3515	3348	3552	2752	2771	2492	2008	1748	1302	874	427	0	502	1097	1339	1767	2213	2399	
1971	2213	2808	2641	3050	3143	3720	3385	3999	3887	3348	3348	4185	3441	3310	3627	2790	2901	2678	2194	2064	1655	1246	837	502	0	688	874	1264	1711	1897	
1357	1618	2232	1971	2362	2455	3031	2697	3310	3236	2734	2771	3645	2957	2883	3292	2436	2697	2566	2101	2157	1841	1543	1264	1097	688	0	297	1041	1376	1357	
1432	1339	1953	1748	2157	2287	2883	2604	3236	3199	2752	2808	3738	3069	3031	3478	2622	2938	2827	2380	2455	2139	1841	1562	1339	874	297	0	781	1078	1060	
2120	1246	1767	1897	2306	2548	3143	3013	3664	3701	3348	3441	4408	3775	3775	4240	3403	3720	3608	3143	3180	2827	2473	2101	1767	1264	1041	781	0	446	874	
2232	930	1376	1636	2046	2325	2901	2864	3515	3608	3329	3459	4445	3868	3887	4426	3608	3961	3906	3459	3534	3217	2883	2529	2213	1711	1376	1078	446	0	595	
1822	372	930	1041	1469	1729	2306	2269	2920	3031	2771	2938	3924	3385	3459	4036	3255	3682	3664	3255	3441	3162	2901	2622	2399	1897	1357	1060	874	595	0	
Velocidade_Veiculos
1	1	1	1	1	1	1	1	1	1	1	