M: 8
N: 30
Nun_Veiculos: 12
Capacidade_Total: 797
Demanda_Total: 503
Setup_Min: 1
Setup_Max: 99
Raio: 100
Circulos: 1
Tempo_Processamento_Min: 1
Tempo_Processamento_Max: 49
Demanda_Min: 10
Demanda_Max: 30
Priority_Factor: 0.2
Range_Factor_R: 0.8
U_factor: 2
ALpha: 0.2Replicao: 3
Tempos_Processamentos
0	0	1	0	2	0	3	0	4	0	5	0	6	0	7	0	
0	22	1	47	2	6	3	5	4	36	5	34	6	35	7	47	
0	17	1	25	2	27	3	31	4	37	5	7	6	7	7	49	
0	10	1	5	2	29	3	46	4	41	5	31	6	11	7	18	
0	6	1	41	2	32	3	4	4	32	5	16	6	20	7	40	
0	47	1	12	2	44	3	16	4	18	5	24	6	3	7	1	
0	44	1	47	2	17	3	1	4	17	5	27	6	42	7	31	
0	2	1	8	2	16	3	5	4	47	5	35	6	47	7	22	
0	28	1	14	2	14	3	30	4	37	5	9	6	18	7	34	
0	20	1	32	2	1	3	24	4	1	5	32	6	42	7	1	
0	42	1	37	2	42	3	14	4	46	5	20	6	47	7	33	
0	13	1	36	2	33	3	15	4	25	5	10	6	27	7	34	
0	33	1	16	2	32	3	32	4	36	5	49	6	37	7	25	
0	33	1	23	2	32	3	3	4	7	5	34	6	39	7	15	
0	11	1	21	2	14	3	8	4	39	5	22	6	31	7	46	
0	11	1	40	2	16	3	43	4	1	5	49	6	30	7	49	
0	4	1	29	2	49	3	47	4	19	5	4	6	5	7	49	
0	12	1	27	2	31	3	25	4	41	5	35	6	32	7	21	
0	16	1	17	2	47	3	44	4	37	5	29	6	16	7	18	
0	31	1	22	2	9	3	13	4	37	5	10	6	23	7	11	
0	46	1	11	2	41	3	39	4	33	5	45	6	23	7	17	
0	49	1	10	2	3	3	7	4	33	5	3	6	15	7	12	
0	35	1	10	2	31	3	28	4	19	5	24	6	27	7	43	
0	25	1	40	2	21	3	22	4	20	5	34	6	47	7	36	
0	23	1	44	2	3	3	41	4	13	5	44	6	11	7	45	
0	19	1	44	2	48	3	47	4	41	5	10	6	12	7	48	
0	30	1	45	2	42	3	13	4	47	5	41	6	42	7	44	
0	40	1	21	2	6	3	46	4	2	5	35	6	42	7	26	
0	20	1	20	2	2	3	36	4	18	5	38	6	31	7	46	
0	36	1	39	2	17	3	20	4	11	5	22	6	14	7	33	
0	32	1	38	2	48	3	46	4	14	5	48	6	5	7	31	

Tempos_setup
M0
0	0	0	0	0	0	0	0	0	0	0	0	0	0	0	0	0	0	0	0	0	0	0	0	0	0	0	0	0	0	0	
0	0	8	25	12	8	14	15	17	22	15	11	20	10	20	30	20	22	19	13	7	16	11	10	10	16	17	9	6	12	14	
0	4	0	17	10	12	12	13	12	14	13	9	18	8	12	25	15	14	17	11	5	11	3	8	8	14	15	7	4	10	12	
0	11	11	0	21	12	12	23	11	24	13	6	5	5	15	8	13	17	7	11	15	14	14	16	19	17	15	13	15	14	12	
0	14	11	17	0	15	10	13	12	14	3	11	8	10	16	18	16	18	10	1	7	15	10	10	13	18	5	9	9	7	2	
0	26	22	32	32	0	25	21	32	36	9	21	31	20	22	40	22	24	31	33	26	21	25	22	19	25	20	11	26	27	34	
0	11	7	24	11	16	0	14	12	21	5	10	16	9	18	28	6	20	18	12	6	17	10	9	9	15	16	8	5	7	13	
0	14	20	36	24	17	13	0	22	33	18	9	27	16	18	39	10	20	25	25	13	6	23	16	22	13	25	15	18	17	22	
0	15	12	28	16	4	5	16	0	25	10	10	20	9	19	33	5	18	22	17	11	18	14	14	14	6	21	13	10	12	18	
0	16	13	29	17	5	6	17	1	0	3	11	21	10	16	34	6	18	14	18	12	15	15	14	15	7	22	14	11	13	19	
0	17	13	30	23	22	16	26	23	27	0	22	31	21	13	38	22	15	22	24	18	12	16	13	21	19	19	20	17	18	25	
0	5	12	27	17	13	11	20	13	26	16	0	25	15	9	35	17	11	23	18	12	13	15	15	15	19	16	14	11	8	13	
0	10	6	23	16	7	11	19	6	20	8	9	0	14	15	22	11	17	2	17	11	10	9	14	14	12	21	13	10	16	18	
0	6	13	28	18	14	9	21	14	27	12	1	11	0	10	33	15	12	13	19	13	9	16	16	16	15	17	15	12	9	14	
0	14	10	18	14	9	3	17	15	24	8	10	19	12	0	26	9	2	14	15	9	4	13	12	12	11	19	10	8	10	16	
0	20	16	33	23	12	12	16	8	28	17	15	20	14	22	0	5	24	17	24	18	22	19	8	13	14	21	5	17	13	25	
0	25	27	44	35	28	24	11	24	23	14	20	38	27	27	50	0	29	36	36	24	17	30	27	33	24	33	26	29	28	33	
0	12	8	16	12	7	1	15	13	22	6	11	17	10	19	24	7	0	19	13	7	2	11	10	10	9	17	9	6	8	14	
0	8	4	21	14	8	9	17	4	18	6	13	22	12	13	29	9	15	0	15	9	15	7	12	12	10	19	11	8	14	16	
0	14	10	16	13	15	9	12	11	13	14	10	20	9	19	24	15	21	18	0	6	18	9	9	12	17	4	8	8	6	1	
0	9	13	28	18	14	7	15	10	25	12	4	14	3	13	33	13	15	12	19	0	12	14	3	10	16	16	2	12	5	17	
0	16	23	37	28	18	19	31	24	35	22	11	21	10	20	33	25	21	23	29	23	0	24	23	26	7	27	25	22	19	24	
0	7	3	14	7	13	9	10	9	11	10	6	15	5	15	22	14	17	14	8	2	14	0	5	5	11	12	4	1	7	9	
0	15	11	25	15	14	4	18	10	22	9	14	20	13	22	32	10	24	9	16	10	21	11	0	13	16	13	12	9	5	17	
0	7	14	29	19	15	10	5	15	28	13	2	12	1	11	34	13	13	14	20	14	10	17	17	0	6	18	16	13	10	15	
0	9	16	31	21	17	12	24	17	30	15	4	14	3	13	36	18	15	16	22	16	12	19	16	19	0	20	18	15	12	17	
0	18	16	12	20	24	21	23	23	30	23	13	17	12	22	20	25	24	19	21	15	21	19	18	18	24	0	17	14	20	22	
0	15	11	28	21	23	18	13	23	25	21	10	20	9	19	36	21	21	22	22	15	18	14	18	8	14	26	0	15	18	23	
0	6	2	19	6	14	8	9	11	16	9	5	14	4	14	24	14	16	13	7	1	13	5	4	4	10	11	3	0	6	8	
0	14	10	27	14	9	3	17	5	21	8	12	19	11	21	31	9	23	21	15	9	20	13	12	12	11	19	11	8	0	16	
0	13	9	15	12	14	8	16	10	19	13	9	19	8	18	23	14	20	17	13	5	17	8	8	11	16	3	7	7	5	0	
M1
0	0	0	0	0	0	0	0	0	0	0	0	0	0	0	0	0	0	0	0	0	0	0	0	0	0	0	0	0	0	0	
0	0	21	12	13	9	14	13	4	12	17	11	19	13	12	13	18	5	16	16	23	12	5	14	7	8	10	13	10	11	11	
0	12	0	5	8	10	10	9	9	8	11	12	25	3	11	5	2	11	6	12	15	7	9	15	9	12	11	14	14	7	9	
0	7	12	0	6	16	7	4	4	3	11	15	20	13	6	9	6	6	10	9	13	5	4	13	4	7	6	9	9	2	4	
0	10	15	9	0	14	2	7	13	6	15	13	23	18	9	13	15	9	13	4	22	9	2	11	10	5	10	13	7	5	8	
0	7	16	4	5	0	5	4	8	7	10	2	23	17	3	4	10	10	14	7	14	4	7	12	8	9	4	8	11	6	3	
0	8	13	12	13	12	0	5	12	4	18	14	21	16	7	11	15	7	16	2	21	12	5	14	15	8	10	11	10	3	11	
0	3	15	14	15	12	11	0	7	6	20	14	22	16	9	13	17	8	12	7	23	14	7	16	10	10	8	14	12	5	13	
0	18	23	11	14	27	16	15	0	14	13	23	31	9	14	17	17	17	21	18	24	13	13	21	15	16	14	19	9	13	12	
0	11	9	8	11	17	5	10	12	0	16	15	17	12	3	14	11	3	15	7	21	10	4	13	12	7	6	8	9	8	10	
0	16	21	16	7	20	8	13	20	12	0	16	29	24	15	10	22	15	16	10	13	6	9	14	17	12	17	19	14	11	15	
0	5	16	11	10	14	3	2	9	7	15	0	21	18	1	13	17	10	14	5	23	9	8	13	12	7	2	6	9	6	10	
0	17	24	13	14	18	16	16	17	15	19	20	0	26	14	17	19	18	23	13	8	13	13	21	13	16	14	2	9	14	12	
0	9	14	2	8	18	9	6	6	5	13	17	22	0	8	11	8	8	12	11	15	7	6	15	6	9	8	11	11	4	6	
0	8	15	12	11	14	2	7	12	6	16	16	22	18	0	13	17	9	16	4	23	10	7	14	15	8	3	5	10	5	11	
0	13	18	12	3	12	5	10	16	9	8	12	25	21	12	0	18	12	12	7	10	2	5	10	13	8	13	16	10	8	11	
0	26	26	24	24	34	22	23	25	17	27	27	34	29	20	28	0	20	4	24	37	24	21	30	14	24	23	25	20	21	23	
0	12	17	8	8	21	10	9	9	8	13	12	14	18	11	11	14	0	12	12	21	7	1	10	12	4	9	16	6	7	7	
0	22	27	22	27	31	23	19	26	18	32	30	35	30	21	25	28	21	0	25	35	26	19	28	26	22	24	26	24	17	25	
0	6	11	10	11	10	7	3	10	2	16	12	19	14	5	9	13	5	14	0	19	10	3	12	13	6	8	10	8	1	9	
0	9	26	14	15	10	15	14	13	17	20	12	28	22	13	14	20	14	24	17	0	14	14	22	16	16	14	18	19	16	13	
0	11	16	10	1	14	3	8	14	7	6	10	24	19	10	4	16	10	10	5	14	0	3	8	11	6	11	14	8	6	9	
0	11	16	7	8	20	10	8	11	7	13	11	24	19	10	11	13	10	11	12	20	7	0	9	11	3	8	15	5	6	6	
0	7	16	12	12	16	5	4	11	7	7	2	23	19	3	15	18	10	2	7	19	11	10	0	14	8	4	8	11	8	11	
0	16	22	10	11	24	13	14	11	13	13	17	30	20	11	14	16	16	20	15	23	10	10	18	0	13	11	16	6	12	9	
0	10	16	4	5	18	7	7	8	7	10	8	24	17	9	8	10	10	8	9	17	4	7	6	8	0	5	13	12	6	3	
0	5	18	9	8	14	10	12	9	12	13	13	19	18	12	11	15	10	13	12	21	7	10	11	12	5	0	17	7	11	8	
0	17	22	11	12	21	14	14	15	13	17	21	30	24	12	15	17	16	21	11	24	11	11	19	15	14	12	0	7	12	10	
0	10	16	4	5	18	7	8	8	7	10	14	24	17	5	8	10	10	14	9	17	4	4	12	8	7	5	10	0	6	3	
0	5	10	9	10	14	6	2	9	1	15	13	18	13	4	8	12	4	13	8	18	9	2	11	12	5	7	9	7	0	8	
0	7	13	1	2	15	4	5	5	4	7	11	21	14	7	5	7	7	11	6	14	1	4	9	5	7	2	10	9	3	0	
M2
0	0	0	0	0	0	0	0	0	0	0	0	0	0	0	0	0	0	0	0	0	0	0	0	0	0	0	0	0	0	0	
0	0	20	18	23	21	26	27	25	24	9	24	26	24	24	33	13	21	26	24	26	14	19	18	23	15	19	18	16	21	22	
0	3	0	13	13	6	11	12	7	14	7	14	8	9	15	21	16	1	16	9	16	13	7	14	11	10	4	3	17	6	4	
0	7	10	0	18	3	15	14	7	15	4	13	8	13	14	23	13	5	17	9	17	5	11	8	15	9	1	7	17	9	4	
0	12	13	5	0	8	20	19	12	20	9	1	7	18	13	23	18	10	21	14	19	10	16	13	13	14	6	12	22	14	9	
0	4	19	9	24	0	19	20	4	21	10	21	17	17	23	29	16	14	23	18	19	14	20	17	19	6	7	16	20	6	13	
0	5	2	9	15	8	0	1	9	3	9	7	10	11	17	16	16	3	5	11	5	10	9	14	6	6	6	5	19	8	6	
0	11	14	8	19	7	12	0	11	15	8	19	10	16	17	28	17	13	17	11	17	13	18	16	18	5	5	10	21	13	6	
0	17	23	22	28	13	31	32	0	31	14	27	28	29	31	28	12	24	30	31	29	27	24	25	18	19	11	23	27	2	26	
0	13	10	8	23	11	17	12	15	0	12	4	10	15	16	13	21	11	2	17	2	7	9	11	3	10	9	9	23	11	12	
0	14	11	19	14	17	17	18	17	20	0	15	19	15	26	27	22	12	18	20	22	24	10	20	17	21	15	9	13	12	15	
0	11	12	4	22	7	19	18	11	19	8	0	6	17	12	27	17	9	21	13	18	9	15	12	19	13	5	11	21	13	8	
0	13	10	23	23	16	21	22	17	23	17	24	0	19	15	31	13	11	25	15	21	5	15	9	21	20	14	13	26	16	14	
0	7	4	11	17	10	2	3	11	5	11	9	12	0	19	12	18	5	7	13	7	12	11	16	2	8	8	7	8	10	8	
0	18	18	14	27	15	20	8	19	8	16	12	18	19	0	17	13	19	10	19	6	11	17	15	7	13	13	13	27	15	14	
0	7	7	12	20	3	5	5	7	8	13	12	12	3	19	0	19	8	10	16	9	14	14	18	5	9	10	10	11	9	11	
0	22	22	20	35	23	24	25	16	23	24	27	16	22	19	20	0	23	25	27	21	21	26	13	10	17	21	16	30	18	24	
0	2	5	12	18	11	10	11	10	13	11	17	7	8	14	20	15	0	15	8	15	12	6	13	10	9	9	2	16	5	3	
0	11	8	9	21	12	19	20	15	22	13	22	16	17	19	29	22	9	0	17	24	14	7	13	19	18	10	11	25	14	12	
0	7	9	12	18	3	20	14	7	14	4	18	17	18	6	21	13	10	16	0	12	17	8	20	13	9	1	12	11	9	13	
0	12	12	10	25	13	15	14	15	2	14	6	12	13	15	11	19	13	4	15	0	5	11	9	1	8	11	7	21	9	13	
0	13	13	22	26	13	16	17	17	18	14	22	15	14	10	26	21	14	20	10	16	0	17	4	16	19	11	16	21	19	16	
0	4	1	14	14	7	12	13	8	15	8	15	9	10	16	22	17	2	17	10	17	14	0	15	12	11	5	4	18	7	5	
0	9	9	20	22	15	20	14	16	14	16	18	11	18	6	23	17	10	16	14	12	16	13	0	13	19	13	12	25	15	12	
0	15	12	10	25	13	14	15	14	13	14	17	18	12	23	10	19	13	15	19	11	15	19	17	0	7	11	6	20	9	14	
0	10	13	3	21	6	13	14	10	16	7	16	11	11	17	23	16	8	18	12	18	8	14	11	13	0	4	10	19	12	7	
0	6	12	11	17	2	20	21	6	23	3	18	19	18	25	30	12	13	21	20	21	16	13	19	20	8	0	12	16	8	15	
0	9	6	16	19	12	8	9	8	11	13	15	14	6	17	18	13	7	13	15	13	18	13	11	8	13	10	0	14	3	10	
0	14	16	16	21	10	18	14	14	8	11	12	18	16	24	21	20	17	10	25	10	15	17	19	11	16	8	10	0	13	20	
0	24	27	26	40	29	30	31	26	29	30	25	26	28	29	26	10	22	28	30	27	31	28	23	16	23	27	22	36	0	25	
0	12	10	17	23	8	12	10	12	11	9	15	4	10	11	22	17	11	13	5	13	9	13	13	12	14	6	4	16	7	0	
M3
0	0	0	0	0	0	0	0	0	0	0	0	0	0	0	0	0	0	0	0	0	0	0	0	0	0	0	0	0	0	0	
0	0	14	13	27	24	11	26	24	25	17	15	26	16	20	17	15	13	17	16	12	17	2	19	28	9	15	25	16	14	22	
0	26	0	14	15	20	10	12	19	13	12	3	16	9	15	5	5	28	14	4	13	14	9	13	19	7	10	15	6	15	17	
0	25	11	0	14	15	9	17	11	12	4	2	13	8	7	4	2	20	4	3	5	10	3	6	16	6	2	12	5	1	9	
0	11	21	21	0	33	22	19	28	20	22	18	28	9	22	15	23	24	14	19	23	25	13	24	30	17	20	26	16	11	21	
0	18	21	20	7	0	18	26	25	27	18	22	27	16	21	22	21	31	21	23	25	30	9	26	30	24	22	31	23	18	23	
0	28	3	17	18	23	0	15	14	16	15	6	16	10	18	8	8	23	17	7	16	17	12	16	19	10	13	16	9	18	20	
0	28	12	3	17	18	12	0	14	15	7	5	16	11	3	7	5	23	7	6	8	13	6	9	14	9	5	15	8	4	5	
0	14	15	11	13	19	12	16	0	11	8	9	2	6	11	11	11	9	6	10	3	8	10	4	5	7	13	20	12	12	9	
0	13	5	17	2	25	2	17	16	0	14	8	8	11	17	10	10	25	11	9	18	14	14	10	11	12	15	18	11	8	19	
0	21	14	8	18	11	17	13	7	18	0	10	9	7	3	8	3	16	7	11	10	12	11	11	12	14	10	13	13	4	5	
0	23	10	11	12	17	7	16	16	10	9	0	18	6	12	2	11	25	11	1	10	12	11	10	21	4	7	21	3	12	14	
0	22	14	9	11	17	11	14	13	9	6	8	0	4	9	9	9	22	4	9	14	6	8	2	3	11	11	19	10	10	11	
0	37	19	13	27	28	16	10	23	25	17	15	25	0	13	17	15	32	17	16	18	21	16	19	22	13	15	17	12	14	13	
0	30	16	5	19	20	14	11	16	17	9	7	17	12	0	9	6	25	9	8	10	14	8	10	11	11	7	13	10	6	2	
0	28	20	15	18	18	17	15	14	16	7	11	16	7	10	0	10	23	9	12	8	13	15	9	19	12	5	20	14	11	12	
0	30	23	19	21	28	20	25	16	19	17	19	11	15	14	12	0	25	15	17	18	9	11	13	14	14	17	10	13	18	16	
0	5	11	17	18	22	13	19	18	16	11	6	20	11	14	4	14	0	13	7	12	7	7	13	23	10	9	24	9	15	16	
0	27	14	15	16	21	11	20	14	14	13	4	16	10	16	6	15	23	0	5	14	16	15	14	19	8	11	25	7	16	18	
0	33	12	10	24	25	9	23	21	22	14	12	21	18	17	14	10	30	14	0	14	11	10	16	22	3	12	20	2	11	19	
0	37	12	22	26	30	9	24	23	24	21	15	25	19	24	15	15	32	24	16	0	12	11	17	23	4	20	25	16	23	26	
0	27	14	13	16	21	11	18	17	19	10	14	19	10	13	3	13	26	12	8	11	0	2	12	22	5	8	23	4	14	15	
0	36	12	11	25	22	9	24	22	23	15	13	24	14	18	15	13	31	15	14	16	21	0	17	27	15	13	23	14	12	20	
0	20	12	7	9	15	9	12	11	7	4	9	13	2	7	7	7	20	11	10	12	4	6	0	16	9	9	17	8	8	9	
0	39	25	20	28	35	22	17	30	26	24	22	32	7	20	24	22	39	24	23	25	24	23	26	0	16	22	24	19	21	20	
0	33	9	18	22	28	6	21	20	20	17	12	22	15	20	11	11	29	20	13	11	8	7	13	19	0	16	21	12	19	22	
0	24	15	11	13	19	12	16	15	11	8	13	17	6	11	11	11	24	10	14	3	8	10	4	20	7	0	21	12	12	13	
0	20	18	9	19	24	18	15	6	17	13	11	8	12	4	12	10	15	11	12	9	14	12	10	11	13	11	0	14	8	6	
0	31	10	14	23	29	7	21	21	21	18	13	23	16	21	12	12	30	18	4	12	9	8	14	20	1	16	22	0	15	23	
0	30	10	18	19	22	14	19	17	17	11	7	19	11	14	4	14	26	3	8	12	17	18	13	22	11	9	24	10	0	16	
0	28	14	3	17	18	12	20	14	15	7	5	16	10	10	7	5	23	7	6	8	12	6	8	9	9	5	11	8	4	0	
M4
0	0	0	0	0	0	0	0	0	0	0	0	0	0	0	0	0	0	0	0	0	0	0	0	0	0	0	0	0	0	0	
0	0	11	22	19	14	16	10	20	16	12	31	18	4	16	23	22	14	18	12	17	15	20	26	17	21	16	25	18	19	21	
0	6	0	16	15	14	5	4	10	5	1	21	7	10	9	12	11	3	10	16	9	9	12	20	11	13	8	19	8	8	14	
0	9	3	0	18	17	8	7	13	8	4	21	10	13	12	11	14	6	9	15	12	12	13	4	14	16	11	22	11	11	13	
0	6	10	7	0	2	7	3	9	4	7	19	13	10	2	18	13	2	7	6	6	8	9	11	10	10	5	18	7	6	13	
0	6	17	16	15	0	5	4	7	5	8	17	11	10	9	19	11	3	5	11	4	9	7	20	11	8	3	19	5	13	14	
0	1	12	20	13	15	0	11	10	17	13	23	15	5	4	24	6	15	15	13	8	16	13	24	18	12	13	26	8	8	22	
0	3	14	12	11	13	9	0	11	11	14	30	17	7	6	23	13	13	11	15	10	5	15	16	7	13	13	15	11	10	20	
0	12	23	26	24	20	11	19	0	20	23	27	13	16	15	30	17	18	13	19	6	19	15	30	26	10	11	29	5	19	23	
0	8	19	17	16	16	11	5	7	0	3	23	9	12	11	14	17	4	11	17	6	10	13	21	12	10	9	20	5	15	9	
0	6	17	15	14	13	9	3	11	4	0	20	6	10	9	11	15	2	9	15	8	8	11	19	10	12	7	18	9	13	13	
0	8	7	4	4	6	7	7	9	8	8	0	13	12	6	15	13	6	7	10	6	12	2	8	14	10	5	22	7	10	10	
0	11	16	13	18	7	10	11	7	12	15	14	0	15	14	24	16	10	12	18	11	6	14	17	18	14	10	16	12	18	21	
0	13	7	23	22	21	12	11	17	12	8	28	14	0	16	19	18	10	16	22	15	16	18	27	18	19	14	26	15	15	21	
0	8	19	16	9	11	11	12	7	13	16	25	11	12	0	27	17	11	11	15	4	17	9	20	19	8	9	27	5	4	22	
0	20	26	23	16	18	19	19	10	20	22	35	23	24	18	0	25	18	19	13	16	23	21	27	26	18	17	34	15	22	22	
0	11	20	21	21	17	10	16	4	17	20	17	10	13	14	26	0	15	10	16	3	16	12	19	23	7	8	26	2	18	20	
0	4	15	13	12	13	7	1	9	2	5	25	11	8	7	16	13	0	7	13	6	6	9	17	8	10	5	16	7	11	11	
0	5	16	20	17	14	4	10	6	11	14	21	7	9	8	25	10	9	0	6	3	13	6	24	17	7	2	21	4	12	15	
0	7	18	17	19	19	6	12	8	13	16	26	12	11	10	21	12	11	6	0	5	10	8	21	19	9	4	26	6	14	9	
0	8	17	20	20	14	7	13	3	14	17	21	7	10	11	28	13	12	7	13	0	13	9	24	20	4	5	23	1	15	19	
0	5	10	7	17	19	4	14	12	15	11	27	17	9	8	18	10	13	14	17	11	0	16	11	21	8	12	29	10	12	20	
0	12	12	28	27	20	17	16	22	17	13	33	19	16	21	24	22	15	22	24	21	21	0	32	23	25	20	31	20	20	22	
0	10	18	15	23	24	12	13	15	14	17	30	23	14	16	7	13	12	19	20	16	8	9	0	20	16	17	28	15	20	23	
0	3	14	11	4	6	2	7	4	4	7	23	13	7	6	16	6	6	9	10	7	12	13	9	0	11	9	8	6	10	13	
0	7	18	18	19	19	6	12	8	13	16	26	12	11	10	27	12	11	6	12	5	17	8	22	19	0	4	27	6	14	21	
0	3	14	20	15	15	2	8	4	9	12	22	8	7	6	23	8	7	2	8	1	13	4	24	15	5	0	23	2	10	17	
0	4	9	6	18	15	5	11	7	10	10	22	8	8	9	11	11	10	1	7	4	14	7	8	18	8	3	0	5	13	16	
0	9	18	21	21	15	8	14	2	15	18	22	8	11	12	29	14	13	8	14	1	14	10	25	21	5	6	24	0	16	18	
0	12	21	24	24	17	11	17	7	15	18	25	11	14	15	29	17	16	11	17	4	17	13	28	24	8	9	27	5	0	23	
0	9	13	18	17	18	10	6	12	7	9	29	15	13	12	12	16	5	10	16	9	11	12	22	13	11	8	17	10	16	0	
M5
0	0	0	0	0	0	0	0	0	0	0	0	0	0	0	0	0	0	0	0	0	0	0	0	0	0	0	0	0	0	0	
0	0	16	14	18	14	18	12	18	15	10	22	9	16	8	24	20	16	13	14	23	12	14	20	19	12	6	4	5	13	17	
0	2	0	9	8	8	10	5	8	5	6	11	3	6	4	13	10	17	2	3	15	13	8	14	8	4	2	6	7	9	2	
0	22	20	0	5	23	23	7	18	20	19	14	9	13	17	16	7	14	18	6	21	18	13	19	24	17	15	13	14	11	15	
0	17	15	3	0	18	18	2	13	15	14	9	11	8	12	11	2	17	13	1	24	13	10	16	19	12	10	8	9	6	10	
0	4	2	1	5	0	12	7	7	7	8	13	5	8	6	15	7	15	4	5	17	12	3	9	8	6	4	8	1	11	4	
0	7	16	17	17	16	0	14	16	17	12	24	11	18	10	26	19	23	15	16	30	19	16	10	9	14	8	11	12	15	18	
0	24	22	17	22	30	24	0	24	21	27	25	17	6	19	27	16	24	24	17	31	20	22	28	19	18	23	21	22	12	16	
0	7	11	4	1	9	14	3	0	6	15	10	9	7	11	12	3	9	13	2	16	5	11	11	17	8	11	9	10	7	8	
0	10	13	6	3	12	10	5	3	0	16	11	3	1	5	13	5	12	10	3	19	8	8	14	14	4	12	10	11	9	2	
0	8	6	5	9	4	16	11	11	11	0	12	9	12	10	14	11	19	8	4	21	16	7	13	12	10	8	11	5	15	8	
0	8	6	10	13	9	15	11	14	11	5	0	8	1	10	2	11	14	8	8	21	10	12	18	14	9	8	12	10	15	7	
0	21	19	13	10	23	15	3	16	13	19	14	0	9	11	16	12	25	16	6	23	21	5	11	21	10	15	13	14	15	8	
0	18	16	11	16	24	23	14	21	20	22	25	14	0	20	27	10	18	18	17	25	14	19	25	13	17	18	22	23	22	18	
0	17	20	13	10	19	10	6	10	7	20	18	10	8	0	20	12	19	5	10	23	15	15	20	11	4	16	14	15	5	9	
0	11	9	8	11	7	13	9	13	10	3	14	6	11	8	0	13	12	11	6	19	8	10	16	15	7	11	13	8	13	5	
0	18	21	1	6	20	20	8	11	17	20	15	10	14	18	17	0	15	19	7	22	11	14	20	25	14	16	14	15	12	16	
0	17	15	14	18	13	22	19	20	20	21	23	16	14	18	25	20	0	17	15	7	25	12	18	21	17	17	21	14	23	15	
0	22	26	18	16	24	25	15	15	21	22	25	24	21	15	27	18	24	0	17	18	20	23	26	6	19	26	24	25	20	23	
0	16	14	17	20	17	19	15	20	17	13	8	12	9	11	10	19	22	12	0	29	18	9	15	18	14	9	7	8	16	12	
0	10	8	7	11	6	15	12	13	13	14	17	9	14	11	19	13	21	10	9	0	18	5	11	14	10	10	14	7	16	8	
0	16	18	12	9	17	9	5	9	6	17	12	9	7	11	14	11	4	13	4	11	0	13	19	14	3	13	11	12	15	8	
0	16	14	11	11	19	10	7	11	8	15	12	4	9	6	14	13	20	11	4	27	16	0	6	16	5	11	11	12	11	3	
0	11	17	10	7	15	4	9	6	12	16	16	9	11	11	18	9	15	16	8	22	11	14	0	13	10	12	15	16	13	8	
0	24	22	12	17	20	19	9	19	16	16	26	19	15	9	28	19	19	14	18	26	15	23	29	0	13	24	23	21	14	18	
0	13	16	9	6	15	6	2	6	3	18	14	6	4	8	16	8	15	13	6	22	11	11	16	11	0	14	13	14	12	5	
0	8	10	9	12	8	12	6	12	9	4	16	3	10	2	18	14	19	7	8	25	15	8	14	13	6	0	7	8	7	11	
0	10	12	10	14	10	14	8	14	11	6	18	5	12	4	20	16	21	9	10	26	17	10	16	15	8	2	0	1	9	13	
0	17	19	9	14	17	15	15	21	18	13	23	12	19	11	25	16	23	16	15	30	24	17	23	22	15	9	7	0	16	20	
0	17	15	15	12	19	12	8	12	9	15	13	5	10	7	15	14	21	12	5	28	17	10	16	17	6	11	9	10	0	4	
0	13	11	11	8	17	8	4	8	5	14	9	1	6	3	11	10	17	8	1	24	13	6	12	13	2	10	8	9	8	0	
M6
0	0	0	0	0	0	0	0	0	0	0	0	0	0	0	0	0	0	0	0	0	0	0	0	0	0	0	0	0	0	0	
0	0	25	21	16	17	15	23	19	26	15	24	4	20	17	19	20	20	22	33	10	28	17	13	6	12	18	20	18	12	18	
0	20	0	21	22	19	17	31	21	15	19	21	18	16	22	22	15	20	22	32	20	28	22	19	13	24	15	5	20	11	14	
0	14	19	0	12	13	11	16	3	16	17	11	5	14	17	9	10	18	1	26	10	8	7	9	2	8	10	3	14	9	12	
0	12	18	16	0	11	9	20	15	23	24	15	8	17	17	9	10	28	11	30	7	24	11	7	10	16	2	13	15	9	15	
0	13	19	18	16	0	15	26	18	12	17	27	15	14	20	14	13	18	19	27	10	26	17	13	11	5	14	3	17	9	12	
0	3	16	17	6	2	0	16	11	14	18	17	1	11	14	15	15	20	17	24	7	21	7	3	3	7	8	5	10	3	9	
0	18	12	20	14	17	15	0	9	27	14	1	11	15	21	15	14	19	18	31	17	5	13	13	12	14	15	4	10	10	13	
0	11	22	13	9	10	8	13	0	22	24	14	2	17	14	6	7	23	14	23	8	18	4	6	4	5	7	10	16	10	16	
0	14	20	19	12	13	11	22	17	0	22	23	11	15	22	12	13	27	20	28	17	27	13	9	10	18	14	16	21	7	13	
0	9	22	6	18	12	17	16	9	22	0	17	11	17	7	15	16	5	7	26	15	14	7	15	5	14	10	9	17	15	18	
0	18	11	19	17	17	15	21	8	26	13	0	10	14	20	14	13	18	20	30	16	16	12	14	11	13	14	3	23	9	12	
0	14	21	22	12	13	11	19	15	22	23	20	0	16	13	15	16	22	22	29	6	24	13	9	2	18	14	16	14	8	14	
0	8	5	13	6	7	5	16	11	19	7	15	5	0	14	15	16	12	14	26	11	12	7	3	7	12	8	9	15	8	14	
0	26	27	24	24	25	23	24	17	37	25	25	19	22	0	17	18	26	9	38	18	27	21	21	4	22	22	11	16	17	20	
0	12	23	7	12	13	11	22	10	23	22	18	11	18	10	0	1	23	8	22	17	15	13	9	9	15	14	8	16	10	16	
0	20	23	6	18	19	17	22	9	22	21	17	11	18	9	15	0	22	7	21	16	14	13	15	8	14	16	7	15	13	16	
0	15	17	19	13	14	12	11	18	26	19	12	12	12	2	12	13	0	11	21	10	16	2	10	6	13	5	13	18	12	18	
0	17	18	18	15	16	14	25	20	28	16	16	14	13	19	20	12	17	0	29	9	18	16	12	10	21	13	2	22	8	11	
0	13	10	18	11	12	10	21	16	24	12	13	10	5	19	20	21	17	19	0	16	10	12	8	12	17	13	14	20	13	11	
0	8	15	22	6	7	5	16	11	19	17	17	5	10	10	15	16	22	17	23	0	21	7	3	7	12	8	10	15	2	8	
0	21	14	18	9	20	18	24	11	29	16	3	13	17	21	17	12	21	13	33	16	0	15	16	14	16	11	6	24	12	15	
0	13	19	17	11	12	10	9	16	24	23	10	10	18	10	10	11	28	12	19	8	14	0	8	12	11	3	13	19	10	16	
0	5	18	19	3	4	2	13	8	16	20	14	2	13	14	12	13	22	14	23	8	18	4	0	4	9	5	7	12	5	11	
0	24	35	20	22	23	21	26	13	35	35	27	15	30	23	13	14	36	21	35	21	28	17	19	0	18	20	21	12	23	29	
0	13	20	13	11	12	10	21	16	24	22	22	10	15	15	20	21	27	14	28	5	21	12	8	12	0	13	15	20	7	13	
0	10	16	14	8	9	7	18	13	21	22	19	7	15	15	7	8	26	9	28	5	22	9	5	9	14	0	11	17	7	13	
0	15	16	16	17	14	12	26	19	26	14	26	13	11	17	18	10	15	17	27	16	23	17	14	8	19	11	0	20	6	9	
0	12	23	14	10	11	9	14	1	23	25	15	3	18	15	7	8	24	15	24	9	19	5	7	5	6	8	11	0	11	17	
0	12	13	21	14	11	9	24	19	23	15	23	10	8	19	15	16	20	17	21	13	20	15	11	12	16	8	14	19	0	6	
0	6	7	15	8	5	3	18	13	17	9	17	4	2	13	9	10	14	11	27	7	14	9	5	6	10	2	8	13	6	0	
M7
0	0	0	0	0	0	0	0	0	0	0	0	0	0	0	0	0	0	0	0	0	0	0	0	0	0	0	0	0	0	0	
0	0	25	6	8	7	1	3	19	13	11	13	19	12	17	15	15	15	13	10	9	10	13	9	14	9	6	13	10	8	8	
0	9	0	15	12	11	5	12	23	19	11	17	22	21	21	12	19	11	7	14	13	15	9	13	18	13	13	8	14	12	12	
0	17	28	0	14	16	18	20	14	7	17	19	21	28	23	23	17	18	16	16	14	13	16	13	23	11	15	19	12	10	16	
0	5	17	7	0	9	6	8	13	14	8	5	20	17	9	9	14	12	9	2	7	11	10	11	16	4	1	5	10	8	2	
0	5	19	11	5	0	6	8	12	8	4	10	12	17	10	14	8	8	7	7	2	4	6	2	7	2	6	10	3	1	7	
0	11	24	14	7	6	0	14	18	14	10	12	18	23	16	14	14	14	13	9	8	10	12	8	13	8	8	12	9	7	7	
0	12	25	15	8	11	13	0	18	16	15	13	23	24	14	17	16	17	10	10	9	7	15	12	18	12	3	13	11	9	10	
0	11	14	17	15	18	12	14	0	24	20	16	7	23	15	14	26	18	11	17	20	14	22	20	12	14	16	17	21	19	7	
0	12	21	14	7	16	11	15	7	0	10	12	14	21	16	16	10	11	9	9	14	6	9	6	19	8	8	12	5	3	9	
0	5	22	11	10	7	6	6	14	13	0	11	16	17	12	15	13	4	12	8	5	9	2	9	9	9	9	11	8	6	12	
0	1	12	7	9	8	2	4	8	14	12	0	15	13	4	8	16	16	4	11	10	11	14	10	15	10	7	10	11	9	1	
0	12	7	15	8	17	12	15	21	22	16	13	0	24	17	15	22	13	10	10	15	7	16	16	24	7	9	13	18	16	8	
0	10	22	12	5	14	11	13	18	11	10	10	25	0	14	14	11	12	10	7	12	7	10	7	19	9	6	10	6	4	7	
0	2	13	8	10	9	3	5	4	15	13	1	11	14	0	9	17	17	4	12	11	12	15	11	16	11	6	10	12	10	2	
0	9	27	15	11	8	10	12	20	14	12	16	20	21	17	0	14	15	13	13	6	10	13	10	15	10	12	16	9	7	13	
0	5	25	11	13	12	6	8	11	18	16	13	18	11	16	8	0	18	14	15	14	15	16	14	19	14	11	13	12	13	1	
0	1	19	7	9	8	2	4	15	14	6	7	20	13	11	11	16	0	11	4	10	11	8	10	15	6	7	7	11	9	8	
0	14	22	17	10	16	15	15	18	22	9	15	15	26	14	10	22	13	0	12	14	9	11	18	18	14	11	6	17	15	12	
0	4	15	10	12	11	5	7	11	17	6	3	18	16	7	7	12	10	7	0	11	12	8	13	15	2	10	3	14	12	4	
0	3	21	9	5	2	4	6	14	8	6	10	14	15	11	14	8	9	7	7	0	4	7	4	9	4	6	10	3	1	7	
0	6	18	8	1	10	7	9	14	15	9	6	18	18	10	10	15	13	3	3	8	0	11	9	17	5	2	6	11	9	3	
0	3	21	9	11	10	4	6	17	16	5	9	21	15	13	13	18	2	13	6	10	10	0	12	14	8	9	9	13	11	10	
0	9	23	15	12	14	8	12	19	22	11	11	23	21	15	18	22	8	8	12	16	16	6	0	20	2	13	14	2	15	12	
0	5	13	11	13	12	6	8	5	18	16	4	7	14	3	12	20	20	7	15	14	14	18	12	0	14	9	13	14	13	5	
0	15	32	21	20	15	16	18	27	23	17	20	27	27	24	18	23	21	22	22	17	19	19	17	22	0	21	14	18	16	11	
0	9	24	15	11	8	10	12	15	14	12	12	20	21	11	20	14	15	13	13	6	10	13	10	15	10	0	16	9	7	13	
0	8	23	14	10	10	9	9	17	16	3	11	19	20	15	4	16	7	12	11	8	9	5	12	12	12	11	0	11	9	12	
0	7	21	13	10	12	6	10	17	20	9	9	21	19	13	16	20	6	6	10	14	14	4	14	18	12	11	12	0	13	10	
0	9	21	11	4	13	8	12	14	7	7	9	21	18	13	13	7	8	6	6	11	3	6	3	16	5	5	9	2	0	6	
0	4	24	10	12	11	5	7	20	17	15	12	23	16	16	7	19	19	16	14	13	14	17	13	18	13	10	17	14	12	0	
Tamanho_Tarefas
0	14	21	13	18	17	19	10	9	13	32	16	22	12	8	29	21	14	25	19	24	10	22	21	3	12	21	23	5	16	14	
Data_Entrega
0	159	153	151	164	163	154	155	158	154	160	155	158	152	151	151	150	153	152	157	150	164	161	161	154	156	160	152	163	150	155	
Penalidade_Atraso
0	20	8	6	1	7	10	8	7	7	18	10	19	13	20	15	7	15	19	9	19	18	4	8	20	6	6	5	7	16	17	
Capacidade_Veiculo
79	83	40	57	74	59	46	48	73	75	81	82	
Custo_Fixo_Veiculo
790	830	400	570	740	590	460	480	730	750	810	820	
Coordenadas_Clientes
x	0	y	0
x	96	y	0
x	107	y	22
x	108	y	48
x	79	y	57
x	75	y	83
x	48	y	84
x	30	y	95
x	8	y	80
x	-10	y	99
x	-38	y	117
x	-59	y	103
x	-60	y	67
x	-97	y	71
x	-92	y	41
x	-86	y	18
x	-96	y	0
x	-118	y	-25
x	-76	y	-34
x	-76	y	-55
x	-83	y	-92
x	-52	y	-90
x	-28	y	-86
x	-9	y	-91
x	12	y	-114
x	33	y	-104
x	45	y	-78
x	79	y	-88
x	63	y	-46
x	98	y	-43
x	120	y	-25
Tempo_Viagem
0	96	109	118	97	111	96	99	80	99	123	118	89	120	100	87	96	120	83	93	123	103	90	91	114	109	90	118	78	107	122	
96	0	24	49	59	85	96	115	118	144	177	186	169	205	192	182	192	215	175	180	201	173	150	138	140	120	92	89	56	43	34	
109	24	0	26	44	68	85	106	114	140	173	184	172	209	199	193	204	229	191	198	221	194	172	161	164	144	116	113	80	65	48	
118	49	26	0	30	48	69	90	104	128	161	174	169	206	200	196	209	237	201	210	236	211	190	181	188	168	140	138	104	91	73	
97	59	44	30	0	26	41	62	74	98	131	144	139	176	171	169	184	213	179	190	220	196	178	172	183	167	139	145	104	101	91	
111	85	68	48	26	0	27	46	67	86	117	135	135	172	172	173	190	221	191	204	234	214	197	193	206	191	163	171	129	127	116	
96	96	85	69	41	27	0	21	40	59	92	108	109	145	146	149	166	198	171	186	219	199	186	184	201	188	162	174	130	136	130	
99	115	106	90	62	46	21	0	26	40	71	89	94	129	133	138	157	190	166	183	218	202	189	190	209	199	173	188	144	153	149	
80	118	114	104	74	67	40	26	0	26	59	70	69	105	107	112	131	164	141	159	194	180	169	171	194	185	162	181	137	152	152	
99	144	140	128	98	86	59	40	26	0	33	49	59	91	100	111	131	164	148	167	204	193	185	190	213	207	185	206	162	178	178	
123	177	173	161	131	117	92	71	59	33	0	25	54	74	93	109	129	162	155	176	213	207	203	210	236	232	211	235	191	209	211	
118	186	184	174	144	135	108	89	70	49	25	0	36	49	70	89	109	140	138	158	195	193	191	200	228	226	208	235	192	214	220	
89	169	172	169	139	135	109	94	69	59	54	36	0	37	41	55	75	108	102	123	160	157	156	166	194	194	179	207	167	192	202	
120	205	209	206	176	172	145	129	105	91	74	49	37	0	30	53	71	98	105	126	163	165	171	184	214	218	205	237	198	225	237	
100	192	199	200	171	172	146	133	107	100	93	70	41	30	0	23	41	70	75	96	133	135	142	155	186	191	181	214	177	207	222	
87	182	193	196	169	173	149	138	112	111	109	89	55	53	23	0	20	53	52	73	110	112	119	133	164	170	162	196	162	193	209	
96	192	204	209	184	190	166	157	131	131	129	109	75	71	41	20	0	33	39	58	92	99	109	125	156	165	161	195	165	198	217	
120	215	229	237	213	221	198	190	164	164	162	140	108	98	70	53	33	0	42	51	75	92	108	127	156	170	170	205	181	216	238	
83	175	191	201	179	191	171	166	141	148	155	138	102	105	75	52	39	42	0	21	58	60	70	87	118	129	128	163	139	174	196	
93	180	198	210	190	204	186	183	159	167	176	158	123	126	96	73	58	51	21	0	37	42	57	76	105	119	123	158	139	174	198	
123	201	221	236	220	234	219	218	194	204	213	195	160	163	133	110	92	75	58	37	0	31	55	74	97	116	128	162	153	187	213	
103	173	194	211	196	214	199	202	180	193	207	193	157	165	135	112	99	92	60	42	31	0	24	43	68	86	97	131	123	157	183	
90	150	172	190	178	197	186	189	169	185	203	191	156	171	142	119	109	108	70	57	55	24	0	19	48	62	73	107	99	133	159	
91	138	161	181	172	193	184	190	171	190	210	200	166	184	155	133	125	127	87	76	74	43	19	0	31	43	55	88	84	117	144	
114	140	164	188	183	206	201	209	194	213	236	228	194	214	186	164	156	156	118	105	97	68	48	31	0	23	48	71	84	111	139	
109	120	144	168	167	191	188	199	185	207	232	226	194	218	191	170	165	170	129	119	116	86	62	43	23	0	28	48	64	89	117	
90	92	116	140	139	163	162	173	162	185	211	208	179	205	181	162	161	170	128	123	128	97	73	55	48	28	0	35	36	63	91	
118	89	113	138	145	171	174	188	181	206	235	235	207	237	214	196	195	205	163	158	162	131	107	88	71	48	35	0	44	48	75	
78	56	80	104	104	129	130	144	137	162	191	192	167	198	177	162	165	181	139	139	153	123	99	84	84	64	36	44	0	35	60	
107	43	65	91	101	127	136	153	152	178	209	214	192	225	207	193	198	216	174	174	187	157	133	117	111	89	63	48	35	0	28	
122	34	48	73	91	116	130	149	152	178	211	220	202	237	222	209	217	238	196	198	213	183	159	144	139	117	91	75	60	28	0	
Custo_Viagem
V0
0	1516	1722	1864	1532	1753	1516	1564	1264	1564	1943	1864	1406	1896	1580	1374	1516	1896	1311	1469	1943	1627	1422	1437	1801	1722	1422	1864	1232	1690	1927	
1516	0	379	774	932	1343	1516	1817	1864	2291	2796	2938	2670	3239	3033	2875	3033	3397	2765	2844	3175	2733	2370	2180	2227	1911	1469	1406	884	679	537	
1722	379	0	410	695	1074	1343	1674	1801	2212	2733	2907	2717	3302	3144	3049	3223	3618	3017	3128	3491	3065	2717	2543	2607	2306	1848	1785	1264	1027	758	
1864	774	410	0	474	758	1090	1437	1643	2022	2543	2765	2670	3254	3160	3096	3302	3744	3175	3318	3728	3333	3002	2859	2970	2670	2212	2196	1643	1437	1153	
1532	932	695	474	0	410	647	979	1169	1548	2069	2291	2196	2780	2701	2670	2907	3365	2828	3017	3476	3096	2812	2717	2891	2638	2196	2291	1643	1595	1437	
1753	1343	1074	758	410	0	426	726	1058	1358	1864	2133	2133	2717	2717	2733	3002	3491	3017	3223	3713	3381	3112	3049	3254	3017	2575	2701	2038	2022	1848	
1516	1516	1343	1090	647	426	0	331	632	932	1453	1706	1722	2291	2306	2354	2622	3128	2701	2938	3460	3160	2938	2907	3175	2970	2559	2749	2054	2148	2054	
1564	1817	1674	1437	979	726	331	0	410	632	1121	1406	1485	2038	2101	2196	2480	3002	2622	2891	3444	3191	3002	3002	3302	3144	2733	2986	2275	2417	2370	
1264	1864	1801	1643	1169	1058	632	410	0	410	932	1106	1090	1659	1690	1769	2069	2591	2227	2512	3065	2844	2670	2701	3065	2923	2559	2875	2164	2401	2417	
1564	2291	2212	2022	1548	1358	932	632	410	0	521	774	932	1437	1580	1753	2069	2591	2338	2638	3223	3049	2923	3002	3381	3270	2923	3270	2559	2812	2828	
1943	2796	2733	2543	2069	1864	1453	1121	932	521	0	395	853	1169	1469	1738	2054	2559	2449	2780	3365	3270	3207	3318	3728	3665	3333	3728	3017	3302	3349	
1864	2938	2907	2765	2291	2133	1706	1406	1106	774	395	0	568	774	1106	1406	1722	2212	2180	2496	3096	3049	3017	3160	3602	3570	3286	3713	3033	3381	3476	
1406	2670	2717	2670	2196	2133	1722	1485	1090	932	853	568	0	584	647	869	1200	1706	1611	1943	2528	2480	2464	2622	3065	3065	2828	3286	2638	3033	3191	
1896	3239	3302	3254	2780	2717	2291	2038	1659	1437	1169	774	584	0	474	853	1121	1548	1690	2006	2575	2638	2701	2907	3381	3444	3239	3744	3128	3555	3744	
1580	3033	3144	3160	2701	2717	2306	2101	1690	1580	1469	1106	647	474	0	363	647	1106	1200	1532	2101	2148	2243	2449	2938	3017	2859	3381	2796	3270	3507	
1374	2875	3049	3096	2670	2733	2354	2196	1769	1753	1738	1406	869	853	363	0	316	837	821	1153	1738	1785	1880	2101	2591	2686	2559	3096	2559	3049	3318	
1516	3033	3223	3302	2907	3002	2622	2480	2069	2069	2054	1722	1200	1121	647	316	0	521	616	916	1453	1580	1722	1975	2480	2607	2543	3081	2607	3128	3428	
1896	3397	3618	3744	3365	3491	3128	3002	2591	2591	2559	2212	1706	1548	1106	837	521	0	663	805	1185	1453	1706	2006	2480	2686	2701	3254	2875	3412	3760	
1311	2765	3017	3175	2828	3017	2701	2622	2227	2338	2449	2180	1611	1690	1200	821	616	663	0	331	916	948	1106	1374	1864	2038	2022	2591	2196	2749	3096	
1469	2844	3128	3318	3017	3223	2938	2891	2512	2638	2780	2496	1943	2006	1532	1153	916	805	331	0	584	663	900	1200	1659	1880	1943	2496	2196	2749	3128	
1943	3175	3491	3728	3476	3713	3460	3444	3065	3223	3365	3096	2528	2575	2101	1738	1453	1185	916	584	0	489	869	1169	1532	1832	2022	2559	2417	2954	3365	
1627	2733	3065	3333	3096	3381	3160	3191	2844	3049	3270	3049	2480	2638	2148	1785	1580	1453	948	663	489	0	379	679	1074	1358	1532	2069	1943	2480	2891	
1422	2370	2717	3002	2812	3112	2938	3002	2670	2923	3207	3017	2464	2701	2243	1880	1722	1706	1106	900	869	379	0	300	758	995	1153	1690	1564	2101	2528	
1437	2180	2543	2859	2717	3049	2907	3002	2701	3002	3318	3160	2622	2907	2449	2101	1975	2006	1374	1200	1169	679	300	0	489	679	869	1390	1327	1848	2275	
1801	2227	2607	2970	2891	3254	3175	3302	3065	3381	3728	3602	3065	3381	2938	2591	2480	2480	1864	1659	1532	1074	758	489	0	363	758	1121	1343	1753	2196	
1722	1911	2306	2670	2638	3017	2970	3144	2923	3270	3665	3570	3065	3444	3017	2686	2607	2686	2038	1880	1832	1358	995	679	363	0	442	758	1027	1406	1848	
1422	1469	1848	2212	2196	2575	2559	2733	2559	2923	3333	3286	2828	3239	2859	2559	2543	2701	2022	1943	2022	1532	1153	869	758	442	0	553	568	995	1437	
1864	1406	1785	2196	2291	2701	2749	2986	2875	3270	3728	3713	3286	3744	3381	3096	3081	3254	2591	2496	2559	2069	1690	1390	1121	758	553	0	695	758	1185	
1232	884	1264	1643	1643	2038	2054	2275	2164	2559	3017	3033	2638	3128	2796	2559	2607	2875	2196	2196	2417	1943	1564	1327	1343	1027	568	695	0	553	948	
1690	679	1027	1437	1595	2022	2148	2417	2401	2812	3302	3381	3033	3555	3270	3049	3128	3412	2749	2749	2954	2480	2101	1848	1753	1406	995	758	553	0	442	
1927	537	758	1153	1437	1848	2054	2370	2417	2828	3349	3476	3191	3744	3507	3318	3428	3760	3096	3128	3365	2891	2528	2275	2196	1848	1437	1185	948	442	0	
V1
0	1593	1809	1958	1610	1842	1593	1643	1328	1643	2041	1958	1477	1992	1660	1444	1593	1992	1377	1543	2041	1709	1494	1510	1892	1809	1494	1958	1294	1776	2025	
1593	0	398	813	979	1411	1593	1909	1958	2407	2938	3087	2805	3403	3187	3021	3187	3569	2905	2988	3336	2871	2490	2290	2340	2008	1543	1477	929	713	564	
1809	398	0	431	730	1128	1411	1759	1892	2324	2871	3054	2855	3469	3303	3203	3386	3801	3170	3286	3668	3220	2855	2672	2739	2423	1942	1875	1328	1079	796	
1958	813	431	0	498	796	1145	1510	1726	2124	2672	2905	2805	3419	3320	3253	3469	3934	3336	3486	3917	3502	3154	3004	3120	2805	2324	2307	1726	1510	1211	
1610	979	730	498	0	431	680	1029	1228	1626	2174	2407	2307	2921	2838	2805	3054	3535	2971	3170	3652	3253	2954	2855	3037	2772	2307	2407	1726	1676	1510	
1842	1411	1128	796	431	0	448	763	1112	1427	1958	2241	2241	2855	2855	2871	3154	3668	3170	3386	3901	3552	3270	3203	3419	3170	2705	2838	2141	2124	1942	
1593	1593	1411	1145	680	448	0	348	664	979	1527	1792	1809	2407	2423	2473	2755	3286	2838	3087	3635	3320	3087	3054	3336	3120	2689	2888	2158	2257	2158	
1643	1909	1759	1510	1029	763	348	0	431	664	1178	1477	1560	2141	2207	2307	2606	3154	2755	3037	3618	3353	3154	3154	3469	3303	2871	3137	2390	2539	2490	
1328	1958	1892	1726	1228	1112	664	431	0	431	979	1162	1145	1743	1776	1859	2174	2722	2340	2639	3220	2988	2805	2838	3220	3071	2689	3021	2274	2523	2539	
1643	2407	2324	2124	1626	1427	979	664	431	0	547	813	979	1510	1660	1842	2174	2722	2456	2772	3386	3203	3071	3154	3552	3436	3071	3436	2689	2954	2971	
2041	2938	2871	2672	2174	1958	1527	1178	979	547	0	415	896	1228	1543	1826	2158	2689	2573	2921	3535	3436	3369	3486	3917	3851	3502	3917	3170	3469	3519	
1958	3087	3054	2905	2407	2241	1792	1477	1162	813	415	0	597	813	1162	1477	1809	2324	2290	2622	3253	3203	3170	3320	3784	3751	3452	3901	3187	3552	3652	
1477	2805	2855	2805	2307	2241	1809	1560	1145	979	896	597	0	614	680	913	1261	1792	1693	2041	2656	2606	2589	2755	3220	3220	2971	3452	2772	3187	3353	
1992	3403	3469	3419	2921	2855	2407	2141	1743	1510	1228	813	614	0	498	896	1178	1626	1776	2108	2705	2772	2838	3054	3552	3618	3403	3934	3286	3735	3934	
1660	3187	3303	3320	2838	2855	2423	2207	1776	1660	1543	1162	680	498	0	381	680	1162	1261	1610	2207	2257	2357	2573	3087	3170	3004	3552	2938	3436	3685	
1444	3021	3203	3253	2805	2871	2473	2307	1859	1842	1826	1477	913	896	381	0	332	879	863	1211	1826	1875	1975	2207	2722	2822	2689	3253	2689	3203	3486	
1593	3187	3386	3469	3054	3154	2755	2606	2174	2174	2158	1809	1261	1178	680	332	0	547	647	962	1527	1660	1809	2075	2606	2739	2672	3237	2739	3286	3602	
1992	3569	3801	3934	3535	3668	3286	3154	2722	2722	2689	2324	1792	1626	1162	879	547	0	697	846	1245	1527	1792	2108	2606	2822	2838	3419	3021	3585	3950	
1377	2905	3170	3336	2971	3170	2838	2755	2340	2456	2573	2290	1693	1776	1261	863	647	697	0	348	962	996	1162	1444	1958	2141	2124	2722	2307	2888	3253	
1543	2988	3286	3486	3170	3386	3087	3037	2639	2772	2921	2622	2041	2108	1610	1211	962	846	348	0	614	697	946	1261	1743	1975	2041	2622	2307	2888	3286	
2041	3336	3668	3917	3652	3901	3635	3618	3220	3386	3535	3253	2656	2705	2207	1826	1527	1245	962	614	0	514	913	1228	1610	1925	2124	2689	2539	3104	3535	
1709	2871	3220	3502	3253	3552	3320	3353	2988	3203	3436	3203	2606	2772	2257	1875	1660	1527	996	697	514	0	398	713	1128	1427	1610	2174	2041	2606	3037	
1494	2490	2855	3154	2954	3270	3087	3154	2805	3071	3369	3170	2589	2838	2357	1975	1809	1792	1162	946	913	398	0	315	796	1045	1211	1776	1643	2207	2656	
1510	2290	2672	3004	2855	3203	3054	3154	2838	3154	3486	3320	2755	3054	2573	2207	2075	2108	1444	1261	1228	713	315	0	514	713	913	1460	1394	1942	2390	
1892	2340	2739	3120	3037	3419	3336	3469	3220	3552	3917	3784	3220	3552	3087	2722	2606	2606	1958	1743	1610	1128	796	514	0	381	796	1178	1411	1842	2307	
1809	2008	2423	2805	2772	3170	3120	3303	3071	3436	3851	3751	3220	3618	3170	2822	2739	2822	2141	1975	1925	1427	1045	713	381	0	464	796	1079	1477	1942	
1494	1543	1942	2324	2307	2705	2689	2871	2689	3071	3502	3452	2971	3403	3004	2689	2672	2838	2124	2041	2124	1610	1211	913	796	464	0	581	597	1045	1510	
1958	1477	1875	2307	2407	2838	2888	3137	3021	3436	3917	3901	3452	3934	3552	3253	3237	3419	2722	2622	2689	2174	1776	1460	1178	796	581	0	730	796	1245	
1294	929	1328	1726	1726	2141	2158	2390	2274	2689	3170	3187	2772	3286	2938	2689	2739	3021	2307	2307	2539	2041	1643	1394	1411	1079	597	730	0	581	996	
1776	713	1079	1510	1676	2124	2257	2539	2523	2954	3469	3552	3187	3735	3436	3203	3286	3585	2888	2888	3104	2606	2207	1942	1842	1477	1045	796	581	0	464	
2025	564	796	1211	1510	1942	2158	2490	2539	2971	3519	3652	3353	3934	3685	3486	3602	3950	3253	3286	3535	3037	2656	2390	2307	1942	1510	1245	996	464	0	
V2
0	768	872	944	776	888	768	792	640	792	984	944	712	960	800	696	768	960	664	744	984	824	720	728	912	872	720	944	624	856	976	
768	0	192	392	472	680	768	920	944	1160	1416	1488	1352	1640	1536	1456	1536	1720	1400	1440	1608	1384	1200	1104	1128	968	744	712	448	344	272	
872	192	0	208	352	544	680	848	912	1120	1384	1472	1376	1672	1592	1544	1632	1832	1528	1584	1768	1552	1376	1288	1320	1168	936	904	640	520	384	
944	392	208	0	240	384	552	728	832	1024	1288	1400	1352	1648	1600	1568	1672	1896	1608	1680	1888	1688	1520	1448	1504	1352	1120	1112	832	728	584	
776	472	352	240	0	208	328	496	592	784	1048	1160	1112	1408	1368	1352	1472	1704	1432	1528	1760	1568	1424	1376	1464	1336	1112	1160	832	808	728	
888	680	544	384	208	0	216	368	536	688	944	1080	1080	1376	1376	1384	1520	1768	1528	1632	1880	1712	1576	1544	1648	1528	1304	1368	1032	1024	936	
768	768	680	552	328	216	0	168	320	472	736	864	872	1160	1168	1192	1328	1584	1368	1488	1752	1600	1488	1472	1608	1504	1296	1392	1040	1088	1040	
792	920	848	728	496	368	168	0	208	320	568	712	752	1032	1064	1112	1256	1520	1328	1464	1744	1616	1520	1520	1672	1592	1384	1512	1152	1224	1200	
640	944	912	832	592	536	320	208	0	208	472	560	552	840	856	896	1048	1312	1128	1272	1552	1440	1352	1368	1552	1480	1296	1456	1096	1216	1224	
792	1160	1120	1024	784	688	472	320	208	0	264	392	472	728	800	888	1048	1312	1184	1336	1632	1544	1480	1520	1712	1656	1480	1656	1296	1424	1432	
984	1416	1384	1288	1048	944	736	568	472	264	0	200	432	592	744	880	1040	1296	1240	1408	1704	1656	1624	1680	1888	1856	1688	1888	1528	1672	1696	
944	1488	1472	1400	1160	1080	864	712	560	392	200	0	288	392	560	712	872	1120	1104	1264	1568	1544	1528	1600	1824	1808	1664	1880	1536	1712	1760	
712	1352	1376	1352	1112	1080	872	752	552	472	432	288	0	296	328	440	608	864	816	984	1280	1256	1248	1328	1552	1552	1432	1664	1336	1536	1616	
960	1640	1672	1648	1408	1376	1160	1032	840	728	592	392	296	0	240	432	568	784	856	1016	1304	1336	1368	1472	1712	1744	1640	1896	1584	1800	1896	
800	1536	1592	1600	1368	1376	1168	1064	856	800	744	560	328	240	0	184	328	560	608	776	1064	1088	1136	1240	1488	1528	1448	1712	1416	1656	1776	
696	1456	1544	1568	1352	1384	1192	1112	896	888	880	712	440	432	184	0	160	424	416	584	880	904	952	1064	1312	1360	1296	1568	1296	1544	1680	
768	1536	1632	1672	1472	1520	1328	1256	1048	1048	1040	872	608	568	328	160	0	264	312	464	736	800	872	1000	1256	1320	1288	1560	1320	1584	1736	
960	1720	1832	1896	1704	1768	1584	1520	1312	1312	1296	1120	864	784	560	424	264	0	336	408	600	736	864	1016	1256	1360	1368	1648	1456	1728	1904	
664	1400	1528	1608	1432	1528	1368	1328	1128	1184	1240	1104	816	856	608	416	312	336	0	168	464	480	560	696	944	1032	1024	1312	1112	1392	1568	
744	1440	1584	1680	1528	1632	1488	1464	1272	1336	1408	1264	984	1016	776	584	464	408	168	0	296	336	456	608	840	952	984	1264	1112	1392	1584	
984	1608	1768	1888	1760	1880	1752	1744	1552	1632	1704	1568	1280	1304	1064	880	736	600	464	296	0	248	440	592	776	928	1024	1296	1224	1496	1704	
824	1384	1552	1688	1568	1712	1600	1616	1440	1544	1656	1544	1256	1336	1088	904	800	736	480	336	248	0	192	344	544	688	776	1048	984	1256	1464	
720	1200	1376	1520	1424	1576	1488	1520	1352	1480	1624	1528	1248	1368	1136	952	872	864	560	456	440	192	0	152	384	504	584	856	792	1064	1280	
728	1104	1288	1448	1376	1544	1472	1520	1368	1520	1680	1600	1328	1472	1240	1064	1000	1016	696	608	592	344	152	0	248	344	440	704	672	936	1152	
912	1128	1320	1504	1464	1648	1608	1672	1552	1712	1888	1824	1552	1712	1488	1312	1256	1256	944	840	776	544	384	248	0	184	384	568	680	888	1112	
872	968	1168	1352	1336	1528	1504	1592	1480	1656	1856	1808	1552	1744	1528	1360	1320	1360	1032	952	928	688	504	344	184	0	224	384	520	712	936	
720	744	936	1120	1112	1304	1296	1384	1296	1480	1688	1664	1432	1640	1448	1296	1288	1368	1024	984	1024	776	584	440	384	224	0	280	288	504	728	
944	712	904	1112	1160	1368	1392	1512	1456	1656	1888	1880	1664	1896	1712	1568	1560	1648	1312	1264	1296	1048	856	704	568	384	280	0	352	384	600	
624	448	640	832	832	1032	1040	1152	1096	1296	1528	1536	1336	1584	1416	1296	1320	1456	1112	1112	1224	984	792	672	680	520	288	352	0	280	480	
856	344	520	728	808	1024	1088	1224	1216	1424	1672	1712	1536	1800	1656	1544	1584	1728	1392	1392	1496	1256	1064	936	888	712	504	384	280	0	224	
976	272	384	584	728	936	1040	1200	1224	1432	1696	1760	1616	1896	1776	1680	1736	1904	1568	1584	1704	1464	1280	1152	1112	936	728	600	480	224	0	
V3
0	1094	1242	1345	1105	1265	1094	1128	912	1128	1402	1345	1014	1368	1140	991	1094	1368	946	1060	1402	1174	1026	1037	1299	1242	1026	1345	889	1219	1390	
1094	0	273	558	672	969	1094	1311	1345	1653	2017	2120	1926	2337	2188	2074	2188	2451	1995	2052	2291	1972	1710	1573	1607	1379	1060	1014	638	490	387	
1242	273	0	296	501	775	969	1208	1299	1596	1972	2097	1960	2382	2268	2200	2325	2610	2177	2257	2519	2211	1960	1835	1881	1664	1333	1288	912	741	547	
1345	558	296	0	342	547	786	1037	1185	1459	1835	1995	1926	2348	2280	2234	2382	2701	2291	2394	2690	2405	2166	2063	2143	1926	1596	1584	1185	1037	832	
1105	672	501	342	0	296	467	706	843	1117	1493	1653	1584	2006	1949	1926	2097	2428	2040	2177	2508	2234	2029	1960	2086	1903	1584	1653	1185	1151	1037	
1265	969	775	547	296	0	307	524	763	980	1345	1539	1539	1960	1960	1972	2166	2519	2177	2325	2679	2439	2245	2200	2348	2177	1858	1949	1470	1459	1333	
1094	1094	969	786	467	307	0	239	456	672	1048	1231	1242	1653	1664	1698	1892	2257	1949	2120	2496	2280	2120	2097	2291	2143	1846	1983	1482	1550	1482	
1128	1311	1208	1037	706	524	239	0	296	456	809	1014	1071	1470	1516	1584	1789	2166	1892	2086	2485	2302	2166	2166	2382	2268	1972	2154	1641	1744	1710	
912	1345	1299	1185	843	763	456	296	0	296	672	798	786	1197	1219	1276	1493	1869	1607	1812	2211	2052	1926	1949	2211	2109	1846	2074	1561	1732	1744	
1128	1653	1596	1459	1117	980	672	456	296	0	376	558	672	1037	1140	1265	1493	1869	1687	1903	2325	2200	2109	2166	2439	2359	2109	2359	1846	2029	2040	
1402	2017	1972	1835	1493	1345	1048	809	672	376	0	285	615	843	1060	1254	1482	1846	1767	2006	2428	2359	2314	2394	2690	2644	2405	2690	2177	2382	2416	
1345	2120	2097	1995	1653	1539	1231	1014	798	558	285	0	410	558	798	1014	1242	1596	1573	1801	2234	2200	2177	2280	2599	2576	2371	2679	2188	2439	2508	
1014	1926	1960	1926	1584	1539	1242	1071	786	672	615	410	0	421	467	627	866	1231	1162	1402	1824	1789	1778	1892	2211	2211	2040	2371	1903	2188	2302	
1368	2337	2382	2348	2006	1960	1653	1470	1197	1037	843	558	421	0	342	615	809	1117	1219	1447	1858	1903	1949	2097	2439	2485	2337	2701	2257	2565	2701	
1140	2188	2268	2280	1949	1960	1664	1516	1219	1140	1060	798	467	342	0	262	467	798	866	1105	1516	1550	1618	1767	2120	2177	2063	2439	2017	2359	2530	
991	2074	2200	2234	1926	1972	1698	1584	1276	1265	1254	1014	627	615	262	0	228	604	592	832	1254	1288	1356	1516	1869	1938	1846	2234	1846	2200	2394	
1094	2188	2325	2382	2097	2166	1892	1789	1493	1493	1482	1242	866	809	467	228	0	376	444	661	1048	1140	1242	1425	1789	1881	1835	2223	1881	2257	2473	
1368	2451	2610	2701	2428	2519	2257	2166	1869	1869	1846	1596	1231	1117	798	604	376	0	478	581	855	1048	1231	1447	1789	1938	1949	2348	2074	2462	2713	
946	1995	2177	2291	2040	2177	1949	1892	1607	1687	1767	1573	1162	1219	866	592	444	478	0	239	661	684	798	991	1345	1470	1459	1869	1584	1983	2234	
1060	2052	2257	2394	2177	2325	2120	2086	1812	1903	2006	1801	1402	1447	1105	832	661	581	239	0	421	478	649	866	1197	1356	1402	1801	1584	1983	2257	
1402	2291	2519	2690	2508	2679	2496	2485	2211	2325	2428	2234	1824	1858	1516	1254	1048	855	661	421	0	353	627	843	1105	1322	1459	1846	1744	2131	2428	
1174	1972	2211	2405	2234	2439	2280	2302	2052	2200	2359	2200	1789	1903	1550	1288	1140	1048	684	478	353	0	273	490	775	980	1105	1493	1402	1789	2086	
1026	1710	1960	2166	2029	2245	2120	2166	1926	2109	2314	2177	1778	1949	1618	1356	1242	1231	798	649	627	273	0	216	547	718	832	1219	1128	1516	1824	
1037	1573	1835	2063	1960	2200	2097	2166	1949	2166	2394	2280	1892	2097	1767	1516	1425	1447	991	866	843	490	216	0	353	490	627	1003	957	1333	1641	
1299	1607	1881	2143	2086	2348	2291	2382	2211	2439	2690	2599	2211	2439	2120	1869	1789	1789	1345	1197	1105	775	547	353	0	262	547	809	969	1265	1584	
1242	1379	1664	1926	1903	2177	2143	2268	2109	2359	2644	2576	2211	2485	2177	1938	1881	1938	1470	1356	1322	980	718	490	262	0	319	547	741	1014	1333	
1026	1060	1333	1596	1584	1858	1846	1972	1846	2109	2405	2371	2040	2337	2063	1846	1835	1949	1459	1402	1459	1105	832	627	547	319	0	399	410	718	1037	
1345	1014	1288	1584	1653	1949	1983	2154	2074	2359	2690	2679	2371	2701	2439	2234	2223	2348	1869	1801	1846	1493	1219	1003	809	547	399	0	501	547	855	
889	638	912	1185	1185	1470	1482	1641	1561	1846	2177	2188	1903	2257	2017	1846	1881	2074	1584	1584	1744	1402	1128	957	969	741	410	501	0	399	684	
1219	490	741	1037	1151	1459	1550	1744	1732	2029	2382	2439	2188	2565	2359	2200	2257	2462	1983	1983	2131	1789	1516	1333	1265	1014	718	547	399	0	319	
1390	387	547	832	1037	1333	1482	1710	1744	2040	2416	2508	2302	2701	2530	2394	2473	2713	2234	2257	2428	2086	1824	1641	1584	1333	1037	855	684	319	0	
V4
0	1420	1613	1746	1435	1642	1420	1465	1184	1465	1820	1746	1317	1776	1480	1287	1420	1776	1228	1376	1820	1524	1332	1346	1687	1613	1332	1746	1154	1583	1805	
1420	0	355	725	873	1258	1420	1702	1746	2146	2619	2752	2501	3034	2841	2693	2841	3182	2590	2664	2974	2560	2220	2042	2086	1790	1376	1317	828	636	503	
1613	355	0	384	651	1006	1258	1568	1687	2072	2560	2723	2545	3093	2945	2856	3019	3389	2826	2930	3270	2871	2545	2382	2442	2160	1731	1672	1184	962	710	
1746	725	384	0	444	710	1021	1346	1539	1894	2382	2590	2501	3048	2960	2900	3093	3507	2974	3108	3492	3122	2812	2678	2782	2501	2072	2057	1539	1346	1080	
1435	873	651	444	0	384	606	917	1095	1450	1938	2146	2057	2604	2530	2501	2723	3152	2649	2826	3256	2900	2634	2545	2708	2471	2057	2146	1539	1494	1346	
1642	1258	1006	710	384	0	399	680	991	1272	1746	1998	1998	2545	2545	2560	2812	3270	2826	3019	3478	3167	2915	2856	3048	2826	2412	2530	1909	1894	1731	
1420	1420	1258	1021	606	399	0	310	592	873	1361	1598	1613	2146	2160	2205	2456	2930	2530	2752	3241	2960	2752	2723	2974	2782	2397	2575	1924	2012	1924	
1465	1702	1568	1346	917	680	310	0	384	592	1050	1317	1391	1909	1968	2057	2323	2812	2456	2708	3226	2989	2812	2812	3093	2945	2560	2797	2131	2264	2220	
1184	1746	1687	1539	1095	991	592	384	0	384	873	1036	1021	1554	1583	1657	1938	2427	2086	2353	2871	2664	2501	2530	2871	2738	2397	2693	2027	2249	2264	
1465	2146	2072	1894	1450	1272	873	592	384	0	488	725	873	1346	1480	1642	1938	2427	2190	2471	3019	2856	2738	2812	3167	3063	2738	3063	2397	2634	2649	
1820	2619	2560	2382	1938	1746	1361	1050	873	488	0	370	799	1095	1376	1628	1924	2397	2294	2604	3152	3063	3004	3108	3492	3433	3122	3492	2826	3093	3137	
1746	2752	2723	2590	2146	1998	1598	1317	1036	725	370	0	532	725	1036	1317	1613	2072	2042	2338	2900	2856	2826	2960	3374	3344	3078	3478	2841	3167	3256	
1317	2501	2545	2501	2057	1998	1613	1391	1021	873	799	532	0	547	606	814	1124	1598	1509	1820	2368	2323	2308	2456	2871	2871	2649	3078	2471	2841	2989	
1776	3034	3093	3048	2604	2545	2146	1909	1554	1346	1095	725	547	0	444	799	1050	1450	1583	1879	2412	2471	2530	2723	3167	3226	3034	3507	2930	3330	3507	
1480	2841	2945	2960	2530	2545	2160	1968	1583	1480	1376	1036	606	444	0	340	606	1036	1124	1435	1968	2012	2101	2294	2752	2826	2678	3167	2619	3063	3285	
1287	2693	2856	2900	2501	2560	2205	2057	1657	1642	1628	1317	814	799	340	0	296	784	769	1080	1628	1672	1761	1968	2427	2516	2397	2900	2397	2856	3108	
1420	2841	3019	3093	2723	2812	2456	2323	1938	1938	1924	1613	1124	1050	606	296	0	488	577	858	1361	1480	1613	1850	2323	2442	2382	2886	2442	2930	3211	
1776	3182	3389	3507	3152	3270	2930	2812	2427	2427	2397	2072	1598	1450	1036	784	488	0	621	754	1110	1361	1598	1879	2323	2516	2530	3048	2693	3196	3522	
1228	2590	2826	2974	2649	2826	2530	2456	2086	2190	2294	2042	1509	1583	1124	769	577	621	0	310	858	888	1036	1287	1746	1909	1894	2427	2057	2575	2900	
1376	2664	2930	3108	2826	3019	2752	2708	2353	2471	2604	2338	1820	1879	1435	1080	858	754	310	0	547	621	843	1124	1554	1761	1820	2338	2057	2575	2930	
1820	2974	3270	3492	3256	3478	3241	3226	2871	3019	3152	2900	2368	2412	1968	1628	1361	1110	858	547	0	458	814	1095	1435	1716	1894	2397	2264	2767	3152	
1524	2560	2871	3122	2900	3167	2960	2989	2664	2856	3063	2856	2323	2471	2012	1672	1480	1361	888	621	458	0	355	636	1006	1272	1435	1938	1820	2323	2708	
1332	2220	2545	2812	2634	2915	2752	2812	2501	2738	3004	2826	2308	2530	2101	1761	1613	1598	1036	843	814	355	0	281	710	932	1080	1583	1465	1968	2368	
1346	2042	2382	2678	2545	2856	2723	2812	2530	2812	3108	2960	2456	2723	2294	1968	1850	1879	1287	1124	1095	636	281	0	458	636	814	1302	1243	1731	2131	
1687	2086	2442	2782	2708	3048	2974	3093	2871	3167	3492	3374	2871	3167	2752	2427	2323	2323	1746	1554	1435	1006	710	458	0	340	710	1050	1258	1642	2057	
1613	1790	2160	2501	2471	2826	2782	2945	2738	3063	3433	3344	2871	3226	2826	2516	2442	2516	1909	1761	1716	1272	932	636	340	0	414	710	962	1317	1731	
1332	1376	1731	2072	2057	2412	2397	2560	2397	2738	3122	3078	2649	3034	2678	2397	2382	2530	1894	1820	1894	1435	1080	814	710	414	0	518	532	932	1346	
1746	1317	1672	2057	2146	2530	2575	2797	2693	3063	3492	3478	3078	3507	3167	2900	2886	3048	2427	2338	2397	1938	1583	1302	1050	710	518	0	651	710	1110	
1154	828	1184	1539	1539	1909	1924	2131	2027	2397	2826	2841	2471	2930	2619	2397	2442	2693	2057	2057	2264	1820	1465	1243	1258	962	532	651	0	518	888	
1583	636	962	1346	1494	1894	2012	2264	2249	2634	3093	3167	2841	3330	3063	2856	2930	3196	2575	2575	2767	2323	1968	1731	1642	1317	932	710	518	0	414	
1805	503	710	1080	1346	1731	1924	2220	2264	2649	3137	3256	2989	3507	3285	3108	3211	3522	2900	2930	3152	2708	2368	2131	2057	1731	1346	1110	888	414	0	
V5
0	1132	1286	1392	1144	1309	1132	1168	944	1168	1451	1392	1050	1416	1180	1026	1132	1416	979	1097	1451	1215	1062	1073	1345	1286	1062	1392	920	1262	1439	
1132	0	283	578	696	1003	1132	1357	1392	1711	2088	2194	1994	2419	2265	2147	2265	2537	2065	2124	2371	2041	1770	1628	1663	1427	1097	1050	660	507	401	
1286	283	0	306	519	802	1003	1250	1345	1652	2041	2171	2029	2466	2348	2277	2407	2702	2253	2336	2607	2289	2029	1899	1947	1722	1380	1333	944	767	566	
1392	578	306	0	354	566	814	1073	1227	1510	1899	2065	1994	2430	2360	2312	2466	2796	2371	2478	2784	2489	2242	2135	2218	1994	1652	1640	1227	1073	861	
1144	696	519	354	0	306	483	731	873	1156	1545	1711	1640	2076	2017	1994	2171	2513	2112	2253	2596	2312	2100	2029	2159	1970	1640	1711	1227	1191	1073	
1309	1003	802	566	306	0	318	542	790	1014	1392	1593	1593	2029	2029	2041	2242	2607	2253	2407	2773	2525	2324	2277	2430	2253	1923	2017	1522	1510	1380	
1132	1132	1003	814	483	318	0	247	472	696	1085	1274	1286	1711	1722	1758	1958	2336	2017	2194	2584	2360	2194	2171	2371	2218	1911	2053	1534	1604	1534	
1168	1357	1250	1073	731	542	247	0	306	472	837	1050	1109	1522	1569	1640	1852	2242	1958	2159	2572	2383	2242	2242	2466	2348	2041	2230	1699	1805	1770	
944	1392	1345	1227	873	790	472	306	0	306	696	826	814	1239	1262	1321	1545	1935	1663	1876	2289	2124	1994	2017	2289	2183	1911	2147	1616	1793	1805	
1168	1711	1652	1510	1156	1014	696	472	306	0	389	578	696	1073	1180	1309	1545	1935	1746	1970	2407	2277	2183	2242	2525	2442	2183	2442	1911	2100	2112	
1451	2088	2041	1899	1545	1392	1085	837	696	389	0	295	637	873	1097	1298	1534	1911	1829	2076	2513	2442	2395	2478	2784	2737	2489	2784	2253	2466	2501	
1392	2194	2171	2065	1711	1593	1274	1050	826	578	295	0	424	578	826	1050	1286	1652	1628	1864	2312	2277	2253	2360	2690	2666	2454	2773	2265	2525	2596	
1050	1994	2029	1994	1640	1593	1286	1109	814	696	637	424	0	436	483	649	896	1274	1203	1451	1888	1852	1840	1958	2289	2289	2112	2454	1970	2265	2383	
1416	2419	2466	2430	2076	2029	1711	1522	1239	1073	873	578	436	0	354	637	837	1156	1262	1498	1923	1970	2017	2171	2525	2572	2419	2796	2336	2655	2796	
1180	2265	2348	2360	2017	2029	1722	1569	1262	1180	1097	826	483	354	0	271	483	826	896	1144	1569	1604	1675	1829	2194	2253	2135	2525	2088	2442	2619	
1026	2147	2277	2312	1994	2041	1758	1640	1321	1309	1298	1050	649	637	271	0	236	625	613	861	1298	1333	1404	1569	1935	2006	1911	2312	1911	2277	2478	
1132	2265	2407	2466	2171	2242	1958	1852	1545	1545	1534	1286	896	837	483	236	0	389	460	684	1085	1180	1286	1475	1852	1947	1899	2301	1947	2336	2560	
1416	2537	2702	2796	2513	2607	2336	2242	1935	1935	1911	1652	1274	1156	826	625	389	0	495	601	885	1085	1274	1498	1852	2006	2017	2430	2147	2548	2808	
979	2065	2253	2371	2112	2253	2017	1958	1663	1746	1829	1628	1203	1262	896	613	460	495	0	247	684	708	826	1026	1392	1522	1510	1935	1640	2053	2312	
1097	2124	2336	2478	2253	2407	2194	2159	1876	1970	2076	1864	1451	1498	1144	861	684	601	247	0	436	495	672	896	1239	1404	1451	1864	1640	2053	2336	
1451	2371	2607	2784	2596	2773	2584	2572	2289	2407	2513	2312	1888	1923	1569	1298	1085	885	684	436	0	365	649	873	1144	1368	1510	1911	1805	2206	2513	
1215	2041	2289	2489	2312	2525	2360	2383	2124	2277	2442	2277	1852	1970	1604	1333	1180	1085	708	495	365	0	283	507	802	1014	1144	1545	1451	1852	2159	
1062	1770	2029	2242	2100	2324	2194	2242	1994	2183	2395	2253	1840	2017	1675	1404	1286	1274	826	672	649	283	0	224	566	743	861	1262	1168	1569	1888	
1073	1628	1899	2135	2029	2277	2171	2242	2017	2242	2478	2360	1958	2171	1829	1569	1475	1498	1026	896	873	507	224	0	365	507	649	1038	991	1380	1699	
1345	1663	1947	2218	2159	2430	2371	2466	2289	2525	2784	2690	2289	2525	2194	1935	1852	1852	1392	1239	1144	802	566	365	0	271	566	837	1003	1309	1640	
1286	1427	1722	1994	1970	2253	2218	2348	2183	2442	2737	2666	2289	2572	2253	2006	1947	2006	1522	1404	1368	1014	743	507	271	0	330	566	767	1050	1380	
1062	1097	1380	1652	1640	1923	1911	2041	1911	2183	2489	2454	2112	2419	2135	1911	1899	2017	1510	1451	1510	1144	861	649	566	330	0	413	424	743	1073	
1392	1050	1333	1640	1711	2017	2053	2230	2147	2442	2784	2773	2454	2796	2525	2312	2301	2430	1935	1864	1911	1545	1262	1038	837	566	413	0	519	566	885	
920	660	944	1227	1227	1522	1534	1699	1616	1911	2253	2265	1970	2336	2088	1911	1947	2147	1640	1640	1805	1451	1168	991	1003	767	424	519	0	413	708	
1262	507	767	1073	1191	1510	1604	1805	1793	2100	2466	2525	2265	2655	2442	2277	2336	2548	2053	2053	2206	1852	1569	1380	1309	1050	743	566	413	0	330	
1439	401	566	861	1073	1380	1534	1770	1805	2112	2501	2596	2383	2796	2619	2478	2560	2808	2312	2336	2513	2159	1888	1699	1640	1380	1073	885	708	330	0	
V6
0	883	1002	1085	892	1021	883	910	736	910	1131	1085	818	1104	920	800	883	1104	763	855	1131	947	828	837	1048	1002	828	1085	717	984	1122	
883	0	220	450	542	782	883	1058	1085	1334	1628	1711	1554	1886	1766	1674	1766	1978	1610	1656	1849	1591	1380	1269	1297	1113	855	818	515	395	312	
1002	220	0	239	404	625	782	975	1048	1288	1591	1692	1582	1922	1830	1775	1876	2106	1757	1821	2033	1784	1582	1481	1518	1343	1076	1039	736	598	441	
1085	450	239	0	276	441	634	837	956	1177	1481	1610	1554	1895	1840	1803	1922	2180	1849	1932	2171	1941	1748	1665	1729	1554	1288	1278	956	837	671	
892	542	404	276	0	239	377	570	680	901	1205	1334	1278	1619	1573	1554	1692	1959	1646	1757	2024	1803	1637	1582	1683	1536	1278	1334	956	929	837	
1021	782	625	441	239	0	248	423	616	791	1085	1242	1242	1582	1582	1591	1748	2033	1757	1876	2162	1968	1812	1775	1895	1757	1499	1573	1186	1177	1076	
883	883	782	634	377	248	0	193	368	542	846	993	1002	1334	1343	1370	1527	1821	1573	1711	2014	1840	1711	1692	1849	1729	1490	1600	1196	1251	1196	
910	1058	975	837	570	423	193	0	239	368	653	818	864	1186	1223	1278	1444	1748	1527	1683	2005	1858	1748	1748	1922	1830	1591	1738	1324	1407	1380	
736	1085	1048	956	680	616	368	239	0	239	542	644	634	966	984	1030	1205	1508	1297	1462	1784	1656	1554	1573	1784	1702	1490	1674	1260	1398	1407	
910	1334	1288	1177	901	791	542	368	239	0	303	450	542	837	920	1021	1205	1508	1361	1536	1876	1775	1702	1748	1968	1904	1702	1904	1490	1637	1646	
1131	1628	1591	1481	1205	1085	846	653	542	303	0	230	496	680	855	1012	1196	1490	1426	1619	1959	1904	1867	1932	2171	2134	1941	2171	1757	1922	1950	
1085	1711	1692	1610	1334	1242	993	818	644	450	230	0	331	450	644	818	1002	1288	1269	1453	1803	1775	1757	1840	2097	2079	1913	2162	1766	1968	2024	
818	1554	1582	1554	1278	1242	1002	864	634	542	496	331	0	340	377	506	699	993	938	1131	1472	1444	1435	1527	1784	1784	1646	1913	1536	1766	1858	
1104	1886	1922	1895	1619	1582	1334	1186	966	837	680	450	340	0	276	496	653	901	984	1168	1499	1536	1573	1692	1968	2005	1886	2180	1821	2070	2180	
920	1766	1830	1840	1573	1582	1343	1223	984	920	855	644	377	276	0	211	377	644	699	892	1223	1251	1306	1426	1711	1757	1665	1968	1628	1904	2042	
800	1674	1775	1803	1554	1591	1370	1278	1030	1021	1012	818	506	496	211	0	184	487	478	671	1012	1039	1094	1223	1508	1564	1490	1803	1490	1775	1932	
883	1766	1876	1922	1692	1748	1527	1444	1205	1205	1196	1002	699	653	377	184	0	303	358	533	846	920	1002	1150	1444	1518	1481	1794	1518	1821	1996	
1104	1978	2106	2180	1959	2033	1821	1748	1508	1508	1490	1288	993	901	644	487	303	0	386	469	690	846	993	1168	1444	1564	1573	1895	1674	1987	2189	
763	1610	1757	1849	1646	1757	1573	1527	1297	1361	1426	1269	938	984	699	478	358	386	0	193	533	552	644	800	1085	1186	1177	1508	1278	1600	1803	
855	1656	1821	1932	1757	1876	1711	1683	1462	1536	1619	1453	1131	1168	892	671	533	469	193	0	340	386	524	699	966	1094	1131	1453	1278	1600	1821	
1131	1849	2033	2171	2024	2162	2014	2005	1784	1876	1959	1803	1472	1499	1223	1012	846	690	533	340	0	285	506	680	892	1067	1177	1490	1407	1720	1959	
947	1591	1784	1941	1803	1968	1840	1858	1656	1775	1904	1775	1444	1536	1251	1039	920	846	552	386	285	0	220	395	625	791	892	1205	1131	1444	1683	
828	1380	1582	1748	1637	1812	1711	1748	1554	1702	1867	1757	1435	1573	1306	1094	1002	993	644	524	506	220	0	174	441	579	671	984	910	1223	1472	
837	1269	1481	1665	1582	1775	1692	1748	1573	1748	1932	1840	1527	1692	1426	1223	1150	1168	800	699	680	395	174	0	285	395	506	809	772	1076	1324	
1048	1297	1518	1729	1683	1895	1849	1922	1784	1968	2171	2097	1784	1968	1711	1508	1444	1444	1085	966	892	625	441	285	0	211	441	653	782	1021	1278	
1002	1113	1343	1554	1536	1757	1729	1830	1702	1904	2134	2079	1784	2005	1757	1564	1518	1564	1186	1094	1067	791	579	395	211	0	257	441	598	818	1076	
828	855	1076	1288	1278	1499	1490	1591	1490	1702	1941	1913	1646	1886	1665	1490	1481	1573	1177	1131	1177	892	671	506	441	257	0	322	331	579	837	
1085	818	1039	1278	1334	1573	1600	1738	1674	1904	2171	2162	1913	2180	1968	1803	1794	1895	1508	1453	1490	1205	984	809	653	441	322	0	404	441	690	
717	515	736	956	956	1186	1196	1324	1260	1490	1757	1766	1536	1821	1628	1490	1518	1674	1278	1278	1407	1131	910	772	782	598	331	404	0	322	552	
984	395	598	837	929	1177	1251	1407	1398	1637	1922	1968	1766	2070	1904	1775	1821	1987	1600	1600	1720	1444	1223	1076	1021	818	579	441	322	0	257	
1122	312	441	671	837	1076	1196	1380	1407	1646	1950	2024	1858	2180	2042	1932	1996	2189	1803	1821	1959	1683	1472	1324	1278	1076	837	690	552	257	0	
V7
0	921	1046	1132	931	1065	921	950	768	950	1180	1132	854	1152	960	835	921	1152	796	892	1180	988	864	873	1094	1046	864	1132	748	1027	1171	
921	0	230	470	566	816	921	1104	1132	1392	1699	1785	1622	1968	1843	1747	1843	2064	1680	1728	1929	1660	1440	1324	1353	1161	892	854	537	412	326	
1046	230	0	249	422	652	816	1017	1094	1344	1660	1766	1651	2006	1910	1852	1958	2198	1833	1900	2121	1862	1651	1545	1584	1401	1123	1084	768	624	460	
1132	470	249	0	288	460	662	873	998	1228	1545	1680	1622	1977	1920	1881	2006	2275	1929	2016	2265	2025	1824	1737	1804	1622	1344	1334	998	873	700	
931	566	422	288	0	249	393	595	710	940	1257	1392	1334	1689	1641	1622	1766	2044	1718	1833	2112	1881	1708	1651	1756	1603	1334	1392	998	969	873	
1065	816	652	460	249	0	259	441	643	825	1132	1296	1296	1651	1651	1660	1824	2121	1833	1958	2256	2054	1891	1852	1977	1833	1564	1641	1238	1228	1123	
921	921	816	662	393	259	0	201	384	566	883	1036	1046	1392	1401	1430	1593	1900	1641	1785	2102	1920	1785	1766	1929	1804	1555	1670	1248	1305	1248	
950	1104	1017	873	595	441	201	0	249	384	681	854	902	1238	1276	1334	1507	1824	1593	1756	2092	1939	1824	1824	2006	1910	1660	1814	1382	1468	1440	
768	1132	1094	998	710	643	384	249	0	249	566	672	662	1008	1027	1075	1257	1574	1353	1526	1862	1728	1622	1641	1862	1776	1555	1747	1315	1459	1468	
950	1392	1344	1228	940	825	566	384	249	0	316	470	566	873	960	1065	1257	1574	1420	1603	1958	1852	1776	1824	2054	1987	1776	1987	1555	1708	1718	
1180	1699	1660	1545	1257	1132	883	681	566	316	0	240	518	710	892	1056	1248	1555	1488	1689	2044	1987	1948	2016	2265	2227	2025	2265	1833	2006	2035	
1132	1785	1766	1680	1392	1296	1036	854	672	470	240	0	345	470	672	854	1046	1344	1324	1516	1881	1852	1833	1920	2188	2169	1996	2256	1843	2054	2112	
854	1622	1651	1622	1334	1296	1046	902	662	566	518	345	0	355	393	528	729	1036	979	1180	1536	1507	1497	1593	1862	1862	1718	1996	1603	1843	1939	
1152	1968	2006	1977	1689	1651	1392	1238	1008	873	710	470	355	0	288	518	681	940	1027	1219	1564	1603	1641	1766	2054	2092	1968	2275	1900	2160	2275	
960	1843	1910	1920	1641	1651	1401	1276	1027	960	892	672	393	288	0	220	393	672	729	931	1276	1305	1363	1488	1785	1833	1737	2054	1699	1987	2131	
835	1747	1852	1881	1622	1660	1430	1334	1075	1065	1056	854	528	518	220	0	192	508	499	700	1056	1084	1142	1276	1574	1632	1555	1881	1555	1852	2016	
921	1843	1958	2006	1766	1824	1593	1507	1257	1257	1248	1046	729	681	393	192	0	316	374	556	883	960	1046	1200	1507	1584	1545	1872	1584	1900	2083	
1152	2064	2198	2275	2044	2121	1900	1824	1574	1574	1555	1344	1036	940	672	508	316	0	403	489	720	883	1036	1219	1507	1632	1641	1977	1747	2073	2284	
796	1680	1833	1929	1718	1833	1641	1593	1353	1420	1488	1324	979	1027	729	499	374	403	0	201	556	576	672	835	1132	1238	1228	1574	1334	1670	1881	
892	1728	1900	2016	1833	1958	1785	1756	1526	1603	1689	1516	1180	1219	931	700	556	489	201	0	355	403	547	729	1008	1142	1180	1516	1334	1670	1900	
1180	1929	2121	2265	2112	2256	2102	2092	1862	1958	2044	1881	1536	1564	1276	1056	883	720	556	355	0	297	528	710	931	1113	1228	1555	1468	1795	2044	
988	1660	1862	2025	1881	2054	1920	1939	1728	1852	1987	1852	1507	1603	1305	1084	960	883	576	403	297	0	230	412	652	825	931	1257	1180	1507	1756	
864	1440	1651	1824	1708	1891	1785	1824	1622	1776	1948	1833	1497	1641	1363	1142	1046	1036	672	547	528	230	0	182	460	604	700	1027	950	1276	1536	
873	1324	1545	1737	1651	1852	1766	1824	1641	1824	2016	1920	1593	1766	1488	1276	1200	1219	835	729	710	412	182	0	297	412	528	844	806	1123	1382	
1094	1353	1584	1804	1756	1977	1929	2006	1862	2054	2265	2188	1862	2054	1785	1574	1507	1507	1132	1008	931	652	460	297	0	220	460	681	816	1065	1334	
1046	1161	1401	1622	1603	1833	1804	1910	1776	1987	2227	2169	1862	2092	1833	1632	1584	1632	1238	1142	1113	825	604	412	220	0	268	460	624	854	1123	
864	892	1123	1344	1334	1564	1555	1660	1555	1776	2025	1996	1718	1968	1737	1555	1545	1641	1228	1180	1228	931	700	528	460	268	0	336	345	604	873	
1132	854	1084	1334	1392	1641	1670	1814	1747	1987	2265	2256	1996	2275	2054	1881	1872	1977	1574	1516	1555	1257	1027	844	681	460	336	0	422	460	720	
748	537	768	998	998	1238	1248	1382	1315	1555	1833	1843	1603	1900	1699	1555	1584	1747	1334	1334	1468	1180	950	806	816	624	345	422	0	336	576	
1027	412	624	873	969	1228	1305	1468	1459	1708	2006	2054	1843	2160	1987	1852	1900	2073	1670	1670	1795	1507	1276	1123	1065	854	604	460	336	0	268	
1171	326	460	700	873	1123	1248	1440	1468	1718	2035	2112	1939	2275	2131	2016	2083	2284	1881	1900	2044	1756	1536	1382	1334	1123	873	720	576	268	0	
V8
0	1401	1591	1722	1416	1620	1401	1445	1168	1445	1795	1722	1299	1752	1460	1270	1401	1752	1211	1357	1795	1503	1314	1328	1664	1591	1314	1722	1138	1562	1781	
1401	0	350	715	861	1241	1401	1679	1722	2117	2584	2715	2467	2993	2803	2657	2803	3139	2555	2628	2934	2525	2190	2014	2058	1766	1357	1299	817	627	496	
1591	350	0	379	642	992	1241	1547	1664	2044	2525	2686	2511	3051	2905	2817	2978	3343	2788	2890	3226	2832	2511	2350	2409	2131	1708	1649	1168	949	700	
1722	715	379	0	438	700	1007	1328	1518	1868	2350	2555	2467	3007	2920	2861	3051	3460	2934	3066	3445	3080	2774	2642	2744	2467	2044	2029	1518	1328	1065	
1416	861	642	438	0	379	598	905	1080	1430	1912	2117	2029	2569	2496	2467	2686	3109	2613	2788	3212	2861	2598	2511	2671	2438	2029	2117	1518	1474	1328	
1620	1241	992	700	379	0	394	671	978	1255	1722	1971	1971	2511	2511	2525	2774	3226	2788	2978	3431	3124	2876	2817	3007	2788	2379	2496	1883	1868	1708	
1401	1401	1241	1007	598	394	0	306	584	861	1343	1576	1591	2117	2131	2175	2423	2890	2496	2715	3197	2920	2715	2686	2934	2744	2365	2540	1898	1985	1898	
1445	1679	1547	1328	905	671	306	0	379	584	1036	1299	1372	1883	1941	2029	2292	2774	2423	2671	3182	2949	2774	2774	3051	2905	2525	2759	2102	2233	2190	
1168	1722	1664	1518	1080	978	584	379	0	379	861	1022	1007	1533	1562	1635	1912	2394	2058	2321	2832	2628	2467	2496	2832	2701	2365	2657	2000	2219	2233	
1445	2117	2044	1868	1430	1255	861	584	379	0	481	715	861	1328	1460	1620	1912	2394	2160	2438	2978	2817	2701	2774	3124	3022	2701	3022	2365	2598	2613	
1795	2584	2525	2350	1912	1722	1343	1036	861	481	0	365	788	1080	1357	1606	1898	2365	2263	2569	3109	3022	2963	3066	3445	3387	3080	3445	2788	3051	3095	
1722	2715	2686	2555	2117	1971	1576	1299	1022	715	365	0	525	715	1022	1299	1591	2044	2014	2306	2861	2817	2788	2920	3328	3299	3036	3431	2803	3124	3212	
1299	2467	2511	2467	2029	1971	1591	1372	1007	861	788	525	0	540	598	803	1109	1576	1489	1795	2336	2292	2277	2423	2832	2832	2613	3036	2438	2803	2949	
1752	2993	3051	3007	2569	2511	2117	1883	1533	1328	1080	715	540	0	438	788	1036	1430	1562	1854	2379	2438	2496	2686	3124	3182	2993	3460	2890	3285	3460	
1460	2803	2905	2920	2496	2511	2131	1941	1562	1460	1357	1022	598	438	0	335	598	1022	1109	1416	1941	1985	2073	2263	2715	2788	2642	3124	2584	3022	3241	
1270	2657	2817	2861	2467	2525	2175	2029	1635	1620	1606	1299	803	788	335	0	292	773	759	1065	1606	1649	1737	1941	2394	2482	2365	2861	2365	2817	3066	
1401	2803	2978	3051	2686	2774	2423	2292	1912	1912	1898	1591	1109	1036	598	292	0	481	569	846	1343	1460	1591	1825	2292	2409	2350	2847	2409	2890	3168	
1752	3139	3343	3460	3109	3226	2890	2774	2394	2394	2365	2044	1576	1430	1022	773	481	0	613	744	1095	1343	1576	1854	2292	2482	2496	3007	2657	3153	3474	
1211	2555	2788	2934	2613	2788	2496	2423	2058	2160	2263	2014	1489	1562	1109	759	569	613	0	306	846	876	1022	1270	1722	1883	1868	2394	2029	2540	2861	
1357	2628	2890	3066	2788	2978	2715	2671	2321	2438	2569	2306	1795	1854	1416	1065	846	744	306	0	540	613	832	1109	1533	1737	1795	2306	2029	2540	2890	
1795	2934	3226	3445	3212	3431	3197	3182	2832	2978	3109	2861	2336	2379	1941	1606	1343	1095	846	540	0	452	803	1080	1416	1693	1868	2365	2233	2730	3109	
1503	2525	2832	3080	2861	3124	2920	2949	2628	2817	3022	2817	2292	2438	1985	1649	1460	1343	876	613	452	0	350	627	992	1255	1416	1912	1795	2292	2671	
1314	2190	2511	2774	2598	2876	2715	2774	2467	2701	2963	2788	2277	2496	2073	1737	1591	1576	1022	832	803	350	0	277	700	919	1065	1562	1445	1941	2336	
1328	2014	2350	2642	2511	2817	2686	2774	2496	2774	3066	2920	2423	2686	2263	1941	1825	1854	1270	1109	1080	627	277	0	452	627	803	1284	1226	1708	2102	
1664	2058	2409	2744	2671	3007	2934	3051	2832	3124	3445	3328	2832	3124	2715	2394	2292	2292	1722	1533	1416	992	700	452	0	335	700	1036	1241	1620	2029	
1591	1766	2131	2467	2438	2788	2744	2905	2701	3022	3387	3299	2832	3182	2788	2482	2409	2482	1883	1737	1693	1255	919	627	335	0	408	700	949	1299	1708	
1314	1357	1708	2044	2029	2379	2365	2525	2365	2701	3080	3036	2613	2993	2642	2365	2350	2496	1868	1795	1868	1416	1065	803	700	408	0	511	525	919	1328	
1722	1299	1649	2029	2117	2496	2540	2759	2657	3022	3445	3431	3036	3460	3124	2861	2847	3007	2394	2306	2365	1912	1562	1284	1036	700	511	0	642	700	1095	
1138	817	1168	1518	1518	1883	1898	2102	2000	2365	2788	2803	2438	2890	2584	2365	2409	2657	2029	2029	2233	1795	1445	1226	1241	949	525	642	0	511	876	
1562	627	949	1328	1474	1868	1985	2233	2219	2598	3051	3124	2803	3285	3022	2817	2890	3153	2540	2540	2730	2292	1941	1708	1620	1299	919	700	511	0	408	
1781	496	700	1065	1328	1708	1898	2190	2233	2613	3095	3212	2949	3460	3241	3066	3168	3474	2861	2890	3109	2671	2336	2102	2029	1708	1328	1095	876	408	0	
V9
0	1440	1635	1770	1455	1665	1440	1485	1200	1485	1845	1770	1335	1800	1500	1305	1440	1800	1245	1395	1845	1545	1350	1365	1710	1635	1350	1770	1170	1605	1830	
1440	0	360	735	885	1275	1440	1725	1770	2175	2655	2790	2535	3075	2880	2730	2880	3225	2625	2700	3015	2595	2250	2070	2115	1815	1395	1335	840	645	510	
1635	360	0	390	660	1020	1275	1590	1710	2100	2595	2760	2580	3135	2985	2895	3060	3435	2865	2970	3315	2910	2580	2415	2475	2190	1755	1695	1200	975	720	
1770	735	390	0	450	720	1035	1365	1560	1920	2415	2625	2535	3090	3000	2940	3135	3555	3015	3150	3540	3165	2850	2715	2820	2535	2100	2085	1560	1365	1095	
1455	885	660	450	0	390	615	930	1110	1470	1965	2175	2085	2640	2565	2535	2760	3195	2685	2865	3300	2940	2670	2580	2745	2505	2085	2175	1560	1515	1365	
1665	1275	1020	720	390	0	405	690	1005	1290	1770	2025	2025	2580	2580	2595	2850	3315	2865	3060	3525	3210	2955	2895	3090	2865	2445	2565	1935	1920	1755	
1440	1440	1275	1035	615	405	0	315	600	885	1380	1620	1635	2175	2190	2235	2490	2970	2565	2790	3285	3000	2790	2760	3015	2820	2430	2610	1950	2040	1950	
1485	1725	1590	1365	930	690	315	0	390	600	1065	1335	1410	1935	1995	2085	2355	2850	2490	2745	3270	3030	2850	2850	3135	2985	2595	2835	2160	2295	2250	
1200	1770	1710	1560	1110	1005	600	390	0	390	885	1050	1035	1575	1605	1680	1965	2460	2115	2385	2910	2700	2535	2565	2910	2775	2430	2730	2055	2280	2295	
1485	2175	2100	1920	1470	1290	885	600	390	0	495	735	885	1365	1500	1665	1965	2460	2220	2505	3060	2895	2775	2850	3210	3105	2775	3105	2430	2670	2685	
1845	2655	2595	2415	1965	1770	1380	1065	885	495	0	375	810	1110	1395	1650	1950	2430	2325	2640	3195	3105	3045	3150	3540	3480	3165	3540	2865	3135	3180	
1770	2790	2760	2625	2175	2025	1620	1335	1050	735	375	0	540	735	1050	1335	1635	2100	2070	2370	2940	2895	2865	3000	3420	3390	3120	3525	2880	3210	3300	
1335	2535	2580	2535	2085	2025	1635	1410	1035	885	810	540	0	555	615	825	1140	1620	1530	1845	2400	2355	2340	2490	2910	2910	2685	3120	2505	2880	3030	
1800	3075	3135	3090	2640	2580	2175	1935	1575	1365	1110	735	555	0	450	810	1065	1470	1605	1905	2445	2505	2565	2760	3210	3270	3075	3555	2970	3375	3555	
1500	2880	2985	3000	2565	2580	2190	1995	1605	1500	1395	1050	615	450	0	345	615	1050	1140	1455	1995	2040	2130	2325	2790	2865	2715	3210	2655	3105	3330	
1305	2730	2895	2940	2535	2595	2235	2085	1680	1665	1650	1335	825	810	345	0	300	795	780	1095	1650	1695	1785	1995	2460	2550	2430	2940	2430	2895	3150	
1440	2880	3060	3135	2760	2850	2490	2355	1965	1965	1950	1635	1140	1065	615	300	0	495	585	870	1380	1500	1635	1875	2355	2475	2415	2925	2475	2970	3255	
1800	3225	3435	3555	3195	3315	2970	2850	2460	2460	2430	2100	1620	1470	1050	795	495	0	630	765	1125	1380	1620	1905	2355	2550	2565	3090	2730	3240	3570	
1245	2625	2865	3015	2685	2865	2565	2490	2115	2220	2325	2070	1530	1605	1140	780	585	630	0	315	870	900	1050	1305	1770	1935	1920	2460	2085	2610	2940	
1395	2700	2970	3150	2865	3060	2790	2745	2385	2505	2640	2370	1845	1905	1455	1095	870	765	315	0	555	630	855	1140	1575	1785	1845	2370	2085	2610	2970	
1845	3015	3315	3540	3300	3525	3285	3270	2910	3060	3195	2940	2400	2445	1995	1650	1380	1125	870	555	0	465	825	1110	1455	1740	1920	2430	2295	2805	3195	
1545	2595	2910	3165	2940	3210	3000	3030	2700	2895	3105	2895	2355	2505	2040	1695	1500	1380	900	630	465	0	360	645	1020	1290	1455	1965	1845	2355	2745	
1350	2250	2580	2850	2670	2955	2790	2850	2535	2775	3045	2865	2340	2565	2130	1785	1635	1620	1050	855	825	360	0	285	720	945	1095	1605	1485	1995	2400	
1365	2070	2415	2715	2580	2895	2760	2850	2565	2850	3150	3000	2490	2760	2325	1995	1875	1905	1305	1140	1110	645	285	0	465	645	825	1320	1260	1755	2160	
1710	2115	2475	2820	2745	3090	3015	3135	2910	3210	3540	3420	2910	3210	2790	2460	2355	2355	1770	1575	1455	1020	720	465	0	345	720	1065	1275	1665	2085	
1635	1815	2190	2535	2505	2865	2820	2985	2775	3105	3480	3390	2910	3270	2865	2550	2475	2550	1935	1785	1740	1290	945	645	345	0	420	720	975	1335	1755	
1350	1395	1755	2100	2085	2445	2430	2595	2430	2775	3165	3120	2685	3075	2715	2430	2415	2565	1920	1845	1920	1455	1095	825	720	420	0	525	540	945	1365	
1770	1335	1695	2085	2175	2565	2610	2835	2730	3105	3540	3525	3120	3555	3210	2940	2925	3090	2460	2370	2430	1965	1605	1320	1065	720	525	0	660	720	1125	
1170	840	1200	1560	1560	1935	1950	2160	2055	2430	2865	2880	2505	2970	2655	2430	2475	2730	2085	2085	2295	1845	1485	1260	1275	975	540	660	0	525	900	
1605	645	975	1365	1515	1920	2040	2295	2280	2670	3135	3210	2880	3375	3105	2895	2970	3240	2610	2610	2805	2355	1995	1755	1665	1335	945	720	525	0	420	
1830	510	720	1095	1365	1755	1950	2250	2295	2685	3180	3300	3030	3555	3330	3150	3255	3570	2940	2970	3195	2745	2400	2160	2085	1755	1365	1125	900	420	0	
V10
0	1555	1765	1911	1571	1798	1555	1603	1296	1603	1992	1911	1441	1944	1620	1409	1555	1944	1344	1506	1992	1668	1458	1474	1846	1765	1458	1911	1263	1733	1976	
1555	0	388	793	955	1377	1555	1863	1911	2349	2867	3013	2737	3321	3110	2948	3110	3483	2835	2916	3256	2802	2430	2235	2284	1960	1506	1441	907	696	550	
1765	388	0	421	712	1101	1377	1717	1846	2268	2802	2980	2786	3385	3223	3126	3304	3709	3094	3207	3580	3142	2786	2608	2673	2365	1895	1830	1296	1053	777	
1911	793	421	0	486	777	1117	1474	1684	2073	2608	2835	2737	3337	3240	3175	3385	3839	3256	3402	3823	3418	3078	2932	3045	2737	2268	2251	1684	1474	1182	
1571	955	712	486	0	421	664	1004	1198	1587	2122	2349	2251	2851	2770	2737	2980	3450	2899	3094	3564	3175	2883	2786	2964	2705	2251	2349	1684	1636	1474	
1798	1377	1101	777	421	0	437	745	1085	1393	1911	2187	2187	2786	2786	2802	3078	3580	3094	3304	3807	3466	3191	3126	3337	3094	2640	2770	2089	2073	1895	
1555	1555	1377	1117	664	437	0	340	648	955	1490	1749	1765	2349	2365	2413	2689	3207	2770	3013	3547	3240	3013	2980	3256	3045	2624	2818	2106	2203	2106	
1603	1863	1717	1474	1004	745	340	0	421	648	1150	1441	1522	2089	2154	2251	2543	3078	2689	2964	3531	3272	3078	3078	3385	3223	2802	3061	2332	2478	2430	
1296	1911	1846	1684	1198	1085	648	421	0	421	955	1134	1117	1701	1733	1814	2122	2656	2284	2575	3142	2916	2737	2770	3142	2997	2624	2948	2219	2462	2478	
1603	2349	2268	2073	1587	1393	955	648	421	0	534	793	955	1474	1620	1798	2122	2656	2397	2705	3304	3126	2997	3078	3466	3353	2997	3353	2624	2883	2899	
1992	2867	2802	2608	2122	1911	1490	1150	955	534	0	405	874	1198	1506	1782	2106	2624	2511	2851	3450	3353	3288	3402	3823	3758	3418	3823	3094	3385	3434	
1911	3013	2980	2835	2349	2187	1749	1441	1134	793	405	0	583	793	1134	1441	1765	2268	2235	2559	3175	3126	3094	3240	3693	3661	3369	3807	3110	3466	3564	
1441	2737	2786	2737	2251	2187	1765	1522	1117	955	874	583	0	599	664	891	1231	1749	1652	1992	2592	2543	2527	2689	3142	3142	2899	3369	2705	3110	3272	
1944	3321	3385	3337	2851	2786	2349	2089	1701	1474	1198	793	599	0	486	874	1150	1587	1733	2057	2640	2705	2770	2980	3466	3531	3321	3839	3207	3645	3839	
1620	3110	3223	3240	2770	2786	2365	2154	1733	1620	1506	1134	664	486	0	372	664	1134	1231	1571	2154	2203	2300	2511	3013	3094	2932	3466	2867	3353	3596	
1409	2948	3126	3175	2737	2802	2413	2251	1814	1798	1782	1441	891	874	372	0	324	858	842	1182	1782	1830	1927	2154	2656	2754	2624	3175	2624	3126	3402	
1555	3110	3304	3385	2980	3078	2689	2543	2122	2122	2106	1765	1231	1150	664	324	0	534	631	939	1490	1620	1765	2025	2543	2673	2608	3159	2673	3207	3515	
1944	3483	3709	3839	3450	3580	3207	3078	2656	2656	2624	2268	1749	1587	1134	858	534	0	680	826	1215	1490	1749	2057	2543	2754	2770	3337	2948	3499	3855	
1344	2835	3094	3256	2899	3094	2770	2689	2284	2397	2511	2235	1652	1733	1231	842	631	680	0	340	939	972	1134	1409	1911	2089	2073	2656	2251	2818	3175	
1506	2916	3207	3402	3094	3304	3013	2964	2575	2705	2851	2559	1992	2057	1571	1182	939	826	340	0	599	680	923	1231	1701	1927	1992	2559	2251	2818	3207	
1992	3256	3580	3823	3564	3807	3547	3531	3142	3304	3450	3175	2592	2640	2154	1782	1490	1215	939	599	0	502	891	1198	1571	1879	2073	2624	2478	3029	3450	
1668	2802	3142	3418	3175	3466	3240	3272	2916	3126	3353	3126	2543	2705	2203	1830	1620	1490	972	680	502	0	388	696	1101	1393	1571	2122	1992	2543	2964	
1458	2430	2786	3078	2883	3191	3013	3078	2737	2997	3288	3094	2527	2770	2300	1927	1765	1749	1134	923	891	388	0	307	777	1020	1182	1733	1603	2154	2592	
1474	2235	2608	2932	2786	3126	2980	3078	2770	3078	3402	3240	2689	2980	2511	2154	2025	2057	1409	1231	1198	696	307	0	502	696	891	1425	1360	1895	2332	
1846	2284	2673	3045	2964	3337	3256	3385	3142	3466	3823	3693	3142	3466	3013	2656	2543	2543	1911	1701	1571	1101	777	502	0	372	777	1150	1377	1798	2251	
1765	1960	2365	2737	2705	3094	3045	3223	2997	3353	3758	3661	3142	3531	3094	2754	2673	2754	2089	1927	1879	1393	1020	696	372	0	453	777	1053	1441	1895	
1458	1506	1895	2268	2251	2640	2624	2802	2624	2997	3418	3369	2899	3321	2932	2624	2608	2770	2073	1992	2073	1571	1182	891	777	453	0	567	583	1020	1474	
1911	1441	1830	2251	2349	2770	2818	3061	2948	3353	3823	3807	3369	3839	3466	3175	3159	3337	2656	2559	2624	2122	1733	1425	1150	777	567	0	712	777	1215	
1263	907	1296	1684	1684	2089	2106	2332	2219	2624	3094	3110	2705	3207	2867	2624	2673	2948	2251	2251	2478	1992	1603	1360	1377	1053	583	712	0	567	972	
1733	696	1053	1474	1636	2073	2203	2478	2462	2883	3385	3466	3110	3645	3353	3126	3207	3499	2818	2818	3029	2543	2154	1895	1798	1441	1020	777	567	0	453	
1976	550	777	1182	1474	1895	2106	2430	2478	2899	3434	3564	3272	3839	3596	3402	3515	3855	3175	3207	3450	2964	2592	2332	2251	1895	1474	1215	972	453	0	
V11
0	1574	1787	1935	1590	1820	1574	1623	1312	1623	2017	1935	1459	1968	1640	1426	1574	1968	1361	1525	2017	1689	1476	1492	1869	1787	1476	1935	1279	1754	2000	
1574	0	393	803	967	1394	1574	1886	1935	2378	2902	3050	2771	3362	3148	2984	3148	3526	2870	2952	3296	2837	2460	2263	2312	1984	1525	1459	918	705	557	
1787	393	0	426	721	1115	1394	1738	1869	2296	2837	3017	2820	3427	3263	3165	3345	3755	3132	3247	3624	3181	2820	2640	2706	2394	1918	1853	1312	1066	787	
1935	803	426	0	492	787	1131	1492	1705	2099	2640	2870	2771	3378	3280	3214	3427	3886	3296	3444	3870	3460	3116	2968	3083	2771	2296	2279	1705	1492	1197	
1590	967	721	492	0	426	672	1016	1213	1607	2148	2378	2279	2886	2804	2771	3017	3493	2935	3132	3608	3214	2919	2820	3001	2738	2279	2378	1705	1656	1492	
1820	1394	1115	787	426	0	442	754	1098	1410	1935	2214	2214	2820	2820	2837	3116	3624	3132	3345	3854	3509	3230	3165	3378	3132	2673	2804	2115	2099	1918	
1574	1574	1394	1131	672	442	0	344	656	967	1508	1771	1787	2378	2394	2443	2722	3247	2804	3050	3591	3280	3050	3017	3296	3083	2656	2853	2132	2230	2132	
1623	1886	1738	1492	1016	754	344	0	426	656	1164	1459	1541	2115	2181	2279	2574	3116	2722	3001	3575	3312	3116	3116	3427	3263	2837	3099	2361	2509	2460	
1312	1935	1869	1705	1213	1098	656	426	0	426	967	1148	1131	1722	1754	1836	2148	2689	2312	2607	3181	2952	2771	2804	3181	3034	2656	2984	2246	2492	2509	
1623	2378	2296	2099	1607	1410	967	656	426	0	541	803	967	1492	1640	1820	2148	2689	2427	2738	3345	3165	3034	3116	3509	3394	3034	3394	2656	2919	2935	
2017	2902	2837	2640	2148	1935	1508	1164	967	541	0	410	885	1213	1525	1804	2132	2656	2542	2886	3493	3394	3329	3444	3870	3804	3460	3870	3132	3427	3476	
1935	3050	3017	2870	2378	2214	1771	1459	1148	803	410	0	590	803	1148	1459	1787	2296	2263	2591	3214	3165	3132	3280	3739	3706	3411	3854	3148	3509	3608	
1459	2771	2820	2771	2279	2214	1787	1541	1131	967	885	590	0	606	672	902	1246	1771	1672	2017	2624	2574	2558	2722	3181	3181	2935	3411	2738	3148	3312	
1968	3362	3427	3378	2886	2820	2378	2115	1722	1492	1213	803	606	0	492	885	1164	1607	1754	2082	2673	2738	2804	3017	3509	3575	3362	3886	3247	3690	3886	
1640	3148	3263	3280	2804	2820	2394	2181	1754	1640	1525	1148	672	492	0	377	672	1148	1246	1590	2181	2230	2328	2542	3050	3132	2968	3509	2902	3394	3640	
1426	2984	3165	3214	2771	2837	2443	2279	1836	1820	1804	1459	902	885	377	0	328	869	852	1197	1804	1853	1951	2181	2689	2788	2656	3214	2656	3165	3444	
1574	3148	3345	3427	3017	3116	2722	2574	2148	2148	2132	1787	1246	1164	672	328	0	541	639	951	1508	1640	1787	2050	2574	2706	2640	3198	2706	3247	3558	
1968	3526	3755	3886	3493	3624	3247	3116	2689	2689	2656	2296	1771	1607	1148	869	541	0	688	836	1230	1508	1771	2082	2574	2788	2804	3378	2984	3542	3903	
1361	2870	3132	3296	2935	3132	2804	2722	2312	2427	2542	2263	1672	1754	1246	852	639	688	0	344	951	984	1148	1426	1935	2115	2099	2689	2279	2853	3214	
1525	2952	3247	3444	3132	3345	3050	3001	2607	2738	2886	2591	2017	2082	1590	1197	951	836	344	0	606	688	934	1246	1722	1951	2017	2591	2279	2853	3247	
2017	3296	3624	3870	3608	3854	3591	3575	3181	3345	3493	3214	2624	2673	2181	1804	1508	1230	951	606	0	508	902	1213	1590	1902	2099	2656	2509	3066	3493	
1689	2837	3181	3460	3214	3509	3280	3312	2952	3165	3394	3165	2574	2738	2230	1853	1640	1508	984	688	508	0	393	705	1115	1410	1590	2148	2017	2574	3001	
1476	2460	2820	3116	2919	3230	3050	3116	2771	3034	3329	3132	2558	2804	2328	1951	1787	1771	1148	934	902	393	0	311	787	1033	1197	1754	1623	2181	2624	
1492	2263	2640	2968	2820	3165	3017	3116	2804	3116	3444	3280	2722	3017	2542	2181	2050	2082	1426	1246	1213	705	311	0	508	705	902	1443	1377	1918	2361	
1869	2312	2706	3083	3001	3378	3296	3427	3181	3509	3870	3739	3181	3509	3050	2689	2574	2574	1935	1722	1590	1115	787	508	0	377	787	1164	1394	1820	2279	
1787	1984	2394	2771	2738	3132	3083	3263	3034	3394	3804	3706	3181	3575	3132	2788	2706	2788	2115	1951	1902	1410	1033	705	377	0	459	787	1066	1459	1918	
1476	1525	1918	2296	2279	2673	2656	2837	2656	3034	3460	3411	2935	3362	2968	2656	2640	2804	2099	2017	2099	1590	1197	902	787	459	0	574	590	1033	1492	
1935	1459	1853	2279	2378	2804	2853	3099	2984	3394	3870	3854	3411	3886	3509	3214	3198	3378	2689	2591	2656	2148	1754	1443	1164	787	574	0	721	787	1230	
1279	918	1312	1705	1705	2115	2132	2361	2246	2656	3132	3148	2738	3247	2902	2656	2706	2984	2279	2279	2509	2017	1623	1377	1394	1066	590	721	0	574	984	
1754	705	1066	1492	1656	2099	2230	2509	2492	2919	3427	3509	3148	3690	3394	3165	3247	3542	2853	2853	3066	2574	2181	1918	1820	1459	1033	787	574	0	459	
2000	557	787	1197	1492	1918	2132	2460	2509	2935	3476	3608	3312	3886	3640	3444	3558	3903	3214	3247	3493	3001	2624	2361	2279	1918	1492	1230	984	459	0	
Velocidade_Veiculos
1	1	1	1	1	1	1	1	1	1	1	1	