M: 8
N: 30
Nun_Veiculos: 18
Capacidade_Total: 1072
Demanda_Total: 545
Setup_Min: 1
Setup_Max: 9
Raio: 20
Circulos: 1
Tempo_Processamento_Min: 1
Tempo_Processamento_Max: 49
Demanda_Min: 10
Demanda_Max: 30
Priority_Factor: 0.2
Range_Factor_R: 0.8
U_factor: 2
ALpha: 0.2Replicao: 4
Tempos_Processamentos
0	0	1	0	2	0	3	0	4	0	5	0	6	0	7	0	
0	11	1	40	2	14	3	21	4	46	5	39	6	29	7	24	
0	10	1	4	2	41	3	1	4	8	5	34	6	16	7	21	
0	41	1	25	2	11	3	30	4	38	5	3	6	2	7	46	
0	28	1	15	2	11	3	9	4	24	5	8	6	34	7	32	
0	12	1	27	2	41	3	14	4	46	5	35	6	42	7	43	
0	28	1	22	2	11	3	23	4	28	5	16	6	13	7	38	
0	9	1	37	2	39	3	10	4	19	5	20	6	29	7	21	
0	43	1	3	2	24	3	2	4	43	5	49	6	35	7	32	
0	7	1	15	2	20	3	19	4	13	5	20	6	26	7	24	
0	33	1	42	2	20	3	32	4	30	5	23	6	17	7	11	
0	44	1	18	2	43	3	6	4	14	5	20	6	13	7	30	
0	9	1	28	2	5	3	27	4	31	5	48	6	34	7	38	
0	36	1	45	2	5	3	15	4	18	5	44	6	48	7	45	
0	15	1	37	2	28	3	37	4	31	5	48	6	1	7	20	
0	24	1	32	2	4	3	22	4	18	5	38	6	38	7	15	
0	40	1	8	2	41	3	13	4	41	5	27	6	38	7	36	
0	4	1	9	2	35	3	38	4	12	5	49	6	25	7	4	
0	27	1	42	2	42	3	19	4	31	5	17	6	46	7	44	
0	40	1	27	2	4	3	49	4	15	5	25	6	12	7	18	
0	1	1	21	2	12	3	34	4	11	5	47	6	32	7	21	
0	38	1	24	2	22	3	19	4	30	5	9	6	49	7	31	
0	39	1	35	2	33	3	9	4	39	5	17	6	48	7	4	
0	4	1	14	2	19	3	37	4	17	5	49	6	45	7	9	
0	28	1	48	2	3	3	32	4	18	5	44	6	11	7	36	
0	22	1	48	2	4	3	23	4	5	5	12	6	24	7	5	
0	34	1	19	2	6	3	1	4	39	5	9	6	4	7	35	
0	49	1	40	2	13	3	47	4	37	5	32	6	6	7	47	
0	35	1	44	2	30	3	16	4	30	5	21	6	43	7	44	
0	28	1	29	2	28	3	30	4	6	5	36	6	21	7	16	
0	43	1	23	2	39	3	19	4	25	5	19	6	26	7	45	

Tempos_setup
M0
0	0	0	0	0	0	0	0	0	0	0	0	0	0	0	0	0	0	0	0	0	0	0	0	0	0	0	0	0	0	0	
0	0	2	1	2	3	2	1	3	2	3	2	3	4	3	2	3	3	2	1	2	3	3	4	3	2	2	5	2	2	1	
0	3	0	2	2	1	3	2	1	3	3	3	4	2	3	1	4	4	3	3	3	2	3	4	4	3	2	3	2	3	1	
0	1	3	0	2	4	3	2	2	1	4	3	2	4	3	3	2	3	3	2	3	3	3	5	2	1	3	4	3	1	2	
0	3	3	2	0	3	2	4	2	3	4	4	2	3	3	1	2	3	5	4	3	2	4	4	3	1	3	4	2	3	2	
0	3	2	2	4	0	4	4	3	3	2	5	3	2	3	3	4	3	3	4	4	4	3	3	4	3	4	2	4	3	3	
0	4	4	3	2	2	0	5	1	2	2	4	3	2	1	2	4	2	4	3	3	2	3	3	5	3	2	4	3	4	2	
0	1	2	2	1	2	1	0	2	2	3	2	3	3	2	2	3	3	1	2	1	3	2	4	3	2	1	4	1	3	1	
0	4	3	3	3	3	5	4	0	2	3	3	4	3	4	1	4	4	3	2	4	2	2	4	4	4	1	5	2	3	2	
0	2	4	1	3	4	4	3	3	0	3	2	3	4	3	3	2	3	4	3	4	3	4	4	3	2	4	5	4	2	3	
0	2	3	1	3	4	2	3	3	2	0	3	1	1	2	2	3	1	2	2	2	3	1	1	3	2	2	3	3	2	2	
0	3	2	2	3	2	3	3	3	1	1	0	2	2	2	1	3	2	2	1	3	1	2	2	2	3	3	4	2	2	3	
0	4	3	3	3	4	3	5	3	2	3	3	0	2	3	3	2	2	4	2	4	4	3	4	3	4	1	4	4	4	2	
0	3	3	2	2	3	4	4	4	3	3	3	3	0	1	3	4	4	2	2	3	4	1	2	4	3	4	4	3	3	1	
0	4	3	3	3	2	4	5	4	3	3	3	4	1	0	4	3	4	3	3	2	3	2	3	4	4	5	3	2	4	2	
0	3	2	3	2	2	4	3	3	2	4	4	4	2	3	0	3	4	4	3	4	1	3	3	3	3	4	4	1	2	2	
0	3	3	4	3	2	2	4	3	3	4	4	4	2	1	1	0	1	3	3	3	2	2	4	1	4	3	3	2	3	3	
0	5	3	4	3	3	1	4	2	3	3	4	3	3	2	3	3	0	5	3	3	3	4	4	3	3	3	5	4	2	3	
0	3	2	2	2	3	4	4	3	2	2	4	3	3	3	3	4	3	0	3	4	4	3	3	3	3	2	5	1	3	1	
0	2	1	3	3	2	3	3	2	2	2	1	3	3	3	1	4	2	3	0	2	2	3	3	3	4	3	4	2	3	2	
0	3	1	3	2	2	4	3	2	2	2	1	3	3	3	2	4	3	2	2	0	2	1	3	3	3	3	4	3	3	2	
0	2	3	2	2	1	3	3	4	3	3	3	4	1	2	2	4	4	3	3	3	0	2	2	3	3	4	3	3	3	2	
0	2	2	3	3	3	4	3	3	3	3	2	3	4	4	2	5	3	1	1	3	3	0	4	4	2	3	5	2	4	2	
0	3	2	2	2	3	2	4	3	3	3	2	4	4	3	3	4	3	2	3	1	3	2	0	4	3	4	5	3	3	1	
0	2	3	3	3	4	4	3	3	3	4	4	4	2	3	3	3	4	2	3	4	4	3	3	0	3	2	2	3	2	2	
0	2	2	1	2	3	4	3	1	2	4	3	1	3	2	2	3	3	4	3	4	2	3	4	3	0	2	5	3	2	1	
0	3	2	2	2	3	4	4	2	1	3	2	4	4	3	2	3	3	4	1	3	3	4	4	4	3	0	5	3	3	1	
0	4	1	3	3	2	4	3	2	4	4	3	2	3	4	2	3	4	4	4	4	2	4	4	4	4	3	0	3	4	2	
0	3	1	2	2	2	4	3	2	1	4	3	3	3	2	2	3	4	4	2	3	3	4	5	2	3	3	4	0	3	1	
0	3	3	2	3	3	3	4	1	3	4	4	2	3	2	2	1	2	3	3	3	3	2	4	1	1	2	3	3	0	2	
0	2	4	1	1	4	3	3	3	2	5	4	3	4	4	2	3	4	3	3	4	3	4	5	3	2	4	5	3	2	0	
M1
0	0	0	0	0	0	0	0	0	0	0	0	0	0	0	0	0	0	0	0	0	0	0	0	0	0	0	0	0	0	0	
0	0	1	3	3	3	2	3	4	4	3	3	2	3	2	3	3	4	3	3	1	3	3	4	1	2	2	1	2	3	3	
0	4	0	2	2	4	3	3	3	3	2	6	1	3	4	3	3	3	4	3	3	3	3	3	2	3	2	1	3	4	3	
0	3	2	0	3	3	1	1	3	3	3	4	3	2	3	3	3	3	2	4	2	1	1	3	3	4	3	2	3	2	2	
0	3	4	3	0	2	4	3	3	1	4	6	3	2	3	3	2	1	3	4	3	3	4	1	2	3	2	3	2	2	3	
0	2	3	1	2	0	2	1	1	3	3	4	2	2	1	3	2	3	3	2	2	2	2	3	2	1	3	2	3	2	3	
0	4	1	2	2	3	0	2	3	2	3	5	2	2	2	3	2	3	1	4	3	2	1	3	3	3	3	2	4	3	4	
0	2	2	3	3	2	2	0	3	3	2	4	2	1	2	2	4	2	3	3	1	2	3	2	2	3	2	3	2	1	3	
0	1	2	3	2	3	3	2	0	3	4	4	3	3	3	4	1	2	4	2	2	2	4	3	2	3	3	2	3	3	4	
0	3	3	4	4	3	3	3	4	0	4	6	4	4	3	2	1	4	3	3	4	3	3	4	1	2	3	2	2	3	3	
0	2	3	3	3	2	2	3	3	1	0	5	3	1	2	1	2	2	2	3	2	2	3	2	1	1	2	2	2	3	3	
0	4	3	1	2	4	2	2	4	3	4	0	4	3	4	4	4	3	3	5	3	2	2	3	4	3	3	3	4	3	3	
0	3	2	4	3	3	3	4	2	2	1	6	0	2	3	2	3	2	3	4	3	3	4	2	2	2	3	3	3	4	4	
0	3	2	2	2	1	2	2	2	2	3	5	2	0	1	2	3	1	3	2	3	1	3	3	1	2	1	3	2	3	2	
0	2	2	1	3	4	1	2	3	3	2	5	1	3	0	3	3	3	2	4	3	2	2	3	2	1	3	2	3	3	3	
0	3	3	2	2	2	2	2	3	3	3	5	2	3	1	0	4	2	2	4	3	3	3	3	3	2	3	3	4	3	2	
0	4	3	4	3	4	2	3	5	3	3	6	4	4	4	3	0	4	3	4	4	4	3	4	2	3	2	1	3	4	3	
0	3	3	3	1	2	3	2	3	2	4	5	3	1	2	2	3	0	2	3	3	2	4	2	2	2	1	3	3	3	2	
0	3	3	3	4	2	3	3	3	5	5	4	4	4	3	2	4	4	0	4	2	4	4	5	3	3	3	4	4	4	4	
0	2	2	3	3	2	2	3	3	4	4	5	3	2	2	3	4	3	3	0	3	1	3	3	1	2	3	2	1	2	3	
0	2	1	2	3	3	1	3	4	3	3	3	2	2	1	3	3	3	2	3	0	3	2	3	1	2	2	2	2	3	3	
0	4	2	3	3	2	1	3	3	3	3	4	2	1	2	3	3	2	2	3	4	0	2	4	2	3	2	3	3	4	3	
0	3	3	1	3	2	2	2	2	3	3	4	3	1	2	2	3	2	3	3	2	2	0	4	2	3	2	1	3	3	3	
0	3	3	2	3	1	3	2	2	3	4	5	3	2	2	2	3	3	4	3	3	2	3	0	3	2	3	3	1	2	3	
0	2	3	3	3	2	3	3	3	4	4	5	3	3	2	3	3	4	4	2	3	2	2	3	0	1	3	2	1	2	3	
0	1	2	3	3	3	3	3	4	4	3	4	3	4	2	3	2	4	4	3	2	3	3	2	1	0	2	1	2	3	3	
0	2	3	3	3	2	2	1	3	2	3	4	3	2	2	1	3	3	3	4	2	3	3	3	2	1	0	2	3	2	1	
0	3	3	3	2	3	2	2	4	3	2	5	4	3	3	2	2	3	3	3	3	3	3	3	1	2	1	0	2	3	2	
0	2	3	2	2	1	2	2	2	3	3	5	2	2	1	2	3	3	3	3	2	1	3	2	2	2	3	3	0	1	2	
0	1	2	2	3	2	2	3	3	3	2	4	1	2	2	1	4	3	3	3	1	1	3	1	1	2	3	2	1	0	3	
0	2	2	2	3	1	1	2	2	1	2	3	2	1	2	2	2	2	2	3	2	2	2	2	2	2	2	3	2	1	0	
M2
0	0	0	0	0	0	0	0	0	0	0	0	0	0	0	0	0	0	0	0	0	0	0	0	0	0	0	0	0	0	0	
0	0	3	3	3	4	3	1	2	3	3	3	3	3	4	3	3	3	4	2	2	3	2	3	3	3	2	3	3	4	4	
0	1	0	3	3	3	2	2	3	4	1	3	2	3	1	4	2	2	2	3	3	2	3	2	2	4	3	1	2	2	2	
0	3	2	0	4	3	2	2	3	4	3	1	3	2	3	4	2	2	1	3	1	2	1	3	2	2	3	2	2	3	3	
0	2	4	3	0	3	3	3	1	4	4	2	4	3	1	2	2	2	2	3	3	3	4	4	2	4	3	4	4	4	3	
0	3	2	3	3	0	3	1	2	3	3	3	4	3	3	3	3	3	4	2	3	3	4	3	3	4	2	3	2	3	4	
0	3	3	2	2	3	0	1	1	3	3	3	1	1	2	2	2	3	1	2	2	1	3	2	2	3	2	1	2	2	2	
0	2	2	3	2	3	2	0	1	2	2	3	3	2	3	2	2	2	3	1	2	2	3	2	2	3	1	3	3	3	4	
0	4	4	2	2	4	2	3	0	3	3	3	3	2	3	1	1	3	3	2	3	3	3	3	3	3	3	3	4	3	4	
0	3	2	2	4	2	4	2	3	0	3	2	3	4	3	2	4	3	3	3	3	2	3	4	3	3	1	3	4	3	4	
0	1	3	3	3	3	2	1	2	3	0	2	2	2	3	3	3	3	1	2	2	2	3	1	2	3	2	1	1	2	2	
0	4	3	3	3	3	3	2	3	4	4	0	3	3	4	4	3	1	2	3	3	4	3	4	3	4	3	2	2	3	3	
0	2	2	2	1	3	3	3	2	3	3	2	0	3	1	2	2	3	2	2	3	2	3	3	2	2	1	1	2	1	1	
0	2	3	1	2	3	2	1	2	2	3	2	3	0	3	3	3	3	2	1	2	2	2	1	2	3	2	2	3	1	2	
0	1	3	2	3	2	2	2	2	3	3	3	3	2	0	3	1	2	1	2	2	3	3	3	1	3	3	3	4	3	3	
0	3	3	1	4	4	3	2	3	2	3	2	4	3	3	0	3	2	2	3	2	3	2	2	3	2	2	3	3	4	4	
0	3	3	1	2	3	2	3	3	2	2	2	3	3	3	2	0	3	2	1	2	3	2	2	2	3	3	2	3	2	3	
0	3	2	3	2	3	2	3	2	4	3	3	3	2	3	3	3	0	1	3	2	3	2	3	2	3	4	3	3	3	4	
0	3	4	2	3	2	1	2	2	3	4	3	2	1	3	3	3	2	0	2	3	2	2	2	1	4	3	2	3	2	3	
0	3	2	2	1	2	1	2	2	1	3	2	2	2	2	3	3	2	2	0	1	2	2	1	1	2	2	2	3	3	3	
0	2	1	2	3	4	3	3	3	4	2	1	3	3	2	4	3	1	2	4	0	3	3	3	3	1	4	2	3	3	3	
0	2	3	3	2	2	2	2	3	2	4	3	3	3	3	4	3	3	2	1	2	0	3	2	2	3	2	3	3	1	2	
0	3	2	3	3	3	3	2	3	3	3	2	2	3	3	4	3	3	3	2	3	1	0	3	2	4	3	1	1	2	2	
0	3	2	3	3	3	2	3	1	3	3	2	3	3	3	2	2	2	3	2	1	1	4	0	3	2	3	3	4	2	2	
0	4	3	3	3	1	3	2	1	4	4	4	2	3	3	2	2	1	2	3	3	4	3	3	0	4	3	3	3	3	3	
0	2	3	3	2	4	3	2	2	3	1	3	3	3	2	3	2	1	2	3	3	3	3	2	3	0	3	2	2	3	3	
0	2	1	3	3	3	3	3	3	2	2	4	3	4	2	4	3	2	3	2	3	1	4	3	2	3	0	2	3	2	3	
0	2	3	2	2	2	3	3	2	3	4	2	1	2	2	3	3	2	3	2	3	3	3	2	1	3	2	0	1	1	1	
0	3	4	3	3	2	2	3	3	4	4	1	3	3	4	4	2	2	3	3	4	2	3	3	4	4	3	3	0	2	3	
0	1	2	4	1	4	3	2	2	3	3	2	3	4	2	3	3	3	3	2	3	2	3	3	3	4	1	3	2	0	1	
0	2	3	3	2	3	2	3	3	2	4	1	2	3	3	3	4	2	3	1	2	3	3	2	2	3	2	3	3	1	0	
M3
0	0	0	0	0	0	0	0	0	0	0	0	0	0	0	0	0	0	0	0	0	0	0	0	0	0	0	0	0	0	0	
0	0	3	3	3	3	4	3	3	2	2	2	3	2	2	2	3	2	1	3	2	4	2	2	3	1	3	3	1	2	3	
0	3	0	3	3	1	3	3	2	3	3	3	4	3	3	3	3	4	2	1	3	5	3	3	2	2	3	2	2	4	4	
0	1	2	0	3	2	4	4	3	3	3	3	3	2	3	3	4	3	2	2	3	2	3	3	3	2	2	3	2	3	1	
0	2	2	2	0	2	3	3	3	2	3	3	5	4	2	2	1	3	3	3	3	3	4	2	3	3	3	2	1	3	3	
0	3	3	3	3	0	2	2	1	3	2	2	3	2	3	3	2	3	1	1	3	4	2	2	2	1	3	4	2	3	4	
0	2	3	2	2	2	0	3	2	3	2	3	4	3	3	2	3	3	2	2	3	3	1	2	1	1	1	2	3	4	3	
0	1	1	3	1	2	2	0	3	3	2	3	4	3	3	3	2	2	2	2	3	2	3	3	3	2	3	3	2	3	4	
0	2	3	2	3	3	1	3	0	3	2	4	2	4	3	3	2	4	3	1	3	3	1	3	2	1	2	3	2	4	3	
0	2	2	3	2	2	3	1	2	0	2	3	4	3	3	3	3	3	3	2	4	2	3	2	2	3	1	2	3	1	1	
0	1	3	1	3	3	4	4	3	3	0	3	2	3	2	3	2	2	2	3	3	3	3	1	2	2	3	4	2	3	2	
0	2	2	1	3	3	3	2	3	4	1	0	3	3	3	3	3	3	3	2	4	2	2	2	2	3	2	2	3	1	2	
0	2	2	3	3	2	3	4	2	3	2	4	0	3	1	3	3	2	3	1	4	4	3	2	2	2	2	3	2	4	3	
0	3	3	3	3	3	4	2	3	4	3	2	1	0	2	1	4	3	4	2	2	3	3	3	3	3	2	3	3	3	2	
0	2	1	2	3	2	3	3	2	3	1	3	3	2	0	3	2	2	3	2	3	3	3	1	2	1	1	2	3	4	2	
0	2	2	3	2	2	3	1	2	3	3	3	4	3	3	0	3	3	3	3	1	3	2	2	2	3	1	2	3	2	4	
0	1	1	1	3	1	2	2	2	1	3	2	4	3	2	1	0	3	2	2	2	2	3	3	3	2	2	3	2	2	2	
0	3	3	2	1	3	4	4	4	3	2	4	4	4	3	3	2	0	4	4	3	4	4	3	4	1	3	3	2	4	3	
0	3	2	2	3	3	3	2	3	2	2	1	2	1	2	2	2	2	0	3	3	3	3	1	2	3	3	3	4	2	3	
0	3	3	2	2	3	2	3	1	2	3	4	3	3	2	2	3	3	4	0	3	4	2	2	1	2	3	3	1	3	3	
0	2	3	2	4	1	3	3	2	2	3	3	3	2	3	3	3	4	2	2	0	3	1	3	3	2	3	4	3	3	3	
0	3	3	3	3	3	4	3	3	2	3	3	4	3	2	3	3	3	2	3	4	0	4	2	2	3	3	3	1	2	2	
0	1	3	1	3	3	3	2	2	3	3	3	3	3	3	3	3	3	2	1	2	3	0	3	2	2	3	4	2	3	2	
0	2	2	2	2	2	3	3	2	2	2	3	4	3	1	2	1	1	3	2	3	3	3	0	1	2	2	3	3	3	2	
0	2	3	1	1	2	4	2	3	3	4	3	4	3	3	1	2	4	3	3	2	3	2	3	0	3	2	2	2	3	2	
0	2	4	2	2	3	3	3	3	2	1	4	3	3	3	4	3	3	3	4	2	4	3	2	3	0	2	3	2	3	3	
0	3	3	3	2	1	2	3	1	3	3	2	3	2	2	3	2	2	2	2	3	2	2	1	2	2	0	1	3	3	3	
0	3	3	2	1	2	2	3	2	3	2	1	4	3	3	2	2	3	3	3	3	3	3	2	3	3	1	0	2	2	3	
0	3	2	3	3	2	3	2	2	1	2	4	4	3	1	3	2	2	3	3	4	3	3	1	2	2	2	3	0	2	2	
0	1	1	2	2	2	3	1	2	3	1	2	3	3	3	2	3	3	2	1	3	3	3	2	1	2	1	1	2	0	3	
0	4	1	3	2	2	3	4	2	3	4	3	4	3	3	3	3	3	3	1	4	1	3	2	2	3	1	2	2	3	0	
M4
0	0	0	0	0	0	0	0	0	0	0	0	0	0	0	0	0	0	0	0	0	0	0	0	0	0	0	0	0	0	0	
0	0	1	2	2	2	2	3	3	1	3	2	2	2	2	2	1	1	3	2	2	3	1	2	4	2	2	3	2	1	2	
0	3	0	2	1	3	1	3	2	3	2	3	3	2	4	3	4	2	2	1	2	2	4	3	3	2	2	2	2	3	2	
0	2	3	0	3	2	4	3	1	3	3	3	3	2	3	2	3	1	2	1	3	4	3	2	5	3	3	1	2	2	3	
0	3	4	3	0	2	3	3	2	2	1	3	3	3	3	4	3	3	3	3	1	2	3	3	2	1	3	4	3	2	2	
0	3	3	3	3	0	3	2	3	3	3	3	4	2	3	2	4	1	3	2	2	3	4	2	4	2	2	4	2	1	1	
0	2	3	1	2	3	0	3	2	2	2	4	3	1	3	3	3	2	2	2	3	4	3	3	3	1	2	2	2	2	1	
0	2	3	1	1	1	3	0	2	3	2	1	3	2	2	2	3	2	2	1	2	3	3	3	3	2	2	2	2	2	1	
0	1	2	1	3	1	3	3	0	2	4	3	2	3	2	2	2	2	1	2	3	3	2	3	5	2	3	2	1	2	2	
0	3	3	1	2	2	3	3	2	0	3	3	3	2	1	3	1	2	2	2	2	2	4	3	4	2	2	2	2	1	1	
0	4	4	2	3	1	2	3	3	1	0	3	2	3	2	3	2	2	3	2	2	3	2	3	4	2	2	3	2	1	2	
0	1	2	3	3	3	2	3	3	2	2	0	2	2	1	3	2	2	3	2	3	4	2	3	3	2	1	3	2	2	1	
0	2	3	3	3	3	2	2	3	3	3	1	0	3	2	3	3	3	3	2	3	4	3	3	3	2	1	4	3	2	2	
0	1	2	3	1	2	2	3	2	2	1	3	2	0	3	2	2	2	1	2	2	3	2	2	3	2	2	4	2	1	1	
0	3	2	3	3	2	3	2	2	3	3	3	3	3	0	3	4	3	2	1	2	3	4	4	4	2	2	2	2	1	3	
0	3	1	3	2	3	2	2	2	3	3	3	3	2	4	0	4	1	2	1	3	3	4	2	4	2	3	3	3	3	2	
0	4	4	4	1	1	4	3	3	3	2	4	4	3	4	3	0	2	4	3	2	3	4	3	3	2	3	5	3	2	2	
0	3	2	3	3	2	3	2	2	2	4	2	3	3	3	1	3	0	2	2	4	3	4	1	4	3	2	3	3	3	3	
0	3	2	3	2	2	3	3	2	3	3	2	1	3	3	1	4	2	0	1	3	2	3	3	4	2	2	4	3	3	3	
0	2	3	2	3	2	4	4	1	3	3	2	2	2	3	2	3	2	1	0	3	3	3	3	5	3	3	3	2	3	3	
0	3	4	4	4	2	3	3	3	3	4	2	2	4	3	3	4	3	3	3	0	2	4	2	4	2	2	3	2	1	3	
0	3	4	2	2	2	4	1	2	4	3	2	3	3	3	3	4	2	3	2	1	0	4	3	4	3	3	3	3	2	2	
0	2	3	1	2	2	3	3	2	3	2	1	1	1	2	2	1	1	2	2	3	3	0	2	4	2	2	2	3	2	2	
0	2	3	2	3	1	2	3	1	3	3	1	2	2	2	2	3	2	1	2	3	2	3	0	4	3	2	2	2	2	2	
0	1	2	2	3	2	1	4	2	2	3	2	3	2	3	3	2	2	2	3	3	3	2	1	0	2	3	3	3	2	2	
0	3	3	2	3	2	4	2	3	1	3	3	4	2	2	3	2	2	3	2	3	3	4	3	5	0	3	3	2	2	1	
0	3	3	2	3	2	1	3	2	2	3	3	3	2	3	2	3	3	2	1	2	3	4	3	2	2	0	3	2	1	2	
0	1	2	3	2	1	3	3	3	2	2	3	3	1	3	3	2	2	2	3	2	3	2	3	4	2	2	0	2	1	2	
0	2	3	2	3	2	4	3	1	1	4	3	3	3	2	2	2	1	2	3	3	3	3	2	4	3	3	3	0	2	2	
0	3	3	3	3	1	2	2	2	2	3	2	3	3	3	2	3	2	3	2	1	2	4	3	3	1	1	4	1	0	2	
0	2	3	2	2	3	3	4	2	2	2	3	3	1	3	3	3	2	2	1	3	4	3	3	4	3	3	3	1	2	0	
M5
0	0	0	0	0	0	0	0	0	0	0	0	0	0	0	0	0	0	0	0	0	0	0	0	0	0	0	0	0	0	0	
0	0	2	3	3	1	3	3	1	2	2	2	2	3	3	2	3	2	1	3	3	3	2	3	2	2	3	2	3	2	3	
0	3	0	2	1	2	3	3	2	3	3	3	2	2	2	2	2	2	2	2	2	1	1	1	3	2	1	2	2	2	1	
0	1	3	0	1	2	3	3	2	2	2	3	2	3	2	2	2	3	2	3	2	3	1	2	3	2	4	3	3	3	3	
0	3	3	4	0	3	4	3	2	3	3	3	4	2	1	1	2	3	2	2	2	3	3	2	3	3	3	3	2	3	4	
0	1	2	2	3	0	2	3	2	1	2	2	1	3	2	3	2	2	2	2	3	2	3	3	3	3	3	3	3	3	3	
0	2	3	3	2	1	0	1	3	2	3	3	2	2	3	3	3	2	2	3	3	3	3	3	2	1	3	4	2	2	3	
0	3	3	3	4	3	3	0	2	2	2	2	1	3	2	4	3	2	3	3	2	3	3	2	3	3	4	3	1	2	3	
0	3	2	2	2	2	3	3	0	2	2	1	2	2	3	2	2	2	1	2	2	3	1	3	1	3	3	1	2	2	3	
0	1	1	1	2	2	1	2	2	0	1	2	3	3	1	2	1	1	2	1	2	1	2	2	3	2	2	3	3	3	2	
0	2	2	2	3	1	2	1	3	1	0	1	2	2	2	2	2	2	3	2	1	2	3	2	2	2	3	3	2	3	3	
0	2	3	3	3	1	3	2	3	2	3	0	2	1	2	3	3	1	3	3	3	3	3	3	4	3	2	4	3	2	2	
0	2	2	2	3	2	2	3	1	1	2	1	0	2	1	3	2	2	2	2	2	2	2	2	2	3	3	2	3	3	3	
0	3	2	4	2	2	3	1	3	3	3	1	2	0	1	2	2	2	3	2	2	2	3	2	3	2	1	3	2	3	3	
0	2	2	4	2	2	3	3	3	3	3	2	3	3	0	3	1	2	3	1	1	2	3	1	3	2	3	2	2	4	3	
0	2	3	3	2	2	4	3	3	3	4	2	3	3	3	0	3	3	3	3	1	2	3	2	3	2	3	3	3	2	4	
0	4	4	4	3	4	5	4	4	4	4	4	3	4	4	4	0	2	3	4	5	4	4	4	3	2	3	5	4	4	3	
0	3	3	3	4	2	4	2	2	3	4	2	3	2	3	3	3	0	3	4	3	2	2	3	3	3	2	3	2	2	1	
0	2	1	2	2	2	2	2	3	1	1	2	3	3	2	1	2	1	0	2	2	2	2	2	3	3	2	3	3	1	2	
0	1	2	3	3	1	3	2	2	2	3	3	2	4	3	3	3	3	2	0	4	1	3	3	3	3	3	3	3	3	3	
0	1	2	3	2	2	3	2	2	3	3	1	2	2	2	3	3	2	2	3	0	1	3	1	2	1	3	2	2	3	3	
0	3	1	3	2	2	4	3	3	3	2	3	3	3	3	3	3	3	3	3	3	0	2	2	2	3	2	2	3	3	2	
0	2	2	1	2	3	3	3	2	2	2	2	1	3	2	1	1	2	1	3	1	2	0	2	3	2	3	3	3	2	2	
0	3	3	3	2	3	2	2	2	3	3	3	2	3	3	3	3	1	2	3	2	3	3	0	2	1	3	1	1	3	2	
0	2	3	3	4	2	3	3	2	2	3	2	1	3	2	4	1	3	3	1	2	2	3	2	0	3	4	3	3	4	4	
0	2	2	2	1	3	3	2	2	2	2	2	1	3	2	2	2	2	1	2	3	3	3	3	1	0	3	3	3	2	3	
0	3	1	3	2	3	2	3	3	3	3	3	2	3	3	1	3	2	2	3	2	1	2	1	2	1	0	2	2	3	2	
0	2	3	4	1	3	4	3	3	4	4	2	3	2	2	2	3	3	3	3	1	2	3	2	3	2	3	0	3	3	4	
0	2	3	2	3	3	4	3	1	3	3	2	3	2	3	3	3	1	2	3	1	2	2	2	2	2	3	2	0	2	2	
0	2	2	1	2	2	3	3	3	3	2	3	2	3	3	2	1	1	2	4	2	3	1	3	4	3	3	4	3	0	2	
0	2	3	2	3	1	3	2	1	2	3	2	2	3	3	3	2	2	2	3	3	2	2	4	2	4	4	2	3	1	0	
M6
0	0	0	0	0	0	0	0	0	0	0	0	0	0	0	0	0	0	0	0	0	0	0	0	0	0	0	0	0	0	0	
0	0	4	3	3	3	4	4	5	1	1	2	3	3	3	3	4	4	4	3	3	2	3	3	2	4	3	1	2	4	2	
0	3	0	2	3	3	3	3	1	2	1	2	2	1	2	2	3	2	1	3	2	2	3	3	3	4	2	2	1	3	2	
0	2	4	0	4	3	3	4	2	3	3	4	3	3	1	3	3	3	3	3	2	4	3	2	2	2	3	3	2	3	3	
0	2	3	2	0	4	2	4	3	3	2	3	1	4	3	3	4	4	2	2	1	3	2	4	3	4	4	2	3	3	1	
0	3	4	3	4	0	4	5	4	1	2	3	4	3	3	4	5	4	3	3	3	3	3	1	2	4	4	3	3	2	4	
0	2	3	2	4	3	0	3	3	3	2	3	2	3	2	1	2	2	2	2	1	3	4	2	3	4	3	2	2	3	3	
0	3	3	2	3	3	3	0	2	3	2	3	4	2	3	2	1	3	3	2	2	3	4	3	3	3	2	2	1	4	3	
0	2	2	1	4	3	2	2	0	2	3	3	3	2	2	1	2	1	2	3	3	4	2	2	3	3	1	1	2	3	1	
0	2	3	3	4	4	3	4	4	0	3	4	4	3	2	3	4	3	4	2	3	4	2	3	1	3	4	2	2	3	3	
0	3	3	2	2	2	3	4	4	2	0	1	2	2	3	3	4	3	3	2	2	1	3	3	3	3	2	1	1	4	2	
0	3	2	2	3	1	3	3	3	1	3	0	1	3	3	4	4	2	3	2	4	1	3	2	2	2	4	2	3	3	2	
0	2	2	3	3	4	4	4	3	2	2	3	0	3	3	3	4	4	3	1	3	3	2	3	2	4	3	1	3	4	1	
0	3	3	4	4	4	2	3	3	1	2	3	4	0	3	3	4	2	2	2	1	3	3	3	2	3	4	2	3	3	4	
0	1	3	3	4	2	2	4	3	2	2	3	2	3	0	3	2	4	2	2	1	3	2	1	1	4	2	2	2	2	3	
0	3	2	3	3	2	2	2	3	3	2	3	4	2	3	0	1	1	2	2	3	3	3	2	3	3	3	3	3	3	3	
0	2	2	4	4	3	3	3	3	2	2	3	4	3	3	1	0	2	3	1	2	3	3	3	2	2	4	3	3	4	4	
0	3	1	2	4	3	1	1	2	2	2	3	3	1	2	2	2	0	1	3	2	3	2	1	3	4	2	3	2	2	2	
0	2	2	2	3	3	3	2	1	3	3	4	3	2	1	2	3	2	0	3	2	4	3	2	2	4	2	2	1	3	2	
0	2	1	3	3	3	3	3	2	1	1	2	3	2	2	3	4	3	2	0	3	2	2	3	1	4	3	2	2	3	3	
0	3	2	3	3	3	1	3	2	2	1	2	3	3	2	2	3	3	1	1	0	2	3	3	2	3	3	1	2	2	3	
0	3	3	3	2	1	3	4	4	2	3	1	2	4	3	3	4	3	4	3	3	0	3	2	2	3	5	3	3	3	3	
0	2	2	3	4	3	3	2	3	2	3	4	2	3	2	1	2	2	3	3	3	4	0	3	1	4	4	3	2	3	3	
0	3	4	2	3	2	3	4	3	3	1	2	3	2	3	4	4	3	2	3	2	2	4	0	3	4	3	2	2	1	3	
0	1	3	2	3	3	2	3	4	2	2	3	3	2	1	2	3	3	3	3	2	3	1	2	0	4	3	2	1	2	3	
0	3	2	3	3	3	2	2	2	3	1	2	3	2	2	2	3	1	1	3	3	2	3	2	3	0	2	2	2	3	3	
0	4	2	4	5	4	4	5	3	4	3	4	4	3	3	4	5	4	3	4	3	4	3	2	4	6	0	4	3	3	4	
0	2	3	2	4	4	4	4	4	1	3	3	2	4	3	2	3	3	4	2	4	3	3	2	2	4	2	0	3	3	2	
0	3	3	1	2	4	2	3	3	2	2	3	3	1	2	3	4	3	2	2	1	3	4	3	3	3	2	1	0	3	3	
0	2	3	1	4	1	2	3	3	2	2	3	4	3	2	3	4	2	2	2	1	3	4	2	3	3	4	2	3	0	4	
0	1	3	3	3	3	3	3	4	2	2	2	3	4	3	2	3	3	3	3	2	3	1	4	2	3	3	2	3	4	0	
M7
0	0	0	0	0	0	0	0	0	0	0	0	0	0	0	0	0	0	0	0	0	0	0	0	0	0	0	0	0	0	0	
0	0	1	1	2	2	2	1	2	1	1	3	3	3	2	3	2	2	3	3	3	3	3	2	2	2	1	1	2	1	1	
0	3	0	2	1	3	3	2	3	2	4	3	4	3	3	4	3	3	4	4	2	4	2	1	2	4	4	4	3	3	3	
0	3	3	0	3	3	2	3	1	3	2	2	2	3	2	2	1	4	4	2	3	2	3	2	3	3	2	3	1	4	1	
0	2	2	1	0	4	2	1	2	3	3	2	3	2	3	3	2	3	3	3	3	3	1	2	1	3	3	3	2	3	2	
0	2	2	2	3	0	2	3	3	2	1	2	2	3	3	1	2	3	1	3	2	3	2	2	2	3	1	3	3	3	3	
0	1	2	2	1	3	0	1	2	2	2	3	4	1	3	3	3	3	4	3	4	3	2	3	2	3	2	2	3	2	2	
0	4	4	4	4	5	4	0	1	4	2	2	4	4	4	3	2	4	4	3	4	2	4	3	3	3	3	4	4	5	3	
0	3	3	4	3	4	3	2	0	3	1	1	4	3	3	3	2	3	3	3	3	2	4	3	2	2	2	4	3	4	2	
0	3	3	3	2	1	2	3	4	0	2	3	3	2	1	2	3	1	2	2	2	3	3	3	3	3	2	3	2	3	1	
0	3	2	3	2	4	2	3	2	3	0	3	4	2	4	3	4	3	3	4	4	3	3	3	1	3	3	3	4	4	3	
0	3	2	3	2	3	3	1	2	2	3	0	3	3	3	2	1	2	2	2	3	1	3	2	2	1	2	4	3	3	2	
0	3	3	2	1	1	3	2	3	3	2	1	0	3	2	2	2	3	2	3	3	2	2	3	2	2	2	4	1	4	2	
0	2	2	3	3	2	3	3	3	3	2	4	4	0	3	3	4	4	3	3	3	2	3	2	3	4	2	3	2	3	3	
0	2	2	2	1	3	3	2	3	3	3	2	3	1	0	3	2	4	4	1	1	3	2	3	2	2	2	3	2	3	2	
0	2	2	1	2	2	2	2	2	3	2	1	1	3	3	0	2	3	2	2	2	2	1	3	1	2	3	3	2	3	2	
0	2	3	2	3	3	2	3	3	2	2	2	2	2	3	1	0	3	3	2	2	1	2	1	2	3	1	3	3	3	2	
0	2	2	3	2	3	1	2	3	3	3	2	3	2	2	3	2	0	1	1	1	2	3	2	2	2	3	3	1	2	2	
0	4	1	2	2	3	3	3	3	2	4	4	3	4	3	3	2	3	0	3	1	3	3	1	3	4	3	3	3	3	3	
0	3	1	3	2	3	2	2	2	2	2	1	2	1	1	3	2	3	3	0	2	2	2	2	1	1	3	3	1	2	1	
0	3	3	3	3	3	2	3	4	3	3	3	3	3	2	2	1	3	4	2	0	2	3	2	3	3	2	4	3	4	3	
0	3	2	3	3	3	2	3	3	2	2	2	3	2	2	4	3	3	4	1	2	0	3	1	2	2	2	3	2	3	1	
0	4	3	4	3	3	4	2	3	3	4	1	4	4	4	3	2	3	3	3	4	2	0	3	3	2	3	5	4	4	3	
0	3	4	3	3	2	3	4	4	1	3	4	4	3	2	3	2	2	3	3	1	3	4	0	4	3	3	3	2	2	2	
0	2	1	2	1	3	1	2	1	3	2	2	3	2	3	2	3	2	2	3	3	2	2	2	0	2	3	2	3	3	2	
0	3	2	2	1	3	2	2	2	2	3	3	3	2	3	2	3	2	3	3	2	3	2	1	1	0	4	3	3	3	3	
0	1	2	2	2	3	1	2	3	2	1	4	4	2	3	3	2	3	4	4	2	3	3	1	2	3	0	2	3	2	2	
0	2	3	2	3	1	3	3	2	2	2	2	3	2	3	2	1	3	2	3	2	2	3	1	3	2	2	0	2	1	3	
0	4	2	3	2	2	3	3	4	3	3	3	4	3	2	3	4	4	3	2	3	1	3	2	3	2	3	4	0	4	2	
0	1	2	2	2	2	3	2	3	2	1	3	4	3	3	3	2	3	3	3	3	2	3	2	2	1	2	1	1	0	2	
0	2	3	2	2	3	1	2	3	3	2	3	4	2	1	4	3	4	3	2	2	2	3	3	3	3	3	2	1	3	0	
Tamanho_Tarefas
0	19	11	14	19	16	18	22	24	11	23	13	21	9	22	23	23	22	29	11	4	18	26	23	18	5	4	20	29	20	28	
Data_Entrega
0	41	35	40	35	41	36	41	41	36	44	43	33	39	35	43	43	36	44	44	43	41	36	34	38	44	42	44	35	35	33	
Penalidade_Atraso
0	14	14	10	5	5	18	15	18	3	15	19	13	18	2	10	7	8	13	19	11	12	10	4	15	20	10	18	8	17	4	
Capacidade_Veiculo
58	77	58	68	30	64	37	41	74	44	63	74	70	39	85	78	55	57	
Custo_Fixo_Veiculo
580	770	580	680	300	640	370	410	740	440	630	740	700	390	850	780	550	570	
Coordenadas_Clientes
x	0	y	0
x	16	y	0
x	23	y	5
x	17	y	7
x	15	y	10
x	11	y	12
x	8	y	14
x	7	y	23
x	1	y	15
x	-2	y	21
x	-7	y	23
x	-8	y	15
x	-12	y	13
x	-14	y	10
x	-19	y	8
x	-24	y	5
x	-24	y	0
x	-24	y	-5
x	-14	y	-6
x	-12	y	-9
x	-15	y	-16
x	-10	y	-18
x	-5	y	-15
x	-2	y	-20
x	2	y	-21
x	5	y	-15
x	7	y	-13
x	15	y	-17
x	18	y	-13
x	16	y	-7
x	22	y	-4
Tempo_Viagem
0	16	23	18	18	16	16	24	15	21	24	17	17	17	20	24	24	24	15	15	21	20	15	20	21	15	14	22	22	17	22	
16	0	8	7	10	13	16	24	21	27	32	28	30	31	35	40	40	40	30	29	34	30	25	25	23	17	15	17	13	7	7	
23	8	0	6	9	13	16	24	23	28	33	32	35	37	42	47	47	47	38	37	42	38	33	33	31	25	23	23	18	13	9	
18	7	6	0	3	7	10	18	17	22	27	26	29	31	36	41	41	42	33	33	39	36	31	32	30	24	22	24	20	14	12	
18	10	9	3	0	4	7	15	14	19	24	23	27	29	34	39	40	41	33	33	39	37	32	34	32	26	24	27	23	17	15	
16	13	13	7	4	0	3	11	10	15	20	19	23	25	30	35	37	38	30	31	37	36	31	34	33	27	25	29	25	19	19	
16	16	16	10	7	3	0	9	7	12	17	16	20	22	27	32	34	37	29	30	37	36	31	35	35	29	27	31	28	22	22	
24	24	24	18	15	11	9	0	10	9	14	17	21	24	29	34	38	41	35	37	44	44	39	43	44	38	36	40	36	30	30	
15	21	23	17	14	10	7	10	0	6	11	9	13	15	20	25	29	32	25	27	34	34	30	35	36	30	28	34	32	26	28	
21	27	28	22	19	15	12	9	6	0	5	8	12	15	20	25	29	33	29	31	38	39	36	41	42	36	34	40	38	32	34	
24	32	33	27	24	20	17	14	11	5	0	8	11	14	19	24	28	32	29	32	39	41	38	43	44	39	38	45	43	37	39	
17	28	32	26	23	19	16	17	9	8	8	0	4	7	12	17	21	25	21	24	31	33	30	35	37	32	31	39	38	32	35	
17	30	35	29	27	23	20	21	13	12	11	4	0	3	8	13	17	21	19	22	29	31	28	33	36	32	31	39	39	34	37	
17	31	37	31	29	25	22	24	15	15	14	7	3	0	5	10	14	18	16	19	26	28	26	31	34	31	31	39	39	34	38	
20	35	42	36	34	30	27	29	20	20	19	12	8	5	0	5	9	13	14	17	24	26	26	31	35	33	33	41	42	37	42	
24	40	47	41	39	35	32	34	25	25	24	17	13	10	5	0	5	10	14	17	22	26	26	31	35	35	35	43	45	41	46	
24	40	47	41	40	37	34	38	29	29	28	21	17	14	9	5	0	5	11	14	18	22	23	28	32	32	33	41	43	40	46	
24	40	47	42	41	38	37	41	32	33	32	25	21	18	13	10	5	0	10	12	14	19	21	26	30	30	31	39	42	40	46	
15	30	38	33	33	30	29	35	25	29	29	21	19	16	14	14	11	10	0	3	10	12	12	17	21	21	22	30	32	30	36	
15	29	37	33	33	31	30	37	27	31	32	24	22	19	17	17	14	12	3	0	7	9	9	14	18	18	19	27	30	28	34	
21	34	42	39	39	37	37	44	34	38	39	31	29	26	24	22	18	14	10	7	0	5	10	13	17	20	22	30	33	32	38	
20	30	38	36	37	36	36	44	34	39	41	33	31	28	26	26	22	19	12	9	5	0	5	8	12	15	17	25	28	27	33	
15	25	33	31	32	31	31	39	30	36	38	30	28	26	26	26	23	21	12	9	10	5	0	5	9	10	12	20	23	22	28	
20	25	33	32	34	34	35	43	35	41	43	35	33	31	31	31	28	26	17	14	13	8	5	0	4	8	10	17	21	20	26	
21	23	31	30	32	33	35	44	36	42	44	37	36	34	35	35	32	30	21	18	17	12	9	4	0	6	8	13	17	18	24	
15	17	25	24	26	27	29	38	30	36	39	32	32	31	33	35	32	30	21	18	20	15	10	8	6	0	2	10	13	12	18	
14	15	23	22	24	25	27	36	28	34	38	31	31	31	33	35	33	31	22	19	22	17	12	10	8	2	0	8	11	10	16	
22	17	23	24	27	29	31	40	34	40	45	39	39	39	41	43	41	39	30	27	30	25	20	17	13	10	8	0	5	10	14	
22	13	18	20	23	25	28	36	32	38	43	38	39	39	42	45	43	42	32	30	33	28	23	21	17	13	11	5	0	6	9	
17	7	13	14	17	19	22	30	26	32	37	32	34	34	37	41	40	40	30	28	32	27	22	20	18	12	10	10	6	0	6	
22	7	9	12	15	19	22	30	28	34	39	35	37	38	42	46	46	46	36	34	38	33	28	26	24	18	16	14	9	6	0	
Custo_Viagem
V0
0	185	266	208	208	185	185	278	174	243	278	197	197	197	232	278	278	278	174	174	243	232	174	232	243	174	162	255	255	197	255	
185	0	92	81	116	150	185	278	243	313	371	324	348	359	406	464	464	464	348	336	394	359	290	301	290	208	174	197	150	81	81	
266	92	0	69	104	150	197	278	278	336	394	371	406	429	487	545	545	556	440	429	498	464	394	406	382	301	278	266	208	150	104	
208	81	69	0	34	81	127	208	197	266	324	301	336	359	417	475	475	487	382	382	452	417	359	382	359	290	255	278	232	162	139	
208	116	104	34	0	46	92	174	162	232	290	266	313	336	394	452	464	475	382	382	452	429	371	394	382	301	278	313	266	197	174	
185	150	150	81	46	0	34	127	116	174	243	220	266	290	348	406	429	440	348	359	440	417	359	394	394	313	290	336	290	220	220	
185	185	197	127	92	34	0	104	81	139	197	185	232	255	313	382	394	429	336	348	429	417	359	406	406	336	313	359	324	255	255	
278	278	278	208	174	127	104	0	116	104	162	197	243	278	348	406	440	475	406	429	510	510	452	498	510	440	417	464	429	359	348	
174	243	278	197	162	116	81	116	0	69	127	104	150	174	243	301	336	371	290	313	394	394	348	406	417	348	324	394	371	301	324	
243	313	336	266	232	174	139	104	69	0	58	92	139	185	243	313	348	394	336	359	452	452	417	475	487	417	406	475	452	382	394	
278	371	394	324	290	243	197	162	127	58	0	92	127	162	220	278	324	371	336	371	452	475	440	498	510	452	440	522	498	429	452	
197	324	371	301	266	220	185	197	104	92	92	0	46	81	150	208	243	290	243	278	359	382	348	406	429	371	359	452	440	371	406	
197	348	406	336	313	266	232	243	150	139	127	46	0	34	92	162	197	243	220	255	336	359	324	394	417	371	371	464	452	394	440	
197	359	429	359	336	290	255	278	174	185	162	81	34	0	58	127	162	208	185	220	301	324	301	371	394	359	359	452	452	394	440	
232	406	487	417	394	348	313	348	243	243	220	150	92	58	0	58	104	150	162	208	278	313	301	371	406	382	382	487	487	440	487	
278	464	545	475	452	406	382	406	301	313	278	208	162	127	58	0	58	116	162	208	255	301	313	382	417	406	406	510	522	475	533	
278	464	545	475	464	429	394	440	336	348	324	243	197	162	104	58	0	58	127	174	208	255	278	336	382	371	382	487	498	464	533	
278	464	556	487	475	440	429	475	371	394	371	290	243	208	150	116	58	0	116	139	162	220	243	301	348	348	371	464	487	464	533	
174	348	440	382	382	348	336	406	290	336	336	243	220	185	162	162	127	116	0	34	116	139	139	208	243	243	255	359	371	348	417	
174	336	429	382	382	359	348	429	313	359	371	278	255	220	208	208	174	139	34	0	81	104	104	162	208	208	220	324	348	324	394	
243	394	498	452	452	440	429	510	394	452	452	359	336	301	278	255	208	162	116	81	0	58	116	150	197	232	255	348	382	371	440	
232	359	464	417	429	417	417	510	394	452	475	382	359	324	313	301	255	220	139	104	58	0	58	92	139	174	197	290	324	324	394	
174	290	394	359	371	359	359	452	348	417	440	348	324	301	301	313	278	243	139	104	116	58	0	58	104	116	139	232	266	255	336	
232	301	406	382	394	394	406	498	406	475	498	406	394	371	371	382	336	301	208	162	150	92	58	0	46	92	127	197	243	255	324	
243	290	382	359	382	394	406	510	417	487	510	429	417	394	406	417	382	348	243	208	197	139	104	46	0	69	104	150	197	220	301	
174	208	301	290	301	313	336	440	348	417	452	371	371	359	382	406	371	348	243	208	232	174	116	92	69	0	23	116	150	150	232	
162	174	278	255	278	290	313	417	324	406	440	359	371	359	382	406	382	371	255	220	255	197	139	127	104	23	0	92	127	116	197	
255	197	266	278	313	336	359	464	394	475	522	452	464	452	487	510	487	464	359	324	348	290	232	197	150	116	92	0	58	116	162	
255	150	208	232	266	290	324	429	371	452	498	440	452	452	487	522	498	487	371	348	382	324	266	243	197	150	127	58	0	69	104	
197	81	150	162	197	220	255	359	301	382	429	371	394	394	440	475	464	464	348	324	371	324	255	255	220	150	116	116	69	0	69	
255	81	104	139	174	220	255	348	324	394	452	406	440	440	487	533	533	533	417	394	440	394	336	324	301	232	197	162	104	69	0	
V1
0	246	354	277	277	246	246	369	231	323	369	261	261	261	308	369	369	369	231	231	323	308	231	308	323	231	215	338	338	261	338	
246	0	123	107	154	200	246	369	323	415	492	431	462	477	539	616	616	616	462	446	523	477	385	400	385	277	231	261	200	107	107	
354	123	0	92	138	200	261	369	369	446	523	492	539	569	646	723	723	739	585	569	662	616	523	539	508	400	369	354	277	200	138	
277	107	92	0	46	107	169	277	261	354	431	400	446	477	554	631	631	646	508	508	600	554	477	508	477	385	338	369	308	215	184	
277	154	138	46	0	61	123	231	215	308	385	354	415	446	523	600	616	631	508	508	600	569	492	523	508	400	369	415	354	261	231	
246	200	200	107	61	0	46	169	154	231	323	292	354	385	462	539	569	585	462	477	585	554	477	523	523	415	385	446	385	292	292	
246	246	261	169	123	46	0	138	107	184	261	246	308	338	415	508	523	569	446	462	569	554	477	539	539	446	415	477	431	338	338	
369	369	369	277	231	169	138	0	154	138	215	261	323	369	462	539	585	631	539	569	677	677	600	662	677	585	554	616	569	477	462	
231	323	369	261	215	154	107	154	0	92	169	138	200	231	323	400	446	492	385	415	523	523	462	539	554	462	431	523	492	400	431	
323	415	446	354	308	231	184	138	92	0	77	123	184	246	323	415	462	523	446	477	600	600	554	631	646	554	539	631	600	508	523	
369	492	523	431	385	323	261	215	169	77	0	123	169	215	292	369	431	492	446	492	600	631	585	662	677	600	585	693	662	569	600	
261	431	492	400	354	292	246	261	138	123	123	0	61	107	200	277	323	385	323	369	477	508	462	539	569	492	477	600	585	492	539	
261	462	539	446	415	354	308	323	200	184	169	61	0	46	123	215	261	323	292	338	446	477	431	523	554	492	492	616	600	523	585	
261	477	569	477	446	385	338	369	231	246	215	107	46	0	77	169	215	277	246	292	400	431	400	492	523	477	477	600	600	523	585	
308	539	646	554	523	462	415	462	323	323	292	200	123	77	0	77	138	200	215	277	369	415	400	492	539	508	508	646	646	585	646	
369	616	723	631	600	539	508	539	400	415	369	277	215	169	77	0	77	154	215	277	338	400	415	508	554	539	539	677	693	631	708	
369	616	723	631	616	569	523	585	446	462	431	323	261	215	138	77	0	77	169	231	277	338	369	446	508	492	508	646	662	616	708	
369	616	739	646	631	585	569	631	492	523	492	385	323	277	200	154	77	0	154	184	215	292	323	400	462	462	492	616	646	616	708	
231	462	585	508	508	462	446	539	385	446	446	323	292	246	215	215	169	154	0	46	154	184	184	277	323	323	338	477	492	462	554	
231	446	569	508	508	477	462	569	415	477	492	369	338	292	277	277	231	184	46	0	107	138	138	215	277	277	292	431	462	431	523	
323	523	662	600	600	585	569	677	523	600	600	477	446	400	369	338	277	215	154	107	0	77	154	200	261	308	338	462	508	492	585	
308	477	616	554	569	554	554	677	523	600	631	508	477	431	415	400	338	292	184	138	77	0	77	123	184	231	261	385	431	431	523	
231	385	523	477	492	477	477	600	462	554	585	462	431	400	400	415	369	323	184	138	154	77	0	77	138	154	184	308	354	338	446	
308	400	539	508	523	523	539	662	539	631	662	539	523	492	492	508	446	400	277	215	200	123	77	0	61	123	169	261	323	338	431	
323	385	508	477	508	523	539	677	554	646	677	569	554	523	539	554	508	462	323	277	261	184	138	61	0	92	138	200	261	292	400	
231	277	400	385	400	415	446	585	462	554	600	492	492	477	508	539	492	462	323	277	308	231	154	123	92	0	30	154	200	200	308	
215	231	369	338	369	385	415	554	431	539	585	477	492	477	508	539	508	492	338	292	338	261	184	169	138	30	0	123	169	154	261	
338	261	354	369	415	446	477	616	523	631	693	600	616	600	646	677	646	616	477	431	462	385	308	261	200	154	123	0	77	154	215	
338	200	277	308	354	385	431	569	492	600	662	585	600	600	646	693	662	646	492	462	508	431	354	323	261	200	169	77	0	92	138	
261	107	200	215	261	292	338	477	400	508	569	492	523	523	585	631	616	616	462	431	492	431	338	338	292	200	154	154	92	0	92	
338	107	138	184	231	292	338	462	431	523	600	539	585	585	646	708	708	708	554	523	585	523	446	431	400	308	261	215	138	92	0	
V2
0	185	266	208	208	185	185	278	174	243	278	197	197	197	232	278	278	278	174	174	243	232	174	232	243	174	162	255	255	197	255	
185	0	92	81	116	150	185	278	243	313	371	324	348	359	406	464	464	464	348	336	394	359	290	301	290	208	174	197	150	81	81	
266	92	0	69	104	150	197	278	278	336	394	371	406	429	487	545	545	556	440	429	498	464	394	406	382	301	278	266	208	150	104	
208	81	69	0	34	81	127	208	197	266	324	301	336	359	417	475	475	487	382	382	452	417	359	382	359	290	255	278	232	162	139	
208	116	104	34	0	46	92	174	162	232	290	266	313	336	394	452	464	475	382	382	452	429	371	394	382	301	278	313	266	197	174	
185	150	150	81	46	0	34	127	116	174	243	220	266	290	348	406	429	440	348	359	440	417	359	394	394	313	290	336	290	220	220	
185	185	197	127	92	34	0	104	81	139	197	185	232	255	313	382	394	429	336	348	429	417	359	406	406	336	313	359	324	255	255	
278	278	278	208	174	127	104	0	116	104	162	197	243	278	348	406	440	475	406	429	510	510	452	498	510	440	417	464	429	359	348	
174	243	278	197	162	116	81	116	0	69	127	104	150	174	243	301	336	371	290	313	394	394	348	406	417	348	324	394	371	301	324	
243	313	336	266	232	174	139	104	69	0	58	92	139	185	243	313	348	394	336	359	452	452	417	475	487	417	406	475	452	382	394	
278	371	394	324	290	243	197	162	127	58	0	92	127	162	220	278	324	371	336	371	452	475	440	498	510	452	440	522	498	429	452	
197	324	371	301	266	220	185	197	104	92	92	0	46	81	150	208	243	290	243	278	359	382	348	406	429	371	359	452	440	371	406	
197	348	406	336	313	266	232	243	150	139	127	46	0	34	92	162	197	243	220	255	336	359	324	394	417	371	371	464	452	394	440	
197	359	429	359	336	290	255	278	174	185	162	81	34	0	58	127	162	208	185	220	301	324	301	371	394	359	359	452	452	394	440	
232	406	487	417	394	348	313	348	243	243	220	150	92	58	0	58	104	150	162	208	278	313	301	371	406	382	382	487	487	440	487	
278	464	545	475	452	406	382	406	301	313	278	208	162	127	58	0	58	116	162	208	255	301	313	382	417	406	406	510	522	475	533	
278	464	545	475	464	429	394	440	336	348	324	243	197	162	104	58	0	58	127	174	208	255	278	336	382	371	382	487	498	464	533	
278	464	556	487	475	440	429	475	371	394	371	290	243	208	150	116	58	0	116	139	162	220	243	301	348	348	371	464	487	464	533	
174	348	440	382	382	348	336	406	290	336	336	243	220	185	162	162	127	116	0	34	116	139	139	208	243	243	255	359	371	348	417	
174	336	429	382	382	359	348	429	313	359	371	278	255	220	208	208	174	139	34	0	81	104	104	162	208	208	220	324	348	324	394	
243	394	498	452	452	440	429	510	394	452	452	359	336	301	278	255	208	162	116	81	0	58	116	150	197	232	255	348	382	371	440	
232	359	464	417	429	417	417	510	394	452	475	382	359	324	313	301	255	220	139	104	58	0	58	92	139	174	197	290	324	324	394	
174	290	394	359	371	359	359	452	348	417	440	348	324	301	301	313	278	243	139	104	116	58	0	58	104	116	139	232	266	255	336	
232	301	406	382	394	394	406	498	406	475	498	406	394	371	371	382	336	301	208	162	150	92	58	0	46	92	127	197	243	255	324	
243	290	382	359	382	394	406	510	417	487	510	429	417	394	406	417	382	348	243	208	197	139	104	46	0	69	104	150	197	220	301	
174	208	301	290	301	313	336	440	348	417	452	371	371	359	382	406	371	348	243	208	232	174	116	92	69	0	23	116	150	150	232	
162	174	278	255	278	290	313	417	324	406	440	359	371	359	382	406	382	371	255	220	255	197	139	127	104	23	0	92	127	116	197	
255	197	266	278	313	336	359	464	394	475	522	452	464	452	487	510	487	464	359	324	348	290	232	197	150	116	92	0	58	116	162	
255	150	208	232	266	290	324	429	371	452	498	440	452	452	487	522	498	487	371	348	382	324	266	243	197	150	127	58	0	69	104	
197	81	150	162	197	220	255	359	301	382	429	371	394	394	440	475	464	464	348	324	371	324	255	255	220	150	116	116	69	0	69	
255	81	104	139	174	220	255	348	324	394	452	406	440	440	487	533	533	533	417	394	440	394	336	324	301	232	197	162	104	69	0	
V3
0	217	312	244	244	217	217	326	204	285	326	231	231	231	272	326	326	326	204	204	285	272	204	272	285	204	190	299	299	231	299	
217	0	108	95	136	176	217	326	285	367	435	380	408	421	476	544	544	544	408	394	462	421	340	353	340	244	204	231	176	95	95	
312	108	0	81	122	176	231	326	326	394	462	435	476	503	571	639	639	652	516	503	584	544	462	476	448	353	326	312	244	176	122	
244	95	81	0	40	95	149	244	231	312	380	353	394	421	489	557	557	571	448	448	530	489	421	448	421	340	299	326	272	190	163	
244	136	122	40	0	54	108	204	190	272	340	312	367	394	462	530	544	557	448	448	530	503	435	462	448	353	326	367	312	231	204	
217	176	176	95	54	0	40	149	136	204	285	258	312	340	408	476	503	516	408	421	516	489	421	462	462	367	340	394	340	258	258	
217	217	231	149	108	40	0	122	95	163	231	217	272	299	367	448	462	503	394	408	503	489	421	476	476	394	367	421	380	299	299	
326	326	326	244	204	149	122	0	136	122	190	231	285	326	408	476	516	557	476	503	598	598	530	584	598	516	489	544	503	421	408	
204	285	326	231	190	136	95	136	0	81	149	122	176	204	285	353	394	435	340	367	462	462	408	476	489	408	380	462	435	353	380	
285	367	394	312	272	204	163	122	81	0	68	108	163	217	285	367	408	462	394	421	530	530	489	557	571	489	476	557	530	448	462	
326	435	462	380	340	285	231	190	149	68	0	108	149	190	258	326	380	435	394	435	530	557	516	584	598	530	516	612	584	503	530	
231	380	435	353	312	258	217	231	122	108	108	0	54	95	176	244	285	340	285	326	421	448	408	476	503	435	421	530	516	435	476	
231	408	476	394	367	312	272	285	176	163	149	54	0	40	108	190	231	285	258	299	394	421	380	462	489	435	435	544	530	462	516	
231	421	503	421	394	340	299	326	204	217	190	95	40	0	68	149	190	244	217	258	353	380	353	435	462	421	421	530	530	462	516	
272	476	571	489	462	408	367	408	285	285	258	176	108	68	0	68	122	176	190	244	326	367	353	435	476	448	448	571	571	516	571	
326	544	639	557	530	476	448	476	353	367	326	244	190	149	68	0	68	136	190	244	299	353	367	448	489	476	476	598	612	557	625	
326	544	639	557	544	503	462	516	394	408	380	285	231	190	122	68	0	68	149	204	244	299	326	394	448	435	448	571	584	544	625	
326	544	652	571	557	516	503	557	435	462	435	340	285	244	176	136	68	0	136	163	190	258	285	353	408	408	435	544	571	544	625	
204	408	516	448	448	408	394	476	340	394	394	285	258	217	190	190	149	136	0	40	136	163	163	244	285	285	299	421	435	408	489	
204	394	503	448	448	421	408	503	367	421	435	326	299	258	244	244	204	163	40	0	95	122	122	190	244	244	258	380	408	380	462	
285	462	584	530	530	516	503	598	462	530	530	421	394	353	326	299	244	190	136	95	0	68	136	176	231	272	299	408	448	435	516	
272	421	544	489	503	489	489	598	462	530	557	448	421	380	367	353	299	258	163	122	68	0	68	108	163	204	231	340	380	380	462	
204	340	462	421	435	421	421	530	408	489	516	408	380	353	353	367	326	285	163	122	136	68	0	68	122	136	163	272	312	299	394	
272	353	476	448	462	462	476	584	476	557	584	476	462	435	435	448	394	353	244	190	176	108	68	0	54	108	149	231	285	299	380	
285	340	448	421	448	462	476	598	489	571	598	503	489	462	476	489	448	408	285	244	231	163	122	54	0	81	122	176	231	258	353	
204	244	353	340	353	367	394	516	408	489	530	435	435	421	448	476	435	408	285	244	272	204	136	108	81	0	27	136	176	176	272	
190	204	326	299	326	340	367	489	380	476	516	421	435	421	448	476	448	435	299	258	299	231	163	149	122	27	0	108	149	136	231	
299	231	312	326	367	394	421	544	462	557	612	530	544	530	571	598	571	544	421	380	408	340	272	231	176	136	108	0	68	136	190	
299	176	244	272	312	340	380	503	435	530	584	516	530	530	571	612	584	571	435	408	448	380	312	285	231	176	149	68	0	81	122	
231	95	176	190	231	258	299	421	353	448	503	435	462	462	516	557	544	544	408	380	435	380	299	299	258	176	136	136	81	0	81	
299	95	122	163	204	258	299	408	380	462	530	476	516	516	571	625	625	625	489	462	516	462	394	380	353	272	231	190	122	81	0	
V4
0	96	138	108	108	96	96	144	90	126	144	102	102	102	120	144	144	144	90	90	126	120	90	120	126	90	84	132	132	102	132	
96	0	48	42	60	78	96	144	126	162	192	168	180	186	210	240	240	240	180	174	204	186	150	156	150	108	90	102	78	42	42	
138	48	0	36	54	78	102	144	144	174	204	192	210	222	252	282	282	288	228	222	258	240	204	210	198	156	144	138	108	78	54	
108	42	36	0	18	42	66	108	102	138	168	156	174	186	216	246	246	252	198	198	234	216	186	198	186	150	132	144	120	84	72	
108	60	54	18	0	24	48	90	84	120	150	138	162	174	204	234	240	246	198	198	234	222	192	204	198	156	144	162	138	102	90	
96	78	78	42	24	0	18	66	60	90	126	114	138	150	180	210	222	228	180	186	228	216	186	204	204	162	150	174	150	114	114	
96	96	102	66	48	18	0	54	42	72	102	96	120	132	162	198	204	222	174	180	222	216	186	210	210	174	162	186	168	132	132	
144	144	144	108	90	66	54	0	60	54	84	102	126	144	180	210	228	246	210	222	264	264	234	258	264	228	216	240	222	186	180	
90	126	144	102	84	60	42	60	0	36	66	54	78	90	126	156	174	192	150	162	204	204	180	210	216	180	168	204	192	156	168	
126	162	174	138	120	90	72	54	36	0	30	48	72	96	126	162	180	204	174	186	234	234	216	246	252	216	210	246	234	198	204	
144	192	204	168	150	126	102	84	66	30	0	48	66	84	114	144	168	192	174	192	234	246	228	258	264	234	228	270	258	222	234	
102	168	192	156	138	114	96	102	54	48	48	0	24	42	78	108	126	150	126	144	186	198	180	210	222	192	186	234	228	192	210	
102	180	210	174	162	138	120	126	78	72	66	24	0	18	48	84	102	126	114	132	174	186	168	204	216	192	192	240	234	204	228	
102	186	222	186	174	150	132	144	90	96	84	42	18	0	30	66	84	108	96	114	156	168	156	192	204	186	186	234	234	204	228	
120	210	252	216	204	180	162	180	126	126	114	78	48	30	0	30	54	78	84	108	144	162	156	192	210	198	198	252	252	228	252	
144	240	282	246	234	210	198	210	156	162	144	108	84	66	30	0	30	60	84	108	132	156	162	198	216	210	210	264	270	246	276	
144	240	282	246	240	222	204	228	174	180	168	126	102	84	54	30	0	30	66	90	108	132	144	174	198	192	198	252	258	240	276	
144	240	288	252	246	228	222	246	192	204	192	150	126	108	78	60	30	0	60	72	84	114	126	156	180	180	192	240	252	240	276	
90	180	228	198	198	180	174	210	150	174	174	126	114	96	84	84	66	60	0	18	60	72	72	108	126	126	132	186	192	180	216	
90	174	222	198	198	186	180	222	162	186	192	144	132	114	108	108	90	72	18	0	42	54	54	84	108	108	114	168	180	168	204	
126	204	258	234	234	228	222	264	204	234	234	186	174	156	144	132	108	84	60	42	0	30	60	78	102	120	132	180	198	192	228	
120	186	240	216	222	216	216	264	204	234	246	198	186	168	162	156	132	114	72	54	30	0	30	48	72	90	102	150	168	168	204	
90	150	204	186	192	186	186	234	180	216	228	180	168	156	156	162	144	126	72	54	60	30	0	30	54	60	72	120	138	132	174	
120	156	210	198	204	204	210	258	210	246	258	210	204	192	192	198	174	156	108	84	78	48	30	0	24	48	66	102	126	132	168	
126	150	198	186	198	204	210	264	216	252	264	222	216	204	210	216	198	180	126	108	102	72	54	24	0	36	54	78	102	114	156	
90	108	156	150	156	162	174	228	180	216	234	192	192	186	198	210	192	180	126	108	120	90	60	48	36	0	12	60	78	78	120	
84	90	144	132	144	150	162	216	168	210	228	186	192	186	198	210	198	192	132	114	132	102	72	66	54	12	0	48	66	60	102	
132	102	138	144	162	174	186	240	204	246	270	234	240	234	252	264	252	240	186	168	180	150	120	102	78	60	48	0	30	60	84	
132	78	108	120	138	150	168	222	192	234	258	228	234	234	252	270	258	252	192	180	198	168	138	126	102	78	66	30	0	36	54	
102	42	78	84	102	114	132	186	156	198	222	192	204	204	228	246	240	240	180	168	192	168	132	132	114	78	60	60	36	0	36	
132	42	54	72	90	114	132	180	168	204	234	210	228	228	252	276	276	276	216	204	228	204	174	168	156	120	102	84	54	36	0	
V5
0	204	294	230	230	204	204	307	192	268	307	217	217	217	256	307	307	307	192	192	268	256	192	256	268	192	179	281	281	217	281	
204	0	102	89	128	166	204	307	268	345	409	358	384	396	448	512	512	512	384	371	435	396	320	332	320	230	192	217	166	89	89	
294	102	0	76	115	166	217	307	307	371	435	409	448	473	537	601	601	614	486	473	550	512	435	448	422	332	307	294	230	166	115	
230	89	76	0	38	89	140	230	217	294	358	332	371	396	460	524	524	537	422	422	499	460	396	422	396	320	281	307	256	179	153	
230	128	115	38	0	51	102	192	179	256	320	294	345	371	435	499	512	524	422	422	499	473	409	435	422	332	307	345	294	217	192	
204	166	166	89	51	0	38	140	128	192	268	243	294	320	384	448	473	486	384	396	486	460	396	435	435	345	320	371	320	243	243	
204	204	217	140	102	38	0	115	89	153	217	204	256	281	345	422	435	473	371	384	473	460	396	448	448	371	345	396	358	281	281	
307	307	307	230	192	140	115	0	128	115	179	217	268	307	384	448	486	524	448	473	563	563	499	550	563	486	460	512	473	396	384	
192	268	307	217	179	128	89	128	0	76	140	115	166	192	268	332	371	409	320	345	435	435	384	448	460	384	358	435	409	332	358	
268	345	371	294	256	192	153	115	76	0	64	102	153	204	268	345	384	435	371	396	499	499	460	524	537	460	448	524	499	422	435	
307	409	435	358	320	268	217	179	140	64	0	102	140	179	243	307	358	409	371	409	499	524	486	550	563	499	486	576	550	473	499	
217	358	409	332	294	243	204	217	115	102	102	0	51	89	166	230	268	320	268	307	396	422	384	448	473	409	396	499	486	409	448	
217	384	448	371	345	294	256	268	166	153	140	51	0	38	102	179	217	268	243	281	371	396	358	435	460	409	409	512	499	435	486	
217	396	473	396	371	320	281	307	192	204	179	89	38	0	64	140	179	230	204	243	332	358	332	409	435	396	396	499	499	435	486	
256	448	537	460	435	384	345	384	268	268	243	166	102	64	0	64	115	166	179	230	307	345	332	409	448	422	422	537	537	486	537	
307	512	601	524	499	448	422	448	332	345	307	230	179	140	64	0	64	128	179	230	281	332	345	422	460	448	448	563	576	524	588	
307	512	601	524	512	473	435	486	371	384	358	268	217	179	115	64	0	64	140	192	230	281	307	371	422	409	422	537	550	512	588	
307	512	614	537	524	486	473	524	409	435	409	320	268	230	166	128	64	0	128	153	179	243	268	332	384	384	409	512	537	512	588	
192	384	486	422	422	384	371	448	320	371	371	268	243	204	179	179	140	128	0	38	128	153	153	230	268	268	281	396	409	384	460	
192	371	473	422	422	396	384	473	345	396	409	307	281	243	230	230	192	153	38	0	89	115	115	179	230	230	243	358	384	358	435	
268	435	550	499	499	486	473	563	435	499	499	396	371	332	307	281	230	179	128	89	0	64	128	166	217	256	281	384	422	409	486	
256	396	512	460	473	460	460	563	435	499	524	422	396	358	345	332	281	243	153	115	64	0	64	102	153	192	217	320	358	358	435	
192	320	435	396	409	396	396	499	384	460	486	384	358	332	332	345	307	268	153	115	128	64	0	64	115	128	153	256	294	281	371	
256	332	448	422	435	435	448	550	448	524	550	448	435	409	409	422	371	332	230	179	166	102	64	0	51	102	140	217	268	281	358	
268	320	422	396	422	435	448	563	460	537	563	473	460	435	448	460	422	384	268	230	217	153	115	51	0	76	115	166	217	243	332	
192	230	332	320	332	345	371	486	384	460	499	409	409	396	422	448	409	384	268	230	256	192	128	102	76	0	25	128	166	166	256	
179	192	307	281	307	320	345	460	358	448	486	396	409	396	422	448	422	409	281	243	281	217	153	140	115	25	0	102	140	128	217	
281	217	294	307	345	371	396	512	435	524	576	499	512	499	537	563	537	512	396	358	384	320	256	217	166	128	102	0	64	128	179	
281	166	230	256	294	320	358	473	409	499	550	486	499	499	537	576	550	537	409	384	422	358	294	268	217	166	140	64	0	76	115	
217	89	166	179	217	243	281	396	332	422	473	409	435	435	486	524	512	512	384	358	409	358	281	281	243	166	128	128	76	0	76	
281	89	115	153	192	243	281	384	358	435	499	448	486	486	537	588	588	588	460	435	486	435	371	358	332	256	217	179	115	76	0	
V6
0	118	170	133	133	118	118	177	111	155	177	125	125	125	148	177	177	177	111	111	155	148	111	148	155	111	103	162	162	125	162	
118	0	59	51	74	96	118	177	155	199	236	207	222	229	259	296	296	296	222	214	251	229	185	192	185	133	111	125	96	51	51	
170	59	0	44	66	96	125	177	177	214	251	236	259	273	310	347	347	355	281	273	318	296	251	259	244	192	177	170	133	96	66	
133	51	44	0	22	51	81	133	125	170	207	192	214	229	266	303	303	310	244	244	288	266	229	244	229	185	162	177	148	103	88	
133	74	66	22	0	29	59	111	103	148	185	170	199	214	251	288	296	303	244	244	288	273	236	251	244	192	177	199	170	125	111	
118	96	96	51	29	0	22	81	74	111	155	140	170	185	222	259	273	281	222	229	281	266	229	251	251	199	185	214	185	140	140	
118	118	125	81	59	22	0	66	51	88	125	118	148	162	199	244	251	273	214	222	273	266	229	259	259	214	199	229	207	162	162	
177	177	177	133	111	81	66	0	74	66	103	125	155	177	222	259	281	303	259	273	325	325	288	318	325	281	266	296	273	229	222	
111	155	177	125	103	74	51	74	0	44	81	66	96	111	155	192	214	236	185	199	251	251	222	259	266	222	207	251	236	192	207	
155	199	214	170	148	111	88	66	44	0	37	59	88	118	155	199	222	251	214	229	288	288	266	303	310	266	259	303	288	244	251	
177	236	251	207	185	155	125	103	81	37	0	59	81	103	140	177	207	236	214	236	288	303	281	318	325	288	281	333	318	273	288	
125	207	236	192	170	140	118	125	66	59	59	0	29	51	96	133	155	185	155	177	229	244	222	259	273	236	229	288	281	236	259	
125	222	259	214	199	170	148	155	96	88	81	29	0	22	59	103	125	155	140	162	214	229	207	251	266	236	236	296	288	251	281	
125	229	273	229	214	185	162	177	111	118	103	51	22	0	37	81	103	133	118	140	192	207	192	236	251	229	229	288	288	251	281	
148	259	310	266	251	222	199	222	155	155	140	96	59	37	0	37	66	96	103	133	177	199	192	236	259	244	244	310	310	281	310	
177	296	347	303	288	259	244	259	192	199	177	133	103	81	37	0	37	74	103	133	162	192	199	244	266	259	259	325	333	303	340	
177	296	347	303	296	273	251	281	214	222	207	155	125	103	66	37	0	37	81	111	133	162	177	214	244	236	244	310	318	296	340	
177	296	355	310	303	281	273	303	236	251	236	185	155	133	96	74	37	0	74	88	103	140	155	192	222	222	236	296	310	296	340	
111	222	281	244	244	222	214	259	185	214	214	155	140	118	103	103	81	74	0	22	74	88	88	133	155	155	162	229	236	222	266	
111	214	273	244	244	229	222	273	199	229	236	177	162	140	133	133	111	88	22	0	51	66	66	103	133	133	140	207	222	207	251	
155	251	318	288	288	281	273	325	251	288	288	229	214	192	177	162	133	103	74	51	0	37	74	96	125	148	162	222	244	236	281	
148	229	296	266	273	266	266	325	251	288	303	244	229	207	199	192	162	140	88	66	37	0	37	59	88	111	125	185	207	207	251	
111	185	251	229	236	229	229	288	222	266	281	222	207	192	192	199	177	155	88	66	74	37	0	37	66	74	88	148	170	162	214	
148	192	259	244	251	251	259	318	259	303	318	259	251	236	236	244	214	192	133	103	96	59	37	0	29	59	81	125	155	162	207	
155	185	244	229	244	251	259	325	266	310	325	273	266	251	259	266	244	222	155	133	125	88	66	29	0	44	66	96	125	140	192	
111	133	192	185	192	199	214	281	222	266	288	236	236	229	244	259	236	222	155	133	148	111	74	59	44	0	14	74	96	96	148	
103	111	177	162	177	185	199	266	207	259	281	229	236	229	244	259	244	236	162	140	162	125	88	81	66	14	0	59	81	74	125	
162	125	170	177	199	214	229	296	251	303	333	288	296	288	310	325	310	296	229	207	222	185	148	125	96	74	59	0	37	74	103	
162	96	133	148	170	185	207	273	236	288	318	281	288	288	310	333	318	310	236	222	244	207	170	155	125	96	81	37	0	44	66	
125	51	96	103	125	140	162	229	192	244	273	236	251	251	281	303	296	296	222	207	236	207	162	162	140	96	74	74	44	0	44	
162	51	66	88	111	140	162	222	207	251	288	259	281	281	310	340	340	340	266	251	281	251	214	207	192	148	125	103	66	44	0	
V7
0	131	188	147	147	131	131	196	123	172	196	139	139	139	164	196	196	196	123	123	172	164	123	164	172	123	114	180	180	139	180	
131	0	65	57	82	106	131	196	172	221	262	229	246	254	287	328	328	328	246	237	278	254	205	213	205	147	123	139	106	57	57	
188	65	0	49	73	106	139	196	196	237	278	262	287	303	344	385	385	393	311	303	352	328	278	287	270	213	196	188	147	106	73	
147	57	49	0	24	57	90	147	139	188	229	213	237	254	295	336	336	344	270	270	319	295	254	270	254	205	180	196	164	114	98	
147	82	73	24	0	32	65	123	114	164	205	188	221	237	278	319	328	336	270	270	319	303	262	278	270	213	196	221	188	139	123	
131	106	106	57	32	0	24	90	82	123	172	155	188	205	246	287	303	311	246	254	311	295	254	278	278	221	205	237	205	155	155	
131	131	139	90	65	24	0	73	57	98	139	131	164	180	221	270	278	303	237	246	303	295	254	287	287	237	221	254	229	180	180	
196	196	196	147	123	90	73	0	82	73	114	139	172	196	246	287	311	336	287	303	360	360	319	352	360	311	295	328	303	254	246	
123	172	196	139	114	82	57	82	0	49	90	73	106	123	172	213	237	262	205	221	278	278	246	287	295	246	229	278	262	213	229	
172	221	237	188	164	123	98	73	49	0	41	65	98	131	172	221	246	278	237	254	319	319	295	336	344	295	287	336	319	270	278	
196	262	278	229	205	172	139	114	90	41	0	65	90	114	155	196	229	262	237	262	319	336	311	352	360	319	311	369	352	303	319	
139	229	262	213	188	155	131	139	73	65	65	0	32	57	106	147	172	205	172	196	254	270	246	287	303	262	254	319	311	262	287	
139	246	287	237	221	188	164	172	106	98	90	32	0	24	65	114	139	172	155	180	237	254	229	278	295	262	262	328	319	278	311	
139	254	303	254	237	205	180	196	123	131	114	57	24	0	41	90	114	147	131	155	213	229	213	262	278	254	254	319	319	278	311	
164	287	344	295	278	246	221	246	172	172	155	106	65	41	0	41	73	106	114	147	196	221	213	262	287	270	270	344	344	311	344	
196	328	385	336	319	287	270	287	213	221	196	147	114	90	41	0	41	82	114	147	180	213	221	270	295	287	287	360	369	336	377	
196	328	385	336	328	303	278	311	237	246	229	172	139	114	73	41	0	41	90	123	147	180	196	237	270	262	270	344	352	328	377	
196	328	393	344	336	311	303	336	262	278	262	205	172	147	106	82	41	0	82	98	114	155	172	213	246	246	262	328	344	328	377	
123	246	311	270	270	246	237	287	205	237	237	172	155	131	114	114	90	82	0	24	82	98	98	147	172	172	180	254	262	246	295	
123	237	303	270	270	254	246	303	221	254	262	196	180	155	147	147	123	98	24	0	57	73	73	114	147	147	155	229	246	229	278	
172	278	352	319	319	311	303	360	278	319	319	254	237	213	196	180	147	114	82	57	0	41	82	106	139	164	180	246	270	262	311	
164	254	328	295	303	295	295	360	278	319	336	270	254	229	221	213	180	155	98	73	41	0	41	65	98	123	139	205	229	229	278	
123	205	278	254	262	254	254	319	246	295	311	246	229	213	213	221	196	172	98	73	82	41	0	41	73	82	98	164	188	180	237	
164	213	287	270	278	278	287	352	287	336	352	287	278	262	262	270	237	213	147	114	106	65	41	0	32	65	90	139	172	180	229	
172	205	270	254	270	278	287	360	295	344	360	303	295	278	287	295	270	246	172	147	139	98	73	32	0	49	73	106	139	155	213	
123	147	213	205	213	221	237	311	246	295	319	262	262	254	270	287	262	246	172	147	164	123	82	65	49	0	16	82	106	106	164	
114	123	196	180	196	205	221	295	229	287	311	254	262	254	270	287	270	262	180	155	180	139	98	90	73	16	0	65	90	82	139	
180	139	188	196	221	237	254	328	278	336	369	319	328	319	344	360	344	328	254	229	246	205	164	139	106	82	65	0	41	82	114	
180	106	147	164	188	205	229	303	262	319	352	311	319	319	344	369	352	344	262	246	270	229	188	172	139	106	90	41	0	49	73	
139	57	106	114	139	155	180	254	213	270	303	262	278	278	311	336	328	328	246	229	262	229	180	180	155	106	82	82	49	0	49	
180	57	73	98	123	155	180	246	229	278	319	287	311	311	344	377	377	377	295	278	311	278	237	229	213	164	139	114	73	49	0	
V8
0	236	340	266	266	236	236	355	222	310	355	251	251	251	296	355	355	355	222	222	310	296	222	296	310	222	207	325	325	251	325	
236	0	118	103	148	192	236	355	310	399	473	414	444	458	518	592	592	592	444	429	503	458	370	384	370	266	222	251	192	103	103	
340	118	0	88	133	192	251	355	355	429	503	473	518	547	621	695	695	710	562	547	636	592	503	518	488	384	355	340	266	192	133	
266	103	88	0	44	103	162	266	251	340	414	384	429	458	532	606	606	621	488	488	577	532	458	488	458	370	325	355	296	207	177	
266	148	133	44	0	59	118	222	207	296	370	340	399	429	503	577	592	606	488	488	577	547	473	503	488	384	355	399	340	251	222	
236	192	192	103	59	0	44	162	148	222	310	281	340	370	444	518	547	562	444	458	562	532	458	503	503	399	370	429	370	281	281	
236	236	251	162	118	44	0	133	103	177	251	236	296	325	399	488	503	547	429	444	547	532	458	518	518	429	399	458	414	325	325	
355	355	355	266	222	162	133	0	148	133	207	251	310	355	444	518	562	606	518	547	651	651	577	636	651	562	532	592	547	458	444	
222	310	355	251	207	148	103	148	0	88	162	133	192	222	310	384	429	473	370	399	503	503	444	518	532	444	414	503	473	384	414	
310	399	429	340	296	222	177	133	88	0	74	118	177	236	310	399	444	503	429	458	577	577	532	606	621	532	518	606	577	488	503	
355	473	503	414	370	310	251	207	162	74	0	118	162	207	281	355	414	473	429	473	577	606	562	636	651	577	562	666	636	547	577	
251	414	473	384	340	281	236	251	133	118	118	0	59	103	192	266	310	370	310	355	458	488	444	518	547	473	458	577	562	473	518	
251	444	518	429	399	340	296	310	192	177	162	59	0	44	118	207	251	310	281	325	429	458	414	503	532	473	473	592	577	503	562	
251	458	547	458	429	370	325	355	222	236	207	103	44	0	74	162	207	266	236	281	384	414	384	473	503	458	458	577	577	503	562	
296	518	621	532	503	444	399	444	310	310	281	192	118	74	0	74	133	192	207	266	355	399	384	473	518	488	488	621	621	562	621	
355	592	695	606	577	518	488	518	384	399	355	266	207	162	74	0	74	148	207	266	325	384	399	488	532	518	518	651	666	606	680	
355	592	695	606	592	547	503	562	429	444	414	310	251	207	133	74	0	74	162	222	266	325	355	429	488	473	488	621	636	592	680	
355	592	710	621	606	562	547	606	473	503	473	370	310	266	192	148	74	0	148	177	207	281	310	384	444	444	473	592	621	592	680	
222	444	562	488	488	444	429	518	370	429	429	310	281	236	207	207	162	148	0	44	148	177	177	266	310	310	325	458	473	444	532	
222	429	547	488	488	458	444	547	399	458	473	355	325	281	266	266	222	177	44	0	103	133	133	207	266	266	281	414	444	414	503	
310	503	636	577	577	562	547	651	503	577	577	458	429	384	355	325	266	207	148	103	0	74	148	192	251	296	325	444	488	473	562	
296	458	592	532	547	532	532	651	503	577	606	488	458	414	399	384	325	281	177	133	74	0	74	118	177	222	251	370	414	414	503	
222	370	503	458	473	458	458	577	444	532	562	444	414	384	384	399	355	310	177	133	148	74	0	74	133	148	177	296	340	325	429	
296	384	518	488	503	503	518	636	518	606	636	518	503	473	473	488	429	384	266	207	192	118	74	0	59	118	162	251	310	325	414	
310	370	488	458	488	503	518	651	532	621	651	547	532	503	518	532	488	444	310	266	251	177	133	59	0	88	133	192	251	281	384	
222	266	384	370	384	399	429	562	444	532	577	473	473	458	488	518	473	444	310	266	296	222	148	118	88	0	29	148	192	192	296	
207	222	355	325	355	370	399	532	414	518	562	458	473	458	488	518	488	473	325	281	325	251	177	162	133	29	0	118	162	148	251	
325	251	340	355	399	429	458	592	503	606	666	577	592	577	621	651	621	592	458	414	444	370	296	251	192	148	118	0	74	148	207	
325	192	266	296	340	370	414	547	473	577	636	562	577	577	621	666	636	621	473	444	488	414	340	310	251	192	162	74	0	88	133	
251	103	192	207	251	281	325	458	384	488	547	473	503	503	562	606	592	592	444	414	473	414	325	325	281	192	148	148	88	0	88	
325	103	133	177	222	281	325	444	414	503	577	518	562	562	621	680	680	680	532	503	562	503	429	414	384	296	251	207	133	88	0	
V9
0	140	202	158	158	140	140	211	132	184	211	149	149	149	176	211	211	211	132	132	184	176	132	176	184	132	123	193	193	149	193	
140	0	70	61	88	114	140	211	184	237	281	246	264	272	308	352	352	352	264	255	299	272	220	228	220	158	132	149	114	61	61	
202	70	0	52	79	114	149	211	211	255	299	281	308	325	369	413	413	422	334	325	378	352	299	308	290	228	211	202	158	114	79	
158	61	52	0	26	61	96	158	149	202	246	228	255	272	316	360	360	369	290	290	343	316	272	290	272	220	193	211	176	123	105	
158	88	79	26	0	35	70	132	123	176	220	202	237	255	299	343	352	360	290	290	343	325	281	299	290	228	211	237	202	149	132	
140	114	114	61	35	0	26	96	88	132	184	167	202	220	264	308	325	334	264	272	334	316	272	299	299	237	220	255	220	167	167	
140	140	149	96	70	26	0	79	61	105	149	140	176	193	237	290	299	325	255	264	325	316	272	308	308	255	237	272	246	193	193	
211	211	211	158	132	96	79	0	88	79	123	149	184	211	264	308	334	360	308	325	387	387	343	378	387	334	316	352	325	272	264	
132	184	211	149	123	88	61	88	0	52	96	79	114	132	184	228	255	281	220	237	299	299	264	308	316	264	246	299	281	228	246	
184	237	255	202	176	132	105	79	52	0	44	70	105	140	184	237	264	299	255	272	343	343	316	360	369	316	308	360	343	290	299	
211	281	299	246	220	184	149	123	96	44	0	70	96	123	167	211	246	281	255	281	343	360	334	378	387	343	334	396	378	325	343	
149	246	281	228	202	167	140	149	79	70	70	0	35	61	114	158	184	220	184	211	272	290	264	308	325	281	272	343	334	281	308	
149	264	308	255	237	202	176	184	114	105	96	35	0	26	70	123	149	184	167	193	255	272	246	299	316	281	281	352	343	299	334	
149	272	325	272	255	220	193	211	132	140	123	61	26	0	44	96	123	158	140	167	228	246	228	281	299	272	272	343	343	299	334	
176	308	369	316	299	264	237	264	184	184	167	114	70	44	0	44	79	114	123	158	211	237	228	281	308	290	290	369	369	334	369	
211	352	413	360	343	308	290	308	228	237	211	158	123	96	44	0	44	88	123	158	193	228	237	290	316	308	308	387	396	360	404	
211	352	413	360	352	325	299	334	255	264	246	184	149	123	79	44	0	44	96	132	158	193	211	255	290	281	290	369	378	352	404	
211	352	422	369	360	334	325	360	281	299	281	220	184	158	114	88	44	0	88	105	123	167	184	228	264	264	281	352	369	352	404	
132	264	334	290	290	264	255	308	220	255	255	184	167	140	123	123	96	88	0	26	88	105	105	158	184	184	193	272	281	264	316	
132	255	325	290	290	272	264	325	237	272	281	211	193	167	158	158	132	105	26	0	61	79	79	123	158	158	167	246	264	246	299	
184	299	378	343	343	334	325	387	299	343	343	272	255	228	211	193	158	123	88	61	0	44	88	114	149	176	193	264	290	281	334	
176	272	352	316	325	316	316	387	299	343	360	290	272	246	237	228	193	167	105	79	44	0	44	70	105	132	149	220	246	246	299	
132	220	299	272	281	272	272	343	264	316	334	264	246	228	228	237	211	184	105	79	88	44	0	44	79	88	105	176	202	193	255	
176	228	308	290	299	299	308	378	308	360	378	308	299	281	281	290	255	228	158	123	114	70	44	0	35	70	96	149	184	193	246	
184	220	290	272	290	299	308	387	316	369	387	325	316	299	308	316	290	264	184	158	149	105	79	35	0	52	79	114	149	167	228	
132	158	228	220	228	237	255	334	264	316	343	281	281	272	290	308	281	264	184	158	176	132	88	70	52	0	17	88	114	114	176	
123	132	211	193	211	220	237	316	246	308	334	272	281	272	290	308	290	281	193	167	193	149	105	96	79	17	0	70	96	88	149	
193	149	202	211	237	255	272	352	299	360	396	343	352	343	369	387	369	352	272	246	264	220	176	149	114	88	70	0	44	88	123	
193	114	158	176	202	220	246	325	281	343	378	334	343	343	369	396	378	369	281	264	290	246	202	184	149	114	96	44	0	52	79	
149	61	114	123	149	167	193	272	228	290	325	281	299	299	334	360	352	352	264	246	281	246	193	193	167	114	88	88	52	0	52	
193	61	79	105	132	167	193	264	246	299	343	308	334	334	369	404	404	404	316	299	334	299	255	246	228	176	149	123	79	52	0	
V10
0	201	289	226	226	201	201	302	189	264	302	214	214	214	252	302	302	302	189	189	264	252	189	252	264	189	176	277	277	214	277	
201	0	100	88	126	163	201	302	264	340	403	352	378	390	441	504	504	504	378	365	428	390	315	327	315	226	189	214	163	88	88	
289	100	0	75	113	163	214	302	302	365	428	403	441	466	529	592	592	604	478	466	541	504	428	441	415	327	302	289	226	163	113	
226	88	75	0	37	88	138	226	214	289	352	327	365	390	453	516	516	529	415	415	491	453	390	415	390	315	277	302	252	176	151	
226	126	113	37	0	50	100	189	176	252	315	289	340	365	428	491	504	516	415	415	491	466	403	428	415	327	302	340	289	214	189	
201	163	163	88	50	0	37	138	126	189	264	239	289	315	378	441	466	478	378	390	478	453	390	428	428	340	315	365	315	239	239	
201	201	214	138	100	37	0	113	88	151	214	201	252	277	340	415	428	466	365	378	466	453	390	441	441	365	340	390	352	277	277	
302	302	302	226	189	138	113	0	126	113	176	214	264	302	378	441	478	516	441	466	554	554	491	541	554	478	453	504	466	390	378	
189	264	302	214	176	126	88	126	0	75	138	113	163	189	264	327	365	403	315	340	428	428	378	441	453	378	352	428	403	327	352	
264	340	365	289	252	189	151	113	75	0	63	100	151	201	264	340	378	428	365	390	491	491	453	516	529	453	441	516	491	415	428	
302	403	428	352	315	264	214	176	138	63	0	100	138	176	239	302	352	403	365	403	491	516	478	541	554	491	478	567	541	466	491	
214	352	403	327	289	239	201	214	113	100	100	0	50	88	163	226	264	315	264	302	390	415	378	441	466	403	390	491	478	403	441	
214	378	441	365	340	289	252	264	163	151	138	50	0	37	100	176	214	264	239	277	365	390	352	428	453	403	403	504	491	428	478	
214	390	466	390	365	315	277	302	189	201	176	88	37	0	63	138	176	226	201	239	327	352	327	403	428	390	390	491	491	428	478	
252	441	529	453	428	378	340	378	264	264	239	163	100	63	0	63	113	163	176	226	302	340	327	403	441	415	415	529	529	478	529	
302	504	592	516	491	441	415	441	327	340	302	226	176	138	63	0	63	126	176	226	277	327	340	415	453	441	441	554	567	516	579	
302	504	592	516	504	466	428	478	365	378	352	264	214	176	113	63	0	63	138	189	226	277	302	365	415	403	415	529	541	504	579	
302	504	604	529	516	478	466	516	403	428	403	315	264	226	163	126	63	0	126	151	176	239	264	327	378	378	403	504	529	504	579	
189	378	478	415	415	378	365	441	315	365	365	264	239	201	176	176	138	126	0	37	126	151	151	226	264	264	277	390	403	378	453	
189	365	466	415	415	390	378	466	340	390	403	302	277	239	226	226	189	151	37	0	88	113	113	176	226	226	239	352	378	352	428	
264	428	541	491	491	478	466	554	428	491	491	390	365	327	302	277	226	176	126	88	0	63	126	163	214	252	277	378	415	403	478	
252	390	504	453	466	453	453	554	428	491	516	415	390	352	340	327	277	239	151	113	63	0	63	100	151	189	214	315	352	352	428	
189	315	428	390	403	390	390	491	378	453	478	378	352	327	327	340	302	264	151	113	126	63	0	63	113	126	151	252	289	277	365	
252	327	441	415	428	428	441	541	441	516	541	441	428	403	403	415	365	327	226	176	163	100	63	0	50	100	138	214	264	277	352	
264	315	415	390	415	428	441	554	453	529	554	466	453	428	441	453	415	378	264	226	214	151	113	50	0	75	113	163	214	239	327	
189	226	327	315	327	340	365	478	378	453	491	403	403	390	415	441	403	378	264	226	252	189	126	100	75	0	25	126	163	163	252	
176	189	302	277	302	315	340	453	352	441	478	390	403	390	415	441	415	403	277	239	277	214	151	138	113	25	0	100	138	126	214	
277	214	289	302	340	365	390	504	428	516	567	491	504	491	529	554	529	504	390	352	378	315	252	214	163	126	100	0	63	126	176	
277	163	226	252	289	315	352	466	403	491	541	478	491	491	529	567	541	529	403	378	415	352	289	264	214	163	138	63	0	75	113	
214	88	163	176	214	239	277	390	327	415	466	403	428	428	478	516	504	504	378	352	403	352	277	277	239	163	126	126	75	0	75	
277	88	113	151	189	239	277	378	352	428	491	441	478	478	529	579	579	579	453	428	478	428	365	352	327	252	214	176	113	75	0	
V11
0	236	340	266	266	236	236	355	222	310	355	251	251	251	296	355	355	355	222	222	310	296	222	296	310	222	207	325	325	251	325	
236	0	118	103	148	192	236	355	310	399	473	414	444	458	518	592	592	592	444	429	503	458	370	384	370	266	222	251	192	103	103	
340	118	0	88	133	192	251	355	355	429	503	473	518	547	621	695	695	710	562	547	636	592	503	518	488	384	355	340	266	192	133	
266	103	88	0	44	103	162	266	251	340	414	384	429	458	532	606	606	621	488	488	577	532	458	488	458	370	325	355	296	207	177	
266	148	133	44	0	59	118	222	207	296	370	340	399	429	503	577	592	606	488	488	577	547	473	503	488	384	355	399	340	251	222	
236	192	192	103	59	0	44	162	148	222	310	281	340	370	444	518	547	562	444	458	562	532	458	503	503	399	370	429	370	281	281	
236	236	251	162	118	44	0	133	103	177	251	236	296	325	399	488	503	547	429	444	547	532	458	518	518	429	399	458	414	325	325	
355	355	355	266	222	162	133	0	148	133	207	251	310	355	444	518	562	606	518	547	651	651	577	636	651	562	532	592	547	458	444	
222	310	355	251	207	148	103	148	0	88	162	133	192	222	310	384	429	473	370	399	503	503	444	518	532	444	414	503	473	384	414	
310	399	429	340	296	222	177	133	88	0	74	118	177	236	310	399	444	503	429	458	577	577	532	606	621	532	518	606	577	488	503	
355	473	503	414	370	310	251	207	162	74	0	118	162	207	281	355	414	473	429	473	577	606	562	636	651	577	562	666	636	547	577	
251	414	473	384	340	281	236	251	133	118	118	0	59	103	192	266	310	370	310	355	458	488	444	518	547	473	458	577	562	473	518	
251	444	518	429	399	340	296	310	192	177	162	59	0	44	118	207	251	310	281	325	429	458	414	503	532	473	473	592	577	503	562	
251	458	547	458	429	370	325	355	222	236	207	103	44	0	74	162	207	266	236	281	384	414	384	473	503	458	458	577	577	503	562	
296	518	621	532	503	444	399	444	310	310	281	192	118	74	0	74	133	192	207	266	355	399	384	473	518	488	488	621	621	562	621	
355	592	695	606	577	518	488	518	384	399	355	266	207	162	74	0	74	148	207	266	325	384	399	488	532	518	518	651	666	606	680	
355	592	695	606	592	547	503	562	429	444	414	310	251	207	133	74	0	74	162	222	266	325	355	429	488	473	488	621	636	592	680	
355	592	710	621	606	562	547	606	473	503	473	370	310	266	192	148	74	0	148	177	207	281	310	384	444	444	473	592	621	592	680	
222	444	562	488	488	444	429	518	370	429	429	310	281	236	207	207	162	148	0	44	148	177	177	266	310	310	325	458	473	444	532	
222	429	547	488	488	458	444	547	399	458	473	355	325	281	266	266	222	177	44	0	103	133	133	207	266	266	281	414	444	414	503	
310	503	636	577	577	562	547	651	503	577	577	458	429	384	355	325	266	207	148	103	0	74	148	192	251	296	325	444	488	473	562	
296	458	592	532	547	532	532	651	503	577	606	488	458	414	399	384	325	281	177	133	74	0	74	118	177	222	251	370	414	414	503	
222	370	503	458	473	458	458	577	444	532	562	444	414	384	384	399	355	310	177	133	148	74	0	74	133	148	177	296	340	325	429	
296	384	518	488	503	503	518	636	518	606	636	518	503	473	473	488	429	384	266	207	192	118	74	0	59	118	162	251	310	325	414	
310	370	488	458	488	503	518	651	532	621	651	547	532	503	518	532	488	444	310	266	251	177	133	59	0	88	133	192	251	281	384	
222	266	384	370	384	399	429	562	444	532	577	473	473	458	488	518	473	444	310	266	296	222	148	118	88	0	29	148	192	192	296	
207	222	355	325	355	370	399	532	414	518	562	458	473	458	488	518	488	473	325	281	325	251	177	162	133	29	0	118	162	148	251	
325	251	340	355	399	429	458	592	503	606	666	577	592	577	621	651	621	592	458	414	444	370	296	251	192	148	118	0	74	148	207	
325	192	266	296	340	370	414	547	473	577	636	562	577	577	621	666	636	621	473	444	488	414	340	310	251	192	162	74	0	88	133	
251	103	192	207	251	281	325	458	384	488	547	473	503	503	562	606	592	592	444	414	473	414	325	325	281	192	148	148	88	0	88	
325	103	133	177	222	281	325	444	414	503	577	518	562	562	621	680	680	680	532	503	562	503	429	414	384	296	251	207	133	88	0	
V12
0	224	322	252	252	224	224	336	210	294	336	238	238	238	280	336	336	336	210	210	294	280	210	280	294	210	196	308	308	238	308	
224	0	112	98	140	182	224	336	294	378	448	392	420	434	490	560	560	560	420	406	476	434	350	364	350	252	210	238	182	98	98	
322	112	0	84	126	182	238	336	336	406	476	448	490	518	588	658	658	672	532	518	602	560	476	490	462	364	336	322	252	182	126	
252	98	84	0	42	98	154	252	238	322	392	364	406	434	504	574	574	588	462	462	546	504	434	462	434	350	308	336	280	196	168	
252	140	126	42	0	56	112	210	196	280	350	322	378	406	476	546	560	574	462	462	546	518	448	476	462	364	336	378	322	238	210	
224	182	182	98	56	0	42	154	140	210	294	266	322	350	420	490	518	532	420	434	532	504	434	476	476	378	350	406	350	266	266	
224	224	238	154	112	42	0	126	98	168	238	224	280	308	378	462	476	518	406	420	518	504	434	490	490	406	378	434	392	308	308	
336	336	336	252	210	154	126	0	140	126	196	238	294	336	420	490	532	574	490	518	616	616	546	602	616	532	504	560	518	434	420	
210	294	336	238	196	140	98	140	0	84	154	126	182	210	294	364	406	448	350	378	476	476	420	490	504	420	392	476	448	364	392	
294	378	406	322	280	210	168	126	84	0	70	112	168	224	294	378	420	476	406	434	546	546	504	574	588	504	490	574	546	462	476	
336	448	476	392	350	294	238	196	154	70	0	112	154	196	266	336	392	448	406	448	546	574	532	602	616	546	532	630	602	518	546	
238	392	448	364	322	266	224	238	126	112	112	0	56	98	182	252	294	350	294	336	434	462	420	490	518	448	434	546	532	448	490	
238	420	490	406	378	322	280	294	182	168	154	56	0	42	112	196	238	294	266	308	406	434	392	476	504	448	448	560	546	476	532	
238	434	518	434	406	350	308	336	210	224	196	98	42	0	70	154	196	252	224	266	364	392	364	448	476	434	434	546	546	476	532	
280	490	588	504	476	420	378	420	294	294	266	182	112	70	0	70	126	182	196	252	336	378	364	448	490	462	462	588	588	532	588	
336	560	658	574	546	490	462	490	364	378	336	252	196	154	70	0	70	140	196	252	308	364	378	462	504	490	490	616	630	574	644	
336	560	658	574	560	518	476	532	406	420	392	294	238	196	126	70	0	70	154	210	252	308	336	406	462	448	462	588	602	560	644	
336	560	672	588	574	532	518	574	448	476	448	350	294	252	182	140	70	0	140	168	196	266	294	364	420	420	448	560	588	560	644	
210	420	532	462	462	420	406	490	350	406	406	294	266	224	196	196	154	140	0	42	140	168	168	252	294	294	308	434	448	420	504	
210	406	518	462	462	434	420	518	378	434	448	336	308	266	252	252	210	168	42	0	98	126	126	196	252	252	266	392	420	392	476	
294	476	602	546	546	532	518	616	476	546	546	434	406	364	336	308	252	196	140	98	0	70	140	182	238	280	308	420	462	448	532	
280	434	560	504	518	504	504	616	476	546	574	462	434	392	378	364	308	266	168	126	70	0	70	112	168	210	238	350	392	392	476	
210	350	476	434	448	434	434	546	420	504	532	420	392	364	364	378	336	294	168	126	140	70	0	70	126	140	168	280	322	308	406	
280	364	490	462	476	476	490	602	490	574	602	490	476	448	448	462	406	364	252	196	182	112	70	0	56	112	154	238	294	308	392	
294	350	462	434	462	476	490	616	504	588	616	518	504	476	490	504	462	420	294	252	238	168	126	56	0	84	126	182	238	266	364	
210	252	364	350	364	378	406	532	420	504	546	448	448	434	462	490	448	420	294	252	280	210	140	112	84	0	28	140	182	182	280	
196	210	336	308	336	350	378	504	392	490	532	434	448	434	462	490	462	448	308	266	308	238	168	154	126	28	0	112	154	140	238	
308	238	322	336	378	406	434	560	476	574	630	546	560	546	588	616	588	560	434	392	420	350	280	238	182	140	112	0	70	140	196	
308	182	252	280	322	350	392	518	448	546	602	532	546	546	588	630	602	588	448	420	462	392	322	294	238	182	154	70	0	84	126	
238	98	182	196	238	266	308	434	364	462	518	448	476	476	532	574	560	560	420	392	448	392	308	308	266	182	140	140	84	0	84	
308	98	126	168	210	266	308	420	392	476	546	490	532	532	588	644	644	644	504	476	532	476	406	392	364	280	238	196	126	84	0	
V13
0	124	179	140	140	124	124	187	117	163	187	132	132	132	156	187	187	187	117	117	163	156	117	156	163	117	109	171	171	132	171	
124	0	62	54	78	101	124	187	163	210	249	218	234	241	273	312	312	312	234	226	265	241	195	202	195	140	117	132	101	54	54	
179	62	0	46	70	101	132	187	187	226	265	249	273	288	327	366	366	374	296	288	335	312	265	273	257	202	187	179	140	101	70	
140	54	46	0	23	54	85	140	132	179	218	202	226	241	280	319	319	327	257	257	304	280	241	257	241	195	171	187	156	109	93	
140	78	70	23	0	31	62	117	109	156	195	179	210	226	265	304	312	319	257	257	304	288	249	265	257	202	187	210	179	132	117	
124	101	101	54	31	0	23	85	78	117	163	148	179	195	234	273	288	296	234	241	296	280	241	265	265	210	195	226	195	148	148	
124	124	132	85	62	23	0	70	54	93	132	124	156	171	210	257	265	288	226	234	288	280	241	273	273	226	210	241	218	171	171	
187	187	187	140	117	85	70	0	78	70	109	132	163	187	234	273	296	319	273	288	343	343	304	335	343	296	280	312	288	241	234	
117	163	187	132	109	78	54	78	0	46	85	70	101	117	163	202	226	249	195	210	265	265	234	273	280	234	218	265	249	202	218	
163	210	226	179	156	117	93	70	46	0	39	62	93	124	163	210	234	265	226	241	304	304	280	319	327	280	273	319	304	257	265	
187	249	265	218	195	163	132	109	85	39	0	62	85	109	148	187	218	249	226	249	304	319	296	335	343	304	296	351	335	288	304	
132	218	249	202	179	148	124	132	70	62	62	0	31	54	101	140	163	195	163	187	241	257	234	273	288	249	241	304	296	249	273	
132	234	273	226	210	179	156	163	101	93	85	31	0	23	62	109	132	163	148	171	226	241	218	265	280	249	249	312	304	265	296	
132	241	288	241	226	195	171	187	117	124	109	54	23	0	39	85	109	140	124	148	202	218	202	249	265	241	241	304	304	265	296	
156	273	327	280	265	234	210	234	163	163	148	101	62	39	0	39	70	101	109	140	187	210	202	249	273	257	257	327	327	296	327	
187	312	366	319	304	273	257	273	202	210	187	140	109	85	39	0	39	78	109	140	171	202	210	257	280	273	273	343	351	319	358	
187	312	366	319	312	288	265	296	226	234	218	163	132	109	70	39	0	39	85	117	140	171	187	226	257	249	257	327	335	312	358	
187	312	374	327	319	296	288	319	249	265	249	195	163	140	101	78	39	0	78	93	109	148	163	202	234	234	249	312	327	312	358	
117	234	296	257	257	234	226	273	195	226	226	163	148	124	109	109	85	78	0	23	78	93	93	140	163	163	171	241	249	234	280	
117	226	288	257	257	241	234	288	210	241	249	187	171	148	140	140	117	93	23	0	54	70	70	109	140	140	148	218	234	218	265	
163	265	335	304	304	296	288	343	265	304	304	241	226	202	187	171	140	109	78	54	0	39	78	101	132	156	171	234	257	249	296	
156	241	312	280	288	280	280	343	265	304	319	257	241	218	210	202	171	148	93	70	39	0	39	62	93	117	132	195	218	218	265	
117	195	265	241	249	241	241	304	234	280	296	234	218	202	202	210	187	163	93	70	78	39	0	39	70	78	93	156	179	171	226	
156	202	273	257	265	265	273	335	273	319	335	273	265	249	249	257	226	202	140	109	101	62	39	0	31	62	85	132	163	171	218	
163	195	257	241	257	265	273	343	280	327	343	288	280	265	273	280	257	234	163	140	132	93	70	31	0	46	70	101	132	148	202	
117	140	202	195	202	210	226	296	234	280	304	249	249	241	257	273	249	234	163	140	156	117	78	62	46	0	15	78	101	101	156	
109	117	187	171	187	195	210	280	218	273	296	241	249	241	257	273	257	249	171	148	171	132	93	85	70	15	0	62	85	78	132	
171	132	179	187	210	226	241	312	265	319	351	304	312	304	327	343	327	312	241	218	234	195	156	132	101	78	62	0	39	78	109	
171	101	140	156	179	195	218	288	249	304	335	296	304	304	327	351	335	327	249	234	257	218	179	163	132	101	85	39	0	46	70	
132	54	101	109	132	148	171	241	202	257	288	249	265	265	296	319	312	312	234	218	249	218	171	171	148	101	78	78	46	0	46	
171	54	70	93	117	148	171	234	218	265	304	273	296	296	327	358	358	358	280	265	296	265	226	218	202	156	132	109	70	46	0	
V14
0	272	391	306	306	272	272	408	255	357	408	289	289	289	340	408	408	408	255	255	357	340	255	340	357	255	238	374	374	289	374	
272	0	136	119	170	221	272	408	357	459	544	476	510	527	595	680	680	680	510	493	578	527	425	442	425	306	255	289	221	119	119	
391	136	0	102	153	221	289	408	408	493	578	544	595	629	714	799	799	816	646	629	731	680	578	595	561	442	408	391	306	221	153	
306	119	102	0	51	119	187	306	289	391	476	442	493	527	612	697	697	714	561	561	663	612	527	561	527	425	374	408	340	238	204	
306	170	153	51	0	68	136	255	238	340	425	391	459	493	578	663	680	697	561	561	663	629	544	578	561	442	408	459	391	289	255	
272	221	221	119	68	0	51	187	170	255	357	323	391	425	510	595	629	646	510	527	646	612	527	578	578	459	425	493	425	323	323	
272	272	289	187	136	51	0	153	119	204	289	272	340	374	459	561	578	629	493	510	629	612	527	595	595	493	459	527	476	374	374	
408	408	408	306	255	187	153	0	170	153	238	289	357	408	510	595	646	697	595	629	748	748	663	731	748	646	612	680	629	527	510	
255	357	408	289	238	170	119	170	0	102	187	153	221	255	357	442	493	544	425	459	578	578	510	595	612	510	476	578	544	442	476	
357	459	493	391	340	255	204	153	102	0	85	136	204	272	357	459	510	578	493	527	663	663	612	697	714	612	595	697	663	561	578	
408	544	578	476	425	357	289	238	187	85	0	136	187	238	323	408	476	544	493	544	663	697	646	731	748	663	646	765	731	629	663	
289	476	544	442	391	323	272	289	153	136	136	0	68	119	221	306	357	425	357	408	527	561	510	595	629	544	527	663	646	544	595	
289	510	595	493	459	391	340	357	221	204	187	68	0	51	136	238	289	357	323	374	493	527	476	578	612	544	544	680	663	578	646	
289	527	629	527	493	425	374	408	255	272	238	119	51	0	85	187	238	306	272	323	442	476	442	544	578	527	527	663	663	578	646	
340	595	714	612	578	510	459	510	357	357	323	221	136	85	0	85	153	221	238	306	408	459	442	544	595	561	561	714	714	646	714	
408	680	799	697	663	595	561	595	442	459	408	306	238	187	85	0	85	170	238	306	374	442	459	561	612	595	595	748	765	697	782	
408	680	799	697	680	629	578	646	493	510	476	357	289	238	153	85	0	85	187	255	306	374	408	493	561	544	561	714	731	680	782	
408	680	816	714	697	646	629	697	544	578	544	425	357	306	221	170	85	0	170	204	238	323	357	442	510	510	544	680	714	680	782	
255	510	646	561	561	510	493	595	425	493	493	357	323	272	238	238	187	170	0	51	170	204	204	306	357	357	374	527	544	510	612	
255	493	629	561	561	527	510	629	459	527	544	408	374	323	306	306	255	204	51	0	119	153	153	238	306	306	323	476	510	476	578	
357	578	731	663	663	646	629	748	578	663	663	527	493	442	408	374	306	238	170	119	0	85	170	221	289	340	374	510	561	544	646	
340	527	680	612	629	612	612	748	578	663	697	561	527	476	459	442	374	323	204	153	85	0	85	136	204	255	289	425	476	476	578	
255	425	578	527	544	527	527	663	510	612	646	510	476	442	442	459	408	357	204	153	170	85	0	85	153	170	204	340	391	374	493	
340	442	595	561	578	578	595	731	595	697	731	595	578	544	544	561	493	442	306	238	221	136	85	0	68	136	187	289	357	374	476	
357	425	561	527	561	578	595	748	612	714	748	629	612	578	595	612	561	510	357	306	289	204	153	68	0	102	153	221	289	323	442	
255	306	442	425	442	459	493	646	510	612	663	544	544	527	561	595	544	510	357	306	340	255	170	136	102	0	34	170	221	221	340	
238	255	408	374	408	425	459	612	476	595	646	527	544	527	561	595	561	544	374	323	374	289	204	187	153	34	0	136	187	170	289	
374	289	391	408	459	493	527	680	578	697	765	663	680	663	714	748	714	680	527	476	510	425	340	289	221	170	136	0	85	170	238	
374	221	306	340	391	425	476	629	544	663	731	646	663	663	714	765	731	714	544	510	561	476	391	357	289	221	187	85	0	102	153	
289	119	221	238	289	323	374	527	442	561	629	544	578	578	646	697	680	680	510	476	544	476	374	374	323	221	170	170	102	0	102	
374	119	153	204	255	323	374	510	476	578	663	595	646	646	714	782	782	782	612	578	646	578	493	476	442	340	289	238	153	102	0	
V15
0	249	358	280	280	249	249	374	234	327	374	265	265	265	312	374	374	374	234	234	327	312	234	312	327	234	218	343	343	265	343	
249	0	124	109	156	202	249	374	327	421	499	436	468	483	546	624	624	624	468	452	530	483	390	405	390	280	234	265	202	109	109	
358	124	0	93	140	202	265	374	374	452	530	499	546	577	655	733	733	748	592	577	670	624	530	546	514	405	374	358	280	202	140	
280	109	93	0	46	109	171	280	265	358	436	405	452	483	561	639	639	655	514	514	608	561	483	514	483	390	343	374	312	218	187	
280	156	140	46	0	62	124	234	218	312	390	358	421	452	530	608	624	639	514	514	608	577	499	530	514	405	374	421	358	265	234	
249	202	202	109	62	0	46	171	156	234	327	296	358	390	468	546	577	592	468	483	592	561	483	530	530	421	390	452	390	296	296	
249	249	265	171	124	46	0	140	109	187	265	249	312	343	421	514	530	577	452	468	577	561	483	546	546	452	421	483	436	343	343	
374	374	374	280	234	171	140	0	156	140	218	265	327	374	468	546	592	639	546	577	686	686	608	670	686	592	561	624	577	483	468	
234	327	374	265	218	156	109	156	0	93	171	140	202	234	327	405	452	499	390	421	530	530	468	546	561	468	436	530	499	405	436	
327	421	452	358	312	234	187	140	93	0	78	124	187	249	327	421	468	530	452	483	608	608	561	639	655	561	546	639	608	514	530	
374	499	530	436	390	327	265	218	171	78	0	124	171	218	296	374	436	499	452	499	608	639	592	670	686	608	592	702	670	577	608	
265	436	499	405	358	296	249	265	140	124	124	0	62	109	202	280	327	390	327	374	483	514	468	546	577	499	483	608	592	499	546	
265	468	546	452	421	358	312	327	202	187	171	62	0	46	124	218	265	327	296	343	452	483	436	530	561	499	499	624	608	530	592	
265	483	577	483	452	390	343	374	234	249	218	109	46	0	78	171	218	280	249	296	405	436	405	499	530	483	483	608	608	530	592	
312	546	655	561	530	468	421	468	327	327	296	202	124	78	0	78	140	202	218	280	374	421	405	499	546	514	514	655	655	592	655	
374	624	733	639	608	546	514	546	405	421	374	280	218	171	78	0	78	156	218	280	343	405	421	514	561	546	546	686	702	639	717	
374	624	733	639	624	577	530	592	452	468	436	327	265	218	140	78	0	78	171	234	280	343	374	452	514	499	514	655	670	624	717	
374	624	748	655	639	592	577	639	499	530	499	390	327	280	202	156	78	0	156	187	218	296	327	405	468	468	499	624	655	624	717	
234	468	592	514	514	468	452	546	390	452	452	327	296	249	218	218	171	156	0	46	156	187	187	280	327	327	343	483	499	468	561	
234	452	577	514	514	483	468	577	421	483	499	374	343	296	280	280	234	187	46	0	109	140	140	218	280	280	296	436	468	436	530	
327	530	670	608	608	592	577	686	530	608	608	483	452	405	374	343	280	218	156	109	0	78	156	202	265	312	343	468	514	499	592	
312	483	624	561	577	561	561	686	530	608	639	514	483	436	421	405	343	296	187	140	78	0	78	124	187	234	265	390	436	436	530	
234	390	530	483	499	483	483	608	468	561	592	468	436	405	405	421	374	327	187	140	156	78	0	78	140	156	187	312	358	343	452	
312	405	546	514	530	530	546	670	546	639	670	546	530	499	499	514	452	405	280	218	202	124	78	0	62	124	171	265	327	343	436	
327	390	514	483	514	530	546	686	561	655	686	577	561	530	546	561	514	468	327	280	265	187	140	62	0	93	140	202	265	296	405	
234	280	405	390	405	421	452	592	468	561	608	499	499	483	514	546	499	468	327	280	312	234	156	124	93	0	31	156	202	202	312	
218	234	374	343	374	390	421	561	436	546	592	483	499	483	514	546	514	499	343	296	343	265	187	171	140	31	0	124	171	156	265	
343	265	358	374	421	452	483	624	530	639	702	608	624	608	655	686	655	624	483	436	468	390	312	265	202	156	124	0	78	156	218	
343	202	280	312	358	390	436	577	499	608	670	592	608	608	655	702	670	655	499	468	514	436	358	327	265	202	171	78	0	93	140	
265	109	202	218	265	296	343	483	405	514	577	499	530	530	592	639	624	624	468	436	499	436	343	343	296	202	156	156	93	0	93	
343	109	140	187	234	296	343	468	436	530	608	546	592	592	655	717	717	717	561	530	592	530	452	436	405	312	265	218	140	93	0	
V16
0	176	253	198	198	176	176	264	165	231	264	187	187	187	220	264	264	264	165	165	231	220	165	220	231	165	154	242	242	187	242	
176	0	88	77	110	143	176	264	231	297	352	308	330	341	385	440	440	440	330	319	374	341	275	286	275	198	165	187	143	77	77	
253	88	0	66	99	143	187	264	264	319	374	352	385	407	462	517	517	528	418	407	473	440	374	385	363	286	264	253	198	143	99	
198	77	66	0	33	77	121	198	187	253	308	286	319	341	396	451	451	462	363	363	429	396	341	363	341	275	242	264	220	154	132	
198	110	99	33	0	44	88	165	154	220	275	253	297	319	374	429	440	451	363	363	429	407	352	374	363	286	264	297	253	187	165	
176	143	143	77	44	0	33	121	110	165	231	209	253	275	330	385	407	418	330	341	418	396	341	374	374	297	275	319	275	209	209	
176	176	187	121	88	33	0	99	77	132	187	176	220	242	297	363	374	407	319	330	407	396	341	385	385	319	297	341	308	242	242	
264	264	264	198	165	121	99	0	110	99	154	187	231	264	330	385	418	451	385	407	484	484	429	473	484	418	396	440	407	341	330	
165	231	264	187	154	110	77	110	0	66	121	99	143	165	231	286	319	352	275	297	374	374	330	385	396	330	308	374	352	286	308	
231	297	319	253	220	165	132	99	66	0	55	88	132	176	231	297	330	374	319	341	429	429	396	451	462	396	385	451	429	363	374	
264	352	374	308	275	231	187	154	121	55	0	88	121	154	209	264	308	352	319	352	429	451	418	473	484	429	418	495	473	407	429	
187	308	352	286	253	209	176	187	99	88	88	0	44	77	143	198	231	275	231	264	341	363	330	385	407	352	341	429	418	352	385	
187	330	385	319	297	253	220	231	143	132	121	44	0	33	88	154	187	231	209	242	319	341	308	374	396	352	352	440	429	374	418	
187	341	407	341	319	275	242	264	165	176	154	77	33	0	55	121	154	198	176	209	286	308	286	352	374	341	341	429	429	374	418	
220	385	462	396	374	330	297	330	231	231	209	143	88	55	0	55	99	143	154	198	264	297	286	352	385	363	363	462	462	418	462	
264	440	517	451	429	385	363	385	286	297	264	198	154	121	55	0	55	110	154	198	242	286	297	363	396	385	385	484	495	451	506	
264	440	517	451	440	407	374	418	319	330	308	231	187	154	99	55	0	55	121	165	198	242	264	319	363	352	363	462	473	440	506	
264	440	528	462	451	418	407	451	352	374	352	275	231	198	143	110	55	0	110	132	154	209	231	286	330	330	352	440	462	440	506	
165	330	418	363	363	330	319	385	275	319	319	231	209	176	154	154	121	110	0	33	110	132	132	198	231	231	242	341	352	330	396	
165	319	407	363	363	341	330	407	297	341	352	264	242	209	198	198	165	132	33	0	77	99	99	154	198	198	209	308	330	308	374	
231	374	473	429	429	418	407	484	374	429	429	341	319	286	264	242	198	154	110	77	0	55	110	143	187	220	242	330	363	352	418	
220	341	440	396	407	396	396	484	374	429	451	363	341	308	297	286	242	209	132	99	55	0	55	88	132	165	187	275	308	308	374	
165	275	374	341	352	341	341	429	330	396	418	330	308	286	286	297	264	231	132	99	110	55	0	55	99	110	132	220	253	242	319	
220	286	385	363	374	374	385	473	385	451	473	385	374	352	352	363	319	286	198	154	143	88	55	0	44	88	121	187	231	242	308	
231	275	363	341	363	374	385	484	396	462	484	407	396	374	385	396	363	330	231	198	187	132	99	44	0	66	99	143	187	209	286	
165	198	286	275	286	297	319	418	330	396	429	352	352	341	363	385	352	330	231	198	220	165	110	88	66	0	22	110	143	143	220	
154	165	264	242	264	275	297	396	308	385	418	341	352	341	363	385	363	352	242	209	242	187	132	121	99	22	0	88	121	110	187	
242	187	253	264	297	319	341	440	374	451	495	429	440	429	462	484	462	440	341	308	330	275	220	187	143	110	88	0	55	110	154	
242	143	198	220	253	275	308	407	352	429	473	418	429	429	462	495	473	462	352	330	363	308	253	231	187	143	121	55	0	66	99	
187	77	143	154	187	209	242	341	286	363	407	352	374	374	418	451	440	440	330	308	352	308	242	242	209	143	110	110	66	0	66	
242	77	99	132	165	209	242	330	308	374	429	385	418	418	462	506	506	506	396	374	418	374	319	308	286	220	187	154	99	66	0	
V17
0	182	262	205	205	182	182	273	171	239	273	193	193	193	228	273	273	273	171	171	239	228	171	228	239	171	159	250	250	193	250	
182	0	91	79	114	148	182	273	239	307	364	319	342	353	399	456	456	456	342	330	387	353	285	296	285	205	171	193	148	79	79	
262	91	0	68	102	148	193	273	273	330	387	364	399	421	478	535	535	547	433	421	490	456	387	399	376	296	273	262	205	148	102	
205	79	68	0	34	79	125	205	193	262	319	296	330	353	410	467	467	478	376	376	444	410	353	376	353	285	250	273	228	159	136	
205	114	102	34	0	45	91	171	159	228	285	262	307	330	387	444	456	467	376	376	444	421	364	387	376	296	273	307	262	193	171	
182	148	148	79	45	0	34	125	114	171	239	216	262	285	342	399	421	433	342	353	433	410	353	387	387	307	285	330	285	216	216	
182	182	193	125	91	34	0	102	79	136	193	182	228	250	307	376	387	421	330	342	421	410	353	399	399	330	307	353	319	250	250	
273	273	273	205	171	125	102	0	114	102	159	193	239	273	342	399	433	467	399	421	501	501	444	490	501	433	410	456	421	353	342	
171	239	273	193	159	114	79	114	0	68	125	102	148	171	239	296	330	364	285	307	387	387	342	399	410	342	319	387	364	296	319	
239	307	330	262	228	171	136	102	68	0	57	91	136	182	239	307	342	387	330	353	444	444	410	467	478	410	399	467	444	376	387	
273	364	387	319	285	239	193	159	125	57	0	91	125	159	216	273	319	364	330	364	444	467	433	490	501	444	433	513	490	421	444	
193	319	364	296	262	216	182	193	102	91	91	0	45	79	148	205	239	285	239	273	353	376	342	399	421	364	353	444	433	364	399	
193	342	399	330	307	262	228	239	148	136	125	45	0	34	91	159	193	239	216	250	330	353	319	387	410	364	364	456	444	387	433	
193	353	421	353	330	285	250	273	171	182	159	79	34	0	57	125	159	205	182	216	296	319	296	364	387	353	353	444	444	387	433	
228	399	478	410	387	342	307	342	239	239	216	148	91	57	0	57	102	148	159	205	273	307	296	364	399	376	376	478	478	433	478	
273	456	535	467	444	399	376	399	296	307	273	205	159	125	57	0	57	114	159	205	250	296	307	376	410	399	399	501	513	467	524	
273	456	535	467	456	421	387	433	330	342	319	239	193	159	102	57	0	57	125	171	205	250	273	330	376	364	376	478	490	456	524	
273	456	547	478	467	433	421	467	364	387	364	285	239	205	148	114	57	0	114	136	159	216	239	296	342	342	364	456	478	456	524	
171	342	433	376	376	342	330	399	285	330	330	239	216	182	159	159	125	114	0	34	114	136	136	205	239	239	250	353	364	342	410	
171	330	421	376	376	353	342	421	307	353	364	273	250	216	205	205	171	136	34	0	79	102	102	159	205	205	216	319	342	319	387	
239	387	490	444	444	433	421	501	387	444	444	353	330	296	273	250	205	159	114	79	0	57	114	148	193	228	250	342	376	364	433	
228	353	456	410	421	410	410	501	387	444	467	376	353	319	307	296	250	216	136	102	57	0	57	91	136	171	193	285	319	319	387	
171	285	387	353	364	353	353	444	342	410	433	342	319	296	296	307	273	239	136	102	114	57	0	57	102	114	136	228	262	250	330	
228	296	399	376	387	387	399	490	399	467	490	399	387	364	364	376	330	296	205	159	148	91	57	0	45	91	125	193	239	250	319	
239	285	376	353	376	387	399	501	410	478	501	421	410	387	399	410	376	342	239	205	193	136	102	45	0	68	102	148	193	216	296	
171	205	296	285	296	307	330	433	342	410	444	364	364	353	376	399	364	342	239	205	228	171	114	91	68	0	22	114	148	148	228	
159	171	273	250	273	285	307	410	319	399	433	353	364	353	376	399	376	364	250	216	250	193	136	125	102	22	0	91	125	114	193	
250	193	262	273	307	330	353	456	387	467	513	444	456	444	478	501	478	456	353	319	342	285	228	193	148	114	91	0	57	114	159	
250	148	205	228	262	285	319	421	364	444	490	433	444	444	478	513	490	478	364	342	376	319	262	239	193	148	125	57	0	68	102	
193	79	148	159	193	216	250	353	296	376	421	364	387	387	433	467	456	456	342	319	364	319	250	250	216	148	114	114	68	0	68	
250	79	102	136	171	216	250	342	319	387	444	399	433	433	478	524	524	524	410	387	433	387	330	319	296	228	193	159	102	68	0	
Velocidade_Veiculos
1	1	1	1	1	1	1	1	1	1	1	1	1	1	1	1	1	1	