M: 8
N: 30
Nun_Veiculos: 10
Capacidade_Total: 629
Demanda_Total: 499
Setup_Min: 1
Setup_Max: 9
Raio: 100
Circulos: 1
Tempo_Processamento_Min: 1
Tempo_Processamento_Max: 49
Demanda_Min: 10
Demanda_Max: 30
Priority_Factor: 0.2
Range_Factor_R: 0.8
U_factor: 2
ALpha: 0.2Replicao: 2
Tempos_Processamentos
0	0	1	0	2	0	3	0	4	0	5	0	6	0	7	0	
0	26	1	34	2	32	3	24	4	14	5	48	6	43	7	16	
0	34	1	42	2	13	3	46	4	20	5	27	6	46	7	13	
0	17	1	40	2	24	3	21	4	27	5	21	6	44	7	29	
0	36	1	47	2	25	3	3	4	4	5	6	6	37	7	26	
0	21	1	46	2	11	3	13	4	4	5	2	6	2	7	3	
0	48	1	45	2	45	3	13	4	48	5	27	6	30	7	7	
0	48	1	31	2	8	3	6	4	43	5	15	6	4	7	32	
0	37	1	47	2	15	3	43	4	41	5	29	6	2	7	4	
0	24	1	47	2	35	3	46	4	1	5	13	6	49	7	24	
0	20	1	49	2	12	3	3	4	40	5	49	6	29	7	29	
0	25	1	30	2	33	3	19	4	47	5	35	6	15	7	15	
0	35	1	39	2	19	3	4	4	38	5	22	6	18	7	26	
0	30	1	31	2	18	3	9	4	43	5	46	6	31	7	49	
0	16	1	10	2	32	3	22	4	2	5	46	6	2	7	4	
0	11	1	47	2	6	3	6	4	47	5	41	6	33	7	11	
0	49	1	23	2	34	3	9	4	15	5	26	6	36	7	39	
0	33	1	32	2	8	3	13	4	13	5	27	6	9	7	20	
0	34	1	3	2	42	3	1	4	17	5	17	6	32	7	15	
0	9	1	12	2	15	3	6	4	28	5	14	6	48	7	21	
0	20	1	9	2	41	3	48	4	22	5	5	6	38	7	5	
0	16	1	24	2	14	3	1	4	32	5	33	6	2	7	6	
0	44	1	20	2	41	3	46	4	11	5	22	6	7	7	29	
0	32	1	29	2	9	3	10	4	41	5	17	6	18	7	7	
0	35	1	13	2	12	3	14	4	11	5	44	6	9	7	8	
0	49	1	5	2	29	3	4	4	15	5	32	6	48	7	27	
0	35	1	27	2	9	3	22	4	32	5	33	6	27	7	22	
0	24	1	42	2	8	3	43	4	1	5	45	6	15	7	12	
0	3	1	15	2	35	3	23	4	9	5	26	6	13	7	12	
0	48	1	29	2	22	3	34	4	29	5	7	6	12	7	11	
0	42	1	42	2	27	3	24	4	35	5	39	6	26	7	15	

Tempos_setup
M0
0	0	0	0	0	0	0	0	0	0	0	0	0	0	0	0	0	0	0	0	0	0	0	0	0	0	0	0	0	0	0	
0	0	3	2	2	3	2	3	1	3	2	3	2	2	3	2	2	2	2	1	3	3	2	3	2	2	3	3	1	2	2	
0	4	0	2	3	3	2	4	3	3	3	4	1	3	3	2	2	3	3	2	2	2	3	4	4	2	3	3	2	3	1	
0	4	4	0	4	3	3	4	1	3	4	4	2	4	3	2	3	3	2	3	3	3	4	3	2	2	4	3	3	3	2	
0	3	4	3	0	2	3	1	3	3	3	1	2	2	3	3	2	3	1	2	4	2	2	3	3	3	3	2	3	2	2	
0	2	4	3	2	0	4	3	3	4	3	3	4	2	3	2	3	3	1	2	3	2	3	3	3	3	4	3	3	2	3	
0	2	1	1	3	3	0	4	2	2	4	4	2	1	3	3	3	3	2	3	3	2	4	2	3	1	4	1	2	2	2	
0	2	3	3	3	3	2	0	2	3	3	3	3	2	2	2	2	2	2	2	3	1	1	3	2	2	2	1	3	3	3	
0	3	3	2	3	3	2	4	0	2	3	3	1	3	2	1	3	2	2	3	2	2	4	2	1	1	4	3	2	2	3	
0	1	2	2	2	4	3	3	2	0	3	3	2	3	2	3	3	2	3	2	3	2	3	3	3	2	4	4	1	1	3	
0	3	3	3	2	3	2	2	4	3	0	3	4	2	2	3	1	3	3	4	4	2	3	3	4	2	2	2	3	1	4	
0	4	3	2	2	3	2	3	3	4	3	0	1	2	3	4	1	3	3	3	3	2	4	3	4	3	2	3	2	3	2	
0	3	3	2	2	2	3	3	3	3	3	3	0	3	2	3	2	2	3	3	2	1	3	4	4	3	3	2	1	3	4	
0	4	3	3	4	4	3	5	4	3	3	4	3	0	4	2	4	2	3	4	3	4	5	1	2	3	3	4	3	3	3	
0	1	4	3	3	2	3	3	2	4	3	4	3	1	0	3	3	3	1	2	4	2	3	2	2	3	4	4	2	2	2	
0	3	3	1	2	2	3	3	2	2	3	3	3	3	2	0	3	3	1	2	1	2	3	2	2	1	4	3	3	1	2	
0	3	2	2	1	3	1	2	3	3	2	2	3	1	3	3	0	2	2	3	4	2	3	2	3	2	1	2	3	2	3	
0	2	1	2	3	3	2	3	2	1	1	4	2	3	3	1	2	0	2	3	2	2	4	3	3	2	3	3	2	2	2	
0	3	3	3	3	1	3	2	3	3	2	3	3	2	2	3	2	2	0	1	3	1	2	3	4	2	3	3	2	1	2	
0	3	2	2	2	2	2	3	2	2	1	3	3	1	3	2	1	1	1	0	3	2	1	2	3	2	2	2	3	2	1	
0	3	5	1	4	3	4	4	2	3	4	4	3	2	2	3	3	4	3	4	0	2	3	3	3	2	4	4	4	1	3	
0	3	3	3	2	4	2	3	3	2	3	2	3	2	4	3	1	3	3	3	2	0	2	3	4	3	2	3	3	3	4	
0	2	3	2	2	2	3	3	1	2	2	3	2	1	2	1	2	2	2	1	2	3	0	2	2	1	3	3	3	2	2	
0	4	3	2	3	3	3	4	3	3	3	3	4	4	3	1	4	2	2	3	2	3	4	0	3	2	3	4	4	2	3	
0	3	2	2	2	3	1	3	3	2	3	3	1	2	3	1	3	3	2	3	2	2	4	3	0	1	4	2	1	2	2	
0	2	3	3	3	4	4	4	3	1	3	4	3	3	2	3	3	3	3	2	3	2	3	3	4	0	4	2	2	1	3	
0	3	1	3	3	2	3	3	3	2	1	2	2	3	2	2	2	1	1	2	3	1	3	2	4	2	0	3	3	1	2	
0	1	4	2	2	2	3	3	2	3	3	3	3	3	3	3	3	3	1	2	2	2	3	4	3	2	4	0	2	2	2	
0	3	2	1	1	3	2	2	2	2	3	2	1	3	3	3	3	3	2	2	2	2	3	4	3	2	4	3	0	3	3	
0	2	4	3	3	3	3	3	3	2	4	3	4	2	1	2	2	4	2	3	3	1	3	2	3	1	3	3	3	0	3	
0	3	3	1	2	3	2	3	2	2	2	3	3	2	3	3	1	2	2	1	4	3	2	3	3	1	2	3	2	2	0	
M1
0	0	0	0	0	0	0	0	0	0	0	0	0	0	0	0	0	0	0	0	0	0	0	0	0	0	0	0	0	0	0	
0	0	2	2	2	3	4	2	2	2	3	3	4	3	3	3	3	2	3	2	3	4	1	2	3	4	3	1	2	5	4	
0	2	0	4	1	3	4	3	4	2	1	3	2	3	3	3	3	2	3	2	3	3	3	2	3	4	2	2	3	5	4	
0	3	2	0	3	1	4	3	3	2	3	3	4	3	3	4	1	3	3	3	1	3	2	3	2	2	2	4	2	3	5	
0	1	3	3	0	3	3	3	3	1	2	3	3	2	2	3	3	2	3	2	3	4	2	2	3	4	3	1	2	5	4	
0	2	3	1	3	0	4	4	3	2	3	4	3	3	3	4	1	3	3	2	2	4	3	3	2	3	3	3	2	3	5	
0	3	4	4	5	4	0	3	3	4	2	4	2	3	4	2	3	3	4	3	3	4	3	3	4	4	3	4	4	5	3	
0	3	2	2	3	1	3	0	2	3	2	2	3	3	2	3	2	2	2	1	3	3	1	2	3	4	1	4	3	4	3	
0	3	2	2	2	3	4	3	0	3	3	3	2	3	4	3	3	2	2	3	3	4	1	2	3	2	4	3	4	3	2	
0	2	3	3	1	2	4	4	2	0	2	2	3	1	1	4	3	1	2	2	2	4	2	3	2	3	3	2	3	5	4	
0	1	3	3	3	2	3	2	3	2	0	2	1	3	3	2	3	1	2	2	2	2	2	2	2	3	1	2	3	4	3	
0	2	3	3	3	2	3	2	4	2	1	0	2	1	3	3	3	2	2	3	3	3	3	1	1	4	2	3	4	5	4	
0	3	2	2	3	2	2	1	2	2	2	3	0	3	3	3	3	2	3	2	3	2	1	1	2	4	2	4	4	4	4	
0	3	4	2	2	1	4	5	3	1	3	3	4	0	2	5	2	2	3	3	3	5	3	4	3	3	4	3	3	4	5	
0	3	2	3	3	3	3	3	3	3	3	3	4	3	0	4	3	3	2	4	1	3	2	2	1	2	2	4	3	5	4	
0	2	2	2	3	2	4	3	1	2	2	3	2	1	2	0	2	2	3	1	3	4	1	2	3	3	3	3	2	4	1	
0	3	2	4	2	3	5	5	2	1	3	3	4	2	2	3	0	2	3	2	3	4	3	2	3	2	4	3	1	2	4	
0	2	2	3	2	2	3	3	3	1	1	1	2	2	2	3	2	0	1	1	3	3	3	2	2	4	2	2	3	4	3	
0	2	1	2	1	1	2	4	3	2	2	2	3	3	3	4	2	1	0	2	2	4	3	3	3	3	3	2	3	3	2	
0	2	3	4	3	3	4	3	3	2	1	3	2	3	1	3	1	2	3	0	2	3	3	1	2	3	2	3	2	3	4	
0	3	1	2	2	2	3	2	2	3	2	2	3	2	3	3	3	2	2	3	0	2	1	3	3	1	1	3	2	4	4	
0	1	3	2	3	2	4	3	1	2	2	4	3	1	1	4	3	3	2	3	2	0	2	3	2	3	3	2	3	2	3	
0	3	1	1	2	2	3	4	1	2	2	2	3	3	3	2	2	1	2	2	2	4	0	3	3	3	3	3	3	4	3	
0	3	3	4	3	3	3	5	3	3	3	3	4	3	2	5	2	2	2	3	3	2	3	0	1	4	4	4	3	4	3	
0	2	2	3	2	2	2	4	4	2	3	3	4	3	2	4	2	2	1	3	3	3	3	1	0	4	3	3	3	4	3	
0	2	3	4	1	4	4	3	4	2	3	4	2	3	2	3	3	3	4	3	2	4	3	3	3	0	3	2	3	4	4	
0	2	2	2	2	1	2	3	3	2	2	1	3	2	3	4	2	2	1	3	3	2	3	2	2	4	0	3	3	4	3	
0	2	2	3	1	2	4	2	3	1	2	3	3	2	2	2	2	2	3	1	3	3	3	1	2	4	3	0	1	4	3	
0	3	1	5	2	4	5	4	4	3	2	4	3	4	2	4	2	3	3	1	3	4	4	2	3	4	3	3	0	4	5	
0	4	3	3	3	2	4	3	4	2	3	2	2	1	3	3	3	3	2	4	4	4	3	3	3	4	4	4	4	0	4	
0	1	3	3	3	2	3	2	3	2	3	4	1	1	3	4	3	3	3	3	3	3	2	2	2	2	3	2	2	3	0	
M2
0	0	0	0	0	0	0	0	0	0	0	0	0	0	0	0	0	0	0	0	0	0	0	0	0	0	0	0	0	0	0	
0	0	3	3	3	2	3	3	1	1	3	2	2	1	3	2	3	3	3	2	2	4	3	3	2	4	3	3	2	3	3	
0	2	0	2	2	2	2	2	3	1	2	1	2	3	1	1	1	2	1	2	2	3	3	2	3	2	3	2	3	1	2	
0	3	1	0	1	2	3	3	2	2	3	2	2	2	2	2	2	1	2	2	2	2	2	2	1	2	4	1	1	1	1	
0	3	3	2	0	1	2	4	2	2	3	1	2	1	2	2	2	1	2	3	2	3	3	1	3	2	4	2	2	1	2	
0	3	3	3	1	0	1	3	2	3	3	2	3	2	1	1	2	2	3	2	3	2	2	2	2	3	4	2	1	2	1	
0	2	3	3	3	2	0	4	2	3	4	3	3	3	2	1	1	1	4	3	2	3	3	3	1	2	4	1	3	2	3	
0	2	2	2	1	2	2	0	3	3	3	1	3	2	2	3	1	2	1	4	3	3	4	2	3	2	1	2	3	2	3	
0	2	2	3	2	3	4	2	0	2	2	3	1	2	3	1	3	3	3	1	2	3	2	2	2	4	3	3	2	2	2	
0	3	3	3	2	3	3	2	4	0	3	2	2	2	4	1	3	3	3	1	3	3	3	3	3	4	3	4	3	3	2	
0	2	2	3	2	2	3	1	3	3	0	2	1	3	2	3	2	2	2	2	2	1	1	2	1	3	2	3	3	2	3	
0	2	3	3	1	1	1	4	3	3	4	0	3	2	2	2	1	1	1	3	3	3	3	2	2	2	3	2	2	2	2	
0	1	1	3	2	2	3	2	2	2	1	2	0	2	2	2	2	2	2	1	1	2	1	1	1	3	3	3	3	2	2	
0	3	3	2	2	2	2	3	2	1	4	1	3	0	3	2	2	2	2	2	3	4	4	3	2	3	4	2	1	2	3	
0	4	2	4	3	2	3	2	4	3	3	2	3	3	0	2	3	2	3	2	3	2	2	2	3	3	3	4	3	2	1	
0	3	2	4	4	3	4	4	3	3	4	3	4	4	3	0	2	3	3	4	4	3	3	4	4	4	4	4	4	3	2	
0	1	4	4	2	1	2	4	2	2	4	3	3	2	2	2	0	3	4	3	3	3	3	3	3	2	4	2	2	3	2	
0	2	2	4	2	1	2	4	2	2	3	3	2	3	2	2	1	0	3	3	3	2	3	3	3	1	4	3	2	3	2	
0	3	3	3	2	1	2	3	2	3	3	1	2	3	1	2	2	2	0	3	3	2	3	3	3	1	2	1	2	3	2	
0	3	2	2	1	2	3	1	3	1	3	2	3	1	3	1	2	2	2	0	3	2	2	2	3	3	2	3	2	2	1	
0	2	1	3	3	2	3	3	3	2	2	2	2	3	2	2	1	3	2	3	0	3	1	3	3	3	4	3	3	2	3	
0	3	2	3	3	2	2	2	4	2	3	3	3	4	2	3	2	2	2	3	1	0	2	3	1	3	3	3	3	2	3	
0	2	1	3	3	3	3	2	3	2	1	2	1	3	2	2	2	3	2	2	2	2	0	2	2	3	3	3	4	2	3	
0	3	4	4	3	3	4	5	4	3	4	3	4	3	3	4	2	4	2	4	4	4	4	0	3	3	4	3	4	3	3	
0	2	2	3	2	1	2	3	3	3	3	2	2	3	1	2	2	1	3	3	1	3	2	2	0	2	4	3	2	1	2	
0	2	2	4	3	3	2	3	3	3	2	3	1	3	3	2	3	3	2	2	2	1	2	2	2	0	4	3	4	3	2	
0	3	1	1	2	3	3	2	3	2	3	2	3	3	2	2	2	2	2	3	3	3	3	3	2	3	0	2	2	2	2	
0	2	3	4	2	2	3	3	1	2	3	3	2	3	3	2	4	3	3	2	3	2	3	3	3	1	4	0	3	3	3	
0	3	2	3	2	1	2	2	1	2	3	3	2	2	2	2	2	1	3	1	3	3	3	3	3	2	3	1	0	3	2	
0	2	2	2	3	3	4	3	3	3	2	3	1	3	3	3	2	3	2	2	1	2	2	1	2	2	4	2	3	0	3	
0	3	2	4	2	1	2	3	3	3	2	1	2	3	2	1	2	1	2	3	2	1	1	2	2	2	4	3	2	3	0	
M3
0	0	0	0	0	0	0	0	0	0	0	0	0	0	0	0	0	0	0	0	0	0	0	0	0	0	0	0	0	0	0	
0	0	2	2	2	2	1	3	3	3	1	3	2	1	2	2	2	2	2	3	2	2	3	1	2	2	2	3	2	2	3	
0	2	0	3	2	4	3	4	4	3	3	4	3	3	1	2	3	3	2	3	4	2	2	1	3	3	2	1	3	3	4	
0	4	3	0	2	3	3	3	4	4	2	4	3	3	3	3	3	2	4	3	5	4	4	4	3	2	3	4	3	3	4	
0	3	2	3	0	2	1	3	3	2	1	4	3	3	2	3	1	4	2	3	4	4	2	2	2	2	3	3	2	2	3	
0	2	1	3	3	0	3	1	2	3	3	4	3	2	2	2	2	3	3	4	3	3	3	2	2	3	3	2	4	1	2	
0	3	2	3	3	1	0	2	2	2	3	3	3	2	3	3	2	3	1	3	3	4	2	2	1	3	3	3	2	1	2	
0	2	2	3	3	2	2	0	3	3	3	4	3	2	3	3	2	3	3	3	2	4	2	3	1	2	4	2	3	3	4	
0	3	2	3	3	2	4	3	0	3	3	3	2	4	1	2	2	3	3	2	5	4	2	3	3	1	3	2	3	3	4	
0	1	3	3	3	3	2	3	4	0	2	2	1	2	3	3	3	3	2	4	3	3	2	2	2	3	2	3	3	3	2	
0	3	1	4	3	2	2	2	3	3	0	3	2	4	2	2	4	3	3	2	4	3	2	2	1	1	3	2	1	3	4	
0	1	3	3	3	3	2	1	4	1	2	0	2	2	2	2	2	3	1	3	3	3	3	2	2	2	2	3	2	3	1	
0	2	3	3	4	2	2	2	3	2	3	1	0	2	3	3	3	3	2	3	4	2	2	3	1	3	1	3	3	3	2	
0	3	1	1	3	3	3	3	3	3	2	2	1	0	1	3	2	1	2	3	5	3	2	2	2	3	2	2	2	3	3	
0	3	1	2	3	3	4	3	3	2	4	3	2	3	0	3	3	4	2	2	5	3	1	2	3	3	3	1	2	2	3	
0	1	2	3	3	2	2	3	3	3	2	4	3	2	1	0	3	1	3	2	3	3	2	2	1	3	3	2	3	3	4	
0	3	2	4	4	4	4	4	4	2	3	3	3	3	3	3	0	4	3	4	4	3	1	3	4	3	2	2	3	5	2	
0	4	4	4	4	4	3	4	2	4	5	3	2	4	3	4	4	0	2	4	5	4	4	3	3	3	3	4	3	4	4	
0	3	3	2	4	2	4	2	3	2	3	3	2	4	3	3	3	3	0	2	4	4	4	3	3	4	3	2	1	3	3	
0	3	2	3	3	3	3	3	1	2	2	4	3	2	1	3	3	3	3	0	4	2	2	3	3	2	1	2	3	3	4	
0	2	2	4	2	3	3	3	1	1	1	3	2	3	2	3	3	2	3	3	0	2	3	3	2	2	3	3	2	4	3	
0	2	2	2	4	2	1	2	3	2	3	2	2	1	2	1	3	2	2	3	4	0	1	3	2	4	3	2	3	2	3	
0	2	4	4	3	4	3	3	4	1	3	2	2	3	4	3	3	4	2	3	4	4	0	2	3	3	3	1	3	4	3	
0	2	3	2	1	3	2	3	3	2	2	4	3	2	2	1	2	2	3	2	4	2	3	0	2	2	1	3	3	3	4	
0	3	2	4	4	1	1	2	2	2	4	3	3	3	3	3	3	2	2	3	4	3	1	3	0	3	4	2	2	2	3	
0	2	2	4	4	1	3	2	2	3	2	2	1	3	2	1	3	2	3	1	4	3	3	3	2	0	2	3	3	2	3	
0	2	2	2	3	3	2	2	4	1	3	3	2	1	2	2	3	2	3	3	3	1	2	3	3	2	0	3	2	3	3	
0	3	4	3	2	3	3	3	4	3	3	4	3	3	3	2	2	3	1	3	4	3	3	1	3	2	2	0	2	4	4	
0	3	2	4	3	1	3	1	2	3	2	5	4	3	2	3	3	4	2	1	3	3	3	2	2	3	2	1	0	2	3	
0	3	2	2	2	3	3	4	1	2	2	3	2	1	2	2	1	2	2	3	3	3	2	1	3	2	2	2	3	0	1	
0	2	2	3	2	2	3	3	3	1	1	2	2	2	2	1	3	2	3	2	2	2	3	3	2	1	1	3	2	3	0	
M4
0	0	0	0	0	0	0	0	0	0	0	0	0	0	0	0	0	0	0	0	0	0	0	0	0	0	0	0	0	0	0	
0	0	3	2	3	3	3	2	3	3	4	4	3	3	2	2	2	3	1	3	3	1	3	4	4	4	2	3	3	3	3	
0	3	0	3	3	1	2	2	3	3	3	3	3	2	1	2	2	2	2	2	4	3	3	2	3	3	2	2	2	3	1	
0	3	4	0	3	2	3	2	3	3	2	3	3	3	3	1	3	3	3	2	3	3	3	3	2	4	2	3	2	3	2	
0	3	3	2	0	3	3	2	3	3	3	3	2	1	1	2	2	2	4	2	3	1	2	3	2	3	1	3	3	2	3	
0	2	3	3	3	0	1	3	2	3	2	3	3	2	1	2	2	2	3	2	3	2	2	1	3	3	2	2	1	3	3	
0	2	4	4	2	3	0	3	3	2	3	3	3	2	3	4	3	4	3	4	3	3	2	1	4	4	3	2	2	3	4	
0	3	4	3	2	3	4	0	4	1	4	3	2	2	3	3	3	3	2	4	4	3	3	3	3	5	2	2	4	3	1	
0	3	2	1	1	3	3	3	0	4	3	4	2	2	2	2	3	3	4	3	4	2	3	2	3	3	2	3	2	1	3	
0	2	3	2	2	2	3	4	3	0	3	3	1	2	3	2	2	2	3	3	4	3	2	2	3	4	1	3	3	2	3	
0	2	3	3	3	3	4	3	4	3	0	3	3	2	1	2	2	2	3	2	4	2	3	2	3	3	2	3	4	3	2	
0	3	4	3	3	2	2	2	3	3	3	0	1	2	2	2	3	3	2	3	3	2	2	2	3	4	2	1	3	2	1	
0	3	3	3	3	1	2	3	3	3	3	2	0	1	2	1	2	2	3	2	4	3	1	2	3	3	2	3	2	1	2	
0	2	4	2	3	2	3	3	3	2	3	3	1	0	3	2	3	3	3	3	4	3	2	2	2	3	2	2	2	1	3	
0	2	2	3	2	2	3	3	3	2	2	2	2	1	0	1	1	1	3	1	4	2	2	3	2	2	1	3	3	2	2	
0	2	3	3	3	1	2	3	2	4	2	4	2	2	2	0	3	3	2	1	4	3	2	2	4	3	3	2	2	2	1	
0	3	4	3	3	3	2	3	4	1	3	3	2	2	2	3	0	3	3	3	4	3	1	2	2	3	2	2	4	3	4	
0	3	1	2	3	2	3	2	3	2	1	1	2	3	2	2	2	0	3	2	3	1	3	3	1	4	3	2	3	2	2	
0	3	3	2	3	2	3	2	3	2	3	3	3	2	1	1	2	2	0	2	3	1	3	3	3	3	2	2	3	3	2	
0	3	2	2	3	2	3	3	4	3	1	3	1	2	2	2	3	3	4	0	4	3	2	3	4	2	3	2	3	2	3	
0	3	3	2	1	2	3	3	1	2	3	2	1	1	2	2	3	3	4	2	0	2	2	3	1	4	2	3	3	2	3	
0	4	4	1	3	3	3	1	2	2	3	3	2	3	3	2	1	4	3	3	2	0	2	3	3	4	3	3	3	2	2	
0	2	5	4	2	3	3	3	4	4	2	5	3	2	3	3	3	4	2	4	3	3	0	1	4	4	3	2	4	3	4	
0	1	4	3	3	2	2	2	3	3	3	4	2	1	2	3	2	3	2	3	2	2	1	0	3	3	2	1	3	2	3	
0	3	3	3	2	2	3	3	3	3	2	1	2	2	1	1	2	2	3	1	4	3	3	3	0	3	2	2	2	1	2	
0	3	4	3	1	1	2	3	3	4	2	4	3	2	2	3	3	3	3	3	4	2	1	2	3	0	2	3	2	3	2	
0	4	2	3	1	2	2	3	4	3	2	2	1	2	2	2	3	1	4	3	4	2	2	3	2	4	0	2	3	2	3	
0	2	3	2	2	1	2	1	2	2	3	3	2	2	1	2	2	2	3	2	2	1	2	1	2	3	1	0	2	1	2	
0	3	2	2	2	3	1	2	1	2	1	3	3	3	2	3	1	3	4	2	3	1	2	2	2	3	3	3	0	2	3	
0	4	3	3	2	2	2	2	2	3	2	3	1	2	3	2	2	2	4	3	4	2	2	3	3	2	1	3	1	0	3	
0	3	3	2	3	2	3	2	3	3	4	4	2	1	2	2	3	3	1	3	3	2	3	2	3	4	2	1	3	2	0	
M5
0	0	0	0	0	0	0	0	0	0	0	0	0	0	0	0	0	0	0	0	0	0	0	0	0	0	0	0	0	0	0	
0	0	2	2	2	4	3	3	1	3	3	2	1	3	1	2	2	2	2	3	2	3	2	3	2	4	2	2	4	3	2	
0	2	0	3	3	2	1	2	3	2	3	3	2	3	3	3	2	4	3	2	2	3	3	1	1	2	2	2	2	2	3	
0	2	2	0	3	2	2	3	3	3	1	1	1	3	2	3	2	3	2	2	3	2	2	2	3	2	2	2	2	3	2	
0	2	2	2	0	2	3	2	2	2	2	1	2	1	2	3	2	3	3	2	2	3	3	3	2	3	2	1	3	2	3	
0	1	2	3	1	0	2	2	2	3	2	1	2	2	2	3	3	3	2	2	3	2	2	1	3	3	1	2	2	3	3	
0	3	3	2	4	3	0	3	2	3	2	3	2	4	3	3	1	4	2	4	3	3	3	3	2	1	3	4	4	1	3	
0	3	4	2	4	3	1	0	2	2	3	3	3	1	4	3	2	4	3	4	3	3	3	3	3	2	2	4	1	2	4	
0	3	2	1	3	3	2	4	0	4	2	2	2	3	3	1	2	2	3	3	1	3	1	3	3	3	2	2	3	2	3	
0	1	2	3	2	3	2	1	2	0	3	2	2	2	2	2	2	3	2	3	3	1	3	2	3	3	3	3	2	2	3	
0	2	2	3	2	1	1	3	3	3	0	2	2	3	3	2	2	3	3	3	3	1	1	1	3	2	2	2	2	2	3	
0	1	2	3	3	2	2	3	2	4	1	0	2	3	1	3	3	2	3	1	2	2	2	2	2	2	2	1	3	2	3	
0	1	1	3	2	3	2	2	2	2	2	2	0	2	1	3	1	2	1	3	2	2	2	2	2	3	1	2	3	3	1	
0	2	3	1	3	3	2	1	1	1	2	2	2	0	3	2	1	3	2	3	2	2	2	3	2	3	3	3	2	3	3	
0	2	2	3	2	3	3	2	3	3	2	1	1	2	0	2	2	1	2	2	2	3	3	2	1	3	2	1	3	2	2	
0	2	1	2	3	3	2	3	1	3	2	3	3	2	3	0	1	1	2	3	1	3	2	2	2	3	2	1	3	2	4	
0	3	3	2	3	2	1	2	1	4	1	3	3	3	4	2	0	3	1	4	2	2	2	2	3	2	2	3	3	2	4	
0	1	2	2	3	3	3	2	2	2	3	3	2	1	2	1	2	0	3	4	2	3	3	2	2	2	3	2	3	3	3	
0	3	3	2	2	4	2	1	1	3	3	3	3	2	4	2	3	2	0	4	2	2	2	3	3	3	1	2	2	3	4	
0	3	2	3	3	2	2	4	3	4	2	3	4	4	4	4	3	4	4	0	2	3	1	1	3	3	3	2	2	2	5	
0	3	3	3	3	2	2	3	3	3	3	3	3	2	3	3	2	3	3	4	0	2	2	3	3	3	1	4	4	1	4	
0	2	1	3	1	2	2	3	2	2	2	1	1	2	2	1	1	2	2	2	2	0	3	1	2	3	2	2	2	1	2	
0	3	3	2	3	2	1	3	3	4	1	2	3	3	3	3	2	4	3	3	3	2	0	2	2	2	2	3	3	2	4	
0	2	1	3	2	1	2	3	2	3	3	2	3	3	3	3	2	3	3	3	2	3	3	0	2	3	2	1	1	2	4	
0	1	3	3	3	3	2	1	2	3	3	3	2	2	2	2	2	3	3	4	1	2	2	2	0	3	1	2	2	1	2	
0	2	3	2	3	3	2	2	1	4	2	3	3	3	3	2	1	3	1	4	2	2	2	3	1	0	2	3	3	2	3	
0	3	2	2	2	3	2	2	2	2	2	2	2	1	3	2	2	3	3	3	3	1	1	2	2	2	0	3	3	2	3	
0	2	1	3	4	3	2	2	3	3	3	2	3	3	3	3	2	2	3	3	1	3	3	2	1	3	2	0	3	1	3	
0	3	3	3	3	3	2	3	2	3	2	3	3	2	4	3	1	4	2	4	3	2	2	2	2	3	1	3	0	3	4	
0	4	3	2	4	3	2	3	2	5	2	3	3	4	4	2	1	3	2	4	3	3	3	3	4	3	3	3	4	0	4	
0	1	3	3	3	3	1	1	2	3	3	3	2	2	2	3	2	3	3	4	2	3	3	2	1	2	2	3	2	2	0	
M6
0	0	0	0	0	0	0	0	0	0	0	0	0	0	0	0	0	0	0	0	0	0	0	0	0	0	0	0	0	0	0	
0	0	2	1	1	3	3	3	2	2	3	1	3	3	3	2	2	2	2	2	4	3	3	2	2	2	3	3	2	3	3	
0	2	0	3	2	3	3	2	3	3	3	3	4	2	2	1	4	3	4	3	2	1	2	3	2	3	2	4	3	3	2	
0	2	3	0	2	2	3	3	2	1	2	2	4	3	3	1	2	1	3	3	3	2	2	1	2	2	2	3	1	2	3	
0	1	2	2	0	3	2	3	2	3	2	1	3	2	2	3	2	3	2	1	3	3	3	3	1	3	4	3	3	3	2	
0	2	1	2	3	0	2	3	2	3	3	3	4	2	2	2	3	2	1	3	3	1	3	3	3	1	3	3	2	2	1	
0	3	3	2	2	4	0	3	2	1	3	2	4	4	4	3	2	3	3	3	3	3	3	2	3	3	4	2	3	2	3	
0	2	2	3	3	3	2	0	3	3	2	3	4	3	3	3	3	3	3	3	2	3	3	2	4	2	3	4	3	1	2	
0	2	2	3	3	2	2	3	0	3	2	1	3	2	3	3	1	1	1	4	3	1	2	1	2	2	3	1	1	2	2	
0	2	2	1	3	3	2	2	2	0	2	1	3	3	3	2	1	2	2	3	2	2	2	2	2	2	3	3	2	1	2	
0	3	4	4	3	4	4	4	2	3	0	3	3	3	3	3	3	1	2	3	3	3	1	3	4	2	4	3	3	3	3	
0	2	1	3	3	3	2	2	1	3	3	0	2	3	3	2	2	2	1	3	3	2	3	2	1	3	3	2	2	2	2	
0	2	1	3	3	3	3	3	2	3	1	3	0	2	3	2	2	1	1	1	1	2	2	2	3	3	2	3	3	2	2	
0	2	2	3	3	1	3	3	3	4	2	3	3	0	3	2	3	3	2	2	1	2	3	2	2	2	2	4	1	2	2	
0	3	3	4	4	2	3	1	2	3	3	2	3	1	0	3	2	1	3	2	2	3	1	3	3	2	3	3	2	2	3	
0	1	3	2	1	3	3	3	3	2	2	2	3	2	3	0	3	2	3	2	2	1	1	2	2	2	1	3	2	3	3	
0	3	2	3	4	3	2	3	2	2	3	1	3	2	3	3	0	3	2	3	3	3	1	3	2	2	2	3	3	3	3	
0	3	3	3	4	3	3	4	1	2	3	2	4	2	4	3	2	0	2	3	2	2	3	2	3	3	3	2	2	3	3	
0	1	3	2	2	3	2	2	2	3	2	2	4	2	2	3	3	2	0	3	2	1	2	3	3	3	3	3	2	1	1	
0	1	3	2	2	2	2	4	2	3	3	2	4	1	3	2	1	2	3	0	2	2	2	3	3	3	3	3	2	3	1	
0	1	3	2	2	2	3	3	2	3	2	2	2	2	3	1	2	3	3	1	0	2	2	1	2	2	1	3	3	2	2	
0	1	3	2	2	2	3	2	3	3	3	2	3	1	4	3	3	3	3	3	2	0	3	3	2	3	3	4	2	3	3	
0	3	3	3	3	4	3	3	2	4	3	3	2	3	2	2	3	2	2	3	3	3	0	3	4	1	3	3	3	2	2	
0	2	4	2	3	3	2	2	3	3	2	3	4	2	2	2	4	2	2	3	2	3	3	0	4	1	3	4	3	1	2	
0	2	1	3	3	3	1	3	2	2	4	1	3	2	3	2	2	3	2	3	3	2	3	2	0	3	3	3	3	3	3	
0	2	3	2	2	3	2	2	2	3	2	2	3	2	1	1	3	1	1	3	2	2	2	3	3	0	2	3	2	1	1	
0	2	2	3	3	3	2	3	2	3	1	2	4	2	3	3	2	2	2	1	3	1	2	1	1	2	0	3	2	2	2	
0	4	3	2	4	4	3	4	3	3	1	2	2	3	3	3	1	2	3	3	3	4	2	3	3	2	3	0	3	3	3	
0	2	2	3	3	1	2	2	3	3	1	2	4	3	3	3	3	2	2	3	2	2	2	3	1	2	3	3	0	1	2	
0	1	3	2	2	3	1	1	2	2	1	2	3	2	4	2	3	2	3	2	1	2	2	2	3	3	2	3	2	0	1	
0	2	3	1	3	2	1	3	1	2	2	2	4	2	4	2	2	1	2	4	3	1	3	2	2	3	3	2	1	2	0	
M7
0	0	0	0	0	0	0	0	0	0	0	0	0	0	0	0	0	0	0	0	0	0	0	0	0	0	0	0	0	0	0	
0	0	2	2	3	2	2	3	3	1	3	3	2	3	3	2	1	1	3	3	3	2	3	2	2	2	2	2	3	3	3	
0	3	0	3	4	2	1	3	2	4	1	1	3	2	2	4	3	2	2	3	3	2	1	2	2	3	2	2	2	3	3	
0	2	3	0	4	3	3	4	2	2	1	3	2	3	3	3	3	3	4	2	3	1	3	3	3	3	2	2	3	3	3	
0	5	4	3	0	3	3	4	2	3	3	3	2	3	4	4	4	3	3	4	2	4	3	3	2	2	4	2	1	2	3	
0	4	3	2	2	0	2	3	2	4	3	1	4	2	3	4	3	2	3	4	3	3	3	2	4	1	3	2	3	1	3	
0	3	2	3	3	2	0	2	4	3	3	3	3	1	2	4	2	1	3	3	3	4	3	1	3	2	2	1	3	3	2	
0	3	3	2	3	1	3	0	2	2	3	2	2	3	4	2	4	2	3	4	1	3	3	3	3	2	3	3	2	2	4	
0	3	2	1	3	1	3	2	0	2	1	2	3	3	2	2	3	2	3	2	1	2	3	1	3	2	2	3	2	2	4	
0	4	1	3	3	3	2	3	3	0	2	2	3	2	3	4	2	3	3	4	2	3	2	2	1	3	3	3	2	2	2	
0	4	3	2	4	2	3	3	1	3	0	2	4	3	3	3	4	3	4	3	2	3	2	2	3	2	1	3	3	2	3	
0	4	2	2	3	2	2	3	1	3	2	0	3	3	3	3	3	2	2	3	2	3	3	2	4	3	3	1	3	3	2	
0	3	4	1	3	1	2	3	2	3	1	2	0	3	2	4	3	3	3	3	3	2	3	2	4	2	2	2	1	1	4	
0	2	1	2	2	2	2	4	3	3	2	2	2	0	3	3	1	1	3	2	4	3	2	3	2	1	2	2	3	2	1	
0	2	2	3	2	4	3	5	4	3	3	3	4	2	0	4	3	3	4	4	4	4	3	4	4	3	4	2	3	4	2	
0	2	2	2	1	3	1	3	2	1	3	2	2	2	3	0	2	2	2	2	3	1	3	2	2	1	3	2	2	3	3	
0	3	3	1	2	1	3	3	3	3	2	2	1	3	2	4	0	2	4	3	4	2	2	2	2	2	3	2	2	2	3	
0	3	2	3	4	2	1	3	3	2	3	2	3	2	2	4	3	0	2	3	3	4	3	2	3	2	1	1	2	3	3	
0	2	4	3	2	2	2	2	2	3	3	2	3	3	2	2	2	3	0	1	3	3	3	1	3	2	1	3	2	3	1	
0	2	3	3	2	2	1	3	3	2	2	3	2	2	3	1	3	2	2	0	4	2	4	2	3	2	3	2	1	2	3	
0	4	2	3	2	3	3	4	3	1	2	3	2	3	4	2	3	3	2	3	0	3	3	3	2	2	3	4	1	2	3	
0	1	3	2	3	2	2	3	1	2	2	3	1	3	3	2	2	2	3	1	2	0	4	2	3	3	3	2	2	2	4	
0	2	2	3	3	3	2	3	2	3	2	2	2	1	3	3	2	2	2	2	3	1	0	3	1	2	1	3	1	2	2	
0	3	3	2	3	1	2	1	3	3	3	2	2	3	1	3	4	3	2	3	2	3	4	0	4	2	3	3	2	2	3	
0	5	4	3	2	3	3	4	4	3	3	3	2	3	4	4	2	2	3	4	4	4	3	3	0	2	3	3	1	2	1	
0	3	2	3	3	3	3	4	2	4	3	1	3	1	4	4	2	2	3	3	3	3	2	3	3	0	3	2	2	3	2	
0	4	3	2	3	3	3	2	2	2	3	1	4	2	4	4	3	3	3	4	2	3	3	3	3	1	0	2	3	4	2	
0	4	2	3	4	3	1	3	4	4	3	3	3	2	3	5	2	2	4	4	4	4	3	2	4	3	3	0	4	4	3	
0	4	3	2	4	2	2	3	3	4	2	2	1	2	3	4	3	2	2	3	4	3	3	2	4	1	3	3	0	1	3	
0	4	3	3	4	2	1	2	4	4	3	3	3	2	2	4	2	2	3	4	3	4	4	1	3	3	3	2	3	0	3	
0	4	3	2	1	2	4	4	3	2	3	3	2	3	3	3	1	3	4	4	3	3	2	3	3	3	3	3	2	3	0	
Tamanho_Tarefas
0	20	20	23	21	8	19	21	9	22	18	23	21	16	13	19	28	16	3	17	21	1	18	11	12	20	20	23	6	13	17	
Data_Entrega
0	149	154	150	156	156	153	152	157	151	157	155	151	162	156	149	156	161	150	149	153	159	152	153	158	153	162	161	157	158	160	
Penalidade_Atraso
0	18	16	9	15	15	14	6	14	5	19	8	18	3	20	12	15	19	10	7	7	13	8	20	5	11	12	19	9	12	11	
Capacidade_Veiculo
84	67	53	79	79	55	40	70	66	36	
Custo_Fixo_Veiculo
840	670	530	790	790	550	400	700	660	360	
Coordenadas_Clientes
x	0	y	0
x	98	y	0
x	88	y	18
x	101	y	45
x	63	y	46
x	83	y	92
x	53	y	92
x	24	y	76
x	9	y	94
x	-12	y	117
x	-36	y	112
x	-62	y	108
x	-72	y	81
x	-74	y	54
x	-100	y	44
x	-78	y	16
x	-92	y	0
x	-117	y	-24
x	-102	y	-45
x	-77	y	-56
x	-69	y	-77
x	-51	y	-89
x	-36	y	-111
x	-10	y	-100
x	10	y	-99
x	25	y	-77
x	59	y	-102
x	56	y	-62
x	100	y	-72
x	105	y	-47
x	96	y	-20
Tempo_Viagem
0	98	89	110	78	123	106	79	94	117	117	124	108	91	109	79	92	119	111	95	103	102	116	100	99	80	117	83	123	115	98	
98	0	20	45	57	93	101	106	129	160	174	193	188	180	202	176	190	216	205	183	183	173	174	147	132	106	109	74	72	47	20	
89	20	0	29	37	74	81	86	109	140	155	174	171	165	189	166	180	208	200	180	183	175	178	153	139	113	123	86	90	66	38	
110	45	29	0	38	50	67	83	104	133	152	174	176	175	201	181	198	228	221	204	209	202	207	182	168	142	152	115	117	92	65	
78	57	37	38	0	50	47	49	72	103	118	139	139	137	163	144	161	193	188	173	180	176	185	163	154	128	148	108	123	101	73	
123	93	74	50	50	0	30	61	74	98	120	145	155	161	188	178	197	231	230	217	226	225	235	213	204	178	195	156	164	140	112	
106	101	81	67	47	30	0	33	44	69	91	116	125	132	159	151	171	205	206	196	208	208	221	202	195	171	194	154	170	147	119	
79	106	86	83	49	61	33	0	23	54	69	91	96	100	127	118	138	172	174	166	179	181	195	179	175	153	181	141	166	147	120	
94	129	109	104	72	74	44	23	0	31	48	72	82	92	119	116	137	171	177	172	187	192	209	194	193	171	202	162	189	170	143	
117	160	140	133	103	98	69	54	31	0	24	50	69	88	114	120	141	175	185	184	202	209	229	217	216	197	230	191	219	201	174	
117	174	155	152	118	120	91	69	48	24	0	26	47	69	93	104	125	158	169	172	191	201	223	213	215	197	234	196	228	212	186	
124	193	174	174	139	145	116	91	72	50	26	0	28	55	74	93	111	142	157	164	185	197	220	214	219	204	241	206	242	227	203	
108	188	171	176	139	155	125	96	82	69	47	28	0	27	46	65	83	114	129	137	158	171	195	191	197	185	225	191	230	218	196	
91	180	165	175	137	161	132	100	92	88	69	55	27	0	27	38	56	89	102	110	131	144	169	166	174	164	205	174	214	205	185	
109	202	189	201	163	188	159	127	119	114	93	74	46	27	0	35	44	70	89	101	123	141	167	169	179	173	215	188	231	224	206	
79	176	166	181	144	178	151	118	116	120	104	93	65	38	35	0	21	55	65	72	93	108	133	134	144	138	180	155	198	193	177	
92	190	180	198	161	197	171	138	137	141	125	111	83	56	44	21	0	34	46	57	79	97	123	129	142	140	182	160	205	202	189	
119	216	208	228	193	231	205	172	171	175	158	142	114	89	70	55	34	0	25	51	70	91	117	131	147	151	192	177	222	223	213	
111	205	200	221	188	230	206	174	177	185	169	157	129	102	89	65	46	25	0	27	45	66	92	107	124	130	170	158	203	207	199	
95	183	180	204	173	217	196	166	172	184	172	164	137	110	101	72	57	51	27	0	22	42	68	80	97	104	143	133	177	182	176	
103	183	183	209	180	226	208	179	187	202	191	185	158	131	123	93	79	70	45	22	0	21	47	63	82	94	130	125	169	176	174	
102	173	175	202	176	225	208	181	192	209	201	197	171	144	141	108	97	91	66	42	21	0	26	42	61	76	110	110	151	161	162	
116	174	178	207	185	235	221	195	209	229	223	220	195	169	167	133	123	117	92	68	47	26	0	28	47	69	95	103	140	154	160	
100	147	153	182	163	213	202	179	194	217	213	214	191	166	169	134	129	131	107	80	63	42	28	0	20	41	69	75	113	126	132	
99	132	139	168	154	204	195	175	193	216	215	219	197	174	179	144	142	147	124	97	82	61	47	20	0	26	49	59	93	108	116	
80	106	113	142	128	178	171	153	171	197	197	204	185	164	173	138	140	151	130	104	94	76	69	41	26	0	42	34	75	85	91	
117	109	123	152	148	195	194	181	202	230	234	241	225	205	215	180	182	192	170	143	130	110	95	69	49	42	0	40	50	71	89	
83	74	86	115	108	156	154	141	162	191	196	206	191	174	188	155	160	177	158	133	125	110	103	75	59	34	40	0	45	51	58	
123	72	90	117	123	164	170	166	189	219	228	242	230	214	231	198	205	222	203	177	169	151	140	113	93	75	50	45	0	25	52	
115	47	66	92	101	140	147	147	170	201	212	227	218	205	224	193	202	223	207	182	176	161	154	126	108	85	71	51	25	0	28	
98	20	38	65	73	112	119	120	143	174	186	203	196	185	206	177	189	213	199	176	174	162	160	132	116	91	89	58	52	28	0	
Custo_Viagem
V0
0	1646	1495	1848	1310	2066	1780	1327	1579	1965	1965	2083	1814	1528	1831	1327	1545	1999	1864	1596	1730	1713	1948	1680	1663	1344	1965	1394	2066	1932	1646	
1646	0	336	756	957	1562	1713	1780	2167	2688	2923	3242	3158	3024	3393	2956	3192	3628	3444	3074	3074	2906	2923	2469	2217	1780	1831	1243	1209	789	336	
1495	336	0	487	621	1243	1360	1444	1831	2352	2604	2923	2872	2772	3175	2788	3024	3511	3360	3024	3074	2940	2990	2570	2352	1898	2066	1444	1512	1125	638	
1848	756	487	0	638	840	1125	1394	1747	2234	2553	2923	2956	2940	3376	3040	3326	3830	3729	3427	3511	3393	3477	3057	2856	2402	2553	1948	1965	1545	1092	
1310	957	621	638	0	840	789	823	1209	1730	1982	2335	2335	2301	2738	2419	2704	3242	3158	2906	3024	2956	3108	2738	2587	2150	2486	1814	2066	1713	1226	
2066	1562	1243	840	840	0	504	1024	1243	1646	2016	2436	2604	2704	3175	2990	3309	3880	3864	3645	3813	3780	3948	3578	3427	2990	3276	2620	2755	2352	1881	
1780	1713	1360	1125	789	504	0	554	739	1159	1528	1948	2100	2217	2688	2536	2872	3444	3460	3292	3494	3494	3712	3393	3276	2872	3259	2587	2856	2486	1999	
1327	1780	1444	1394	823	1024	554	0	386	907	1159	1528	1612	1680	2150	1982	2318	2889	2923	2788	3007	3040	3292	3007	2940	2570	3040	2368	2788	2469	2016	
1579	2167	1831	1747	1209	1243	739	386	0	520	806	1209	1377	1545	1999	1948	2301	2889	2973	2889	3141	3225	3511	3259	3242	2872	3393	2721	3175	2856	2402	
1965	2688	2352	2234	1730	1646	1159	907	520	0	403	840	1159	1478	1915	2016	2368	2940	3108	3091	3393	3511	3847	3645	3645	3309	3864	3208	3679	3376	2923	
1965	2923	2604	2553	1982	2016	1528	1159	806	403	0	436	789	1159	1562	1747	2100	2654	2856	2889	3208	3376	3746	3578	3612	3326	3931	3292	3830	3561	3124	
2083	3242	2923	2923	2335	2436	1948	1528	1209	840	436	0	470	924	1243	1562	1881	2402	2654	2755	3108	3309	3696	3595	3679	3427	4065	3460	4065	3813	3410	
1814	3158	2872	2956	2335	2604	2100	1612	1377	1159	789	470	0	453	772	1092	1394	1915	2167	2301	2654	2872	3276	3208	3309	3108	3780	3208	3864	3662	3292	
1528	3024	2772	2940	2301	2704	2217	1680	1545	1478	1159	924	453	0	453	638	940	1495	1713	1848	2200	2419	2839	2788	2923	2755	3444	2923	3595	3444	3108	
1831	3393	3175	3376	2738	3175	2688	2150	1999	1915	1562	1243	772	453	0	588	739	1176	1495	1713	2083	2368	2805	2839	3024	2906	3612	3158	3880	3763	3460	
1327	2956	2788	3040	2419	2990	2536	1982	1948	2016	1747	1562	1092	638	588	0	352	924	1092	1209	1562	1814	2234	2251	2419	2318	3024	2604	3326	3242	2973	
1545	3192	3024	3326	2704	3309	2872	2318	2301	2368	2100	1881	1394	940	739	352	0	571	772	957	1344	1629	2083	2167	2385	2352	3057	2688	3444	3393	3175	
1999	3628	3511	3830	3242	3880	3444	2889	2889	2940	2654	2402	1915	1495	1176	924	571	0	420	856	1192	1545	1982	2200	2469	2536	3225	2973	3729	3746	3578	
1864	3444	3360	3729	3158	3864	3460	2923	2973	3108	2856	2654	2167	1713	1495	1092	772	420	0	453	756	1125	1562	1797	2083	2184	2856	2654	3410	3477	3343	
1596	3074	3024	3427	2906	3645	3292	2788	2889	3091	2889	2755	2301	1848	1713	1209	957	856	453	0	369	705	1142	1344	1629	1747	2402	2234	2973	3057	2956	
1730	3074	3074	3511	3024	3813	3494	3007	3141	3393	3208	3108	2654	2200	2083	1562	1344	1192	756	369	0	352	789	1058	1377	1579	2184	2100	2839	2956	2923	
1713	2906	2940	3393	2956	3780	3494	3040	3225	3511	3376	3309	2872	2419	2368	1814	1629	1545	1125	705	352	0	436	705	1024	1276	1848	1848	2536	2704	2721	
1948	2923	2990	3477	3108	3948	3712	3292	3511	3847	3746	3696	3276	2839	2805	2234	2083	1982	1562	1142	789	436	0	470	789	1159	1596	1747	2368	2587	2688	
1680	2469	2570	3057	2738	3578	3393	3007	3259	3645	3578	3595	3208	2788	2839	2251	2167	2200	1797	1344	1058	705	470	0	336	688	1159	1276	1898	2116	2217	
1663	2217	2352	2856	2587	3427	3276	2940	3242	3645	3612	3679	3309	2923	3024	2419	2385	2469	2083	1629	1377	1024	789	336	0	436	823	991	1562	1814	1948	
1344	1780	1898	2402	2150	2990	2872	2570	2872	3309	3326	3427	3108	2755	2906	2318	2352	2536	2184	1747	1579	1276	1159	688	436	0	705	571	1260	1428	1528	
1965	1831	2066	2553	2486	3276	3259	3040	3393	3864	3931	4065	3780	3444	3612	3024	3057	3225	2856	2402	2184	1848	1596	1159	823	705	0	672	840	1192	1495	
1394	1243	1444	1948	1814	2620	2587	2368	2721	3208	3292	3460	3208	2923	3158	2604	2688	2973	2654	2234	2100	1848	1747	1276	991	571	672	0	756	856	974	
2066	1209	1512	1965	2066	2755	2856	2788	3175	3679	3830	4065	3864	3595	3880	3326	3444	3729	3410	2973	2839	2536	2368	1898	1562	1260	840	756	0	420	873	
1932	789	1125	1545	1713	2352	2486	2469	2856	3376	3561	3813	3662	3444	3763	3242	3393	3746	3477	3057	2956	2704	2587	2116	1814	1428	1192	856	420	0	470	
1646	336	638	1092	1226	1881	1999	2016	2402	2923	3124	3410	3292	3108	3460	2973	3175	3578	3343	2956	2923	2721	2688	2217	1948	1528	1495	974	873	470	0	
V1
0	1313	1192	1474	1045	1648	1420	1058	1259	1567	1567	1661	1447	1219	1460	1058	1232	1594	1487	1273	1380	1366	1554	1340	1326	1072	1567	1112	1648	1541	1313	
1313	0	268	603	763	1246	1366	1420	1728	2144	2331	2586	2519	2412	2706	2358	2546	2894	2747	2452	2452	2318	2331	1969	1768	1420	1460	991	964	629	268	
1192	268	0	388	495	991	1085	1152	1460	1876	2077	2331	2291	2211	2532	2224	2412	2800	2680	2412	2452	2345	2385	2050	1876	1514	1648	1152	1206	897	509	
1474	603	388	0	509	670	897	1112	1393	1782	2036	2331	2358	2345	2693	2425	2653	3055	2974	2733	2800	2706	2773	2438	2278	1916	2036	1554	1567	1232	871	
1045	763	495	509	0	670	629	656	964	1380	1581	1862	1862	1835	2184	1929	2157	2586	2519	2318	2412	2358	2479	2184	2063	1715	1983	1447	1648	1366	978	
1648	1246	991	670	670	0	402	817	991	1313	1608	1943	2077	2157	2532	2385	2639	3095	3082	2907	3041	3015	3149	2854	2733	2385	2613	2090	2197	1876	1500	
1420	1366	1085	897	629	402	0	442	589	924	1219	1554	1675	1768	2144	2023	2291	2747	2760	2626	2787	2787	2961	2706	2613	2291	2599	2063	2278	1983	1594	
1058	1420	1152	1112	656	817	442	0	308	723	924	1219	1286	1340	1715	1581	1849	2304	2331	2224	2398	2425	2626	2398	2345	2050	2425	1889	2224	1969	1608	
1259	1728	1460	1393	964	991	589	308	0	415	643	964	1098	1232	1594	1554	1835	2304	2371	2304	2505	2572	2800	2599	2586	2291	2706	2170	2532	2278	1916	
1567	2144	1876	1782	1380	1313	924	723	415	0	321	670	924	1179	1527	1608	1889	2345	2479	2465	2706	2800	3068	2907	2907	2639	3082	2559	2934	2693	2331	
1567	2331	2077	2036	1581	1608	1219	924	643	321	0	348	629	924	1246	1393	1675	2117	2278	2304	2559	2693	2988	2854	2881	2653	3135	2626	3055	2840	2492	
1661	2586	2331	2331	1862	1943	1554	1219	964	670	348	0	375	737	991	1246	1500	1916	2117	2197	2479	2639	2948	2867	2934	2733	3242	2760	3242	3041	2720	
1447	2519	2291	2358	1862	2077	1675	1286	1098	924	629	375	0	361	616	871	1112	1527	1728	1835	2117	2291	2613	2559	2639	2479	3015	2559	3082	2921	2626	
1219	2412	2211	2345	1835	2157	1768	1340	1232	1179	924	737	361	0	361	509	750	1192	1366	1474	1755	1929	2264	2224	2331	2197	2747	2331	2867	2747	2479	
1460	2706	2532	2693	2184	2532	2144	1715	1594	1527	1246	991	616	361	0	469	589	938	1192	1366	1661	1889	2237	2264	2412	2318	2881	2519	3095	3001	2760	
1058	2358	2224	2425	1929	2385	2023	1581	1554	1608	1393	1246	871	509	469	0	281	737	871	964	1246	1447	1782	1795	1929	1849	2412	2077	2653	2586	2371	
1232	2546	2412	2653	2157	2639	2291	1849	1835	1889	1675	1500	1112	750	589	281	0	455	616	763	1072	1299	1661	1728	1902	1876	2438	2144	2747	2706	2532	
1594	2894	2800	3055	2586	3095	2747	2304	2304	2345	2117	1916	1527	1192	938	737	455	0	335	683	951	1232	1581	1755	1969	2023	2572	2371	2974	2988	2854	
1487	2747	2680	2974	2519	3082	2760	2331	2371	2479	2278	2117	1728	1366	1192	871	616	335	0	361	603	897	1246	1433	1661	1742	2278	2117	2720	2773	2666	
1273	2452	2412	2733	2318	2907	2626	2224	2304	2465	2304	2197	1835	1474	1366	964	763	683	361	0	294	562	911	1072	1299	1393	1916	1782	2371	2438	2358	
1380	2452	2452	2800	2412	3041	2787	2398	2505	2706	2559	2479	2117	1755	1661	1246	1072	951	603	294	0	281	629	844	1098	1259	1742	1675	2264	2358	2331	
1366	2318	2345	2706	2358	3015	2787	2425	2572	2800	2693	2639	2291	1929	1889	1447	1299	1232	897	562	281	0	348	562	817	1018	1474	1474	2023	2157	2170	
1554	2331	2385	2773	2479	3149	2961	2626	2800	3068	2988	2948	2613	2264	2237	1782	1661	1581	1246	911	629	348	0	375	629	924	1273	1393	1889	2063	2144	
1340	1969	2050	2438	2184	2854	2706	2398	2599	2907	2854	2867	2559	2224	2264	1795	1728	1755	1433	1072	844	562	375	0	268	549	924	1018	1514	1688	1768	
1326	1768	1876	2278	2063	2733	2613	2345	2586	2907	2881	2934	2639	2331	2412	1929	1902	1969	1661	1299	1098	817	629	268	0	348	656	790	1246	1447	1554	
1072	1420	1514	1916	1715	2385	2291	2050	2291	2639	2653	2733	2479	2197	2318	1849	1876	2023	1742	1393	1259	1018	924	549	348	0	562	455	1005	1139	1219	
1567	1460	1648	2036	1983	2613	2599	2425	2706	3082	3135	3242	3015	2747	2881	2412	2438	2572	2278	1916	1742	1474	1273	924	656	562	0	536	670	951	1192	
1112	991	1152	1554	1447	2090	2063	1889	2170	2559	2626	2760	2559	2331	2519	2077	2144	2371	2117	1782	1675	1474	1393	1018	790	455	536	0	603	683	777	
1648	964	1206	1567	1648	2197	2278	2224	2532	2934	3055	3242	3082	2867	3095	2653	2747	2974	2720	2371	2264	2023	1889	1514	1246	1005	670	603	0	335	696	
1541	629	897	1232	1366	1876	1983	1969	2278	2693	2840	3041	2921	2747	3001	2586	2706	2988	2773	2438	2358	2157	2063	1688	1447	1139	951	683	335	0	375	
1313	268	509	871	978	1500	1594	1608	1916	2331	2492	2720	2626	2479	2760	2371	2532	2854	2666	2358	2331	2170	2144	1768	1554	1219	1192	777	696	375	0	
V2
0	1038	943	1166	826	1303	1123	837	996	1240	1240	1314	1144	964	1155	837	975	1261	1176	1007	1091	1081	1229	1060	1049	848	1240	879	1303	1219	1038	
1038	0	212	477	604	985	1081	1123	1367	1696	1844	2045	1992	1908	2141	1865	2014	2289	2173	1939	1939	1833	1844	1558	1399	1123	1155	784	763	498	212	
943	212	0	307	392	784	858	911	1155	1484	1643	1844	1812	1749	2003	1759	1908	2215	2120	1908	1939	1855	1886	1621	1484	1197	1303	911	954	710	402	
1166	477	307	0	402	530	710	879	1102	1409	1611	1844	1865	1855	2130	1918	2098	2416	2353	2162	2215	2141	2194	1929	1802	1515	1611	1229	1240	975	689	
826	604	392	402	0	530	498	519	763	1091	1250	1473	1473	1452	1727	1526	1706	2045	1992	1833	1908	1865	1961	1727	1632	1356	1568	1144	1303	1081	773	
1303	985	784	530	530	0	318	646	784	1038	1272	1537	1643	1706	2003	1886	2088	2448	2438	2300	2406	2385	2491	2257	2162	1886	2067	1653	1738	1484	1187	
1123	1081	858	710	498	318	0	349	466	731	964	1229	1325	1399	1696	1600	1812	2173	2183	2077	2204	2204	2342	2141	2067	1812	2056	1632	1802	1568	1261	
837	1123	911	879	519	646	349	0	243	572	731	964	1017	1060	1356	1250	1462	1823	1844	1759	1897	1918	2077	1897	1855	1621	1918	1494	1759	1558	1272	
996	1367	1155	1102	763	784	466	243	0	328	508	763	869	975	1261	1229	1452	1823	1876	1823	1982	2035	2215	2056	2045	1812	2141	1717	2003	1802	1515	
1240	1696	1484	1409	1091	1038	731	572	328	0	254	530	731	932	1208	1272	1494	1855	1961	1950	2141	2215	2427	2300	2300	2088	2438	2024	2321	2130	1844	
1240	1844	1643	1611	1250	1272	964	731	508	254	0	275	498	731	985	1102	1325	1674	1802	1823	2024	2130	2363	2257	2279	2098	2480	2077	2416	2247	1971	
1314	2045	1844	1844	1473	1537	1229	964	763	530	275	0	296	583	784	985	1187	1515	1674	1738	1961	2088	2332	2268	2321	2162	2565	2183	2565	2406	2151	
1144	1992	1812	1865	1473	1643	1325	1017	869	731	498	296	0	286	487	689	879	1208	1367	1452	1674	1812	2067	2024	2088	1961	2385	2024	2438	2310	2077	
964	1908	1749	1855	1452	1706	1399	1060	975	932	731	583	286	0	286	402	593	943	1081	1166	1388	1526	1791	1759	1844	1738	2173	1844	2268	2173	1961	
1155	2141	2003	2130	1727	2003	1696	1356	1261	1208	985	784	487	286	0	371	466	742	943	1081	1314	1494	1770	1791	1908	1833	2279	1992	2448	2374	2183	
837	1865	1759	1918	1526	1886	1600	1250	1229	1272	1102	985	689	402	371	0	222	583	689	763	985	1144	1409	1420	1526	1462	1908	1643	2098	2045	1876	
975	2014	1908	2098	1706	2088	1812	1462	1452	1494	1325	1187	879	593	466	222	0	360	487	604	848	1028	1314	1367	1505	1484	1929	1696	2173	2141	2003	
1261	2289	2215	2416	2045	2448	2173	1823	1823	1855	1674	1515	1208	943	742	583	360	0	265	540	752	975	1250	1388	1558	1600	2035	1876	2353	2363	2257	
1176	2173	2120	2353	1992	2438	2183	1844	1876	1961	1802	1674	1367	1081	943	689	487	265	0	286	477	710	985	1134	1314	1378	1802	1674	2151	2194	2109	
1007	1939	1908	2162	1833	2300	2077	1759	1823	1950	1823	1738	1452	1166	1081	763	604	540	286	0	233	445	720	848	1028	1102	1515	1409	1876	1929	1865	
1091	1939	1939	2215	1908	2406	2204	1897	1982	2141	2024	1961	1674	1388	1314	985	848	752	477	233	0	222	498	667	869	996	1378	1325	1791	1865	1844	
1081	1833	1855	2141	1865	2385	2204	1918	2035	2215	2130	2088	1812	1526	1494	1144	1028	975	710	445	222	0	275	445	646	805	1166	1166	1600	1706	1717	
1229	1844	1886	2194	1961	2491	2342	2077	2215	2427	2363	2332	2067	1791	1770	1409	1314	1250	985	720	498	275	0	296	498	731	1007	1102	1494	1632	1696	
1060	1558	1621	1929	1727	2257	2141	1897	2056	2300	2257	2268	2024	1759	1791	1420	1367	1388	1134	848	667	445	296	0	212	434	731	805	1197	1335	1399	
1049	1399	1484	1802	1632	2162	2067	1855	2045	2300	2279	2321	2088	1844	1908	1526	1505	1558	1314	1028	869	646	498	212	0	275	519	625	985	1144	1229	
848	1123	1197	1515	1356	1886	1812	1621	1812	2088	2098	2162	1961	1738	1833	1462	1484	1600	1378	1102	996	805	731	434	275	0	445	360	795	901	964	
1240	1155	1303	1611	1568	2067	2056	1918	2141	2438	2480	2565	2385	2173	2279	1908	1929	2035	1802	1515	1378	1166	1007	731	519	445	0	424	530	752	943	
879	784	911	1229	1144	1653	1632	1494	1717	2024	2077	2183	2024	1844	1992	1643	1696	1876	1674	1409	1325	1166	1102	805	625	360	424	0	477	540	614	
1303	763	954	1240	1303	1738	1802	1759	2003	2321	2416	2565	2438	2268	2448	2098	2173	2353	2151	1876	1791	1600	1494	1197	985	795	530	477	0	265	551	
1219	498	710	975	1081	1484	1568	1558	1802	2130	2247	2406	2310	2173	2374	2045	2141	2363	2194	1929	1865	1706	1632	1335	1144	901	752	540	265	0	296	
1038	212	402	689	773	1187	1261	1272	1515	1844	1971	2151	2077	1961	2183	1876	2003	2257	2109	1865	1844	1717	1696	1399	1229	964	943	614	551	296	0	
V3
0	1548	1406	1738	1232	1943	1674	1248	1485	1848	1848	1959	1706	1437	1722	1248	1453	1880	1753	1501	1627	1611	1832	1580	1564	1264	1848	1311	1943	1817	1548	
1548	0	316	711	900	1469	1611	1674	2038	2528	2749	3049	2970	2844	3191	2780	3002	3412	3239	2891	2891	2733	2749	2322	2085	1674	1722	1169	1137	742	316	
1406	316	0	458	584	1169	1279	1358	1722	2212	2449	2749	2701	2607	2986	2622	2844	3302	3160	2844	2891	2765	2812	2417	2212	1785	1943	1358	1422	1058	600	
1738	711	458	0	600	790	1058	1311	1643	2101	2401	2749	2780	2765	3175	2859	3128	3602	3507	3223	3302	3191	3270	2875	2686	2259	2401	1832	1848	1453	1027	
1232	900	584	600	0	790	742	774	1137	1627	1864	2196	2196	2164	2575	2275	2543	3049	2970	2733	2844	2780	2923	2575	2433	2022	2338	1706	1943	1611	1153	
1943	1469	1169	790	790	0	474	963	1169	1548	1896	2291	2449	2543	2986	2812	3112	3649	3634	3428	3586	3555	3713	3365	3223	2812	3081	2464	2591	2212	1769	
1674	1611	1279	1058	742	474	0	521	695	1090	1437	1832	1975	2085	2528	2385	2701	3239	3254	3096	3286	3286	3491	3191	3081	2701	3065	2433	2686	2338	1880	
1248	1674	1358	1311	774	963	521	0	363	853	1090	1437	1516	1580	2022	1864	2180	2717	2749	2622	2828	2859	3096	2828	2765	2417	2859	2227	2622	2322	1896	
1485	2038	1722	1643	1137	1169	695	363	0	489	758	1137	1295	1453	1880	1832	2164	2717	2796	2717	2954	3033	3302	3065	3049	2701	3191	2559	2986	2686	2259	
1848	2528	2212	2101	1627	1548	1090	853	489	0	379	790	1090	1390	1801	1896	2227	2765	2923	2907	3191	3302	3618	3428	3428	3112	3634	3017	3460	3175	2749	
1848	2749	2449	2401	1864	1896	1437	1090	758	379	0	410	742	1090	1469	1643	1975	2496	2686	2717	3017	3175	3523	3365	3397	3128	3697	3096	3602	3349	2938	
1959	3049	2749	2749	2196	2291	1832	1437	1137	790	410	0	442	869	1169	1469	1769	2259	2496	2591	2923	3112	3476	3381	3460	3223	3823	3254	3823	3586	3207	
1706	2970	2701	2780	2196	2449	1975	1516	1295	1090	742	442	0	426	726	1027	1311	1801	2038	2164	2496	2701	3081	3017	3112	2923	3555	3017	3634	3444	3096	
1437	2844	2607	2765	2164	2543	2085	1580	1453	1390	1090	869	426	0	426	600	884	1406	1611	1738	2069	2275	2670	2622	2749	2591	3239	2749	3381	3239	2923	
1722	3191	2986	3175	2575	2986	2528	2022	1880	1801	1469	1169	726	426	0	553	695	1106	1406	1611	1959	2227	2638	2670	2844	2733	3397	2970	3649	3539	3254	
1248	2780	2622	2859	2275	2812	2385	1864	1832	1896	1643	1469	1027	600	553	0	331	869	1027	1137	1469	1706	2101	2117	2275	2180	2844	2449	3128	3049	2796	
1453	3002	2844	3128	2543	3112	2701	2180	2164	2227	1975	1769	1311	884	695	331	0	537	726	900	1264	1532	1959	2038	2243	2212	2875	2528	3239	3191	2986	
1880	3412	3302	3602	3049	3649	3239	2717	2717	2765	2496	2259	1801	1406	1106	869	537	0	395	805	1121	1453	1864	2069	2322	2385	3033	2796	3507	3523	3365	
1753	3239	3160	3507	2970	3634	3254	2749	2796	2923	2686	2496	2038	1611	1406	1027	726	395	0	426	711	1058	1469	1690	1959	2054	2686	2496	3207	3270	3144	
1501	2891	2844	3223	2733	3428	3096	2622	2717	2907	2717	2591	2164	1738	1611	1137	900	805	426	0	347	663	1074	1264	1532	1643	2259	2101	2796	2875	2780	
1627	2891	2891	3302	2844	3586	3286	2828	2954	3191	3017	2923	2496	2069	1959	1469	1264	1121	711	347	0	331	742	995	1295	1485	2054	1975	2670	2780	2749	
1611	2733	2765	3191	2780	3555	3286	2859	3033	3302	3175	3112	2701	2275	2227	1706	1532	1453	1058	663	331	0	410	663	963	1200	1738	1738	2385	2543	2559	
1832	2749	2812	3270	2923	3713	3491	3096	3302	3618	3523	3476	3081	2670	2638	2101	1959	1864	1469	1074	742	410	0	442	742	1090	1501	1643	2227	2433	2528	
1580	2322	2417	2875	2575	3365	3191	2828	3065	3428	3365	3381	3017	2622	2670	2117	2038	2069	1690	1264	995	663	442	0	316	647	1090	1200	1785	1990	2085	
1564	2085	2212	2686	2433	3223	3081	2765	3049	3428	3397	3460	3112	2749	2844	2275	2243	2322	1959	1532	1295	963	742	316	0	410	774	932	1469	1706	1832	
1264	1674	1785	2259	2022	2812	2701	2417	2701	3112	3128	3223	2923	2591	2733	2180	2212	2385	2054	1643	1485	1200	1090	647	410	0	663	537	1185	1343	1437	
1848	1722	1943	2401	2338	3081	3065	2859	3191	3634	3697	3823	3555	3239	3397	2844	2875	3033	2686	2259	2054	1738	1501	1090	774	663	0	632	790	1121	1406	
1311	1169	1358	1832	1706	2464	2433	2227	2559	3017	3096	3254	3017	2749	2970	2449	2528	2796	2496	2101	1975	1738	1643	1200	932	537	632	0	711	805	916	
1943	1137	1422	1848	1943	2591	2686	2622	2986	3460	3602	3823	3634	3381	3649	3128	3239	3507	3207	2796	2670	2385	2227	1785	1469	1185	790	711	0	395	821	
1817	742	1058	1453	1611	2212	2338	2322	2686	3175	3349	3586	3444	3239	3539	3049	3191	3523	3270	2875	2780	2543	2433	1990	1706	1343	1121	805	395	0	442	
1548	316	600	1027	1153	1769	1880	1896	2259	2749	2938	3207	3096	2923	3254	2796	2986	3365	3144	2780	2749	2559	2528	2085	1832	1437	1406	916	821	442	0	
V4
0	1548	1406	1738	1232	1943	1674	1248	1485	1848	1848	1959	1706	1437	1722	1248	1453	1880	1753	1501	1627	1611	1832	1580	1564	1264	1848	1311	1943	1817	1548	
1548	0	316	711	900	1469	1611	1674	2038	2528	2749	3049	2970	2844	3191	2780	3002	3412	3239	2891	2891	2733	2749	2322	2085	1674	1722	1169	1137	742	316	
1406	316	0	458	584	1169	1279	1358	1722	2212	2449	2749	2701	2607	2986	2622	2844	3302	3160	2844	2891	2765	2812	2417	2212	1785	1943	1358	1422	1058	600	
1738	711	458	0	600	790	1058	1311	1643	2101	2401	2749	2780	2765	3175	2859	3128	3602	3507	3223	3302	3191	3270	2875	2686	2259	2401	1832	1848	1453	1027	
1232	900	584	600	0	790	742	774	1137	1627	1864	2196	2196	2164	2575	2275	2543	3049	2970	2733	2844	2780	2923	2575	2433	2022	2338	1706	1943	1611	1153	
1943	1469	1169	790	790	0	474	963	1169	1548	1896	2291	2449	2543	2986	2812	3112	3649	3634	3428	3586	3555	3713	3365	3223	2812	3081	2464	2591	2212	1769	
1674	1611	1279	1058	742	474	0	521	695	1090	1437	1832	1975	2085	2528	2385	2701	3239	3254	3096	3286	3286	3491	3191	3081	2701	3065	2433	2686	2338	1880	
1248	1674	1358	1311	774	963	521	0	363	853	1090	1437	1516	1580	2022	1864	2180	2717	2749	2622	2828	2859	3096	2828	2765	2417	2859	2227	2622	2322	1896	
1485	2038	1722	1643	1137	1169	695	363	0	489	758	1137	1295	1453	1880	1832	2164	2717	2796	2717	2954	3033	3302	3065	3049	2701	3191	2559	2986	2686	2259	
1848	2528	2212	2101	1627	1548	1090	853	489	0	379	790	1090	1390	1801	1896	2227	2765	2923	2907	3191	3302	3618	3428	3428	3112	3634	3017	3460	3175	2749	
1848	2749	2449	2401	1864	1896	1437	1090	758	379	0	410	742	1090	1469	1643	1975	2496	2686	2717	3017	3175	3523	3365	3397	3128	3697	3096	3602	3349	2938	
1959	3049	2749	2749	2196	2291	1832	1437	1137	790	410	0	442	869	1169	1469	1769	2259	2496	2591	2923	3112	3476	3381	3460	3223	3823	3254	3823	3586	3207	
1706	2970	2701	2780	2196	2449	1975	1516	1295	1090	742	442	0	426	726	1027	1311	1801	2038	2164	2496	2701	3081	3017	3112	2923	3555	3017	3634	3444	3096	
1437	2844	2607	2765	2164	2543	2085	1580	1453	1390	1090	869	426	0	426	600	884	1406	1611	1738	2069	2275	2670	2622	2749	2591	3239	2749	3381	3239	2923	
1722	3191	2986	3175	2575	2986	2528	2022	1880	1801	1469	1169	726	426	0	553	695	1106	1406	1611	1959	2227	2638	2670	2844	2733	3397	2970	3649	3539	3254	
1248	2780	2622	2859	2275	2812	2385	1864	1832	1896	1643	1469	1027	600	553	0	331	869	1027	1137	1469	1706	2101	2117	2275	2180	2844	2449	3128	3049	2796	
1453	3002	2844	3128	2543	3112	2701	2180	2164	2227	1975	1769	1311	884	695	331	0	537	726	900	1264	1532	1959	2038	2243	2212	2875	2528	3239	3191	2986	
1880	3412	3302	3602	3049	3649	3239	2717	2717	2765	2496	2259	1801	1406	1106	869	537	0	395	805	1121	1453	1864	2069	2322	2385	3033	2796	3507	3523	3365	
1753	3239	3160	3507	2970	3634	3254	2749	2796	2923	2686	2496	2038	1611	1406	1027	726	395	0	426	711	1058	1469	1690	1959	2054	2686	2496	3207	3270	3144	
1501	2891	2844	3223	2733	3428	3096	2622	2717	2907	2717	2591	2164	1738	1611	1137	900	805	426	0	347	663	1074	1264	1532	1643	2259	2101	2796	2875	2780	
1627	2891	2891	3302	2844	3586	3286	2828	2954	3191	3017	2923	2496	2069	1959	1469	1264	1121	711	347	0	331	742	995	1295	1485	2054	1975	2670	2780	2749	
1611	2733	2765	3191	2780	3555	3286	2859	3033	3302	3175	3112	2701	2275	2227	1706	1532	1453	1058	663	331	0	410	663	963	1200	1738	1738	2385	2543	2559	
1832	2749	2812	3270	2923	3713	3491	3096	3302	3618	3523	3476	3081	2670	2638	2101	1959	1864	1469	1074	742	410	0	442	742	1090	1501	1643	2227	2433	2528	
1580	2322	2417	2875	2575	3365	3191	2828	3065	3428	3365	3381	3017	2622	2670	2117	2038	2069	1690	1264	995	663	442	0	316	647	1090	1200	1785	1990	2085	
1564	2085	2212	2686	2433	3223	3081	2765	3049	3428	3397	3460	3112	2749	2844	2275	2243	2322	1959	1532	1295	963	742	316	0	410	774	932	1469	1706	1832	
1264	1674	1785	2259	2022	2812	2701	2417	2701	3112	3128	3223	2923	2591	2733	2180	2212	2385	2054	1643	1485	1200	1090	647	410	0	663	537	1185	1343	1437	
1848	1722	1943	2401	2338	3081	3065	2859	3191	3634	3697	3823	3555	3239	3397	2844	2875	3033	2686	2259	2054	1738	1501	1090	774	663	0	632	790	1121	1406	
1311	1169	1358	1832	1706	2464	2433	2227	2559	3017	3096	3254	3017	2749	2970	2449	2528	2796	2496	2101	1975	1738	1643	1200	932	537	632	0	711	805	916	
1943	1137	1422	1848	1943	2591	2686	2622	2986	3460	3602	3823	3634	3381	3649	3128	3239	3507	3207	2796	2670	2385	2227	1785	1469	1185	790	711	0	395	821	
1817	742	1058	1453	1611	2212	2338	2322	2686	3175	3349	3586	3444	3239	3539	3049	3191	3523	3270	2875	2780	2543	2433	1990	1706	1343	1121	805	395	0	442	
1548	316	600	1027	1153	1769	1880	1896	2259	2749	2938	3207	3096	2923	3254	2796	2986	3365	3144	2780	2749	2559	2528	2085	1832	1437	1406	916	821	442	0	
V5
0	1078	979	1210	858	1353	1166	869	1034	1287	1287	1364	1188	1001	1199	869	1012	1309	1221	1045	1133	1122	1276	1100	1089	880	1287	913	1353	1265	1078	
1078	0	220	495	627	1023	1122	1166	1419	1760	1914	2123	2068	1980	2222	1936	2090	2376	2255	2013	2013	1903	1914	1617	1452	1166	1199	814	792	517	220	
979	220	0	319	407	814	891	946	1199	1540	1705	1914	1881	1815	2079	1826	1980	2299	2200	1980	2013	1925	1958	1683	1540	1243	1353	946	990	737	418	
1210	495	319	0	418	550	737	913	1144	1463	1672	1914	1936	1925	2211	1991	2178	2508	2442	2244	2299	2222	2277	2002	1870	1573	1672	1276	1287	1012	715	
858	627	407	418	0	550	517	539	792	1133	1298	1529	1529	1507	1793	1584	1771	2123	2068	1903	1980	1936	2035	1793	1694	1408	1628	1188	1353	1122	803	
1353	1023	814	550	550	0	330	671	814	1078	1320	1595	1705	1771	2079	1958	2167	2541	2530	2387	2497	2475	2585	2343	2244	1958	2145	1716	1804	1540	1232	
1166	1122	891	737	517	330	0	363	484	759	1001	1276	1375	1452	1760	1661	1881	2255	2266	2156	2288	2288	2431	2222	2145	1881	2134	1694	1870	1628	1309	
869	1166	946	913	539	671	363	0	253	594	759	1001	1056	1100	1408	1298	1518	1892	1914	1826	1969	1991	2156	1969	1925	1683	1991	1551	1826	1617	1320	
1034	1419	1199	1144	792	814	484	253	0	341	528	792	902	1012	1309	1276	1507	1892	1947	1892	2057	2112	2299	2134	2123	1881	2222	1782	2079	1870	1573	
1287	1760	1540	1463	1133	1078	759	594	341	0	264	550	759	968	1254	1320	1551	1925	2035	2024	2222	2299	2519	2387	2387	2167	2530	2101	2409	2211	1914	
1287	1914	1705	1672	1298	1320	1001	759	528	264	0	286	517	759	1023	1144	1375	1738	1870	1892	2101	2211	2453	2343	2365	2178	2574	2156	2508	2332	2046	
1364	2123	1914	1914	1529	1595	1276	1001	792	550	286	0	308	605	814	1023	1232	1573	1738	1804	2035	2167	2420	2354	2409	2244	2662	2266	2662	2497	2233	
1188	2068	1881	1936	1529	1705	1375	1056	902	759	517	308	0	297	506	715	913	1254	1419	1507	1738	1881	2145	2101	2167	2035	2475	2101	2530	2398	2156	
1001	1980	1815	1925	1507	1771	1452	1100	1012	968	759	605	297	0	297	418	616	979	1122	1210	1441	1584	1859	1826	1914	1804	2255	1914	2354	2255	2035	
1199	2222	2079	2211	1793	2079	1760	1408	1309	1254	1023	814	506	297	0	385	484	770	979	1122	1364	1551	1837	1859	1980	1903	2365	2068	2541	2464	2266	
869	1936	1826	1991	1584	1958	1661	1298	1276	1320	1144	1023	715	418	385	0	231	605	715	792	1023	1188	1463	1474	1584	1518	1980	1705	2178	2123	1947	
1012	2090	1980	2178	1771	2167	1881	1518	1507	1551	1375	1232	913	616	484	231	0	374	506	627	880	1067	1364	1419	1562	1540	2002	1760	2255	2222	2079	
1309	2376	2299	2508	2123	2541	2255	1892	1892	1925	1738	1573	1254	979	770	605	374	0	275	561	781	1012	1298	1441	1617	1661	2112	1947	2442	2453	2343	
1221	2255	2200	2442	2068	2530	2266	1914	1947	2035	1870	1738	1419	1122	979	715	506	275	0	297	495	737	1023	1177	1364	1430	1870	1738	2233	2277	2189	
1045	2013	1980	2244	1903	2387	2156	1826	1892	2024	1892	1804	1507	1210	1122	792	627	561	297	0	242	462	748	880	1067	1144	1573	1463	1947	2002	1936	
1133	2013	2013	2299	1980	2497	2288	1969	2057	2222	2101	2035	1738	1441	1364	1023	880	781	495	242	0	231	517	693	902	1034	1430	1375	1859	1936	1914	
1122	1903	1925	2222	1936	2475	2288	1991	2112	2299	2211	2167	1881	1584	1551	1188	1067	1012	737	462	231	0	286	462	671	836	1210	1210	1661	1771	1782	
1276	1914	1958	2277	2035	2585	2431	2156	2299	2519	2453	2420	2145	1859	1837	1463	1364	1298	1023	748	517	286	0	308	517	759	1045	1144	1551	1694	1760	
1100	1617	1683	2002	1793	2343	2222	1969	2134	2387	2343	2354	2101	1826	1859	1474	1419	1441	1177	880	693	462	308	0	220	451	759	836	1243	1386	1452	
1089	1452	1540	1870	1694	2244	2145	1925	2123	2387	2365	2409	2167	1914	1980	1584	1562	1617	1364	1067	902	671	517	220	0	286	539	649	1023	1188	1276	
880	1166	1243	1573	1408	1958	1881	1683	1881	2167	2178	2244	2035	1804	1903	1518	1540	1661	1430	1144	1034	836	759	451	286	0	462	374	825	935	1001	
1287	1199	1353	1672	1628	2145	2134	1991	2222	2530	2574	2662	2475	2255	2365	1980	2002	2112	1870	1573	1430	1210	1045	759	539	462	0	440	550	781	979	
913	814	946	1276	1188	1716	1694	1551	1782	2101	2156	2266	2101	1914	2068	1705	1760	1947	1738	1463	1375	1210	1144	836	649	374	440	0	495	561	638	
1353	792	990	1287	1353	1804	1870	1826	2079	2409	2508	2662	2530	2354	2541	2178	2255	2442	2233	1947	1859	1661	1551	1243	1023	825	550	495	0	275	572	
1265	517	737	1012	1122	1540	1628	1617	1870	2211	2332	2497	2398	2255	2464	2123	2222	2453	2277	2002	1936	1771	1694	1386	1188	935	781	561	275	0	308	
1078	220	418	715	803	1232	1309	1320	1573	1914	2046	2233	2156	2035	2266	1947	2079	2343	2189	1936	1914	1782	1760	1452	1276	1001	979	638	572	308	0	
V6
0	784	712	880	624	984	848	632	752	936	936	992	864	728	872	632	736	952	888	760	824	816	928	800	792	640	936	664	984	920	784	
784	0	160	360	456	744	816	848	1032	1280	1392	1544	1504	1440	1616	1408	1520	1728	1640	1464	1464	1384	1392	1176	1056	848	872	592	576	376	160	
712	160	0	232	296	592	648	688	872	1120	1240	1392	1368	1320	1512	1328	1440	1672	1600	1440	1464	1400	1424	1224	1120	904	984	688	720	536	304	
880	360	232	0	304	400	536	664	832	1064	1216	1392	1408	1400	1608	1448	1584	1824	1776	1632	1672	1616	1656	1456	1360	1144	1216	928	936	736	520	
624	456	296	304	0	400	376	392	576	824	944	1112	1112	1096	1304	1152	1288	1544	1504	1384	1440	1408	1480	1304	1232	1024	1184	864	984	816	584	
984	744	592	400	400	0	240	488	592	784	960	1160	1240	1288	1512	1424	1576	1848	1840	1736	1816	1800	1880	1704	1632	1424	1560	1248	1312	1120	896	
848	816	648	536	376	240	0	264	352	552	728	928	1000	1056	1280	1208	1368	1640	1648	1568	1664	1664	1768	1616	1560	1368	1552	1232	1360	1184	952	
632	848	688	664	392	488	264	0	184	432	552	728	768	800	1024	944	1104	1376	1392	1328	1432	1448	1568	1432	1400	1224	1448	1128	1328	1176	960	
752	1032	872	832	576	592	352	184	0	248	384	576	656	736	952	928	1096	1376	1416	1376	1496	1536	1672	1552	1544	1368	1616	1296	1512	1360	1144	
936	1280	1120	1064	824	784	552	432	248	0	192	400	552	704	912	960	1128	1400	1480	1472	1616	1672	1832	1736	1736	1576	1840	1528	1752	1608	1392	
936	1392	1240	1216	944	960	728	552	384	192	0	208	376	552	744	832	1000	1264	1360	1376	1528	1608	1784	1704	1720	1584	1872	1568	1824	1696	1488	
992	1544	1392	1392	1112	1160	928	728	576	400	208	0	224	440	592	744	896	1144	1264	1312	1480	1576	1760	1712	1752	1632	1936	1648	1936	1816	1624	
864	1504	1368	1408	1112	1240	1000	768	656	552	376	224	0	216	368	520	664	912	1032	1096	1264	1368	1560	1528	1576	1480	1800	1528	1840	1744	1568	
728	1440	1320	1400	1096	1288	1056	800	736	704	552	440	216	0	216	304	448	712	816	880	1048	1152	1352	1328	1392	1312	1640	1392	1712	1640	1480	
872	1616	1512	1608	1304	1512	1280	1024	952	912	744	592	368	216	0	280	352	560	712	816	992	1128	1336	1352	1440	1384	1720	1504	1848	1792	1648	
632	1408	1328	1448	1152	1424	1208	944	928	960	832	744	520	304	280	0	168	440	520	576	744	864	1064	1072	1152	1104	1440	1240	1584	1544	1416	
736	1520	1440	1584	1288	1576	1368	1104	1096	1128	1000	896	664	448	352	168	0	272	368	456	640	776	992	1032	1136	1120	1456	1280	1640	1616	1512	
952	1728	1672	1824	1544	1848	1640	1376	1376	1400	1264	1144	912	712	560	440	272	0	200	408	568	736	944	1048	1176	1208	1536	1416	1776	1784	1704	
888	1640	1600	1776	1504	1840	1648	1392	1416	1480	1360	1264	1032	816	712	520	368	200	0	216	360	536	744	856	992	1040	1360	1264	1624	1656	1592	
760	1464	1440	1632	1384	1736	1568	1328	1376	1472	1376	1312	1096	880	816	576	456	408	216	0	176	336	544	640	776	832	1144	1064	1416	1456	1408	
824	1464	1464	1672	1440	1816	1664	1432	1496	1616	1528	1480	1264	1048	992	744	640	568	360	176	0	168	376	504	656	752	1040	1000	1352	1408	1392	
816	1384	1400	1616	1408	1800	1664	1448	1536	1672	1608	1576	1368	1152	1128	864	776	736	536	336	168	0	208	336	488	608	880	880	1208	1288	1296	
928	1392	1424	1656	1480	1880	1768	1568	1672	1832	1784	1760	1560	1352	1336	1064	992	944	744	544	376	208	0	224	376	552	760	832	1128	1232	1280	
800	1176	1224	1456	1304	1704	1616	1432	1552	1736	1704	1712	1528	1328	1352	1072	1032	1048	856	640	504	336	224	0	160	328	552	608	904	1008	1056	
792	1056	1120	1360	1232	1632	1560	1400	1544	1736	1720	1752	1576	1392	1440	1152	1136	1176	992	776	656	488	376	160	0	208	392	472	744	864	928	
640	848	904	1144	1024	1424	1368	1224	1368	1576	1584	1632	1480	1312	1384	1104	1120	1208	1040	832	752	608	552	328	208	0	336	272	600	680	728	
936	872	984	1216	1184	1560	1552	1448	1616	1840	1872	1936	1800	1640	1720	1440	1456	1536	1360	1144	1040	880	760	552	392	336	0	320	400	568	712	
664	592	688	928	864	1248	1232	1128	1296	1528	1568	1648	1528	1392	1504	1240	1280	1416	1264	1064	1000	880	832	608	472	272	320	0	360	408	464	
984	576	720	936	984	1312	1360	1328	1512	1752	1824	1936	1840	1712	1848	1584	1640	1776	1624	1416	1352	1208	1128	904	744	600	400	360	0	200	416	
920	376	536	736	816	1120	1184	1176	1360	1608	1696	1816	1744	1640	1792	1544	1616	1784	1656	1456	1408	1288	1232	1008	864	680	568	408	200	0	224	
784	160	304	520	584	896	952	960	1144	1392	1488	1624	1568	1480	1648	1416	1512	1704	1592	1408	1392	1296	1280	1056	928	728	712	464	416	224	0	
V7
0	1372	1246	1540	1092	1722	1484	1106	1316	1638	1638	1736	1512	1274	1526	1106	1288	1666	1554	1330	1442	1428	1624	1400	1386	1120	1638	1162	1722	1610	1372	
1372	0	280	630	798	1302	1428	1484	1806	2240	2436	2702	2632	2520	2828	2464	2660	3024	2870	2562	2562	2422	2436	2058	1848	1484	1526	1036	1008	658	280	
1246	280	0	406	518	1036	1134	1204	1526	1960	2170	2436	2394	2310	2646	2324	2520	2926	2800	2520	2562	2450	2492	2142	1960	1582	1722	1204	1260	938	532	
1540	630	406	0	532	700	938	1162	1456	1862	2128	2436	2464	2450	2814	2534	2772	3192	3108	2856	2926	2828	2898	2548	2380	2002	2128	1624	1638	1288	910	
1092	798	518	532	0	700	658	686	1008	1442	1652	1946	1946	1918	2282	2016	2254	2702	2632	2422	2520	2464	2590	2282	2156	1792	2072	1512	1722	1428	1022	
1722	1302	1036	700	700	0	420	854	1036	1372	1680	2030	2170	2254	2646	2492	2758	3234	3220	3038	3178	3150	3290	2982	2856	2492	2730	2184	2296	1960	1568	
1484	1428	1134	938	658	420	0	462	616	966	1274	1624	1750	1848	2240	2114	2394	2870	2884	2744	2912	2912	3094	2828	2730	2394	2716	2156	2380	2072	1666	
1106	1484	1204	1162	686	854	462	0	322	756	966	1274	1344	1400	1792	1652	1932	2408	2436	2324	2506	2534	2744	2506	2450	2142	2534	1974	2324	2058	1680	
1316	1806	1526	1456	1008	1036	616	322	0	434	672	1008	1148	1288	1666	1624	1918	2408	2478	2408	2618	2688	2926	2716	2702	2394	2828	2268	2646	2380	2002	
1638	2240	1960	1862	1442	1372	966	756	434	0	336	700	966	1232	1596	1680	1974	2450	2590	2576	2828	2926	3206	3038	3038	2758	3220	2674	3066	2814	2436	
1638	2436	2170	2128	1652	1680	1274	966	672	336	0	364	658	966	1302	1456	1750	2212	2380	2408	2674	2814	3122	2982	3010	2772	3276	2744	3192	2968	2604	
1736	2702	2436	2436	1946	2030	1624	1274	1008	700	364	0	392	770	1036	1302	1568	2002	2212	2296	2590	2758	3080	2996	3066	2856	3388	2884	3388	3178	2842	
1512	2632	2394	2464	1946	2170	1750	1344	1148	966	658	392	0	378	644	910	1162	1596	1806	1918	2212	2394	2730	2674	2758	2590	3150	2674	3220	3052	2744	
1274	2520	2310	2450	1918	2254	1848	1400	1288	1232	966	770	378	0	378	532	784	1246	1428	1540	1834	2016	2366	2324	2436	2296	2870	2436	2996	2870	2590	
1526	2828	2646	2814	2282	2646	2240	1792	1666	1596	1302	1036	644	378	0	490	616	980	1246	1428	1736	1974	2338	2366	2520	2422	3010	2632	3234	3136	2884	
1106	2464	2324	2534	2016	2492	2114	1652	1624	1680	1456	1302	910	532	490	0	294	770	910	1008	1302	1512	1862	1876	2016	1932	2520	2170	2772	2702	2478	
1288	2660	2520	2772	2254	2758	2394	1932	1918	1974	1750	1568	1162	784	616	294	0	476	644	798	1120	1358	1736	1806	1988	1960	2548	2240	2870	2828	2646	
1666	3024	2926	3192	2702	3234	2870	2408	2408	2450	2212	2002	1596	1246	980	770	476	0	350	714	994	1288	1652	1834	2058	2114	2688	2478	3108	3122	2982	
1554	2870	2800	3108	2632	3220	2884	2436	2478	2590	2380	2212	1806	1428	1246	910	644	350	0	378	630	938	1302	1498	1736	1820	2380	2212	2842	2898	2786	
1330	2562	2520	2856	2422	3038	2744	2324	2408	2576	2408	2296	1918	1540	1428	1008	798	714	378	0	308	588	952	1120	1358	1456	2002	1862	2478	2548	2464	
1442	2562	2562	2926	2520	3178	2912	2506	2618	2828	2674	2590	2212	1834	1736	1302	1120	994	630	308	0	294	658	882	1148	1316	1820	1750	2366	2464	2436	
1428	2422	2450	2828	2464	3150	2912	2534	2688	2926	2814	2758	2394	2016	1974	1512	1358	1288	938	588	294	0	364	588	854	1064	1540	1540	2114	2254	2268	
1624	2436	2492	2898	2590	3290	3094	2744	2926	3206	3122	3080	2730	2366	2338	1862	1736	1652	1302	952	658	364	0	392	658	966	1330	1456	1974	2156	2240	
1400	2058	2142	2548	2282	2982	2828	2506	2716	3038	2982	2996	2674	2324	2366	1876	1806	1834	1498	1120	882	588	392	0	280	574	966	1064	1582	1764	1848	
1386	1848	1960	2380	2156	2856	2730	2450	2702	3038	3010	3066	2758	2436	2520	2016	1988	2058	1736	1358	1148	854	658	280	0	364	686	826	1302	1512	1624	
1120	1484	1582	2002	1792	2492	2394	2142	2394	2758	2772	2856	2590	2296	2422	1932	1960	2114	1820	1456	1316	1064	966	574	364	0	588	476	1050	1190	1274	
1638	1526	1722	2128	2072	2730	2716	2534	2828	3220	3276	3388	3150	2870	3010	2520	2548	2688	2380	2002	1820	1540	1330	966	686	588	0	560	700	994	1246	
1162	1036	1204	1624	1512	2184	2156	1974	2268	2674	2744	2884	2674	2436	2632	2170	2240	2478	2212	1862	1750	1540	1456	1064	826	476	560	0	630	714	812	
1722	1008	1260	1638	1722	2296	2380	2324	2646	3066	3192	3388	3220	2996	3234	2772	2870	3108	2842	2478	2366	2114	1974	1582	1302	1050	700	630	0	350	728	
1610	658	938	1288	1428	1960	2072	2058	2380	2814	2968	3178	3052	2870	3136	2702	2828	3122	2898	2548	2464	2254	2156	1764	1512	1190	994	714	350	0	392	
1372	280	532	910	1022	1568	1666	1680	2002	2436	2604	2842	2744	2590	2884	2478	2646	2982	2786	2464	2436	2268	2240	1848	1624	1274	1246	812	728	392	0	
V8
0	1293	1174	1452	1029	1623	1399	1042	1240	1544	1544	1636	1425	1201	1438	1042	1214	1570	1465	1254	1359	1346	1531	1320	1306	1056	1544	1095	1623	1518	1293	
1293	0	264	594	752	1227	1346	1399	1702	2112	2296	2547	2481	2376	2666	2323	2508	2851	2706	2415	2415	2283	2296	1940	1742	1399	1438	976	950	620	264	
1174	264	0	382	488	976	1069	1135	1438	1848	2046	2296	2257	2178	2494	2191	2376	2758	2640	2376	2415	2310	2349	2019	1848	1491	1623	1135	1188	884	501	
1452	594	382	0	501	660	884	1095	1372	1755	2006	2296	2323	2310	2653	2389	2613	3009	2930	2692	2758	2666	2732	2402	2244	1887	2006	1531	1544	1214	858	
1029	752	488	501	0	660	620	646	950	1359	1557	1834	1834	1808	2151	1900	2125	2547	2481	2283	2376	2323	2442	2151	2032	1689	1953	1425	1623	1346	963	
1623	1227	976	660	660	0	396	805	976	1293	1584	1914	2046	2125	2494	2349	2600	3049	3036	2864	2996	2970	3102	2811	2692	2349	2574	2059	2164	1848	1478	
1399	1346	1069	884	620	396	0	435	580	910	1201	1531	1650	1742	2112	1993	2257	2706	2719	2587	2745	2745	2917	2666	2574	2257	2560	2032	2244	1953	1570	
1042	1399	1135	1095	646	805	435	0	303	712	910	1201	1267	1320	1689	1557	1821	2270	2296	2191	2362	2389	2587	2362	2310	2019	2389	1861	2191	1940	1584	
1240	1702	1438	1372	950	976	580	303	0	409	633	950	1082	1214	1570	1531	1808	2270	2336	2270	2468	2534	2758	2560	2547	2257	2666	2138	2494	2244	1887	
1544	2112	1848	1755	1359	1293	910	712	409	0	316	660	910	1161	1504	1584	1861	2310	2442	2428	2666	2758	3022	2864	2864	2600	3036	2521	2890	2653	2296	
1544	2296	2046	2006	1557	1584	1201	910	633	316	0	343	620	910	1227	1372	1650	2085	2244	2270	2521	2653	2943	2811	2838	2613	3088	2587	3009	2798	2455	
1636	2547	2296	2296	1834	1914	1531	1201	950	660	343	0	369	726	976	1227	1478	1887	2085	2164	2442	2600	2904	2824	2890	2692	3194	2719	3194	2996	2679	
1425	2481	2257	2323	1834	2046	1650	1267	1082	910	620	369	0	356	607	858	1095	1504	1702	1808	2085	2257	2574	2521	2600	2442	2970	2521	3036	2877	2587	
1201	2376	2178	2310	1808	2125	1742	1320	1214	1161	910	726	356	0	356	501	739	1174	1346	1452	1729	1900	2230	2191	2296	2164	2706	2296	2824	2706	2442	
1438	2666	2494	2653	2151	2494	2112	1689	1570	1504	1227	976	607	356	0	462	580	924	1174	1346	1636	1861	2204	2230	2376	2283	2838	2481	3049	2956	2719	
1042	2323	2191	2389	1900	2349	1993	1557	1531	1584	1372	1227	858	501	462	0	277	726	858	950	1227	1425	1755	1768	1900	1821	2376	2046	2613	2547	2336	
1214	2508	2376	2613	2125	2600	2257	1821	1808	1861	1650	1478	1095	739	580	277	0	448	607	752	1056	1280	1636	1702	1874	1848	2402	2112	2706	2666	2494	
1570	2851	2758	3009	2547	3049	2706	2270	2270	2310	2085	1887	1504	1174	924	726	448	0	330	673	937	1214	1557	1729	1940	1993	2534	2336	2930	2943	2811	
1465	2706	2640	2930	2481	3036	2719	2296	2336	2442	2244	2085	1702	1346	1174	858	607	330	0	356	594	884	1227	1412	1636	1716	2244	2085	2679	2732	2626	
1254	2415	2376	2692	2283	2864	2587	2191	2270	2428	2270	2164	1808	1452	1346	950	752	673	356	0	290	554	897	1056	1280	1372	1887	1755	2336	2402	2323	
1359	2415	2415	2758	2376	2996	2745	2362	2468	2666	2521	2442	2085	1729	1636	1227	1056	937	594	290	0	277	620	831	1082	1240	1716	1650	2230	2323	2296	
1346	2283	2310	2666	2323	2970	2745	2389	2534	2758	2653	2600	2257	1900	1861	1425	1280	1214	884	554	277	0	343	554	805	1003	1452	1452	1993	2125	2138	
1531	2296	2349	2732	2442	3102	2917	2587	2758	3022	2943	2904	2574	2230	2204	1755	1636	1557	1227	897	620	343	0	369	620	910	1254	1372	1861	2032	2112	
1320	1940	2019	2402	2151	2811	2666	2362	2560	2864	2811	2824	2521	2191	2230	1768	1702	1729	1412	1056	831	554	369	0	264	541	910	1003	1491	1663	1742	
1306	1742	1848	2244	2032	2692	2574	2310	2547	2864	2838	2890	2600	2296	2376	1900	1874	1940	1636	1280	1082	805	620	264	0	343	646	778	1227	1425	1531	
1056	1399	1491	1887	1689	2349	2257	2019	2257	2600	2613	2692	2442	2164	2283	1821	1848	1993	1716	1372	1240	1003	910	541	343	0	554	448	990	1122	1201	
1544	1438	1623	2006	1953	2574	2560	2389	2666	3036	3088	3194	2970	2706	2838	2376	2402	2534	2244	1887	1716	1452	1254	910	646	554	0	528	660	937	1174	
1095	976	1135	1531	1425	2059	2032	1861	2138	2521	2587	2719	2521	2296	2481	2046	2112	2336	2085	1755	1650	1452	1372	1003	778	448	528	0	594	673	765	
1623	950	1188	1544	1623	2164	2244	2191	2494	2890	3009	3194	3036	2824	3049	2613	2706	2930	2679	2336	2230	1993	1861	1491	1227	990	660	594	0	330	686	
1518	620	884	1214	1346	1848	1953	1940	2244	2653	2798	2996	2877	2706	2956	2547	2666	2943	2732	2402	2323	2125	2032	1663	1425	1122	937	673	330	0	369	
1293	264	501	858	963	1478	1570	1584	1887	2296	2455	2679	2587	2442	2719	2336	2494	2811	2626	2323	2296	2138	2112	1742	1531	1201	1174	765	686	369	0	
V9
0	705	640	792	561	885	763	568	676	842	842	892	777	655	784	568	662	856	799	684	741	734	835	720	712	576	842	597	885	828	705	
705	0	144	324	410	669	734	763	928	1152	1252	1389	1353	1296	1454	1267	1368	1555	1476	1317	1317	1245	1252	1058	950	763	784	532	518	338	144	
640	144	0	208	266	532	583	619	784	1008	1116	1252	1231	1188	1360	1195	1296	1504	1440	1296	1317	1260	1281	1101	1008	813	885	619	648	482	273	
792	324	208	0	273	360	482	597	748	957	1094	1252	1267	1260	1447	1303	1425	1641	1598	1468	1504	1454	1490	1310	1224	1029	1094	835	842	662	468	
561	410	266	273	0	360	338	352	518	741	849	1000	1000	986	1173	1036	1159	1389	1353	1245	1296	1267	1332	1173	1108	921	1065	777	885	734	525	
885	669	532	360	360	0	216	439	532	705	864	1044	1116	1159	1360	1281	1418	1663	1656	1562	1634	1620	1692	1533	1468	1281	1404	1123	1180	1008	806	
763	734	583	482	338	216	0	237	316	496	655	835	900	950	1152	1087	1231	1476	1483	1411	1497	1497	1591	1454	1404	1231	1396	1108	1224	1065	856	
568	763	619	597	352	439	237	0	165	388	496	655	691	720	921	849	993	1238	1252	1195	1288	1303	1411	1288	1260	1101	1303	1015	1195	1058	864	
676	928	784	748	518	532	316	165	0	223	345	518	590	662	856	835	986	1238	1274	1238	1346	1382	1504	1396	1389	1231	1454	1166	1360	1224	1029	
842	1152	1008	957	741	705	496	388	223	0	172	360	496	633	820	864	1015	1260	1332	1324	1454	1504	1648	1562	1562	1418	1656	1375	1576	1447	1252	
842	1252	1116	1094	849	864	655	496	345	172	0	187	338	496	669	748	900	1137	1224	1238	1375	1447	1605	1533	1548	1425	1684	1411	1641	1526	1339	
892	1389	1252	1252	1000	1044	835	655	518	360	187	0	201	396	532	669	806	1029	1137	1180	1332	1418	1584	1540	1576	1468	1742	1483	1742	1634	1461	
777	1353	1231	1267	1000	1116	900	691	590	496	338	201	0	194	331	468	597	820	928	986	1137	1231	1404	1375	1418	1332	1620	1375	1656	1569	1411	
655	1296	1188	1260	986	1159	950	720	662	633	496	396	194	0	194	273	403	640	734	792	943	1036	1216	1195	1252	1180	1476	1252	1540	1476	1332	
784	1454	1360	1447	1173	1360	1152	921	856	820	669	532	331	194	0	252	316	504	640	734	892	1015	1202	1216	1296	1245	1548	1353	1663	1612	1483	
568	1267	1195	1303	1036	1281	1087	849	835	864	748	669	468	273	252	0	151	396	468	518	669	777	957	964	1036	993	1296	1116	1425	1389	1274	
662	1368	1296	1425	1159	1418	1231	993	986	1015	900	806	597	403	316	151	0	244	331	410	576	698	892	928	1022	1008	1310	1152	1476	1454	1360	
856	1555	1504	1641	1389	1663	1476	1238	1238	1260	1137	1029	820	640	504	396	244	0	180	367	511	662	849	943	1058	1087	1382	1274	1598	1605	1533	
799	1476	1440	1598	1353	1656	1483	1252	1274	1332	1224	1137	928	734	640	468	331	180	0	194	324	482	669	770	892	936	1224	1137	1461	1490	1432	
684	1317	1296	1468	1245	1562	1411	1195	1238	1324	1238	1180	986	792	734	518	410	367	194	0	158	302	489	576	698	748	1029	957	1274	1310	1267	
741	1317	1317	1504	1296	1634	1497	1288	1346	1454	1375	1332	1137	943	892	669	576	511	324	158	0	151	338	453	590	676	936	900	1216	1267	1252	
734	1245	1260	1454	1267	1620	1497	1303	1382	1504	1447	1418	1231	1036	1015	777	698	662	482	302	151	0	187	302	439	547	792	792	1087	1159	1166	
835	1252	1281	1490	1332	1692	1591	1411	1504	1648	1605	1584	1404	1216	1202	957	892	849	669	489	338	187	0	201	338	496	684	748	1015	1108	1152	
720	1058	1101	1310	1173	1533	1454	1288	1396	1562	1533	1540	1375	1195	1216	964	928	943	770	576	453	302	201	0	144	295	496	547	813	907	950	
712	950	1008	1224	1108	1468	1404	1260	1389	1562	1548	1576	1418	1252	1296	1036	1022	1058	892	698	590	439	338	144	0	187	352	424	669	777	835	
576	763	813	1029	921	1281	1231	1101	1231	1418	1425	1468	1332	1180	1245	993	1008	1087	936	748	676	547	496	295	187	0	302	244	540	612	655	
842	784	885	1094	1065	1404	1396	1303	1454	1656	1684	1742	1620	1476	1548	1296	1310	1382	1224	1029	936	792	684	496	352	302	0	288	360	511	640	
597	532	619	835	777	1123	1108	1015	1166	1375	1411	1483	1375	1252	1353	1116	1152	1274	1137	957	900	792	748	547	424	244	288	0	324	367	417	
885	518	648	842	885	1180	1224	1195	1360	1576	1641	1742	1656	1540	1663	1425	1476	1598	1461	1274	1216	1087	1015	813	669	540	360	324	0	180	374	
828	338	482	662	734	1008	1065	1058	1224	1447	1526	1634	1569	1476	1612	1389	1454	1605	1490	1310	1267	1159	1108	907	777	612	511	367	180	0	201	
705	144	273	468	525	806	856	864	1029	1252	1339	1461	1411	1332	1483	1274	1360	1533	1432	1267	1252	1166	1152	950	835	655	640	417	374	201	0	
Velocidade_Veiculos
1	1	1	1	1	1	1	1	1	1	