M: 8
N: 30
Nun_Veiculos: 12
Capacidade_Total: 676
Demanda_Total: 414
Setup_Min: 1
Setup_Max: 9
Raio: 100
Circulos: 1
Tempo_Processamento_Min: 1
Tempo_Processamento_Max: 49
Demanda_Min: 10
Demanda_Max: 30
Priority_Factor: 0.2
Range_Factor_R: 0.8
U_factor: 2
ALpha: 0.2Replicao: 3
Tempos_Processamentos
0	0	1	0	2	0	3	0	4	0	5	0	6	0	7	0	
0	47	1	15	2	15	3	23	4	20	5	44	6	32	7	37	
0	16	1	10	2	45	3	39	4	20	5	34	6	49	7	15	
0	5	1	48	2	11	3	14	4	9	5	42	6	21	7	26	
0	10	1	37	2	45	3	4	4	19	5	44	6	22	7	16	
0	7	1	13	2	32	3	15	4	43	5	42	6	47	7	27	
0	46	1	33	2	34	3	30	4	16	5	34	6	47	7	10	
0	8	1	20	2	5	3	8	4	16	5	18	6	45	7	14	
0	42	1	33	2	5	3	19	4	24	5	48	6	13	7	33	
0	22	1	18	2	46	3	3	4	2	5	23	6	19	7	24	
0	49	1	44	2	11	3	14	4	13	5	26	6	23	7	44	
0	23	1	13	2	1	3	49	4	12	5	5	6	13	7	1	
0	34	1	41	2	39	3	45	4	21	5	49	6	11	7	48	
0	33	1	39	2	17	3	6	4	48	5	16	6	13	7	32	
0	39	1	10	2	24	3	15	4	8	5	30	6	12	7	18	
0	13	1	11	2	24	3	13	4	4	5	36	6	30	7	30	
0	14	1	28	2	35	3	16	4	37	5	35	6	41	7	38	
0	4	1	3	2	9	3	5	4	4	5	45	6	13	7	28	
0	38	1	34	2	13	3	16	4	34	5	47	6	43	7	38	
0	3	1	23	2	30	3	43	4	11	5	23	6	26	7	38	
0	19	1	26	2	3	3	4	4	27	5	8	6	38	7	5	
0	35	1	37	2	2	3	37	4	35	5	34	6	42	7	18	
0	4	1	22	2	17	3	23	4	3	5	40	6	38	7	41	
0	4	1	5	2	36	3	40	4	43	5	18	6	3	7	2	
0	11	1	24	2	8	3	45	4	35	5	26	6	21	7	47	
0	28	1	11	2	39	3	26	4	45	5	28	6	41	7	42	
0	20	1	15	2	45	3	46	4	33	5	21	6	34	7	17	
0	2	1	45	2	42	3	42	4	38	5	11	6	48	7	8	
0	21	1	44	2	41	3	18	4	2	5	49	6	49	7	18	
0	35	1	45	2	9	3	1	4	21	5	11	6	38	7	19	
0	6	1	45	2	40	3	42	4	9	5	7	6	26	7	29	

Tempos_setup
M0
0	0	0	0	0	0	0	0	0	0	0	0	0	0	0	0	0	0	0	0	0	0	0	0	0	0	0	0	0	0	0	
0	0	5	2	5	3	4	4	3	3	3	3	2	1	4	4	3	3	4	3	3	3	4	2	4	3	4	4	2	3	4	
0	2	0	3	2	2	3	4	3	3	3	1	3	2	2	3	3	2	3	1	3	3	2	2	4	3	4	3	3	2	3	
0	2	3	0	3	2	2	3	3	1	3	1	2	2	2	2	2	2	3	1	2	3	2	2	2	1	3	2	3	3	3	
0	4	4	5	0	5	4	3	3	4	5	5	4	5	4	3	5	3	4	4	4	4	5	5	4	5	5	4	4	2	5	
0	3	3	4	4	0	4	3	4	3	4	4	2	3	3	2	2	2	2	3	3	3	4	1	3	3	2	3	3	2	3	
0	2	1	3	3	3	0	4	3	2	3	1	3	2	2	2	2	2	1	1	3	3	2	2	3	3	4	2	3	3	3	
0	1	2	2	4	3	1	0	3	3	3	2	2	2	3	3	2	3	2	1	2	3	2	2	2	3	4	1	2	3	3	
0	2	3	3	4	2	3	2	0	2	4	4	2	3	3	3	3	3	4	3	1	4	3	3	4	3	2	3	3	2	2	
0	3	2	1	4	2	2	3	3	0	3	2	3	2	3	2	3	3	3	2	3	2	1	3	3	2	2	3	3	4	2	
0	3	2	1	4	3	1	3	2	2	0	2	3	2	3	2	2	2	2	2	2	1	2	3	3	2	1	3	1	3	2	
0	2	3	3	2	2	2	3	3	2	3	0	2	2	1	2	3	1	2	2	2	2	1	3	3	3	4	2	2	3	2	
0	2	3	3	3	2	2	2	4	3	4	2	0	2	2	2	2	2	3	3	1	3	3	3	2	1	4	2	3	2	2	
0	3	4	1	4	3	3	3	4	2	2	2	1	0	3	3	2	2	3	2	2	3	3	3	3	2	3	3	1	3	3	
0	1	2	3	1	2	1	4	3	2	3	2	3	2	0	2	3	3	2	2	4	2	1	3	3	4	4	3	2	3	2	
0	2	1	3	2	2	2	2	2	3	2	2	3	2	1	0	4	2	3	2	3	1	2	3	1	4	3	3	3	3	3	
0	1	2	3	3	3	2	2	3	3	3	2	2	2	2	1	0	2	3	1	3	2	2	2	2	1	4	2	3	3	3	
0	2	2	2	4	3	3	3	3	2	2	2	1	2	3	3	2	0	1	1	2	3	2	2	3	2	3	2	1	3	3	
0	2	1	2	3	3	3	3	4	1	4	2	3	3	3	2	1	3	0	2	2	3	2	3	3	2	3	1	3	3	3	
0	1	2	2	4	2	2	3	2	2	2	3	2	1	3	2	3	2	3	0	3	2	1	1	3	2	3	3	2	2	2	
0	1	2	3	4	1	2	1	3	2	3	3	1	2	3	2	2	2	3	2	0	3	3	2	3	2	3	2	2	1	1	
0	3	2	2	3	3	2	2	1	3	1	3	2	1	2	1	3	1	2	2	2	0	2	3	2	3	2	3	2	3	3	
0	3	2	2	3	1	1	3	2	1	2	2	2	1	2	1	2	2	2	2	3	1	0	2	2	3	3	3	2	3	1	
0	3	3	3	5	1	3	2	4	3	3	3	2	2	4	3	3	1	2	2	3	4	3	0	4	3	3	3	2	1	4	
0	2	3	3	4	3	2	1	2	3	3	3	3	2	4	3	3	3	3	1	3	2	2	2	0	3	4	2	3	3	3	
0	2	2	2	2	3	1	3	3	3	3	1	1	1	1	1	1	1	2	2	2	2	2	3	2	0	4	1	2	3	3	
0	2	2	3	4	2	3	2	3	2	3	3	2	2	3	3	2	1	2	2	1	3	3	3	4	2	0	3	2	2	1	
0	2	3	1	3	2	2	2	3	2	3	1	2	2	2	2	3	2	3	2	1	2	1	3	3	2	4	0	2	2	2	
0	2	3	2	3	3	2	3	3	3	1	1	3	3	2	2	1	2	3	2	3	2	2	3	3	2	2	3	0	4	3	
0	3	2	3	4	4	4	4	4	2	3	3	2	3	4	4	3	1	2	2	3	4	3	3	4	3	4	3	2	0	3	
0	2	1	2	3	2	2	3	2	3	2	2	2	3	3	2	1	3	2	2	3	2	3	3	3	2	3	3	3	3	0	
M1
0	0	0	0	0	0	0	0	0	0	0	0	0	0	0	0	0	0	0	0	0	0	0	0	0	0	0	0	0	0	0	
0	0	2	3	3	3	4	3	2	2	3	1	3	2	2	3	2	3	3	3	1	2	2	1	3	3	1	3	3	4	2	
0	2	0	3	3	3	4	3	4	4	4	3	4	4	4	3	4	4	3	2	3	2	3	3	2	3	3	2	4	4	3	
0	2	3	0	2	2	2	3	1	3	2	2	3	2	1	1	3	3	2	3	2	2	4	1	1	2	1	3	2	3	2	
0	2	3	2	0	1	1	3	2	2	2	2	3	2	3	3	2	1	3	2	3	2	3	3	2	3	1	3	1	2	2	
0	2	2	2	3	0	3	2	2	3	2	2	2	1	3	3	1	3	3	2	3	1	3	2	1	2	2	2	3	4	2	
0	2	2	1	3	1	0	2	2	2	1	1	3	2	2	2	2	2	3	2	2	2	2	2	2	3	2	3	3	3	3	
0	3	4	4	2	2	3	0	3	3	2	3	2	3	4	4	3	3	3	1	3	3	3	2	3	3	3	4	2	3	3	
0	3	3	2	1	2	2	2	0	2	1	2	3	3	2	2	3	2	3	2	3	1	3	2	2	1	2	2	2	3	2	
0	3	1	3	2	3	3	3	1	0	2	3	3	3	1	3	3	3	3	2	4	2	2	3	3	2	3	3	1	2	2	
0	2	2	3	3	3	2	3	2	1	0	2	2	4	2	2	3	4	3	3	2	3	3	1	1	2	3	3	2	3	2	
0	2	1	3	4	3	4	3	3	4	3	0	3	4	4	2	2	3	3	3	3	3	2	3	3	4	3	3	4	5	4	
0	3	2	2	3	3	3	2	2	2	2	3	0	3	3	3	4	3	3	2	2	1	3	1	3	2	2	2	3	4	2	
0	3	2	3	3	3	2	3	2	2	1	1	1	0	3	2	3	4	3	3	2	2	3	1	2	1	1	3	3	3	2	
0	4	3	4	4	4	3	3	3	2	4	4	4	3	0	2	4	5	2	4	3	3	4	2	4	4	2	4	3	4	1	
0	4	3	2	3	3	2	2	3	4	3	3	4	3	3	0	3	3	1	2	3	1	3	2	3	2	2	2	2	3	3	
0	2	1	3	2	1	3	3	1	3	2	2	3	2	3	3	0	2	3	3	2	2	3	1	1	2	3	2	2	3	2	
0	1	3	3	4	4	3	3	3	3	4	2	2	3	3	2	3	0	2	3	2	2	3	2	3	3	2	3	3	2	1	
0	3	2	2	3	2	1	1	2	3	2	2	3	3	3	3	2	3	0	2	2	2	3	1	3	2	3	2	1	2	2	
0	3	3	3	1	1	2	3	2	3	2	2	3	2	3	3	2	2	3	0	2	2	4	1	2	2	2	3	2	3	2	
0	4	3	4	4	2	4	4	3	2	2	4	4	3	1	3	3	4	3	3	0	3	4	3	3	4	3	4	2	3	2	
0	3	2	1	2	2	2	1	2	4	3	2	3	2	2	2	3	2	3	1	3	0	2	2	2	1	1	1	3	3	2	
0	2	3	2	4	3	3	3	3	2	1	3	1	4	2	3	4	1	3	3	3	2	0	2	2	3	3	3	3	3	2	
0	2	4	3	2	3	3	2	1	3	2	3	4	4	2	2	4	3	2	3	1	2	4	0	3	2	3	3	3	4	1	
0	1	2	3	3	3	2	4	2	3	3	1	2	3	3	2	3	4	3	4	2	3	3	2	0	1	2	3	4	3	2	
0	3	2	2	2	2	1	3	3	3	2	1	4	3	3	1	3	3	2	3	3	2	3	3	3	0	3	2	3	2	1	
0	3	3	4	4	4	3	4	3	3	2	2	2	1	2	3	4	5	4	4	3	3	4	2	2	2	0	3	4	4	3	
0	2	3	3	3	3	2	3	3	3	2	2	2	2	3	1	3	2	2	3	3	2	1	3	1	2	2	0	3	4	3	
0	2	3	3	2	2	3	3	1	2	2	3	4	3	2	3	2	3	4	1	3	2	3	2	2	2	3	2	0	1	3	
0	1	2	4	2	2	3	2	2	3	2	2	3	3	3	3	1	3	4	1	2	3	3	2	1	2	2	3	3	0	3	
0	4	3	3	3	3	2	2	3	4	3	3	4	4	4	1	3	4	1	3	3	2	4	2	4	3	3	3	2	3	0	
M2
0	0	0	0	0	0	0	0	0	0	0	0	0	0	0	0	0	0	0	0	0	0	0	0	0	0	0	0	0	0	0	
0	0	4	3	3	2	4	1	3	2	3	1	2	3	3	2	2	4	3	3	2	2	3	3	2	2	2	1	2	3	2	
0	3	0	1	3	2	3	2	2	2	3	2	1	3	2	2	3	4	1	2	4	2	2	3	3	2	1	3	2	1	1	
0	3	4	0	4	2	3	2	2	1	3	2	1	2	1	3	3	3	2	2	4	1	2	3	2	3	2	3	3	1	3	
0	5	4	2	0	3	4	3	2	3	1	3	3	3	3	3	4	3	4	3	3	2	1	4	3	4	3	2	3	3	3	
0	2	4	2	2	0	4	3	2	3	3	3	2	2	1	3	3	3	2	2	2	1	3	1	3	1	4	3	3	1	2	
0	4	5	4	4	2	0	3	3	1	2	1	3	2	2	3	4	4	3	4	3	2	2	3	1	3	2	3	4	3	3	
0	2	3	3	2	1	4	0	2	1	3	2	2	2	2	1	1	3	2	3	3	2	3	2	2	1	2	3	3	2	2	
0	4	3	4	2	4	5	4	0	4	3	4	3	3	4	5	5	5	4	3	3	4	3	4	4	3	4	3	1	4	4	
0	3	4	4	3	2	3	2	2	0	2	2	3	1	1	3	3	3	2	4	4	1	2	3	1	2	1	3	3	3	2	
0	4	3	3	3	3	3	3	1	2	0	3	2	2	3	2	3	2	3	2	2	3	3	3	2	3	3	1	2	3	2	
0	4	5	4	5	3	5	3	4	4	3	0	4	5	2	2	4	4	4	5	4	4	3	4	2	4	3	3	4	3	3	
0	3	4	3	3	1	2	1	1	2	3	1	0	3	2	2	2	4	1	1	3	2	1	2	3	2	3	2	2	2	2	
0	3	3	4	3	2	2	1	3	2	4	3	2	0	3	2	2	2	3	3	4	3	3	3	3	2	3	4	4	2	3	
0	2	4	3	3	1	4	2	3	3	4	2	3	3	0	3	2	3	2	3	3	2	2	2	4	2	4	3	3	2	3	
0	3	4	2	3	2	4	1	3	2	4	3	3	3	3	0	2	4	3	3	3	3	2	2	3	2	3	3	2	1	1	
0	3	2	3	2	2	3	3	4	3	3	3	3	4	1	3	0	4	3	2	2	3	3	1	3	3	3	3	3	3	2	
0	4	1	2	2	3	1	3	1	2	2	2	2	3	3	3	3	0	2	2	2	3	2	1	1	3	2	3	2	2	2	
0	4	3	3	3	3	5	4	3	2	4	4	4	3	3	3	4	4	0	3	3	2	4	2	3	3	3	4	1	2	1	
0	2	3	3	2	2	4	3	2	2	2	3	2	3	3	3	3	3	2	0	2	3	3	3	2	1	3	1	3	1	2	
0	2	5	2	3	2	3	3	4	3	4	3	3	4	1	2	3	4	3	4	0	3	3	3	4	3	4	3	4	3	3	
0	4	3	4	4	3	3	2	3	3	4	3	3	1	4	3	3	2	4	4	4	0	4	3	3	3	4	5	4	3	3	
0	5	4	4	2	4	4	3	4	4	3	4	4	2	4	4	4	3	5	5	5	1	0	4	4	4	5	4	5	4	4	
0	3	3	3	1	3	4	3	3	2	2	4	3	3	2	2	2	3	3	1	1	2	2	0	2	2	3	2	2	2	1	
0	3	4	4	3	3	4	3	2	3	1	2	2	3	4	3	3	3	3	3	3	2	1	4	0	2	1	2	3	4	2	
0	1	3	2	1	2	3	2	1	3	2	2	1	4	3	3	2	2	1	2	3	3	2	3	3	0	3	2	2	2	2	
0	2	4	3	2	3	4	3	2	2	3	1	2	3	3	3	3	3	2	3	4	3	3	3	3	1	0	3	2	3	1	
0	3	4	2	3	2	3	2	2	1	2	2	1	2	2	3	3	4	2	2	1	2	2	2	1	3	2	0	2	3	1	
0	3	2	3	2	3	4	3	2	4	3	4	3	2	3	4	4	4	3	4	2	4	3	4	5	2	3	4	0	3	3	
0	3	4	3	3	1	3	3	3	4	4	3	2	3	2	4	4	4	3	3	3	2	3	2	4	2	5	4	4	0	3	
0	4	3	4	3	3	4	3	3	1	3	3	4	2	2	2	4	4	3	3	3	2	3	4	2	3	2	4	1	3	0	
M3
0	0	0	0	0	0	0	0	0	0	0	0	0	0	0	0	0	0	0	0	0	0	0	0	0	0	0	0	0	0	0	
0	0	2	3	3	3	2	3	3	2	3	1	2	2	2	4	3	3	2	2	3	2	1	2	3	2	1	2	3	1	3	
0	3	0	3	4	4	3	4	3	2	3	1	3	3	3	3	3	3	2	2	3	2	1	3	4	3	2	3	2	2	4	
0	2	3	0	3	1	3	2	3	3	2	3	3	2	3	2	3	4	2	2	2	1	2	3	3	3	2	2	3	3	2	
0	2	3	3	0	2	1	2	2	2	3	2	3	2	1	3	3	4	2	1	2	3	2	3	3	2	2	3	2	3	2	
0	2	3	3	3	0	2	3	2	2	3	2	2	2	2	1	3	3	1	1	1	2	1	2	3	2	1	2	2	2	2	
0	3	2	3	2	1	0	1	2	2	2	1	2	1	2	2	3	3	2	2	1	2	1	2	2	1	2	2	2	3	3	
0	2	2	2	3	3	2	0	3	3	2	3	2	2	2	1	3	4	3	1	3	3	2	1	3	2	2	2	1	3	3	
0	2	3	3	2	3	2	3	0	1	3	2	1	2	2	4	2	4	2	2	2	2	1	2	2	1	1	2	3	3	3	
0	2	2	2	2	2	3	3	3	0	2	1	2	4	3	3	1	3	2	2	3	3	2	2	3	3	3	3	4	2	2	
0	2	3	2	3	3	2	3	3	3	0	1	2	2	2	3	3	3	3	2	3	1	2	2	3	3	1	2	3	3	3	
0	2	3	4	3	3	3	4	3	2	3	0	3	3	3	4	3	2	2	1	2	2	1	3	3	2	2	3	3	3	3	
0	3	2	2	2	2	2	2	3	3	4	2	0	2	2	3	2	4	2	2	3	3	3	2	1	3	1	1	2	3	3	
0	3	1	2	4	2	3	4	2	2	3	2	3	0	3	3	2	4	2	2	3	2	1	3	1	3	2	3	3	3	2	
0	3	2	2	3	2	1	2	1	2	2	2	2	2	0	3	3	3	1	2	2	3	2	2	3	2	1	2	3	2	1	
0	3	3	2	2	2	3	4	2	2	4	3	2	2	3	0	3	4	3	2	2	3	2	4	2	1	3	2	3	4	4	
0	3	1	4	4	3	2	3	3	2	2	2	3	3	2	2	0	4	2	2	3	2	1	3	2	3	2	3	3	3	2	
0	3	2	3	3	3	2	3	3	2	1	2	3	3	3	3	1	0	3	3	1	2	2	3	3	2	2	3	2	4	2	
0	2	2	3	3	4	3	2	1	2	3	3	2	3	2	3	3	2	0	1	3	3	2	2	3	2	2	3	2	1	3	
0	1	3	4	4	4	3	4	4	2	4	2	3	3	3	4	3	3	3	0	2	3	2	3	4	3	2	3	3	2	4	
0	4	2	2	3	3	2	2	2	3	2	3	2	2	4	2	3	4	3	3	0	3	3	3	3	3	3	2	1	4	2	
0	1	2	2	2	2	3	2	3	2	3	2	3	1	3	2	2	4	2	3	3	0	1	3	2	3	2	1	2	2	3	
0	2	3	3	3	3	2	3	2	1	2	1	2	2	2	3	2	3	1	2	3	1	0	2	3	3	1	2	3	2	3	
0	2	2	3	2	4	3	4	3	2	2	2	2	3	3	2	2	4	2	3	4	2	1	0	3	2	2	1	2	3	2	
0	2	1	3	3	1	3	4	3	3	3	1	3	1	3	2	1	3	2	1	2	3	2	3	0	3	2	3	3	3	3	
0	3	2	3	1	2	2	3	1	1	3	2	1	1	2	3	2	4	2	2	3	2	1	3	1	0	2	1	2	3	3	
0	2	2	3	2	2	1	2	2	2	3	2	1	1	1	3	2	4	2	3	2	3	2	1	2	2	0	1	2	3	2	
0	3	1	2	1	3	2	3	2	2	3	2	2	2	2	2	1	3	1	2	3	3	2	3	3	3	3	0	1	2	3	
0	3	1	1	2	2	1	2	3	3	3	2	1	2	3	1	2	3	2	3	2	2	2	3	2	2	2	1	0	3	3	
0	3	1	3	2	3	3	4	2	2	3	2	2	2	3	4	2	4	2	3	4	2	1	3	2	1	2	2	3	0	4	
0	3	1	3	2	3	2	3	3	3	1	2	3	2	3	3	2	4	2	3	3	2	2	3	2	3	2	1	2	2	0	
M4
0	0	0	0	0	0	0	0	0	0	0	0	0	0	0	0	0	0	0	0	0	0	0	0	0	0	0	0	0	0	0	
0	0	2	3	3	3	4	2	2	3	3	2	2	3	2	1	3	2	2	3	2	3	2	3	3	3	3	3	3	3	2	
0	2	0	3	2	1	3	2	2	2	2	3	1	2	1	3	2	3	2	3	1	2	3	3	2	2	3	1	3	3	3	
0	5	3	0	3	4	4	4	4	3	3	4	4	3	4	3	3	2	3	5	3	1	2	2	4	4	3	4	3	4	4	
0	4	2	1	0	3	3	3	2	2	4	4	3	4	3	4	4	3	3	2	3	2	3	3	4	3	1	3	4	4	4	
0	3	1	3	3	0	2	3	3	2	3	3	2	3	2	4	2	3	1	2	2	3	2	3	3	3	2	1	2	2	4	
0	4	4	2	4	4	0	3	3	2	3	4	4	3	3	3	2	3	3	2	2	3	1	2	4	3	3	3	2	4	4	
0	3	4	2	3	3	2	0	3	1	4	3	4	3	2	3	1	2	3	3	3	2	2	2	3	3	4	2	3	3	4	
0	3	3	3	3	3	3	1	0	2	3	3	2	3	3	4	2	2	1	4	2	3	2	3	3	3	3	3	3	2	2	
0	2	3	2	2	2	1	3	3	0	3	3	3	2	1	2	2	1	2	3	2	1	1	1	2	3	3	2	2	2	3	
0	3	2	3	3	3	1	2	4	2	0	2	2	1	2	1	3	2	2	3	1	3	2	3	2	3	2	2	3	2	1	
0	2	3	3	2	3	3	1	4	2	3	0	1	2	3	2	2	3	3	3	3	2	3	1	3	2	3	3	3	3	3	
0	1	2	3	3	3	2	3	3	3	3	3	0	1	3	2	3	2	3	2	3	1	3	3	2	1	2	2	3	2	3	
0	2	2	2	3	2	3	3	3	2	2	4	3	0	3	3	2	1	2	4	3	2	3	3	1	4	3	1	2	1	3	
0	1	2	2	1	1	3	2	3	2	3	3	3	1	0	2	1	2	2	3	2	2	3	3	1	2	2	1	3	2	2	
0	2	1	3	2	2	3	2	3	2	2	1	2	2	1	0	2	3	1	2	1	3	3	2	2	3	2	2	4	2	1	
0	3	4	3	3	3	2	1	3	1	4	2	3	3	2	3	0	2	3	2	3	2	2	2	3	3	3	1	3	3	4	
0	3	3	1	3	2	2	3	3	3	2	3	2	3	3	2	3	0	1	4	2	2	3	3	3	3	2	3	1	2	3	
0	2	2	3	2	2	2	2	3	2	2	2	1	2	2	3	2	3	0	3	1	2	3	3	2	2	3	3	3	1	3	
0	3	3	2	3	3	3	3	3	2	3	2	2	3	3	2	2	3	1	0	2	2	1	1	3	1	3	3	3	2	2	
0	2	3	3	2	2	2	1	4	2	1	3	2	1	1	2	2	2	1	4	0	3	3	3	2	3	3	2	3	2	2	
0	4	4	3	2	3	3	4	4	4	2	4	4	2	4	3	4	3	4	4	3	0	4	2	3	5	3	3	4	3	3	
0	3	3	1	3	3	2	2	2	1	2	3	3	2	2	2	1	2	2	3	1	2	0	1	3	2	4	2	3	3	3	
0	3	2	3	2	3	2	3	4	3	2	2	3	2	2	1	3	3	2	3	2	3	3	0	3	4	3	2	2	2	2	
0	3	1	3	3	2	2	2	3	2	3	3	2	3	2	3	1	3	3	3	2	1	2	3	0	3	4	2	4	2	3	
0	4	2	4	4	2	2	3	3	3	4	4	3	4	3	3	2	3	3	4	3	4	3	4	4	0	4	3	3	1	4	
0	3	1	3	3	2	2	3	3	1	3	4	2	3	2	3	3	2	3	4	2	1	2	2	3	3	0	2	3	3	4	
0	2	3	3	2	3	2	2	2	1	4	3	4	3	2	3	1	2	3	3	3	2	2	2	2	4	3	0	3	2	4	
0	3	2	3	3	3	1	3	2	2	2	4	3	3	2	3	2	2	2	3	3	2	2	2	3	4	1	3	0	3	3	
0	3	1	3	3	1	3	2	2	2	3	3	2	3	2	2	1	2	2	3	2	3	3	3	3	3	3	2	2	0	3	
0	2	2	3	3	3	2	3	3	1	4	2	1	2	2	3	3	2	3	3	3	2	2	2	3	2	1	2	3	3	0	
M5
0	0	0	0	0	0	0	0	0	0	0	0	0	0	0	0	0	0	0	0	0	0	0	0	0	0	0	0	0	0	0	
0	0	2	1	1	2	2	2	2	2	2	1	2	2	2	2	2	3	1	3	2	2	2	3	2	3	3	3	2	3	3	
0	1	0	2	2	3	2	3	3	2	2	2	3	2	3	3	2	2	1	4	3	3	3	1	3	3	3	4	3	3	2	
0	2	1	0	3	1	2	2	3	3	3	3	1	2	4	2	3	3	2	3	3	1	1	2	2	2	2	3	1	2	3	
0	2	3	3	0	3	1	1	2	3	2	2	2	3	3	3	2	2	2	4	2	4	3	3	3	3	2	4	4	2	3	
0	3	3	3	3	0	3	4	3	3	3	2	2	1	3	3	2	2	2	4	2	3	3	3	3	1	2	3	4	2	2	
0	1	3	2	2	3	0	3	1	3	2	2	2	3	3	3	2	3	2	4	1	3	2	2	3	2	3	4	3	3	3	
0	3	3	3	3	3	4	0	2	2	2	4	3	2	4	3	2	2	1	5	3	4	3	4	2	3	3	4	4	4	2	
0	3	2	3	2	2	2	2	0	2	1	3	1	3	4	2	3	3	2	3	2	4	1	3	2	1	2	3	4	2	2	
0	3	3	4	3	3	4	4	3	0	4	3	4	4	4	4	4	3	3	4	4	5	3	3	2	3	4	4	4	2	2	
0	2	1	3	1	1	2	1	3	1	0	3	3	2	4	1	3	3	2	3	3	4	3	2	2	2	3	2	3	3	2	
0	2	3	2	3	3	1	3	1	2	2	0	1	4	1	2	3	3	3	2	2	2	2	3	2	2	2	2	3	2	3	
0	4	3	4	4	2	3	2	2	3	3	3	0	3	3	1	3	2	2	4	2	4	3	2	1	2	3	3	4	1	2	
0	3	2	2	4	3	3	4	3	3	3	4	3	0	4	3	1	1	3	3	1	2	2	2	4	2	3	2	3	3	1	
0	2	2	1	3	2	1	2	1	3	2	3	1	3	0	2	3	3	3	1	2	2	2	3	2	2	2	3	2	2	3	
0	3	2	3	3	3	3	1	3	3	3	3	2	3	4	0	3	3	2	3	2	3	2	3	3	1	2	2	3	2	1	
0	2	1	3	3	4	3	4	3	3	3	3	4	2	4	4	0	2	2	4	3	4	4	2	4	4	3	3	4	4	3	
0	5	4	4	4	4	5	3	4	5	4	5	5	5	5	3	4	0	4	4	5	5	4	5	3	4	4	3	4	5	3	
0	3	2	2	2	2	3	2	4	1	1	3	3	1	4	2	1	2	0	4	2	3	3	3	3	3	2	3	3	3	2	
0	3	3	2	2	1	2	1	2	3	3	3	2	2	1	3	3	3	2	0	3	3	3	4	3	2	2	2	1	3	3	
0	3	2	2	3	2	2	3	3	4	4	4	3	3	4	4	1	2	3	3	0	2	3	1	4	3	4	4	3	4	2	
0	2	4	3	3	2	1	3	2	3	3	3	3	3	3	4	3	4	3	2	2	0	3	3	4	2	3	4	3	3	3	
0	2	3	2	3	3	3	3	3	4	3	2	3	4	3	4	2	3	3	2	4	3	0	2	4	3	1	2	3	4	2	
0	2	2	3	3	3	1	2	2	4	3	3	2	4	4	3	3	1	3	4	2	4	2	0	3	2	3	3	3	3	1	
0	4	3	3	3	1	3	3	1	2	2	3	2	2	2	3	2	1	1	3	3	4	2	3	0	2	3	4	3	2	3	
0	2	2	2	2	2	3	3	3	3	2	2	1	3	3	2	2	3	3	4	1	3	2	2	2	0	1	4	3	1	1	
0	1	2	1	2	2	2	3	2	3	3	1	2	3	2	3	1	3	2	3	3	2	2	3	3	3	0	3	2	3	2	
0	2	2	1	2	2	3	2	3	2	1	2	2	2	2	2	2	3	1	1	2	2	2	3	3	1	1	0	1	2	2	
0	2	3	2	3	1	2	4	3	2	3	2	2	2	3	3	2	3	2	4	2	3	3	3	3	1	1	4	0	2	2	
0	3	3	3	3	1	2	3	3	4	4	2	3	2	3	3	3	2	3	4	3	3	3	1	3	2	2	4	4	0	2	
0	2	1	3	3	3	3	3	4	3	3	3	2	3	4	2	3	3	2	3	2	4	1	2	3	1	2	3	2	2	0	
M6
0	0	0	0	0	0	0	0	0	0	0	0	0	0	0	0	0	0	0	0	0	0	0	0	0	0	0	0	0	0	0	
0	0	3	3	3	3	2	3	2	2	1	3	4	3	2	3	2	2	1	4	2	2	2	3	3	2	2	3	1	3	3	
0	2	0	2	2	3	2	2	1	3	3	3	3	1	3	3	3	3	2	3	2	4	2	2	2	1	2	3	2	2	4	
0	3	3	0	1	3	2	1	2	2	2	3	2	3	1	3	2	2	3	2	2	3	2	3	2	2	2	3	1	3	3	
0	3	4	3	0	3	3	3	3	3	3	2	1	4	4	2	3	2	3	3	2	4	2	2	3	2	2	3	3	2	2	
0	2	2	3	3	0	3	3	3	3	3	3	4	3	2	4	1	3	3	3	3	4	3	4	3	3	2	3	3	2	4	
0	2	4	3	1	2	0	2	2	3	3	3	2	3	2	3	2	3	3	4	2	3	3	3	3	3	2	2	1	3	3	
0	3	4	2	2	3	3	0	3	3	3	3	3	3	1	3	3	2	2	4	3	4	2	2	1	1	3	3	2	4	4	
0	1	3	3	2	2	1	3	0	2	2	2	3	4	3	4	3	3	2	4	3	3	3	3	4	2	1	3	2	2	3	
0	2	1	3	3	3	3	2	2	0	2	2	2	2	3	3	3	4	3	3	3	4	3	3	3	2	3	4	3	3	2	
0	2	4	2	2	3	2	3	1	3	0	3	3	3	3	3	3	2	1	3	2	3	2	2	3	1	2	2	2	3	3	
0	2	4	3	3	2	2	2	1	3	1	0	3	2	2	4	3	3	2	2	2	3	1	3	3	2	2	3	3	3	1	
0	2	3	2	1	3	2	2	2	2	2	1	0	3	3	1	2	3	3	3	1	3	1	1	2	3	3	2	2	1	2	
0	3	3	3	2	4	2	1	3	2	2	2	3	0	2	3	4	2	3	4	1	4	3	3	1	2	1	3	3	2	3	
0	2	4	4	3	4	2	2	3	4	2	2	4	2	0	2	4	1	2	4	3	3	1	3	1	3	3	2	3	3	3	
0	3	3	3	2	4	3	3	2	2	1	2	2	3	3	0	2	2	2	2	3	3	3	1	4	2	3	2	3	2	3	
0	2	3	2	2	3	2	2	3	2	3	2	3	3	3	4	0	4	3	2	2	3	3	3	3	2	1	2	2	1	3	
0	3	3	3	2	3	1	3	3	3	2	3	3	3	3	1	3	0	3	3	2	2	4	2	2	3	3	3	2	3	4	
0	2	3	3	2	3	2	2	3	2	2	2	3	3	3	2	2	1	0	3	1	3	1	3	2	2	1	3	3	2	2	
0	2	4	2	2	4	3	3	3	3	3	2	1	4	3	2	3	4	3	0	2	4	2	2	3	3	4	3	3	2	3	
0	2	3	2	2	3	1	1	3	2	3	3	3	3	2	3	3	2	3	3	0	3	3	2	1	2	2	2	2	1	4	
0	2	1	3	1	3	2	2	1	1	3	3	2	1	2	3	1	3	3	3	2	0	3	3	2	2	2	3	1	2	3	
0	1	3	3	3	3	3	1	2	3	1	1	4	3	2	3	3	3	2	3	2	3	0	3	2	2	3	3	2	3	2	
0	2	3	3	3	3	3	3	2	2	2	1	4	3	3	4	1	4	3	3	3	4	2	0	4	3	2	3	2	2	2	
0	4	4	4	3	4	2	4	3	4	3	3	4	4	4	2	3	1	4	3	3	3	3	2	0	4	4	4	3	4	3	
0	3	3	1	1	2	2	2	2	3	3	2	2	4	2	2	2	2	1	3	2	4	2	1	3	0	2	4	1	3	3	
0	3	2	2	1	3	3	3	2	1	2	1	2	3	3	3	3	3	2	3	3	3	2	2	3	1	0	2	2	2	2	
0	3	2	3	2	4	2	2	2	2	2	3	2	1	3	3	2	2	1	4	1	1	2	3	2	3	2	0	2	2	3	
0	2	3	3	2	2	1	2	1	2	3	2	3	3	1	3	1	2	3	3	1	3	2	3	2	2	1	3	0	2	3	
0	1	2	1	2	3	1	1	2	1	2	2	3	2	2	4	2	3	2	2	1	2	3	2	2	2	2	1	1	0	3	
0	2	3	3	3	1	2	2	1	3	3	3	2	4	3	3	2	2	1	1	1	4	2	3	2	2	2	3	3	2	0	
M7
0	0	0	0	0	0	0	0	0	0	0	0	0	0	0	0	0	0	0	0	0	0	0	0	0	0	0	0	0	0	0	
0	0	2	3	3	2	2	2	2	3	4	3	3	2	4	1	2	4	1	2	3	2	3	3	3	1	3	1	1	3	2	
0	1	0	3	3	3	2	3	3	3	3	3	4	3	2	2	3	2	2	3	4	3	4	3	1	2	3	2	2	3	3	
0	3	2	0	3	2	2	2	2	3	3	3	3	2	4	1	2	4	1	1	3	3	2	3	3	4	4	2	2	4	3	
0	2	1	4	0	2	2	3	3	2	4	2	1	3	3	3	3	3	3	3	1	4	4	3	2	3	3	2	3	3	3	
0	4	3	2	3	0	3	3	4	2	3	3	3	1	3	1	3	5	3	3	3	2	3	3	4	3	2	2	2	3	3	
0	1	3	4	3	3	0	2	3	3	3	1	4	3	2	2	2	4	2	1	2	3	4	2	2	2	3	2	2	3	2	
0	3	2	4	2	2	2	0	3	2	4	3	3	3	4	2	2	4	1	2	1	1	3	3	3	3	2	2	3	2	3	
0	2	1	4	4	3	2	3	0	4	4	2	5	4	3	3	3	3	3	3	3	4	5	3	2	2	4	3	3	4	3	
0	2	1	4	3	3	3	1	2	0	4	3	4	3	3	2	2	3	2	3	2	2	3	2	2	1	3	3	2	2	1	
0	2	2	5	3	3	1	1	4	3	0	2	4	3	3	3	1	4	2	2	2	2	3	1	3	3	3	3	3	2	3	
0	2	2	3	3	2	3	1	2	2	3	0	4	2	2	1	1	3	2	3	1	2	3	1	1	1	3	2	2	2	1	
0	3	2	4	1	3	3	2	2	3	4	1	0	3	3	2	2	4	3	4	2	3	4	2	2	2	3	3	3	3	2	
0	3	2	4	4	4	4	2	3	1	5	4	5	0	2	3	3	4	3	4	3	3	4	3	3	2	4	4	3	3	2	
0	2	2	4	3	2	3	2	3	1	4	3	3	2	0	3	2	4	2	3	3	3	2	3	3	2	4	2	1	1	2	
0	3	3	2	4	1	2	3	4	2	4	3	3	1	3	0	3	4	2	3	2	3	2	4	4	3	3	1	3	3	3	
0	3	3	4	4	2	3	2	3	2	4	1	3	2	2	2	0	4	3	4	1	3	4	2	2	2	4	2	3	3	2	
0	3	2	3	1	3	3	4	4	3	5	3	2	4	4	3	3	0	4	3	2	5	5	3	3	3	2	3	2	4	2	
0	2	1	4	3	3	1	1	4	3	3	2	3	3	3	3	1	3	0	1	2	2	2	2	2	3	3	3	3	3	3	
0	3	3	5	2	3	2	3	5	4	2	3	3	4	4	3	3	5	4	0	3	4	4	2	4	4	4	2	4	3	4	
0	3	2	3	4	1	2	2	3	1	4	3	3	2	4	2	3	3	3	3	0	3	3	3	3	2	3	1	3	2	2	
0	3	2	3	1	1	2	2	2	2	4	2	2	2	3	1	1	4	1	2	2	0	2	3	2	2	1	2	2	1	2	
0	2	3	4	2	3	3	3	3	3	2	2	1	3	4	2	3	5	3	3	3	4	0	3	3	3	2	3	3	4	3	
0	2	1	4	2	2	3	2	4	2	3	4	3	2	3	3	4	3	3	4	1	3	2	0	2	3	4	2	3	1	3	
0	3	3	3	3	3	3	3	4	2	2	3	4	3	1	4	2	2	3	3	3	4	3	2	0	3	2	3	2	2	3	
0	2	2	3	3	3	3	3	1	2	5	3	4	4	3	3	3	4	3	4	4	2	3	3	3	0	3	3	3	3	3	
0	2	3	4	3	3	3	2	3	3	3	1	4	3	3	2	2	4	3	1	2	3	4	2	2	2	0	3	2	3	1	
0	2	4	3	3	1	1	3	4	3	4	2	4	2	3	1	3	3	3	2	3	2	3	3	3	3	2	0	3	2	3	
0	2	3	3	4	1	2	3	3	2	4	2	4	2	4	2	3	4	3	3	3	3	3	2	3	2	3	1	0	3	1	
0	3	2	5	2	4	4	2	3	1	3	3	2	1	3	3	3	3	3	4	3	3	1	3	3	2	3	3	3	0	2	
0	1	3	3	4	2	3	3	2	3	4	3	4	2	4	1	3	5	2	3	3	3	3	3	3	1	4	2	1	4	0	
Tamanho_Tarefas
0	17	11	18	9	7	20	7	24	6	12	8	27	24	15	8	17	7	31	6	7	23	19	5	12	27	18	4	8	9	8	
Data_Entrega
0	146	150	141	143	147	144	144	146	144	144	142	149	147	142	148	142	146	150	150	142	142	145	151	141	151	142	147	144	146	147	
Penalidade_Atraso
0	8	12	1	10	20	20	2	10	4	5	10	14	16	6	16	17	13	13	20	10	11	20	7	10	8	5	18	10	5	9	
Capacidade_Veiculo
63	66	36	80	46	78	51	36	42	68	38	72	
Custo_Fixo_Veiculo
630	660	360	800	460	780	510	360	420	680	380	720	
Coordenadas_Clientes
x	0	y	0
x	95	y	0
x	84	y	17
x	83	y	37
x	84	y	61
x	61	y	68
x	48	y	84
x	37	y	115
x	9	y	91
x	-9	y	91
x	-23	y	73
x	-54	y	94
x	-67	y	75
x	-89	y	65
x	-74	y	33
x	-121	y	25
x	-94	y	0
x	-120	y	-25
x	-68	y	-30
x	-86	y	-62
x	-68	y	-75
x	-37	y	-64
x	-26	y	-80
x	-10	y	-99
x	9	y	-92
x	31	y	-96
x	57	y	-98
x	81	y	-90
x	62	y	-45
x	85	y	-38
x	110	y	-23
Tempo_Viagem
0	95	85	90	103	91	96	120	91	91	76	108	100	110	81	123	94	122	74	106	101	73	84	99	92	100	113	121	76	93	112	
95	0	20	38	61	75	95	127	125	138	138	175	178	195	172	217	189	216	165	191	178	146	145	144	125	114	105	91	55	39	27	
85	20	0	20	44	55	75	107	105	118	120	157	161	179	158	205	178	207	159	187	177	145	146	149	132	124	118	107	65	55	47	
90	38	20	0	24	38	58	90	91	106	111	148	154	174	157	204	180	212	164	195	188	156	159	164	148	142	137	127	84	75	65	
103	61	44	24	0	24	42	71	80	97	107	141	151	173	160	207	188	221	177	209	203	173	178	185	170	165	161	151	108	99	87	
91	75	55	38	24	0	20	52	56	73	84	117	128	150	139	186	169	203	162	196	192	164	171	181	168	166	166	159	113	108	102	
96	95	75	58	42	20	0	32	39	57	71	102	115	137	132	179	164	200	162	198	196	169	179	191	180	180	182	177	129	127	122	
120	127	107	90	71	52	32	0	36	51	72	93	111	135	136	181	173	209	179	215	217	193	204	219	208	211	213	209	161	159	154	
91	125	105	91	80	56	39	36	0	18	36	63	77	101	100	145	137	173	143	179	182	161	174	190	183	188	195	193	145	149	152	
91	138	118	106	97	73	57	51	18	0	22	45	60	84	86	130	123	159	134	170	176	157	171	190	183	191	200	201	153	159	164	
76	138	120	111	107	84	71	72	36	22	0	37	44	66	64	109	101	137	112	148	154	137	153	172	168	176	188	193	145	154	164	
108	175	157	148	141	117	102	93	63	45	37	0	23	45	64	96	102	136	124	159	169	158	176	197	196	208	221	228	181	191	201	
100	178	161	154	151	128	115	111	77	60	44	23	0	24	42	73	79	113	105	137	150	142	160	183	183	197	212	221	176	189	202	
110	195	179	174	173	150	137	135	101	84	66	45	24	0	35	51	65	95	97	127	141	138	157	181	185	200	218	230	186	202	217	
81	172	158	157	160	139	132	136	100	86	64	64	42	35	0	47	38	74	63	95	108	103	122	146	150	166	185	197	156	174	192	
123	217	205	204	207	186	179	181	145	130	109	96	73	51	47	0	36	50	75	93	113	121	140	164	173	193	216	232	195	215	235	
94	189	178	180	188	169	164	173	137	123	101	102	79	65	38	36	0	36	39	62	79	85	104	128	137	157	180	196	162	182	205	
122	216	207	212	221	203	200	209	173	159	137	136	113	95	74	50	36	0	52	50	72	91	108	132	144	166	190	211	182	205	230	
74	165	159	164	177	162	162	179	143	134	112	124	105	97	63	75	39	52	0	36	45	46	65	89	98	118	142	160	130	153	178	
106	191	187	195	209	196	198	215	179	170	148	159	137	127	95	93	62	50	36	0	22	49	62	84	99	121	146	169	148	172	199	
101	178	177	188	203	192	196	217	182	176	154	169	150	141	108	113	79	72	45	22	0	32	42	62	78	100	126	149	132	156	184	
73	146	145	156	173	164	169	193	161	157	137	158	142	138	103	121	85	91	46	49	32	0	19	43	53	75	99	120	100	124	152	
84	145	146	159	178	171	179	204	174	171	153	176	160	157	122	140	104	108	65	62	42	19	0	24	37	59	84	107	94	118	146	
99	144	149	164	185	181	191	219	190	190	172	197	183	181	146	164	128	132	89	84	62	43	24	0	20	41	67	91	90	112	141	
92	125	132	148	170	168	180	208	183	183	168	196	183	185	150	173	137	144	98	99	78	53	37	20	0	22	48	72	70	93	122	
100	114	124	142	165	166	180	211	188	191	176	208	197	200	166	193	157	166	118	121	100	75	59	41	22	0	26	50	59	79	107	
113	105	118	137	161	166	182	213	195	200	188	221	212	218	185	216	180	190	142	146	126	99	84	67	48	26	0	25	53	66	91	
121	91	107	127	151	159	177	209	193	201	193	228	221	230	197	232	196	211	160	169	149	120	107	91	72	50	25	0	48	52	73	
76	55	65	84	108	113	129	161	145	153	145	181	176	186	156	195	162	182	130	148	132	100	94	90	70	59	53	48	0	24	52	
93	39	55	75	99	108	127	159	149	159	154	191	189	202	174	215	182	205	153	172	156	124	118	112	93	79	66	52	24	0	29	
112	27	47	65	87	102	122	154	152	164	164	201	202	217	192	235	205	230	178	199	184	152	146	141	122	107	91	73	52	29	0	
Custo_Viagem
V0
0	1197	1071	1134	1297	1146	1209	1512	1146	1146	957	1360	1260	1386	1020	1549	1184	1537	932	1335	1272	919	1058	1247	1159	1260	1423	1524	957	1171	1411	
1197	0	252	478	768	957	1209	1612	1575	1738	1738	2217	2242	2457	2167	2734	2381	2721	2079	2406	2255	1839	1827	1814	1575	1449	1323	1146	693	491	340	
1071	252	0	252	554	693	957	1360	1323	1486	1512	1990	2028	2255	1990	2583	2242	2620	2003	2356	2230	1827	1839	1877	1663	1562	1486	1348	819	693	592	
1134	478	252	0	302	478	730	1134	1146	1335	1398	1864	1940	2192	1978	2570	2268	2671	2079	2457	2368	1965	2003	2066	1864	1789	1726	1600	1058	945	819	
1297	768	554	302	0	302	529	894	1008	1222	1348	1776	1902	2179	2016	2620	2368	2784	2230	2633	2557	2179	2242	2331	2142	2079	2028	1902	1360	1247	1096	
1146	957	693	478	302	0	252	655	705	919	1058	1474	1612	1890	1751	2356	2129	2557	2041	2469	2419	2066	2154	2280	2116	2091	2091	2003	1423	1360	1297	
1209	1209	957	730	529	252	0	403	491	718	894	1285	1449	1738	1663	2255	2066	2520	2041	2494	2469	2142	2255	2406	2268	2268	2293	2230	1625	1600	1549	
1512	1612	1360	1134	894	655	403	0	453	642	919	1171	1398	1701	1738	2280	2192	2646	2255	2709	2734	2431	2570	2759	2620	2658	2683	2633	2028	2016	1965	
1146	1575	1323	1146	1008	705	491	453	0	226	453	793	970	1272	1272	1827	1726	2179	1801	2268	2293	2028	2192	2394	2305	2368	2457	2444	1827	1877	1915	
1146	1738	1486	1335	1222	919	718	642	226	0	277	567	756	1058	1096	1638	1562	2016	1688	2154	2217	1978	2154	2394	2305	2406	2520	2545	1927	2003	2066	
957	1738	1512	1398	1348	1058	894	919	453	277	0	466	554	831	806	1373	1272	1726	1411	1864	1940	1726	1927	2167	2116	2230	2368	2431	1827	1940	2066	
1360	2217	1990	1864	1776	1474	1285	1171	793	567	466	0	289	567	806	1209	1285	1713	1562	2003	2129	1990	2217	2482	2469	2620	2784	2872	2280	2406	2532	
1260	2242	2028	1940	1902	1612	1449	1398	970	756	554	289	0	302	529	919	995	1423	1323	1738	1890	1789	2016	2305	2305	2482	2671	2784	2217	2381	2545	
1386	2457	2255	2192	2179	1890	1738	1701	1272	1058	831	567	302	0	441	642	819	1197	1222	1600	1776	1751	1990	2293	2331	2520	2746	2898	2343	2545	2734	
1020	2167	1990	1978	2016	1751	1663	1738	1272	1096	806	806	529	441	0	592	478	932	793	1197	1360	1297	1537	1839	1890	2091	2331	2482	1965	2192	2419	
1549	2734	2583	2570	2620	2356	2255	2280	1827	1638	1373	1209	919	642	592	0	453	630	957	1171	1423	1537	1776	2091	2192	2444	2721	2923	2457	2709	2961	
1184	2381	2242	2268	2368	2129	2066	2192	1726	1562	1272	1285	995	819	478	453	0	453	491	781	995	1071	1310	1625	1738	1978	2268	2469	2041	2293	2583	
1537	2721	2620	2671	2784	2557	2520	2646	2179	2016	1726	1713	1423	1197	932	630	453	0	655	630	907	1146	1360	1663	1827	2091	2406	2658	2305	2583	2898	
932	2079	2003	2079	2230	2041	2041	2255	1801	1688	1411	1562	1323	1222	793	957	491	655	0	453	567	579	819	1134	1234	1486	1789	2016	1638	1927	2242	
1335	2406	2356	2457	2633	2469	2494	2709	2268	2154	1864	2003	1738	1600	1197	1171	781	630	453	0	277	617	781	1058	1247	1524	1852	2129	1864	2167	2507	
1272	2255	2230	2368	2557	2419	2469	2734	2293	2217	1940	2129	1890	1776	1360	1423	995	907	567	277	0	403	529	781	982	1272	1600	1877	1675	1978	2331	
919	1839	1827	1965	2179	2066	2142	2431	2028	1978	1726	1990	1789	1751	1297	1537	1071	1146	579	617	403	0	239	554	667	945	1247	1512	1260	1562	1915	
1058	1827	1839	2003	2242	2154	2255	2570	2192	2154	1927	2217	2016	1990	1537	1776	1310	1360	819	781	529	239	0	302	466	743	1058	1348	1184	1486	1852	
1247	1814	1877	2066	2331	2280	2406	2759	2394	2394	2167	2482	2305	2293	1839	2091	1625	1663	1134	1058	781	554	302	0	252	516	844	1146	1134	1411	1789	
1159	1575	1663	1864	2142	2116	2268	2620	2305	2305	2116	2469	2305	2331	1890	2192	1738	1827	1234	1247	982	667	466	252	0	277	604	907	882	1171	1537	
1260	1449	1562	1789	2079	2091	2268	2658	2368	2406	2230	2620	2482	2520	2091	2444	1978	2091	1486	1524	1272	945	743	516	277	0	327	630	743	995	1348	
1423	1323	1486	1726	2028	2091	2293	2683	2457	2520	2368	2784	2671	2746	2331	2721	2268	2406	1789	1852	1600	1247	1058	844	604	327	0	315	667	831	1146	
1524	1146	1348	1600	1902	2003	2230	2633	2444	2545	2431	2872	2784	2898	2482	2923	2469	2658	2016	2129	1877	1512	1348	1146	907	630	315	0	604	655	919	
957	693	819	1058	1360	1423	1625	2028	1827	1927	1827	2280	2217	2343	1965	2457	2041	2305	1638	1864	1675	1260	1184	1134	882	743	667	604	0	302	655	
1171	491	693	945	1247	1360	1600	2016	1877	2003	1940	2406	2381	2545	2192	2709	2293	2583	1927	2167	1978	1562	1486	1411	1171	995	831	655	302	0	365	
1411	340	592	819	1096	1297	1549	1965	1915	2066	2066	2532	2545	2734	2419	2961	2583	2898	2242	2507	2331	1915	1852	1789	1537	1348	1146	919	655	365	0	
V1
0	1254	1122	1188	1359	1201	1267	1584	1201	1201	1003	1425	1320	1452	1069	1623	1240	1610	976	1399	1333	963	1108	1306	1214	1320	1491	1597	1003	1227	1478	
1254	0	264	501	805	1003	1267	1689	1650	1821	1821	2323	2349	2574	2270	2864	2494	2851	2178	2521	2362	1927	1914	1900	1650	1518	1386	1201	726	514	356	
1122	264	0	264	580	726	1003	1425	1386	1557	1584	2085	2125	2362	2085	2706	2349	2745	2098	2468	2336	1914	1927	1966	1742	1636	1557	1412	858	726	620	
1188	501	264	0	316	501	765	1188	1201	1399	1465	1953	2032	2296	2072	2692	2376	2798	2178	2574	2481	2059	2098	2164	1953	1874	1808	1676	1108	990	858	
1359	805	580	316	0	316	554	937	1056	1280	1412	1861	1993	2283	2112	2745	2481	2917	2336	2758	2679	2283	2349	2442	2244	2178	2125	1993	1425	1306	1148	
1201	1003	726	501	316	0	264	686	739	963	1108	1544	1689	1980	1834	2468	2230	2679	2138	2587	2534	2164	2257	2389	2217	2191	2191	2098	1491	1425	1359	
1267	1267	1003	765	554	264	0	422	514	752	937	1346	1518	1821	1742	2362	2164	2640	2138	2613	2587	2244	2362	2521	2376	2376	2402	2336	1702	1676	1623	
1584	1689	1425	1188	937	686	422	0	475	673	963	1227	1465	1782	1821	2389	2296	2772	2362	2838	2864	2547	2692	2890	2745	2785	2811	2758	2125	2112	2059	
1201	1650	1386	1201	1056	739	514	475	0	237	475	831	1016	1333	1333	1914	1808	2283	1887	2376	2402	2125	2296	2508	2415	2481	2574	2560	1914	1966	2006	
1201	1821	1557	1399	1280	963	752	673	237	0	290	594	792	1108	1148	1716	1636	2112	1768	2257	2323	2072	2257	2508	2415	2521	2640	2666	2019	2098	2164	
1003	1821	1584	1465	1412	1108	937	963	475	290	0	488	580	871	844	1438	1333	1808	1478	1953	2032	1808	2019	2270	2217	2336	2481	2547	1914	2032	2164	
1425	2323	2085	1953	1861	1544	1346	1227	831	594	488	0	303	594	844	1267	1346	1795	1636	2098	2230	2085	2323	2600	2587	2745	2917	3009	2389	2521	2653	
1320	2349	2125	2032	1993	1689	1518	1465	1016	792	580	303	0	316	554	963	1042	1491	1386	1821	1980	1874	2112	2415	2415	2600	2798	2917	2323	2494	2666	
1452	2574	2362	2296	2283	1980	1821	1782	1333	1108	871	594	316	0	462	673	858	1254	1280	1676	1861	1834	2085	2402	2442	2640	2877	3036	2455	2666	2864	
1069	2270	2085	2072	2112	1834	1742	1821	1333	1148	844	844	554	462	0	620	501	976	831	1254	1425	1359	1610	1927	1980	2191	2442	2600	2059	2296	2534	
1623	2864	2706	2692	2745	2468	2362	2389	1914	1716	1438	1267	963	673	620	0	475	660	1003	1227	1491	1610	1861	2191	2296	2560	2851	3062	2574	2838	3102	
1240	2494	2349	2376	2481	2230	2164	2296	1808	1636	1333	1346	1042	858	501	475	0	475	514	818	1042	1122	1372	1702	1821	2072	2376	2587	2138	2402	2706	
1610	2851	2745	2798	2917	2679	2640	2772	2283	2112	1808	1795	1491	1254	976	660	475	0	686	660	950	1201	1425	1742	1914	2191	2521	2785	2415	2706	3036	
976	2178	2098	2178	2336	2138	2138	2362	1887	1768	1478	1636	1386	1280	831	1003	514	686	0	475	594	607	858	1188	1293	1557	1874	2112	1716	2019	2349	
1399	2521	2468	2574	2758	2587	2613	2838	2376	2257	1953	2098	1821	1676	1254	1227	818	660	475	0	290	646	818	1108	1306	1597	1940	2230	1953	2270	2626	
1333	2362	2336	2481	2679	2534	2587	2864	2402	2323	2032	2230	1980	1861	1425	1491	1042	950	594	290	0	422	554	818	1029	1333	1676	1966	1755	2072	2442	
963	1927	1914	2059	2283	2164	2244	2547	2125	2072	1808	2085	1874	1834	1359	1610	1122	1201	607	646	422	0	250	580	699	990	1306	1584	1320	1636	2006	
1108	1914	1927	2098	2349	2257	2362	2692	2296	2257	2019	2323	2112	2085	1610	1861	1372	1425	858	818	554	250	0	316	488	778	1108	1412	1240	1557	1940	
1306	1900	1966	2164	2442	2389	2521	2890	2508	2508	2270	2600	2415	2402	1927	2191	1702	1742	1188	1108	818	580	316	0	264	541	884	1201	1188	1478	1874	
1214	1650	1742	1953	2244	2217	2376	2745	2415	2415	2217	2587	2415	2442	1980	2296	1821	1914	1293	1306	1029	699	488	264	0	290	633	950	924	1227	1610	
1320	1518	1636	1874	2178	2191	2376	2785	2481	2521	2336	2745	2600	2640	2191	2560	2072	2191	1557	1597	1333	990	778	541	290	0	343	660	778	1042	1412	
1491	1386	1557	1808	2125	2191	2402	2811	2574	2640	2481	2917	2798	2877	2442	2851	2376	2521	1874	1940	1676	1306	1108	884	633	343	0	330	699	871	1201	
1597	1201	1412	1676	1993	2098	2336	2758	2560	2666	2547	3009	2917	3036	2600	3062	2587	2785	2112	2230	1966	1584	1412	1201	950	660	330	0	633	686	963	
1003	726	858	1108	1425	1491	1702	2125	1914	2019	1914	2389	2323	2455	2059	2574	2138	2415	1716	1953	1755	1320	1240	1188	924	778	699	633	0	316	686	
1227	514	726	990	1306	1425	1676	2112	1966	2098	2032	2521	2494	2666	2296	2838	2402	2706	2019	2270	2072	1636	1557	1478	1227	1042	871	686	316	0	382	
1478	356	620	858	1148	1359	1623	2059	2006	2164	2164	2653	2666	2864	2534	3102	2706	3036	2349	2626	2442	2006	1940	1874	1610	1412	1201	963	686	382	0	
V2
0	684	612	648	741	655	691	864	655	655	547	777	720	792	583	885	676	878	532	763	727	525	604	712	662	720	813	871	547	669	806	
684	0	144	273	439	547	691	921	900	993	993	1267	1281	1404	1238	1562	1360	1555	1188	1375	1288	1051	1044	1036	900	828	756	655	396	280	194	
612	144	0	144	316	396	547	777	756	849	864	1137	1159	1288	1137	1476	1281	1497	1144	1346	1274	1044	1051	1072	950	892	849	770	468	396	338	
648	273	144	0	172	273	417	648	655	763	799	1065	1108	1252	1130	1468	1296	1526	1188	1404	1353	1123	1144	1180	1065	1022	986	914	604	540	468	
741	439	316	172	0	172	302	511	576	698	770	1015	1087	1245	1152	1497	1353	1591	1274	1504	1461	1245	1281	1332	1224	1188	1159	1087	777	712	626	
655	547	396	273	172	0	144	374	403	525	604	842	921	1080	1000	1346	1216	1461	1166	1411	1382	1180	1231	1303	1209	1195	1195	1144	813	777	741	
691	691	547	417	302	144	0	230	280	410	511	734	828	993	950	1288	1180	1440	1166	1425	1411	1224	1288	1375	1296	1296	1310	1274	928	914	885	
864	921	777	648	511	374	230	0	259	367	525	669	799	972	993	1303	1252	1512	1288	1548	1562	1389	1468	1576	1497	1519	1533	1504	1159	1152	1123	
655	900	756	655	576	403	280	259	0	129	259	453	554	727	727	1044	986	1245	1029	1296	1310	1159	1252	1368	1317	1353	1404	1396	1044	1072	1094	
655	993	849	763	698	525	410	367	129	0	158	324	432	604	626	936	892	1152	964	1231	1267	1130	1231	1368	1317	1375	1440	1454	1101	1144	1180	
547	993	864	799	770	604	511	525	259	158	0	266	316	475	460	784	727	986	806	1065	1108	986	1101	1238	1209	1274	1353	1389	1044	1108	1180	
777	1267	1137	1065	1015	842	734	669	453	324	266	0	165	324	460	691	734	979	892	1144	1216	1137	1267	1418	1411	1497	1591	1641	1303	1375	1447	
720	1281	1159	1108	1087	921	828	799	554	432	316	165	0	172	302	525	568	813	756	993	1080	1022	1152	1317	1317	1418	1526	1591	1267	1360	1454	
792	1404	1288	1252	1245	1080	993	972	727	604	475	324	172	0	252	367	468	684	698	914	1015	1000	1137	1310	1332	1440	1569	1656	1339	1454	1562	
583	1238	1137	1130	1152	1000	950	993	727	626	460	460	302	252	0	338	273	532	453	684	777	741	878	1051	1080	1195	1332	1418	1123	1252	1382	
885	1562	1476	1468	1497	1346	1288	1303	1044	936	784	691	525	367	338	0	259	360	547	669	813	878	1015	1195	1252	1396	1555	1670	1404	1548	1692	
676	1360	1281	1296	1353	1216	1180	1252	986	892	727	734	568	468	273	259	0	259	280	446	568	612	748	928	993	1130	1296	1411	1166	1310	1476	
878	1555	1497	1526	1591	1461	1440	1512	1245	1152	986	979	813	684	532	360	259	0	374	360	518	655	777	950	1044	1195	1375	1519	1317	1476	1656	
532	1188	1144	1188	1274	1166	1166	1288	1029	964	806	892	756	698	453	547	280	374	0	259	324	331	468	648	705	849	1022	1152	936	1101	1281	
763	1375	1346	1404	1504	1411	1425	1548	1296	1231	1065	1144	993	914	684	669	446	360	259	0	158	352	446	604	712	871	1058	1216	1065	1238	1432	
727	1288	1274	1353	1461	1382	1411	1562	1310	1267	1108	1216	1080	1015	777	813	568	518	324	158	0	230	302	446	561	727	914	1072	957	1130	1332	
525	1051	1044	1123	1245	1180	1224	1389	1159	1130	986	1137	1022	1000	741	878	612	655	331	352	230	0	136	316	381	540	712	864	720	892	1094	
604	1044	1051	1144	1281	1231	1288	1468	1252	1231	1101	1267	1152	1137	878	1015	748	777	468	446	302	136	0	172	266	424	604	770	676	849	1058	
712	1036	1072	1180	1332	1303	1375	1576	1368	1368	1238	1418	1317	1310	1051	1195	928	950	648	604	446	316	172	0	144	295	482	655	648	806	1022	
662	900	950	1065	1224	1209	1296	1497	1317	1317	1209	1411	1317	1332	1080	1252	993	1044	705	712	561	381	266	144	0	158	345	518	504	669	878	
720	828	892	1022	1188	1195	1296	1519	1353	1375	1274	1497	1418	1440	1195	1396	1130	1195	849	871	727	540	424	295	158	0	187	360	424	568	770	
813	756	849	986	1159	1195	1310	1533	1404	1440	1353	1591	1526	1569	1332	1555	1296	1375	1022	1058	914	712	604	482	345	187	0	180	381	475	655	
871	655	770	914	1087	1144	1274	1504	1396	1454	1389	1641	1591	1656	1418	1670	1411	1519	1152	1216	1072	864	770	655	518	360	180	0	345	374	525	
547	396	468	604	777	813	928	1159	1044	1101	1044	1303	1267	1339	1123	1404	1166	1317	936	1065	957	720	676	648	504	424	381	345	0	172	374	
669	280	396	540	712	777	914	1152	1072	1144	1108	1375	1360	1454	1252	1548	1310	1476	1101	1238	1130	892	849	806	669	568	475	374	172	0	208	
806	194	338	468	626	741	885	1123	1094	1180	1180	1447	1454	1562	1382	1692	1476	1656	1281	1432	1332	1094	1058	1022	878	770	655	525	374	208	0	
V3
0	1520	1360	1440	1648	1456	1536	1920	1456	1456	1216	1728	1600	1760	1296	1968	1504	1952	1184	1696	1616	1168	1344	1584	1472	1600	1808	1936	1216	1488	1792	
1520	0	320	608	976	1216	1536	2048	2000	2208	2208	2816	2848	3120	2752	3472	3024	3456	2640	3056	2864	2336	2320	2304	2000	1840	1680	1456	880	624	432	
1360	320	0	320	704	880	1216	1728	1680	1888	1920	2528	2576	2864	2528	3280	2848	3328	2544	2992	2832	2320	2336	2384	2112	1984	1888	1712	1040	880	752	
1440	608	320	0	384	608	928	1440	1456	1696	1776	2368	2464	2784	2512	3264	2880	3392	2640	3120	3008	2496	2544	2624	2368	2272	2192	2032	1344	1200	1040	
1648	976	704	384	0	384	672	1136	1280	1552	1712	2256	2416	2768	2560	3328	3008	3536	2832	3344	3248	2768	2848	2960	2720	2640	2576	2416	1728	1584	1392	
1456	1216	880	608	384	0	320	832	896	1168	1344	1872	2048	2400	2224	2992	2704	3248	2592	3136	3072	2624	2736	2896	2688	2656	2656	2544	1808	1728	1648	
1536	1536	1216	928	672	320	0	512	624	912	1136	1632	1840	2208	2112	2864	2624	3200	2592	3168	3136	2720	2864	3056	2880	2880	2912	2832	2064	2032	1968	
1920	2048	1728	1440	1136	832	512	0	576	816	1168	1488	1776	2160	2208	2896	2784	3360	2864	3440	3472	3088	3264	3504	3328	3376	3408	3344	2576	2560	2496	
1456	2000	1680	1456	1280	896	624	576	0	288	576	1008	1232	1616	1616	2320	2192	2768	2288	2880	2912	2576	2784	3040	2928	3008	3120	3104	2320	2384	2432	
1456	2208	1888	1696	1552	1168	912	816	288	0	352	720	960	1344	1392	2080	1984	2560	2144	2736	2816	2512	2736	3040	2928	3056	3200	3232	2448	2544	2624	
1216	2208	1920	1776	1712	1344	1136	1168	576	352	0	592	704	1056	1024	1744	1616	2192	1792	2368	2464	2192	2448	2752	2688	2832	3008	3088	2320	2464	2624	
1728	2816	2528	2368	2256	1872	1632	1488	1008	720	592	0	368	720	1024	1536	1632	2176	1984	2544	2704	2528	2816	3152	3136	3328	3536	3648	2896	3056	3216	
1600	2848	2576	2464	2416	2048	1840	1776	1232	960	704	368	0	384	672	1168	1264	1808	1680	2208	2400	2272	2560	2928	2928	3152	3392	3536	2816	3024	3232	
1760	3120	2864	2784	2768	2400	2208	2160	1616	1344	1056	720	384	0	560	816	1040	1520	1552	2032	2256	2224	2528	2912	2960	3200	3488	3680	2976	3232	3472	
1296	2752	2528	2512	2560	2224	2112	2208	1616	1392	1024	1024	672	560	0	752	608	1184	1008	1520	1728	1648	1952	2336	2400	2656	2960	3152	2496	2784	3072	
1968	3472	3280	3264	3328	2992	2864	2896	2320	2080	1744	1536	1168	816	752	0	576	800	1216	1488	1808	1952	2256	2656	2784	3104	3456	3712	3120	3440	3760	
1504	3024	2848	2880	3008	2704	2624	2784	2192	1984	1616	1632	1264	1040	608	576	0	576	624	992	1264	1360	1664	2064	2208	2512	2880	3136	2592	2912	3280	
1952	3456	3328	3392	3536	3248	3200	3360	2768	2560	2192	2176	1808	1520	1184	800	576	0	832	800	1152	1456	1728	2112	2320	2656	3056	3376	2928	3280	3680	
1184	2640	2544	2640	2832	2592	2592	2864	2288	2144	1792	1984	1680	1552	1008	1216	624	832	0	576	720	736	1040	1440	1568	1888	2272	2560	2080	2448	2848	
1696	3056	2992	3120	3344	3136	3168	3440	2880	2736	2368	2544	2208	2032	1520	1488	992	800	576	0	352	784	992	1344	1584	1936	2352	2704	2368	2752	3184	
1616	2864	2832	3008	3248	3072	3136	3472	2912	2816	2464	2704	2400	2256	1728	1808	1264	1152	720	352	0	512	672	992	1248	1616	2032	2384	2128	2512	2960	
1168	2336	2320	2496	2768	2624	2720	3088	2576	2512	2192	2528	2272	2224	1648	1952	1360	1456	736	784	512	0	304	704	848	1200	1584	1920	1600	1984	2432	
1344	2320	2336	2544	2848	2736	2864	3264	2784	2736	2448	2816	2560	2528	1952	2256	1664	1728	1040	992	672	304	0	384	592	944	1344	1712	1504	1888	2352	
1584	2304	2384	2624	2960	2896	3056	3504	3040	3040	2752	3152	2928	2912	2336	2656	2064	2112	1440	1344	992	704	384	0	320	656	1072	1456	1440	1792	2272	
1472	2000	2112	2368	2720	2688	2880	3328	2928	2928	2688	3136	2928	2960	2400	2784	2208	2320	1568	1584	1248	848	592	320	0	352	768	1152	1120	1488	1952	
1600	1840	1984	2272	2640	2656	2880	3376	3008	3056	2832	3328	3152	3200	2656	3104	2512	2656	1888	1936	1616	1200	944	656	352	0	416	800	944	1264	1712	
1808	1680	1888	2192	2576	2656	2912	3408	3120	3200	3008	3536	3392	3488	2960	3456	2880	3056	2272	2352	2032	1584	1344	1072	768	416	0	400	848	1056	1456	
1936	1456	1712	2032	2416	2544	2832	3344	3104	3232	3088	3648	3536	3680	3152	3712	3136	3376	2560	2704	2384	1920	1712	1456	1152	800	400	0	768	832	1168	
1216	880	1040	1344	1728	1808	2064	2576	2320	2448	2320	2896	2816	2976	2496	3120	2592	2928	2080	2368	2128	1600	1504	1440	1120	944	848	768	0	384	832	
1488	624	880	1200	1584	1728	2032	2560	2384	2544	2464	3056	3024	3232	2784	3440	2912	3280	2448	2752	2512	1984	1888	1792	1488	1264	1056	832	384	0	464	
1792	432	752	1040	1392	1648	1968	2496	2432	2624	2624	3216	3232	3472	3072	3760	3280	3680	2848	3184	2960	2432	2352	2272	1952	1712	1456	1168	832	464	0	
V4
0	874	782	828	947	837	883	1104	837	837	699	993	920	1012	745	1131	864	1122	680	975	929	671	772	910	846	920	1039	1113	699	855	1030	
874	0	184	349	561	699	883	1177	1150	1269	1269	1619	1637	1794	1582	1996	1738	1987	1518	1757	1646	1343	1334	1324	1150	1058	966	837	506	358	248	
782	184	0	184	404	506	699	993	966	1085	1104	1453	1481	1646	1453	1886	1637	1913	1462	1720	1628	1334	1343	1370	1214	1140	1085	984	598	506	432	
828	349	184	0	220	349	533	828	837	975	1021	1361	1416	1600	1444	1876	1656	1950	1518	1794	1729	1435	1462	1508	1361	1306	1260	1168	772	690	598	
947	561	404	220	0	220	386	653	736	892	984	1297	1389	1591	1472	1913	1729	2033	1628	1922	1867	1591	1637	1702	1564	1518	1481	1389	993	910	800	
837	699	506	349	220	0	184	478	515	671	772	1076	1177	1380	1278	1720	1554	1867	1490	1803	1766	1508	1573	1665	1545	1527	1527	1462	1039	993	947	
883	883	699	533	386	184	0	294	358	524	653	938	1058	1269	1214	1646	1508	1840	1490	1821	1803	1564	1646	1757	1656	1656	1674	1628	1186	1168	1131	
1104	1177	993	828	653	478	294	0	331	469	671	855	1021	1242	1269	1665	1600	1932	1646	1978	1996	1775	1876	2014	1913	1941	1959	1922	1481	1472	1435	
837	1150	966	837	736	515	358	331	0	165	331	579	708	929	929	1334	1260	1591	1315	1656	1674	1481	1600	1748	1683	1729	1794	1784	1334	1370	1398	
837	1269	1085	975	892	671	524	469	165	0	202	414	552	772	800	1196	1140	1472	1232	1573	1619	1444	1573	1748	1683	1757	1840	1858	1407	1462	1508	
699	1269	1104	1021	984	772	653	671	331	202	0	340	404	607	588	1002	929	1260	1030	1361	1416	1260	1407	1582	1545	1628	1729	1775	1334	1416	1508	
993	1619	1453	1361	1297	1076	938	855	579	414	340	0	211	414	588	883	938	1251	1140	1462	1554	1453	1619	1812	1803	1913	2033	2097	1665	1757	1849	
920	1637	1481	1416	1389	1177	1058	1021	708	552	404	211	0	220	386	671	726	1039	966	1269	1380	1306	1472	1683	1683	1812	1950	2033	1619	1738	1858	
1012	1794	1646	1600	1591	1380	1269	1242	929	772	607	414	220	0	322	469	598	874	892	1168	1297	1278	1453	1674	1702	1840	2005	2116	1711	1858	1996	
745	1582	1453	1444	1472	1278	1214	1269	929	800	588	588	386	322	0	432	349	680	579	874	993	947	1122	1343	1380	1527	1702	1812	1435	1600	1766	
1131	1996	1886	1876	1913	1720	1646	1665	1334	1196	1002	883	671	469	432	0	331	460	699	855	1039	1122	1297	1527	1600	1784	1987	2134	1794	1978	2162	
864	1738	1637	1656	1729	1554	1508	1600	1260	1140	929	938	726	598	349	331	0	331	358	570	726	782	956	1186	1269	1444	1656	1803	1490	1674	1886	
1122	1987	1913	1950	2033	1867	1840	1932	1591	1472	1260	1251	1039	874	680	460	331	0	478	460	662	837	993	1214	1334	1527	1757	1941	1683	1886	2116	
680	1518	1462	1518	1628	1490	1490	1646	1315	1232	1030	1140	966	892	579	699	358	478	0	331	414	423	598	828	901	1085	1306	1472	1196	1407	1637	
975	1757	1720	1794	1922	1803	1821	1978	1656	1573	1361	1462	1269	1168	874	855	570	460	331	0	202	450	570	772	910	1113	1352	1554	1361	1582	1830	
929	1646	1628	1729	1867	1766	1803	1996	1674	1619	1416	1554	1380	1297	993	1039	726	662	414	202	0	294	386	570	717	929	1168	1370	1223	1444	1702	
671	1343	1334	1435	1591	1508	1564	1775	1481	1444	1260	1453	1306	1278	947	1122	782	837	423	450	294	0	174	404	487	690	910	1104	920	1140	1398	
772	1334	1343	1462	1637	1573	1646	1876	1600	1573	1407	1619	1472	1453	1122	1297	956	993	598	570	386	174	0	220	340	542	772	984	864	1085	1352	
910	1324	1370	1508	1702	1665	1757	2014	1748	1748	1582	1812	1683	1674	1343	1527	1186	1214	828	772	570	404	220	0	184	377	616	837	828	1030	1306	
846	1150	1214	1361	1564	1545	1656	1913	1683	1683	1545	1803	1683	1702	1380	1600	1269	1334	901	910	717	487	340	184	0	202	441	662	644	855	1122	
920	1058	1140	1306	1518	1527	1656	1941	1729	1757	1628	1913	1812	1840	1527	1784	1444	1527	1085	1113	929	690	542	377	202	0	239	460	542	726	984	
1039	966	1085	1260	1481	1527	1674	1959	1794	1840	1729	2033	1950	2005	1702	1987	1656	1757	1306	1352	1168	910	772	616	441	239	0	230	487	607	837	
1113	837	984	1168	1389	1462	1628	1922	1784	1858	1775	2097	2033	2116	1812	2134	1803	1941	1472	1554	1370	1104	984	837	662	460	230	0	441	478	671	
699	506	598	772	993	1039	1186	1481	1334	1407	1334	1665	1619	1711	1435	1794	1490	1683	1196	1361	1223	920	864	828	644	542	487	441	0	220	478	
855	358	506	690	910	993	1168	1472	1370	1462	1416	1757	1738	1858	1600	1978	1674	1886	1407	1582	1444	1140	1085	1030	855	726	607	478	220	0	266	
1030	248	432	598	800	947	1131	1435	1398	1508	1508	1849	1858	1996	1766	2162	1886	2116	1637	1830	1702	1398	1352	1306	1122	984	837	671	478	266	0	
V5
0	1482	1326	1404	1606	1419	1497	1872	1419	1419	1185	1684	1560	1716	1263	1918	1466	1903	1154	1653	1575	1138	1310	1544	1435	1560	1762	1887	1185	1450	1747	
1482	0	312	592	951	1185	1497	1996	1950	2152	2152	2745	2776	3042	2683	3385	2948	3369	2574	2979	2792	2277	2262	2246	1950	1794	1638	1419	858	608	421	
1326	312	0	312	686	858	1185	1684	1638	1840	1872	2464	2511	2792	2464	3198	2776	3244	2480	2917	2761	2262	2277	2324	2059	1934	1840	1669	1014	858	733	
1404	592	312	0	374	592	904	1404	1419	1653	1731	2308	2402	2714	2449	3182	2808	3307	2574	3042	2932	2433	2480	2558	2308	2215	2137	1981	1310	1170	1014	
1606	951	686	374	0	374	655	1107	1248	1513	1669	2199	2355	2698	2496	3244	2932	3447	2761	3260	3166	2698	2776	2886	2652	2574	2511	2355	1684	1544	1357	
1419	1185	858	592	374	0	312	811	873	1138	1310	1825	1996	2340	2168	2917	2636	3166	2527	3057	2995	2558	2667	2823	2620	2589	2589	2480	1762	1684	1606	
1497	1497	1185	904	655	312	0	499	608	889	1107	1591	1794	2152	2059	2792	2558	3120	2527	3088	3057	2652	2792	2979	2808	2808	2839	2761	2012	1981	1918	
1872	1996	1684	1404	1107	811	499	0	561	795	1138	1450	1731	2106	2152	2823	2714	3276	2792	3354	3385	3010	3182	3416	3244	3291	3322	3260	2511	2496	2433	
1419	1950	1638	1419	1248	873	608	561	0	280	561	982	1201	1575	1575	2262	2137	2698	2230	2808	2839	2511	2714	2964	2854	2932	3042	3026	2262	2324	2371	
1419	2152	1840	1653	1513	1138	889	795	280	0	343	702	936	1310	1357	2028	1934	2496	2090	2667	2745	2449	2667	2964	2854	2979	3120	3151	2386	2480	2558	
1185	2152	1872	1731	1669	1310	1107	1138	561	343	0	577	686	1029	998	1700	1575	2137	1747	2308	2402	2137	2386	2683	2620	2761	2932	3010	2262	2402	2558	
1684	2745	2464	2308	2199	1825	1591	1450	982	702	577	0	358	702	998	1497	1591	2121	1934	2480	2636	2464	2745	3073	3057	3244	3447	3556	2823	2979	3135	
1560	2776	2511	2402	2355	1996	1794	1731	1201	936	686	358	0	374	655	1138	1232	1762	1638	2152	2340	2215	2496	2854	2854	3073	3307	3447	2745	2948	3151	
1716	3042	2792	2714	2698	2340	2152	2106	1575	1310	1029	702	374	0	546	795	1014	1482	1513	1981	2199	2168	2464	2839	2886	3120	3400	3588	2901	3151	3385	
1263	2683	2464	2449	2496	2168	2059	2152	1575	1357	998	998	655	546	0	733	592	1154	982	1482	1684	1606	1903	2277	2340	2589	2886	3073	2433	2714	2995	
1918	3385	3198	3182	3244	2917	2792	2823	2262	2028	1700	1497	1138	795	733	0	561	780	1185	1450	1762	1903	2199	2589	2714	3026	3369	3619	3042	3354	3666	
1466	2948	2776	2808	2932	2636	2558	2714	2137	1934	1575	1591	1232	1014	592	561	0	561	608	967	1232	1326	1622	2012	2152	2449	2808	3057	2527	2839	3198	
1903	3369	3244	3307	3447	3166	3120	3276	2698	2496	2137	2121	1762	1482	1154	780	561	0	811	780	1123	1419	1684	2059	2262	2589	2979	3291	2854	3198	3588	
1154	2574	2480	2574	2761	2527	2527	2792	2230	2090	1747	1934	1638	1513	982	1185	608	811	0	561	702	717	1014	1404	1528	1840	2215	2496	2028	2386	2776	
1653	2979	2917	3042	3260	3057	3088	3354	2808	2667	2308	2480	2152	1981	1482	1450	967	780	561	0	343	764	967	1310	1544	1887	2293	2636	2308	2683	3104	
1575	2792	2761	2932	3166	2995	3057	3385	2839	2745	2402	2636	2340	2199	1684	1762	1232	1123	702	343	0	499	655	967	1216	1575	1981	2324	2074	2449	2886	
1138	2277	2262	2433	2698	2558	2652	3010	2511	2449	2137	2464	2215	2168	1606	1903	1326	1419	717	764	499	0	296	686	826	1170	1544	1872	1560	1934	2371	
1310	2262	2277	2480	2776	2667	2792	3182	2714	2667	2386	2745	2496	2464	1903	2199	1622	1684	1014	967	655	296	0	374	577	920	1310	1669	1466	1840	2293	
1544	2246	2324	2558	2886	2823	2979	3416	2964	2964	2683	3073	2854	2839	2277	2589	2012	2059	1404	1310	967	686	374	0	312	639	1045	1419	1404	1747	2215	
1435	1950	2059	2308	2652	2620	2808	3244	2854	2854	2620	3057	2854	2886	2340	2714	2152	2262	1528	1544	1216	826	577	312	0	343	748	1123	1092	1450	1903	
1560	1794	1934	2215	2574	2589	2808	3291	2932	2979	2761	3244	3073	3120	2589	3026	2449	2589	1840	1887	1575	1170	920	639	343	0	405	780	920	1232	1669	
1762	1638	1840	2137	2511	2589	2839	3322	3042	3120	2932	3447	3307	3400	2886	3369	2808	2979	2215	2293	1981	1544	1310	1045	748	405	0	390	826	1029	1419	
1887	1419	1669	1981	2355	2480	2761	3260	3026	3151	3010	3556	3447	3588	3073	3619	3057	3291	2496	2636	2324	1872	1669	1419	1123	780	390	0	748	811	1138	
1185	858	1014	1310	1684	1762	2012	2511	2262	2386	2262	2823	2745	2901	2433	3042	2527	2854	2028	2308	2074	1560	1466	1404	1092	920	826	748	0	374	811	
1450	608	858	1170	1544	1684	1981	2496	2324	2480	2402	2979	2948	3151	2714	3354	2839	3198	2386	2683	2449	1934	1840	1747	1450	1232	1029	811	374	0	452	
1747	421	733	1014	1357	1606	1918	2433	2371	2558	2558	3135	3151	3385	2995	3666	3198	3588	2776	3104	2886	2371	2293	2215	1903	1669	1419	1138	811	452	0	
V6
0	969	867	918	1050	928	979	1224	928	928	775	1101	1020	1122	826	1254	958	1244	754	1081	1030	744	856	1009	938	1020	1152	1234	775	948	1142	
969	0	204	387	622	775	979	1305	1275	1407	1407	1795	1815	1989	1754	2213	1927	2203	1683	1948	1825	1489	1479	1468	1275	1173	1071	928	561	397	275	
867	204	0	204	448	561	775	1101	1071	1203	1224	1611	1642	1825	1611	2091	1815	2121	1621	1907	1805	1479	1489	1519	1346	1264	1203	1091	663	561	479	
918	387	204	0	244	387	591	918	928	1081	1132	1509	1570	1774	1601	2080	1836	2162	1683	1989	1917	1591	1621	1672	1509	1448	1397	1295	856	765	663	
1050	622	448	244	0	244	428	724	816	989	1091	1438	1540	1764	1632	2121	1917	2254	1805	2131	2070	1764	1815	1887	1734	1683	1642	1540	1101	1009	887	
928	775	561	387	244	0	204	530	571	744	856	1193	1305	1530	1417	1907	1723	2070	1652	1999	1958	1672	1744	1846	1713	1693	1693	1621	1152	1101	1050	
979	979	775	591	428	204	0	326	397	581	724	1040	1173	1407	1346	1825	1672	2040	1652	2019	1999	1734	1825	1948	1836	1836	1856	1805	1315	1295	1254	
1224	1305	1101	918	724	530	326	0	367	520	744	948	1132	1377	1407	1846	1774	2142	1825	2193	2213	1968	2080	2233	2121	2152	2172	2131	1642	1632	1591	
928	1275	1071	928	816	571	397	367	0	183	367	642	785	1030	1030	1479	1397	1764	1458	1836	1856	1642	1774	1938	1866	1917	1989	1978	1479	1519	1550	
928	1407	1203	1081	989	744	581	520	183	0	224	459	612	856	887	1326	1264	1632	1366	1744	1795	1601	1744	1938	1866	1948	2040	2060	1560	1621	1672	
775	1407	1224	1132	1091	856	724	744	367	224	0	377	448	673	652	1111	1030	1397	1142	1509	1570	1397	1560	1754	1713	1805	1917	1968	1479	1570	1672	
1101	1795	1611	1509	1438	1193	1040	948	642	459	377	0	234	459	652	979	1040	1387	1264	1621	1723	1611	1795	2009	1999	2121	2254	2325	1846	1948	2050	
1020	1815	1642	1570	1540	1305	1173	1132	785	612	448	234	0	244	428	744	805	1152	1071	1407	1530	1448	1632	1866	1866	2009	2162	2254	1795	1927	2060	
1122	1989	1825	1774	1764	1530	1407	1377	1030	856	673	459	244	0	357	520	663	969	989	1295	1438	1417	1611	1856	1887	2040	2223	2346	1897	2060	2213	
826	1754	1611	1601	1632	1417	1346	1407	1030	887	652	652	428	357	0	479	387	754	642	969	1101	1050	1244	1489	1530	1693	1887	2009	1591	1774	1958	
1254	2213	2091	2080	2121	1907	1825	1846	1479	1326	1111	979	744	520	479	0	367	510	775	948	1152	1244	1438	1693	1774	1978	2203	2366	1989	2193	2397	
958	1927	1815	1836	1917	1723	1672	1774	1397	1264	1030	1040	805	663	387	367	0	367	397	632	805	867	1060	1315	1407	1601	1836	1999	1652	1856	2091	
1244	2203	2121	2162	2254	2070	2040	2142	1764	1632	1397	1387	1152	969	754	510	367	0	530	510	734	928	1101	1346	1479	1693	1948	2152	1866	2091	2346	
754	1683	1621	1683	1805	1652	1652	1825	1458	1366	1142	1264	1071	989	642	775	397	530	0	367	459	469	663	918	999	1203	1448	1632	1326	1560	1815	
1081	1948	1907	1989	2131	1999	2019	2193	1836	1744	1509	1621	1407	1295	969	948	632	510	367	0	224	499	632	856	1009	1234	1499	1723	1509	1754	2029	
1030	1825	1805	1917	2070	1958	1999	2213	1856	1795	1570	1723	1530	1438	1101	1152	805	734	459	224	0	326	428	632	795	1030	1295	1519	1356	1601	1887	
744	1489	1479	1591	1764	1672	1734	1968	1642	1601	1397	1611	1448	1417	1050	1244	867	928	469	499	326	0	193	448	540	765	1009	1224	1020	1264	1550	
856	1479	1489	1621	1815	1744	1825	2080	1774	1744	1560	1795	1632	1611	1244	1438	1060	1101	663	632	428	193	0	244	377	601	856	1091	958	1203	1499	
1009	1468	1519	1672	1887	1846	1948	2233	1938	1938	1754	2009	1866	1856	1489	1693	1315	1346	918	856	632	448	244	0	204	418	683	928	918	1142	1448	
938	1275	1346	1509	1734	1713	1836	2121	1866	1866	1713	1999	1866	1887	1530	1774	1407	1479	999	1009	795	540	377	204	0	224	489	734	714	948	1244	
1020	1173	1264	1448	1683	1693	1836	2152	1917	1948	1805	2121	2009	2040	1693	1978	1601	1693	1203	1234	1030	765	601	418	224	0	265	510	601	805	1091	
1152	1071	1203	1397	1642	1693	1856	2172	1989	2040	1917	2254	2162	2223	1887	2203	1836	1948	1448	1499	1295	1009	856	683	489	265	0	255	540	673	928	
1234	928	1091	1295	1540	1621	1805	2131	1978	2060	1968	2325	2254	2346	2009	2366	1999	2152	1632	1723	1519	1224	1091	928	734	510	255	0	489	530	744	
775	561	663	856	1101	1152	1315	1642	1479	1560	1479	1846	1795	1897	1591	1989	1652	1866	1326	1509	1356	1020	958	918	714	601	540	489	0	244	530	
948	397	561	765	1009	1101	1295	1632	1519	1621	1570	1948	1927	2060	1774	2193	1856	2091	1560	1754	1601	1264	1203	1142	948	805	673	530	244	0	295	
1142	275	479	663	887	1050	1254	1591	1550	1672	1672	2050	2060	2213	1958	2397	2091	2346	1815	2029	1887	1550	1499	1448	1244	1091	928	744	530	295	0	
V7
0	684	612	648	741	655	691	864	655	655	547	777	720	792	583	885	676	878	532	763	727	525	604	712	662	720	813	871	547	669	806	
684	0	144	273	439	547	691	921	900	993	993	1267	1281	1404	1238	1562	1360	1555	1188	1375	1288	1051	1044	1036	900	828	756	655	396	280	194	
612	144	0	144	316	396	547	777	756	849	864	1137	1159	1288	1137	1476	1281	1497	1144	1346	1274	1044	1051	1072	950	892	849	770	468	396	338	
648	273	144	0	172	273	417	648	655	763	799	1065	1108	1252	1130	1468	1296	1526	1188	1404	1353	1123	1144	1180	1065	1022	986	914	604	540	468	
741	439	316	172	0	172	302	511	576	698	770	1015	1087	1245	1152	1497	1353	1591	1274	1504	1461	1245	1281	1332	1224	1188	1159	1087	777	712	626	
655	547	396	273	172	0	144	374	403	525	604	842	921	1080	1000	1346	1216	1461	1166	1411	1382	1180	1231	1303	1209	1195	1195	1144	813	777	741	
691	691	547	417	302	144	0	230	280	410	511	734	828	993	950	1288	1180	1440	1166	1425	1411	1224	1288	1375	1296	1296	1310	1274	928	914	885	
864	921	777	648	511	374	230	0	259	367	525	669	799	972	993	1303	1252	1512	1288	1548	1562	1389	1468	1576	1497	1519	1533	1504	1159	1152	1123	
655	900	756	655	576	403	280	259	0	129	259	453	554	727	727	1044	986	1245	1029	1296	1310	1159	1252	1368	1317	1353	1404	1396	1044	1072	1094	
655	993	849	763	698	525	410	367	129	0	158	324	432	604	626	936	892	1152	964	1231	1267	1130	1231	1368	1317	1375	1440	1454	1101	1144	1180	
547	993	864	799	770	604	511	525	259	158	0	266	316	475	460	784	727	986	806	1065	1108	986	1101	1238	1209	1274	1353	1389	1044	1108	1180	
777	1267	1137	1065	1015	842	734	669	453	324	266	0	165	324	460	691	734	979	892	1144	1216	1137	1267	1418	1411	1497	1591	1641	1303	1375	1447	
720	1281	1159	1108	1087	921	828	799	554	432	316	165	0	172	302	525	568	813	756	993	1080	1022	1152	1317	1317	1418	1526	1591	1267	1360	1454	
792	1404	1288	1252	1245	1080	993	972	727	604	475	324	172	0	252	367	468	684	698	914	1015	1000	1137	1310	1332	1440	1569	1656	1339	1454	1562	
583	1238	1137	1130	1152	1000	950	993	727	626	460	460	302	252	0	338	273	532	453	684	777	741	878	1051	1080	1195	1332	1418	1123	1252	1382	
885	1562	1476	1468	1497	1346	1288	1303	1044	936	784	691	525	367	338	0	259	360	547	669	813	878	1015	1195	1252	1396	1555	1670	1404	1548	1692	
676	1360	1281	1296	1353	1216	1180	1252	986	892	727	734	568	468	273	259	0	259	280	446	568	612	748	928	993	1130	1296	1411	1166	1310	1476	
878	1555	1497	1526	1591	1461	1440	1512	1245	1152	986	979	813	684	532	360	259	0	374	360	518	655	777	950	1044	1195	1375	1519	1317	1476	1656	
532	1188	1144	1188	1274	1166	1166	1288	1029	964	806	892	756	698	453	547	280	374	0	259	324	331	468	648	705	849	1022	1152	936	1101	1281	
763	1375	1346	1404	1504	1411	1425	1548	1296	1231	1065	1144	993	914	684	669	446	360	259	0	158	352	446	604	712	871	1058	1216	1065	1238	1432	
727	1288	1274	1353	1461	1382	1411	1562	1310	1267	1108	1216	1080	1015	777	813	568	518	324	158	0	230	302	446	561	727	914	1072	957	1130	1332	
525	1051	1044	1123	1245	1180	1224	1389	1159	1130	986	1137	1022	1000	741	878	612	655	331	352	230	0	136	316	381	540	712	864	720	892	1094	
604	1044	1051	1144	1281	1231	1288	1468	1252	1231	1101	1267	1152	1137	878	1015	748	777	468	446	302	136	0	172	266	424	604	770	676	849	1058	
712	1036	1072	1180	1332	1303	1375	1576	1368	1368	1238	1418	1317	1310	1051	1195	928	950	648	604	446	316	172	0	144	295	482	655	648	806	1022	
662	900	950	1065	1224	1209	1296	1497	1317	1317	1209	1411	1317	1332	1080	1252	993	1044	705	712	561	381	266	144	0	158	345	518	504	669	878	
720	828	892	1022	1188	1195	1296	1519	1353	1375	1274	1497	1418	1440	1195	1396	1130	1195	849	871	727	540	424	295	158	0	187	360	424	568	770	
813	756	849	986	1159	1195	1310	1533	1404	1440	1353	1591	1526	1569	1332	1555	1296	1375	1022	1058	914	712	604	482	345	187	0	180	381	475	655	
871	655	770	914	1087	1144	1274	1504	1396	1454	1389	1641	1591	1656	1418	1670	1411	1519	1152	1216	1072	864	770	655	518	360	180	0	345	374	525	
547	396	468	604	777	813	928	1159	1044	1101	1044	1303	1267	1339	1123	1404	1166	1317	936	1065	957	720	676	648	504	424	381	345	0	172	374	
669	280	396	540	712	777	914	1152	1072	1144	1108	1375	1360	1454	1252	1548	1310	1476	1101	1238	1130	892	849	806	669	568	475	374	172	0	208	
806	194	338	468	626	741	885	1123	1094	1180	1180	1447	1454	1562	1382	1692	1476	1656	1281	1432	1332	1094	1058	1022	878	770	655	525	374	208	0	
V8
0	798	714	756	865	764	806	1008	764	764	638	907	840	924	680	1033	789	1024	621	890	848	613	705	831	772	840	949	1016	638	781	940	
798	0	168	319	512	638	806	1075	1050	1159	1159	1478	1495	1638	1444	1822	1587	1814	1386	1604	1503	1226	1218	1209	1050	966	882	764	462	327	226	
714	168	0	168	369	462	638	907	882	991	1008	1327	1352	1503	1327	1722	1495	1747	1335	1570	1486	1218	1226	1251	1108	1041	991	898	546	462	394	
756	319	168	0	201	319	487	756	764	890	932	1243	1293	1461	1318	1713	1512	1780	1386	1638	1579	1310	1335	1377	1243	1192	1150	1066	705	630	546	
865	512	369	201	0	201	352	596	672	814	898	1184	1268	1453	1344	1747	1579	1856	1486	1755	1705	1453	1495	1554	1428	1386	1352	1268	907	831	730	
764	638	462	319	201	0	168	436	470	613	705	982	1075	1260	1167	1570	1419	1705	1360	1646	1612	1377	1436	1520	1411	1394	1394	1335	949	907	865	
806	806	638	487	352	168	0	268	327	478	596	856	966	1159	1108	1503	1377	1680	1360	1663	1646	1428	1503	1604	1512	1512	1528	1486	1083	1066	1033	
1008	1075	907	756	596	436	268	0	302	428	613	781	932	1134	1159	1520	1461	1764	1503	1806	1822	1621	1713	1839	1747	1772	1789	1755	1352	1344	1310	
764	1050	882	764	672	470	327	302	0	151	302	529	646	848	848	1218	1150	1453	1201	1512	1528	1352	1461	1596	1537	1579	1638	1629	1218	1251	1276	
764	1159	991	890	814	613	478	428	151	0	184	378	504	705	730	1092	1041	1344	1125	1436	1478	1318	1436	1596	1537	1604	1680	1696	1285	1335	1377	
638	1159	1008	932	898	705	596	613	302	184	0	310	369	554	537	915	848	1150	940	1243	1293	1150	1285	1444	1411	1486	1579	1621	1218	1293	1377	
907	1478	1327	1243	1184	982	856	781	529	378	310	0	193	378	537	806	856	1142	1041	1335	1419	1327	1478	1654	1646	1747	1856	1915	1520	1604	1688	
840	1495	1352	1293	1268	1075	966	932	646	504	369	193	0	201	352	613	663	949	882	1159	1260	1192	1344	1537	1537	1654	1780	1856	1478	1587	1696	
924	1638	1503	1461	1453	1260	1159	1134	848	705	554	378	201	0	294	428	546	798	814	1066	1184	1167	1327	1528	1554	1680	1831	1932	1562	1696	1822	
680	1444	1327	1318	1344	1167	1108	1159	848	730	537	537	352	294	0	394	319	621	529	798	907	865	1024	1226	1260	1394	1554	1654	1310	1461	1612	
1033	1822	1722	1713	1747	1570	1503	1520	1218	1092	915	806	613	428	394	0	302	420	638	781	949	1024	1184	1394	1461	1629	1814	1948	1638	1806	1974	
789	1587	1495	1512	1579	1419	1377	1461	1150	1041	848	856	663	546	319	302	0	302	327	520	663	714	873	1083	1159	1318	1512	1646	1360	1528	1722	
1024	1814	1747	1780	1856	1705	1680	1764	1453	1344	1150	1142	949	798	621	420	302	0	436	420	604	764	907	1108	1218	1394	1604	1772	1537	1722	1932	
621	1386	1335	1386	1486	1360	1360	1503	1201	1125	940	1041	882	814	529	638	327	436	0	302	378	386	546	756	823	991	1192	1344	1092	1285	1495	
890	1604	1570	1638	1755	1646	1663	1806	1512	1436	1243	1335	1159	1066	798	781	520	420	302	0	184	411	520	705	831	1016	1234	1419	1243	1444	1671	
848	1503	1486	1579	1705	1612	1646	1822	1528	1478	1293	1419	1260	1184	907	949	663	604	378	184	0	268	352	520	655	848	1066	1251	1117	1318	1554	
613	1226	1218	1310	1453	1377	1428	1621	1352	1318	1150	1327	1192	1167	865	1024	714	764	386	411	268	0	159	369	445	630	831	1008	840	1041	1276	
705	1218	1226	1335	1495	1436	1503	1713	1461	1436	1285	1478	1344	1327	1024	1184	873	907	546	520	352	159	0	201	310	495	705	898	789	991	1234	
831	1209	1251	1377	1554	1520	1604	1839	1596	1596	1444	1654	1537	1528	1226	1394	1083	1108	756	705	520	369	201	0	168	344	562	764	756	940	1192	
772	1050	1108	1243	1428	1411	1512	1747	1537	1537	1411	1646	1537	1554	1260	1461	1159	1218	823	831	655	445	310	168	0	184	403	604	588	781	1024	
840	966	1041	1192	1386	1394	1512	1772	1579	1604	1486	1747	1654	1680	1394	1629	1318	1394	991	1016	848	630	495	344	184	0	218	420	495	663	898	
949	882	991	1150	1352	1394	1528	1789	1638	1680	1579	1856	1780	1831	1554	1814	1512	1604	1192	1234	1066	831	705	562	403	218	0	210	445	554	764	
1016	764	898	1066	1268	1335	1486	1755	1629	1696	1621	1915	1856	1932	1654	1948	1646	1772	1344	1419	1251	1008	898	764	604	420	210	0	403	436	613	
638	462	546	705	907	949	1083	1352	1218	1285	1218	1520	1478	1562	1310	1638	1360	1537	1092	1243	1117	840	789	756	588	495	445	403	0	201	436	
781	327	462	630	831	907	1066	1344	1251	1335	1293	1604	1587	1696	1461	1806	1528	1722	1285	1444	1318	1041	991	940	781	663	554	436	201	0	243	
940	226	394	546	730	865	1033	1310	1276	1377	1377	1688	1696	1822	1612	1974	1722	1932	1495	1671	1554	1276	1234	1192	1024	898	764	613	436	243	0	
V9
0	1292	1156	1224	1400	1237	1305	1632	1237	1237	1033	1468	1360	1496	1101	1672	1278	1659	1006	1441	1373	992	1142	1346	1251	1360	1536	1645	1033	1264	1523	
1292	0	272	516	829	1033	1305	1740	1700	1876	1876	2393	2420	2652	2339	2951	2570	2937	2244	2597	2434	1985	1972	1958	1700	1564	1428	1237	748	530	367	
1156	272	0	272	598	748	1033	1468	1428	1604	1632	2148	2189	2434	2148	2788	2420	2828	2162	2543	2407	1972	1985	2026	1795	1686	1604	1455	884	748	639	
1224	516	272	0	326	516	788	1224	1237	1441	1509	2012	2094	2366	2135	2774	2448	2883	2244	2652	2556	2121	2162	2230	2012	1931	1863	1727	1142	1020	884	
1400	829	598	326	0	326	571	965	1088	1319	1455	1917	2053	2352	2176	2828	2556	3005	2407	2842	2760	2352	2420	2516	2312	2244	2189	2053	1468	1346	1183	
1237	1033	748	516	326	0	272	707	761	992	1142	1591	1740	2040	1890	2543	2298	2760	2203	2665	2611	2230	2325	2461	2284	2257	2257	2162	1536	1468	1400	
1305	1305	1033	788	571	272	0	435	530	775	965	1387	1564	1876	1795	2434	2230	2720	2203	2692	2665	2312	2434	2597	2448	2448	2475	2407	1754	1727	1672	
1632	1740	1468	1224	965	707	435	0	489	693	992	1264	1509	1836	1876	2461	2366	2856	2434	2924	2951	2624	2774	2978	2828	2869	2896	2842	2189	2176	2121	
1237	1700	1428	1237	1088	761	530	489	0	244	489	856	1047	1373	1373	1972	1863	2352	1944	2448	2475	2189	2366	2584	2488	2556	2652	2638	1972	2026	2067	
1237	1876	1604	1441	1319	992	775	693	244	0	299	612	816	1142	1183	1768	1686	2176	1822	2325	2393	2135	2325	2584	2488	2597	2720	2747	2080	2162	2230	
1033	1876	1632	1509	1455	1142	965	992	489	299	0	503	598	897	870	1482	1373	1863	1523	2012	2094	1863	2080	2339	2284	2407	2556	2624	1972	2094	2230	
1468	2393	2148	2012	1917	1591	1387	1264	856	612	503	0	312	612	870	1305	1387	1849	1686	2162	2298	2148	2393	2679	2665	2828	3005	3100	2461	2597	2733	
1360	2420	2189	2094	2053	1740	1564	1509	1047	816	598	312	0	326	571	992	1074	1536	1428	1876	2040	1931	2176	2488	2488	2679	2883	3005	2393	2570	2747	
1496	2652	2434	2366	2352	2040	1876	1836	1373	1142	897	612	326	0	476	693	884	1292	1319	1727	1917	1890	2148	2475	2516	2720	2964	3128	2529	2747	2951	
1101	2339	2148	2135	2176	1890	1795	1876	1373	1183	870	870	571	476	0	639	516	1006	856	1292	1468	1400	1659	1985	2040	2257	2516	2679	2121	2366	2611	
1672	2951	2788	2774	2828	2543	2434	2461	1972	1768	1482	1305	992	693	639	0	489	680	1033	1264	1536	1659	1917	2257	2366	2638	2937	3155	2652	2924	3196	
1278	2570	2420	2448	2556	2298	2230	2366	1863	1686	1373	1387	1074	884	516	489	0	489	530	843	1074	1156	1414	1754	1876	2135	2448	2665	2203	2475	2788	
1659	2937	2828	2883	3005	2760	2720	2856	2352	2176	1863	1849	1536	1292	1006	680	489	0	707	680	979	1237	1468	1795	1972	2257	2597	2869	2488	2788	3128	
1006	2244	2162	2244	2407	2203	2203	2434	1944	1822	1523	1686	1428	1319	856	1033	530	707	0	489	612	625	884	1224	1332	1604	1931	2176	1768	2080	2420	
1441	2597	2543	2652	2842	2665	2692	2924	2448	2325	2012	2162	1876	1727	1292	1264	843	680	489	0	299	666	843	1142	1346	1645	1999	2298	2012	2339	2706	
1373	2434	2407	2556	2760	2611	2665	2951	2475	2393	2094	2298	2040	1917	1468	1536	1074	979	612	299	0	435	571	843	1060	1373	1727	2026	1808	2135	2516	
992	1985	1972	2121	2352	2230	2312	2624	2189	2135	1863	2148	1931	1890	1400	1659	1156	1237	625	666	435	0	258	598	720	1020	1346	1632	1360	1686	2067	
1142	1972	1985	2162	2420	2325	2434	2774	2366	2325	2080	2393	2176	2148	1659	1917	1414	1468	884	843	571	258	0	326	503	802	1142	1455	1278	1604	1999	
1346	1958	2026	2230	2516	2461	2597	2978	2584	2584	2339	2679	2488	2475	1985	2257	1754	1795	1224	1142	843	598	326	0	272	557	911	1237	1224	1523	1931	
1251	1700	1795	2012	2312	2284	2448	2828	2488	2488	2284	2665	2488	2516	2040	2366	1876	1972	1332	1346	1060	720	503	272	0	299	652	979	952	1264	1659	
1360	1564	1686	1931	2244	2257	2448	2869	2556	2597	2407	2828	2679	2720	2257	2638	2135	2257	1604	1645	1373	1020	802	557	299	0	353	680	802	1074	1455	
1536	1428	1604	1863	2189	2257	2475	2896	2652	2720	2556	3005	2883	2964	2516	2937	2448	2597	1931	1999	1727	1346	1142	911	652	353	0	340	720	897	1237	
1645	1237	1455	1727	2053	2162	2407	2842	2638	2747	2624	3100	3005	3128	2679	3155	2665	2869	2176	2298	2026	1632	1455	1237	979	680	340	0	652	707	992	
1033	748	884	1142	1468	1536	1754	2189	1972	2080	1972	2461	2393	2529	2121	2652	2203	2488	1768	2012	1808	1360	1278	1224	952	802	720	652	0	326	707	
1264	530	748	1020	1346	1468	1727	2176	2026	2162	2094	2597	2570	2747	2366	2924	2475	2788	2080	2339	2135	1686	1604	1523	1264	1074	897	707	326	0	394	
1523	367	639	884	1183	1400	1672	2121	2067	2230	2230	2733	2747	2951	2611	3196	2788	3128	2420	2706	2516	2067	1999	1931	1659	1455	1237	992	707	394	0	
V10
0	722	646	684	782	691	729	912	691	691	577	820	760	836	615	934	714	927	562	805	767	554	638	752	699	760	858	919	577	706	851	
722	0	152	288	463	577	729	972	950	1048	1048	1337	1352	1482	1307	1649	1436	1641	1254	1451	1360	1109	1102	1094	950	874	798	691	418	296	205	
646	152	0	152	334	418	577	820	798	896	912	1200	1223	1360	1200	1558	1352	1580	1208	1421	1345	1102	1109	1132	1003	942	896	813	494	418	357	
684	288	152	0	182	288	440	684	691	805	843	1124	1170	1322	1193	1550	1368	1611	1254	1482	1428	1185	1208	1246	1124	1079	1041	965	638	570	494	
782	463	334	182	0	182	319	539	608	737	813	1071	1147	1314	1216	1580	1428	1679	1345	1588	1542	1314	1352	1406	1292	1254	1223	1147	820	752	661	
691	577	418	288	182	0	152	395	425	554	638	889	972	1140	1056	1421	1284	1542	1231	1489	1459	1246	1299	1375	1276	1261	1261	1208	858	820	782	
729	729	577	440	319	152	0	243	296	433	539	775	874	1048	1003	1360	1246	1520	1231	1504	1489	1292	1360	1451	1368	1368	1383	1345	980	965	934	
912	972	820	684	539	395	243	0	273	387	554	706	843	1026	1048	1375	1322	1596	1360	1634	1649	1466	1550	1664	1580	1603	1618	1588	1223	1216	1185	
691	950	798	691	608	425	296	273	0	136	273	478	585	767	767	1102	1041	1314	1086	1368	1383	1223	1322	1444	1390	1428	1482	1474	1102	1132	1155	
691	1048	896	805	737	554	433	387	136	0	167	342	456	638	661	988	942	1216	1018	1299	1337	1193	1299	1444	1390	1451	1520	1535	1162	1208	1246	
577	1048	912	843	813	638	539	554	273	167	0	281	334	501	486	828	767	1041	851	1124	1170	1041	1162	1307	1276	1345	1428	1466	1102	1170	1246	
820	1337	1200	1124	1071	889	775	706	478	342	281	0	174	342	486	729	775	1033	942	1208	1284	1200	1337	1497	1489	1580	1679	1732	1375	1451	1527	
760	1352	1223	1170	1147	972	874	843	585	456	334	174	0	182	319	554	600	858	798	1048	1140	1079	1216	1390	1390	1497	1611	1679	1337	1436	1535	
836	1482	1360	1322	1314	1140	1048	1026	767	638	501	342	182	0	266	387	494	722	737	965	1071	1056	1200	1383	1406	1520	1656	1748	1413	1535	1649	
615	1307	1200	1193	1216	1056	1003	1048	767	661	486	486	319	266	0	357	288	562	478	722	820	782	927	1109	1140	1261	1406	1497	1185	1322	1459	
934	1649	1558	1550	1580	1421	1360	1375	1102	988	828	729	554	387	357	0	273	380	577	706	858	927	1071	1261	1322	1474	1641	1763	1482	1634	1786	
714	1436	1352	1368	1428	1284	1246	1322	1041	942	767	775	600	494	288	273	0	273	296	471	600	646	790	980	1048	1193	1368	1489	1231	1383	1558	
927	1641	1580	1611	1679	1542	1520	1596	1314	1216	1041	1033	858	722	562	380	273	0	395	380	547	691	820	1003	1102	1261	1451	1603	1390	1558	1748	
562	1254	1208	1254	1345	1231	1231	1360	1086	1018	851	942	798	737	478	577	296	395	0	273	342	349	494	684	744	896	1079	1216	988	1162	1352	
805	1451	1421	1482	1588	1489	1504	1634	1368	1299	1124	1208	1048	965	722	706	471	380	273	0	167	372	471	638	752	919	1117	1284	1124	1307	1512	
767	1360	1345	1428	1542	1459	1489	1649	1383	1337	1170	1284	1140	1071	820	858	600	547	342	167	0	243	319	471	592	767	965	1132	1010	1193	1406	
554	1109	1102	1185	1314	1246	1292	1466	1223	1193	1041	1200	1079	1056	782	927	646	691	349	372	243	0	144	334	402	570	752	912	760	942	1155	
638	1102	1109	1208	1352	1299	1360	1550	1322	1299	1162	1337	1216	1200	927	1071	790	820	494	471	319	144	0	182	281	448	638	813	714	896	1117	
752	1094	1132	1246	1406	1375	1451	1664	1444	1444	1307	1497	1390	1383	1109	1261	980	1003	684	638	471	334	182	0	152	311	509	691	684	851	1079	
699	950	1003	1124	1292	1276	1368	1580	1390	1390	1276	1489	1390	1406	1140	1322	1048	1102	744	752	592	402	281	152	0	167	364	547	532	706	927	
760	874	942	1079	1254	1261	1368	1603	1428	1451	1345	1580	1497	1520	1261	1474	1193	1261	896	919	767	570	448	311	167	0	197	380	448	600	813	
858	798	896	1041	1223	1261	1383	1618	1482	1520	1428	1679	1611	1656	1406	1641	1368	1451	1079	1117	965	752	638	509	364	197	0	190	402	501	691	
919	691	813	965	1147	1208	1345	1588	1474	1535	1466	1732	1679	1748	1497	1763	1489	1603	1216	1284	1132	912	813	691	547	380	190	0	364	395	554	
577	418	494	638	820	858	980	1223	1102	1162	1102	1375	1337	1413	1185	1482	1231	1390	988	1124	1010	760	714	684	532	448	402	364	0	182	395	
706	296	418	570	752	820	965	1216	1132	1208	1170	1451	1436	1535	1322	1634	1383	1558	1162	1307	1193	942	896	851	706	600	501	395	182	0	220	
851	205	357	494	661	782	934	1185	1155	1246	1246	1527	1535	1649	1459	1786	1558	1748	1352	1512	1406	1155	1117	1079	927	813	691	554	395	220	0	
V11
0	1368	1224	1296	1483	1310	1382	1728	1310	1310	1094	1555	1440	1584	1166	1771	1353	1756	1065	1526	1454	1051	1209	1425	1324	1440	1627	1742	1094	1339	1612	
1368	0	288	547	878	1094	1382	1843	1800	1987	1987	2534	2563	2808	2476	3124	2721	3110	2376	2750	2577	2102	2088	2073	1800	1656	1512	1310	792	561	388	
1224	288	0	288	633	792	1094	1555	1512	1699	1728	2275	2318	2577	2275	2952	2563	2995	2289	2692	2548	2088	2102	2145	1900	1785	1699	1540	936	792	676	
1296	547	288	0	345	547	835	1296	1310	1526	1598	2131	2217	2505	2260	2937	2592	3052	2376	2808	2707	2246	2289	2361	2131	2044	1972	1828	1209	1080	936	
1483	878	633	345	0	345	604	1022	1152	1396	1540	2030	2174	2491	2304	2995	2707	3182	2548	3009	2923	2491	2563	2664	2448	2376	2318	2174	1555	1425	1252	
1310	1094	792	547	345	0	288	748	806	1051	1209	1684	1843	2160	2001	2692	2433	2923	2332	2822	2764	2361	2462	2606	2419	2390	2390	2289	1627	1555	1483	
1382	1382	1094	835	604	288	0	460	561	820	1022	1468	1656	1987	1900	2577	2361	2880	2332	2851	2822	2448	2577	2750	2592	2592	2620	2548	1857	1828	1771	
1728	1843	1555	1296	1022	748	460	0	518	734	1051	1339	1598	1944	1987	2606	2505	3024	2577	3096	3124	2779	2937	3153	2995	3038	3067	3009	2318	2304	2246	
1310	1800	1512	1310	1152	806	561	518	0	259	518	907	1108	1454	1454	2088	1972	2491	2059	2592	2620	2318	2505	2736	2635	2707	2808	2793	2088	2145	2188	
1310	1987	1699	1526	1396	1051	820	734	259	0	316	648	864	1209	1252	1872	1785	2304	1929	2462	2534	2260	2462	2736	2635	2750	2880	2908	2203	2289	2361	
1094	1987	1728	1598	1540	1209	1022	1051	518	316	0	532	633	950	921	1569	1454	1972	1612	2131	2217	1972	2203	2476	2419	2548	2707	2779	2088	2217	2361	
1555	2534	2275	2131	2030	1684	1468	1339	907	648	532	0	331	648	921	1382	1468	1958	1785	2289	2433	2275	2534	2836	2822	2995	3182	3283	2606	2750	2894	
1440	2563	2318	2217	2174	1843	1656	1598	1108	864	633	331	0	345	604	1051	1137	1627	1512	1987	2160	2044	2304	2635	2635	2836	3052	3182	2534	2721	2908	
1584	2808	2577	2505	2491	2160	1987	1944	1454	1209	950	648	345	0	504	734	936	1368	1396	1828	2030	2001	2275	2620	2664	2880	3139	3312	2678	2908	3124	
1166	2476	2275	2260	2304	2001	1900	1987	1454	1252	921	921	604	504	0	676	547	1065	907	1368	1555	1483	1756	2102	2160	2390	2664	2836	2246	2505	2764	
1771	3124	2952	2937	2995	2692	2577	2606	2088	1872	1569	1382	1051	734	676	0	518	720	1094	1339	1627	1756	2030	2390	2505	2793	3110	3340	2808	3096	3384	
1353	2721	2563	2592	2707	2433	2361	2505	1972	1785	1454	1468	1137	936	547	518	0	518	561	892	1137	1224	1497	1857	1987	2260	2592	2822	2332	2620	2952	
1756	3110	2995	3052	3182	2923	2880	3024	2491	2304	1972	1958	1627	1368	1065	720	518	0	748	720	1036	1310	1555	1900	2088	2390	2750	3038	2635	2952	3312	
1065	2376	2289	2376	2548	2332	2332	2577	2059	1929	1612	1785	1512	1396	907	1094	561	748	0	518	648	662	936	1296	1411	1699	2044	2304	1872	2203	2563	
1526	2750	2692	2808	3009	2822	2851	3096	2592	2462	2131	2289	1987	1828	1368	1339	892	720	518	0	316	705	892	1209	1425	1742	2116	2433	2131	2476	2865	
1454	2577	2548	2707	2923	2764	2822	3124	2620	2534	2217	2433	2160	2030	1555	1627	1137	1036	648	316	0	460	604	892	1123	1454	1828	2145	1915	2260	2664	
1051	2102	2088	2246	2491	2361	2448	2779	2318	2260	1972	2275	2044	2001	1483	1756	1224	1310	662	705	460	0	273	633	763	1080	1425	1728	1440	1785	2188	
1209	2088	2102	2289	2563	2462	2577	2937	2505	2462	2203	2534	2304	2275	1756	2030	1497	1555	936	892	604	273	0	345	532	849	1209	1540	1353	1699	2116	
1425	2073	2145	2361	2664	2606	2750	3153	2736	2736	2476	2836	2635	2620	2102	2390	1857	1900	1296	1209	892	633	345	0	288	590	964	1310	1296	1612	2044	
1324	1800	1900	2131	2448	2419	2592	2995	2635	2635	2419	2822	2635	2664	2160	2505	1987	2088	1411	1425	1123	763	532	288	0	316	691	1036	1008	1339	1756	
1440	1656	1785	2044	2376	2390	2592	3038	2707	2750	2548	2995	2836	2880	2390	2793	2260	2390	1699	1742	1454	1080	849	590	316	0	374	720	849	1137	1540	
1627	1512	1699	1972	2318	2390	2620	3067	2808	2880	2707	3182	3052	3139	2664	3110	2592	2750	2044	2116	1828	1425	1209	964	691	374	0	360	763	950	1310	
1742	1310	1540	1828	2174	2289	2548	3009	2793	2908	2779	3283	3182	3312	2836	3340	2822	3038	2304	2433	2145	1728	1540	1310	1036	720	360	0	691	748	1051	
1094	792	936	1209	1555	1627	1857	2318	2088	2203	2088	2606	2534	2678	2246	2808	2332	2635	1872	2131	1915	1440	1353	1296	1008	849	763	691	0	345	748	
1339	561	792	1080	1425	1555	1828	2304	2145	2289	2217	2750	2721	2908	2505	3096	2620	2952	2203	2476	2260	1785	1699	1612	1339	1137	950	748	345	0	417	
1612	388	676	936	1252	1483	1771	2246	2188	2361	2361	2894	2908	3124	2764	3384	2952	3312	2563	2865	2664	2188	2116	2044	1756	1540	1310	1051	748	417	0	
Velocidade_Veiculos
1	1	1	1	1	1	1	1	1	1	1	1	