M: 8
N: 30
Nun_Veiculos: 10
Capacidade_Total: 606
Demanda_Total: 469
Setup_Min: 1
Setup_Max: 99
Raio: 100
Circulos: 1
Tempo_Processamento_Min: 1
Tempo_Processamento_Max: 49
Demanda_Min: 10
Demanda_Max: 30
Priority_Factor: 0.2
Range_Factor_R: 0.8
U_factor: 2
ALpha: 0.2Replicao: 1
Tempos_Processamentos
0	0	1	0	2	0	3	0	4	0	5	0	6	0	7	0	
0	6	1	44	2	5	3	31	4	16	5	35	6	46	7	10	
0	23	1	1	2	37	3	30	4	46	5	41	6	26	7	24	
0	26	1	10	2	9	3	5	4	43	5	39	6	33	7	21	
0	40	1	22	2	38	3	35	4	12	5	42	6	24	7	33	
0	2	1	13	2	4	3	12	4	4	5	6	6	3	7	6	
0	18	1	7	2	49	3	6	4	32	5	1	6	26	7	29	
0	17	1	8	2	43	3	23	4	13	5	9	6	33	7	49	
0	36	1	15	2	32	3	36	4	33	5	13	6	30	7	16	
0	33	1	26	2	11	3	19	4	3	5	6	6	41	7	8	
0	38	1	41	2	46	3	18	4	23	5	48	6	24	7	2	
0	7	1	24	2	21	3	16	4	33	5	16	6	31	7	34	
0	43	1	30	2	29	3	36	4	39	5	18	6	2	7	41	
0	10	1	3	2	19	3	25	4	19	5	4	6	31	7	26	
0	33	1	9	2	24	3	37	4	23	5	20	6	49	7	18	
0	1	1	44	2	12	3	35	4	20	5	38	6	40	7	36	
0	49	1	12	2	5	3	16	4	40	5	21	6	40	7	42	
0	7	1	35	2	47	3	48	4	45	5	22	6	7	7	7	
0	49	1	45	2	12	3	17	4	12	5	25	6	33	7	35	
0	9	1	9	2	18	3	35	4	20	5	28	6	32	7	40	
0	39	1	43	2	14	3	20	4	22	5	11	6	11	7	37	
0	42	1	1	2	1	3	28	4	48	5	49	6	27	7	9	
0	20	1	20	2	16	3	33	4	18	5	40	6	22	7	6	
0	44	1	40	2	45	3	35	4	7	5	48	6	33	7	48	
0	14	1	24	2	49	3	41	4	47	5	7	6	20	7	22	
0	15	1	43	2	30	3	21	4	24	5	13	6	40	7	27	
0	47	1	9	2	40	3	43	4	11	5	33	6	16	7	1	
0	10	1	2	2	13	3	44	4	31	5	21	6	17	7	36	
0	38	1	23	2	43	3	20	4	17	5	38	6	26	7	16	
0	43	1	15	2	11	3	37	4	14	5	49	6	7	7	11	
0	29	1	39	2	40	3	27	4	2	5	7	6	19	7	28	

Tempos_setup
M0
0	0	0	0	0	0	0	0	0	0	0	0	0	0	0	0	0	0	0	0	0	0	0	0	0	0	0	0	0	0	0	
0	0	18	22	27	26	19	22	14	27	11	23	26	21	23	12	19	27	23	16	20	13	10	14	24	20	9	15	15	23	22	
0	25	0	17	21	18	23	16	6	13	17	25	8	20	19	16	18	20	22	20	21	17	16	15	19	18	15	16	14	15	14	
0	23	12	0	15	15	17	10	11	20	9	16	20	10	13	8	8	25	12	10	12	6	8	6	22	12	20	1	21	12	19	
0	8	14	15	0	10	12	5	14	21	12	17	22	12	8	8	15	28	13	12	16	9	11	10	25	16	15	11	22	7	22	
0	20	8	17	24	0	16	19	14	21	8	20	16	14	13	9	16	28	19	6	17	10	7	11	21	10	6	12	22	20	22	
0	26	15	3	18	18	0	13	14	15	12	19	23	13	16	11	11	23	15	13	13	9	11	9	22	15	14	4	16	15	17	
0	13	9	10	5	5	7	0	9	16	7	12	17	7	3	3	10	23	8	7	11	4	6	5	20	11	10	6	17	2	17	
0	19	16	11	26	12	20	21	0	20	12	19	24	14	15	10	12	14	16	14	16	11	11	12	13	12	15	12	21	9	8	
0	13	10	5	17	6	12	15	10	0	4	13	15	8	9	4	6	8	10	8	8	5	3	6	7	6	2	6	1	3	2	
0	26	23	16	22	19	24	21	17	20	0	26	31	14	22	17	12	21	16	21	17	17	15	17	13	24	22	12	21	16	15	
0	17	9	9	16	10	16	19	14	4	8	0	17	12	10	8	10	12	14	12	1	9	7	10	10	10	6	10	5	7	6	
0	18	15	10	22	11	17	20	2	5	9	18	0	13	14	9	11	13	15	13	13	10	8	11	12	11	7	11	6	8	7	
0	25	13	13	24	9	10	19	13	20	2	16	21	0	12	7	14	23	9	11	15	8	1	9	15	10	14	10	21	6	17	
0	25	15	19	28	13	16	23	21	17	8	28	23	16	0	21	14	25	6	13	25	18	7	23	21	17	19	20	18	20	19	
0	23	6	11	17	14	12	12	6	15	4	11	14	9	11	0	7	20	11	4	8	1	3	2	17	8	17	3	16	14	14	
0	22	13	6	14	7	12	9	15	15	4	18	21	2	12	9	0	23	4	11	17	10	3	11	17	12	13	7	16	8	17	
0	5	20	18	17	22	21	22	19	16	13	12	28	18	22	14	16	0	20	18	2	15	12	16	15	16	11	15	10	19	18	
0	24	9	13	22	15	10	17	15	11	2	22	17	10	14	15	8	19	0	7	19	12	1	17	15	11	13	14	12	14	13	
0	19	2	11	23	20	18	18	8	15	10	19	10	17	7	18	15	22	13	0	18	9	9	12	21	4	17	12	16	17	16	
0	23	19	19	15	20	26	20	24	14	18	10	27	22	20	18	20	22	22	22	0	19	17	15	20	20	16	13	15	17	16	
0	24	19	12	20	13	11	15	5	14	3	10	14	8	18	15	6	19	10	17	11	0	2	17	16	17	16	13	15	14	13	
0	27	24	12	23	20	9	22	16	21	1	21	25	15	23	18	13	22	17	22	18	11	0	18	14	24	23	13	22	17	16	
0	23	9	9	15	15	17	10	14	20	12	16	17	17	13	8	15	24	12	7	6	9	11	0	24	11	20	1	21	12	19	
0	20	14	3	15	8	13	10	4	7	5	14	18	3	13	10	1	15	5	12	4	4	4	9	0	13	9	4	8	9	9	
0	15	17	17	23	18	24	18	13	12	16	24	25	20	21	16	18	20	15	15	14	17	15	8	19	0	14	9	13	15	14	
0	26	9	13	18	17	10	13	9	18	2	14	17	12	14	3	10	23	14	7	11	4	1	5	15	11	0	6	19	15	17	
0	22	13	14	14	14	16	9	13	22	11	18	21	16	12	7	14	27	11	11	11	8	10	5	24	15	19	0	23	11	21	
0	21	10	14	16	18	11	14	10	18	3	15	18	13	15	4	11	24	15	8	12	5	2	6	16	6	1	7	0	16	18	
0	23	7	12	18	3	13	13	7	14	5	10	15	5	6	1	8	21	12	5	9	2	4	3	18	9	8	4	15	0	15	
0	11	8	3	18	4	14	13	8	12	6	11	16	6	7	2	4	6	8	6	8	3	5	4	5	10	9	4	13	1	0	
M1
0	0	0	0	0	0	0	0	0	0	0	0	0	0	0	0	0	0	0	0	0	0	0	0	0	0	0	0	0	0	0	
0	0	27	29	22	30	27	29	20	17	27	23	26	26	21	24	19	29	31	32	31	32	31	29	27	16	25	17	31	23	32	
0	12	0	19	16	5	11	17	14	11	15	11	20	10	10	13	13	8	8	9	10	9	6	16	12	20	19	22	6	18	29	
0	9	3	0	10	1	5	15	5	7	9	5	14	4	7	9	9	6	4	5	6	6	3	12	6	17	15	20	2	6	10	
0	12	17	19	0	15	14	22	17	14	18	13	4	13	13	21	16	13	18	19	15	10	9	7	11	23	15	12	16	20	27	
0	8	2	15	11	0	7	14	9	6	11	7	15	6	6	8	8	5	3	4	5	5	2	11	8	16	14	19	1	14	25	
0	15	11	15	13	16	0	19	11	16	4	3	15	9	15	21	10	12	14	17	5	14	11	16	1	25	16	23	10	10	18	
0	14	17	14	12	15	15	0	10	17	10	9	16	14	21	7	9	17	18	3	4	18	17	9	7	28	15	19	16	16	24	
0	12	19	17	10	18	21	28	0	24	16	19	14	21	23	13	7	23	21	13	14	20	19	17	17	28	13	22	19	14	22	
0	7	10	12	5	13	16	27	3	0	10	16	9	15	18	7	2	18	16	16	17	15	14	12	16	23	8	17	14	9	22	
0	15	12	21	17	17	6	17	17	17	0	6	11	5	16	18	16	8	15	20	11	15	12	19	7	26	22	19	11	13	14	
0	16	14	23	11	19	14	26	18	15	18	0	15	14	14	22	17	17	22	23	19	13	10	13	15	24	19	23	20	7	31	
0	12	13	15	19	11	18	18	17	17	22	9	0	17	17	19	16	9	14	15	11	16	13	22	7	23	11	8	12	16	23	
0	10	7	16	12	12	1	12	12	12	5	1	16	0	11	19	11	3	10	15	6	10	7	14	2	21	17	17	6	8	19	
0	8	11	13	6	14	14	23	4	1	11	14	10	13	0	8	3	16	17	17	18	16	15	13	15	10	9	18	15	10	23	
0	18	15	16	14	17	9	20	20	20	3	9	14	8	19	0	19	11	18	21	14	18	15	16	10	21	12	22	14	10	17	
0	5	12	10	3	11	14	25	1	17	17	15	7	14	16	14	0	16	14	14	15	13	12	10	14	21	6	15	12	7	20	
0	7	11	23	16	16	16	9	14	11	19	16	20	15	15	16	13	0	7	12	13	14	11	18	16	22	19	14	10	20	29	
0	10	4	17	14	9	9	20	12	9	13	9	18	8	8	16	11	11	0	13	14	7	4	19	10	15	17	25	3	16	27	
0	11	14	11	9	12	12	15	7	14	7	6	13	11	18	4	6	14	15	0	1	15	14	7	4	25	12	16	13	13	21	
0	10	13	10	8	11	11	14	6	17	15	11	12	10	17	16	5	13	14	12	0	16	13	15	12	26	11	20	12	12	20	
0	3	13	10	20	11	15	25	15	17	9	15	20	14	17	19	19	16	14	15	16	0	13	22	16	19	25	20	12	16	20	
0	6	11	13	10	11	5	16	8	5	9	5	14	4	4	12	7	7	14	15	10	3	0	17	6	14	13	21	10	12	23	
0	11	17	19	23	15	12	23	23	21	16	12	27	11	21	16	22	14	18	16	17	9	17	0	13	27	28	28	16	19	29	
0	14	10	14	12	15	15	18	10	15	19	2	16	14	14	20	9	17	13	16	4	13	10	15	0	24	15	24	9	9	24	
0	8	11	13	6	14	11	13	4	1	11	11	10	10	19	8	3	13	17	16	15	16	15	13	11	0	9	18	15	7	23	
0	13	7	4	8	5	9	19	9	11	13	9	12	8	11	13	13	10	8	9	10	10	7	15	10	21	0	20	6	10	14	
0	18	21	23	16	24	22	33	14	11	21	22	20	21	10	18	13	24	27	27	27	20	17	15	23	20	19	0	25	20	15	
0	7	1	14	11	6	6	17	9	6	10	6	15	5	5	13	8	8	9	10	11	4	1	17	7	15	14	22	0	13	24	
0	16	7	23	4	12	18	24	21	18	22	17	8	17	17	20	20	15	15	16	17	14	13	6	15	27	19	16	13	0	31	
0	20	16	20	18	21	13	24	16	13	7	10	18	12	23	4	15	15	22	18	18	22	19	20	14	12	16	16	18	14	0	
M2
0	0	0	0	0	0	0	0	0	0	0	0	0	0	0	0	0	0	0	0	0	0	0	0	0	0	0	0	0	0	0	
0	0	17	7	22	6	16	9	12	13	15	12	7	13	10	6	10	18	16	6	7	14	6	22	10	10	6	5	5	3	12	
0	28	0	15	8	13	14	17	12	11	12	10	15	21	8	17	18	20	16	17	18	15	15	9	11	13	16	13	14	16	17	
0	24	10	0	18	13	14	16	9	11	22	9	13	20	8	2	17	19	15	17	18	11	13	19	3	11	1	12	6	13	17	
0	20	21	16	0	5	15	18	13	12	4	11	16	13	9	18	15	17	13	18	19	13	20	1	5	15	17	14	8	17	18	
0	15	21	11	22	0	10	13	8	7	22	6	11	13	4	13	10	16	12	13	14	8	15	23	7	10	12	9	10	12	13	
0	26	24	14	20	11	0	16	6	18	24	9	1	20	15	13	17	12	15	23	18	13	13	21	17	8	3	12	12	10	21	
0	31	17	7	25	20	21	0	16	18	14	16	20	20	15	9	17	22	22	24	25	18	20	26	10	18	8	19	10	20	5	
0	20	18	8	14	5	15	10	0	12	18	11	8	14	9	7	11	19	17	18	12	13	7	15	11	2	9	6	6	4	15	
0	20	19	9	15	5	3	11	1	0	15	11	4	15	9	8	12	15	17	6	7	4	8	16	12	3	6	7	7	5	12	
0	41	32	22	25	29	35	32	25	32	0	27	24	36	30	24	33	20	33	14	15	16	29	26	25	27	22	28	24	26	20	
0	19	15	5	16	4	14	7	12	11	20	0	14	11	8	7	8	10	6	17	9	12	18	17	8	4	6	3	11	16	12	
0	25	23	13	19	10	20	15	5	17	23	8	0	19	14	12	16	11	14	23	17	12	12	20	16	7	2	11	11	9	20	
0	25	13	14	17	13	19	7	16	16	16	15	11	0	13	13	20	7	3	14	15	20	16	13	16	5	13	15	15	13	12	
0	21	17	7	18	6	6	9	4	3	18	2	7	13	0	9	10	12	8	9	10	7	11	19	3	6	8	5	6	8	9	
0	26	22	12	23	11	12	14	10	9	24	7	12	18	6	0	15	17	13	15	16	13	11	24	9	11	13	10	12	14	15	
0	25	16	11	20	10	20	10	18	17	14	16	14	3	14	13	0	10	6	17	15	18	19	16	6	8	12	9	9	16	15	
0	24	20	10	23	9	18	12	9	15	22	12	4	16	12	6	13	0	18	18	14	16	9	24	13	11	6	8	8	6	17	
0	25	10	14	14	10	16	16	13	13	18	12	8	20	10	10	17	4	0	19	18	17	13	15	13	2	10	12	12	10	19	
0	27	18	8	26	21	22	24	16	19	9	17	15	28	16	10	25	23	23	0	1	18	16	20	11	18	8	20	14	19	6	
0	30	31	21	29	20	30	24	15	27	28	22	14	28	24	21	25	25	28	33	0	17	15	30	24	17	7	20	20	18	19	
0	29	27	17	23	14	19	19	9	16	27	20	17	23	18	13	20	28	26	22	19	0	16	24	13	11	18	15	8	13	24	
0	21	17	7	20	6	16	9	6	13	22	9	1	13	10	6	10	12	15	19	11	13	0	21	10	8	3	5	5	3	13	
0	19	22	15	26	4	14	17	12	11	3	10	15	12	8	17	14	16	12	17	18	12	19	0	11	14	16	13	14	16	17	
0	32	28	18	27	17	17	20	23	22	27	21	18	24	19	17	21	29	27	18	19	25	17	28	0	15	19	16	3	14	24	
0	23	29	19	12	8	18	21	16	15	16	14	19	21	12	21	18	24	20	21	22	16	23	13	15	0	20	17	18	20	21	
0	23	26	16	22	13	23	18	8	20	26	19	16	22	17	15	19	27	25	26	20	10	15	23	19	10	0	14	14	12	23	
0	16	12	2	20	1	11	4	9	8	18	7	12	8	5	4	5	15	11	14	6	9	15	21	5	11	3	0	8	13	9	
0	29	25	15	24	14	14	17	20	19	28	18	15	21	16	14	18	26	24	25	19	22	14	25	18	12	16	13	0	11	22	
0	18	14	4	19	3	13	6	9	10	20	9	4	10	7	3	7	15	13	16	8	11	3	19	7	7	5	2	2	0	11	
0	26	12	2	20	15	16	18	11	13	9	11	15	22	10	4	19	17	17	19	20	13	15	21	5	13	3	14	8	15	0	
M3
0	0	0	0	0	0	0	0	0	0	0	0	0	0	0	0	0	0	0	0	0	0	0	0	0	0	0	0	0	0	0	
0	0	26	12	23	14	23	16	23	15	16	12	15	27	25	22	16	18	22	21	20	25	28	17	20	19	9	18	22	4	23	
0	13	0	16	12	19	12	5	16	21	19	22	4	24	27	22	12	7	11	15	16	21	20	8	14	8	21	16	18	12	20	
0	11	29	0	26	25	26	19	18	10	27	23	18	26	36	25	26	21	25	26	20	27	28	20	27	13	16	21	17	7	25	
0	8	12	14	0	14	12	5	15	19	18	20	12	17	25	10	10	7	11	15	6	12	19	3	14	8	11	4	16	12	18	
0	15	14	17	12	0	14	7	17	21	21	24	18	13	11	12	14	9	13	17	8	14	14	10	16	10	13	6	20	14	15	
0	18	29	21	17	25	0	10	21	21	14	10	22	24	24	20	17	12	16	15	19	26	25	13	19	13	24	21	23	17	25	
0	8	19	11	7	15	7	0	11	16	14	17	12	19	22	17	7	2	6	10	11	16	15	3	9	3	16	11	13	7	15	
0	4	21	13	9	17	9	2	0	9	16	16	14	8	24	7	9	4	8	12	2	13	10	5	11	5	7	13	15	8	11	
0	20	19	23	17	21	18	12	22	0	26	28	23	24	32	17	19	14	18	16	13	19	26	15	21	15	18	11	21	19	27	
0	15	23	8	15	23	7	8	11	13	0	17	9	14	20	18	4	10	14	5	13	14	16	11	17	11	18	19	10	7	12	
0	19	25	12	13	27	11	12	15	11	4	0	13	18	14	10	8	14	18	9	11	18	20	15	21	15	16	17	14	11	16	
0	9	20	12	8	15	8	1	12	17	15	18	0	20	23	18	8	3	7	11	12	17	16	4	10	4	17	12	14	8	16	
0	11	14	20	16	17	11	9	7	10	23	21	15	0	28	14	16	11	15	9	9	5	2	6	18	12	14	10	22	15	3	
0	12	16	12	4	18	5	9	15	17	19	15	16	20	0	14	8	11	4	19	9	15	22	7	7	12	14	8	14	5	16	
0	9	26	18	14	19	14	7	5	14	21	21	19	13	18	0	14	9	13	17	7	18	15	10	16	10	12	18	20	13	16	
0	11	19	4	11	19	11	4	7	9	18	21	16	15	16	14	0	6	10	14	9	10	17	7	13	7	14	15	6	11	8	
0	6	17	9	5	17	5	9	9	14	12	15	17	17	21	15	5	0	4	8	11	15	19	8	7	1	15	9	11	10	13	
0	9	13	8	1	15	1	6	11	13	15	11	13	18	20	11	4	8	0	16	7	13	20	4	3	9	12	5	10	6	12	
0	20	23	22	19	26	2	12	16	19	16	12	24	9	26	22	18	14	18	0	18	14	11	15	21	15	23	19	24	15	12	
0	16	27	21	21	16	13	14	12	20	20	16	26	13	25	14	17	16	20	22	0	18	15	17	16	17	5	22	23	20	16	
0	14	13	17	11	15	13	6	12	7	20	23	17	5	26	11	13	8	12	14	7	0	7	9	15	9	12	5	19	13	8	
0	16	12	20	14	18	9	9	12	8	23	19	16	5	29	14	16	11	15	7	10	3	0	11	18	12	15	8	22	16	1	
0	5	26	17	17	12	17	10	20	20	21	17	9	21	23	22	17	12	16	20	8	17	23	0	19	12	13	18	23	9	24	
0	12	13	5	12	20	12	5	8	10	19	22	17	16	17	15	1	7	11	15	9	11	18	8	0	8	14	16	7	12	9	
0	5	28	17	24	16	24	17	15	20	21	17	20	23	27	22	21	19	23	26	17	28	25	20	25	0	14	20	27	9	26	
0	17	24	16	23	11	22	16	19	15	15	11	24	21	22	21	12	18	22	20	19	16	23	19	11	19	0	17	18	21	14	
0	9	8	12	6	10	8	1	11	15	15	18	12	13	21	6	8	3	7	11	2	8	15	4	10	4	7	0	14	8	16	
0	5	19	14	10	18	10	3	1	3	17	17	15	9	24	8	10	5	9	9	3	10	11	6	12	6	8	12	0	9	8	
0	18	22	12	19	18	19	12	23	20	26	25	11	27	29	20	19	14	18	22	16	22	27	13	21	15	21	14	25	0	27	
0	16	11	19	13	17	8	8	14	9	22	18	15	7	28	13	15	10	14	6	9	2	9	11	17	11	14	7	21	15	0	
M4
0	0	0	0	0	0	0	0	0	0	0	0	0	0	0	0	0	0	0	0	0	0	0	0	0	0	0	0	0	0	0	
0	0	10	19	21	14	15	24	23	16	15	8	7	23	15	22	18	16	17	10	16	13	15	25	12	15	21	26	4	21	17	
0	10	0	14	17	4	21	17	15	11	18	16	17	16	10	16	13	8	23	20	9	3	5	17	12	25	11	23	14	12	7	
0	20	17	0	16	21	21	17	21	11	19	2	4	20	10	20	13	8	23	25	9	3	13	19	6	27	21	23	19	16	20	
0	12	2	16	0	6	16	19	17	13	20	18	13	18	12	18	15	10	14	22	11	5	7	17	4	25	13	25	16	14	9	
0	12	2	12	15	0	21	15	11	9	20	14	16	13	8	12	15	10	23	17	7	5	7	19	10	25	7	21	11	8	9	
0	12	11	6	9	15	0	9	14	3	15	3	10	16	2	15	10	14	2	22	1	9	16	17	4	19	13	15	16	8	13	
0	20	13	14	11	15	8	0	17	11	18	11	12	10	10	18	16	6	10	25	9	16	11	11	12	10	21	6	19	16	18	
0	19	9	6	19	7	10	19	0	13	21	8	10	2	12	1	13	14	12	24	11	9	14	8	2	15	14	25	18	15	16	
0	9	19	3	19	23	24	18	24	0	16	5	7	23	13	23	7	11	15	19	12	6	16	22	9	24	24	24	13	15	10	
0	16	7	10	8	11	20	12	22	7	0	8	11	17	6	23	9	1	22	10	5	10	6	18	8	11	17	18	4	12	13	
0	26	16	21	14	20	22	31	21	18	21	0	22	23	17	22	22	16	24	29	23	19	21	17	4	25	27	35	25	23	23	
0	18	16	12	14	20	27	19	17	9	25	14	0	16	8	16	16	20	24	21	21	15	21	23	17	27	19	23	15	14	19	
0	17	7	4	20	5	25	20	16	14	19	6	8	0	13	16	17	12	27	22	12	7	12	23	10	30	12	26	16	13	14	
0	10	16	4	20	14	25	19	17	1	17	6	8	19	0	18	8	12	16	20	13	7	17	23	10	22	11	18	14	6	11	
0	20	10	7	20	8	11	20	1	14	20	9	11	3	13	0	12	15	13	24	12	10	15	7	1	15	15	26	19	16	17	
0	24	17	4	18	21	19	11	25	15	10	6	8	21	14	24	0	11	21	20	13	7	11	22	10	21	21	17	14	8	9	
0	26	21	16	30	21	31	23	24	27	22	17	20	16	26	23	12	0	33	19	25	19	5	30	21	31	28	27	13	15	12	
0	13	19	7	23	17	21	22	12	4	20	9	11	14	3	13	11	15	0	23	16	10	20	20	13	24	14	20	17	9	14	
0	21	12	15	13	16	23	15	27	12	5	13	16	20	11	28	14	6	25	0	10	15	11	21	13	16	22	16	9	17	18	
0	11	10	5	8	14	15	8	18	2	14	7	9	18	1	19	9	13	17	21	0	8	15	16	3	18	12	14	15	7	12	
0	17	14	11	14	18	18	14	24	8	16	13	15	21	7	25	10	5	20	24	6	0	10	22	9	24	18	20	18	13	17	
0	26	16	25	27	20	29	33	19	23	28	18	28	21	26	18	29	24	31	24	25	19	0	25	19	26	27	22	18	10	7	
0	16	17	9	18	18	21	16	11	7	15	11	5	13	6	12	5	9	8	25	18	12	14	0	13	8	17	22	19	12	14	
0	23	25	17	23	24	27	29	17	14	19	19	18	19	13	18	18	20	21	29	24	20	25	13	0	21	24	31	23	19	24	
0	19	9	17	16	13	28	20	24	15	8	16	19	17	14	24	13	1	30	18	13	12	6	26	16	0	20	23	12	16	13	
0	17	15	12	22	13	16	13	6	19	15	8	16	8	18	7	19	16	18	10	17	15	20	14	8	21	0	19	4	21	22	
0	17	7	8	5	9	21	21	16	12	12	10	6	4	11	17	10	5	13	22	14	10	10	5	9	4	16	0	16	17	14	
0	13	18	21	18	22	26	21	25	18	11	4	20	26	17	26	20	12	28	6	16	21	17	21	8	22	28	22	0	23	24	
0	26	25	20	23	29	30	23	33	17	18	22	24	33	16	34	24	19	32	28	15	23	24	31	18	22	27	29	22	0	27	
0	19	9	23	26	13	30	26	24	20	22	15	26	25	19	25	22	17	32	17	18	12	14	26	13	33	20	32	11	21	0	
M5
0	0	0	0	0	0	0	0	0	0	0	0	0	0	0	0	0	0	0	0	0	0	0	0	0	0	0	0	0	0	0	
0	0	17	16	19	19	21	13	21	15	4	17	18	15	14	9	15	10	20	16	13	13	20	12	8	17	22	11	21	6	16	
0	11	0	18	18	6	19	12	22	16	15	22	15	15	10	19	14	16	19	11	15	8	12	8	14	13	19	12	8	17	15	
0	13	9	0	5	9	17	15	17	11	8	17	2	18	8	13	11	14	6	6	15	3	13	16	12	8	8	7	11	5	8	
0	8	4	13	0	10	14	12	16	12	3	12	11	14	3	8	8	9	1	6	10	4	14	11	7	8	3	2	6	5	3	
0	5	10	21	12	0	13	6	16	10	9	16	9	9	10	13	8	14	13	5	18	2	6	16	9	7	13	6	2	11	9	
0	14	9	19	11	9	0	15	12	12	14	14	11	17	11	11	7	12	12	1	16	4	7	13	8	3	9	2	11	15	8	
0	17	12	21	14	18	26	0	25	20	17	20	19	24	17	22	20	19	9	14	18	12	22	20	21	16	11	10	14	19	11	
0	10	9	25	15	11	9	17	0	13	14	15	12	7	18	18	13	2	14	8	22	5	15	17	14	9	15	3	9	3	12	
0	18	15	12	11	19	24	23	26	0	14	23	4	15	14	19	18	10	12	16	9	13	23	22	18	17	14	11	17	16	14	
0	14	13	27	15	15	17	9	17	17	0	13	16	11	10	5	11	6	16	12	24	9	16	8	4	13	18	7	17	2	12	
0	3	16	17	12	22	24	10	24	16	7	0	19	18	15	12	18	13	13	18	14	16	23	15	11	20	7	14	18	9	15	
0	24	19	28	21	25	33	31	32	17	24	27	0	30	24	24	27	25	16	21	25	19	29	27	28	23	18	17	21	26	18	
0	22	12	22	14	18	20	24	15	21	17	21	22	0	17	20	22	17	15	12	19	15	24	20	18	6	12	13	20	18	11	
0	17	7	22	9	13	11	19	13	20	12	21	19	13	0	17	5	15	10	9	19	12	18	10	6	10	12	10	15	14	6	
0	9	8	24	14	10	16	14	17	12	13	8	11	6	5	0	10	1	13	7	21	4	11	3	11	8	14	2	12	15	11	
0	12	2	17	4	8	6	14	14	15	7	16	14	16	7	12	0	11	5	4	14	7	13	10	1	5	7	5	10	9	1	
0	8	7	23	13	9	17	15	16	11	12	13	10	5	16	16	11	0	12	6	20	3	13	15	12	7	13	1	11	14	10	
0	8	3	12	5	9	17	15	16	11	8	11	10	15	8	13	11	10	0	5	9	3	13	11	12	7	2	1	5	10	2	
0	14	8	18	10	9	17	15	11	11	13	13	10	16	13	10	11	11	11	0	15	3	13	13	12	2	8	1	11	14	7	
0	9	8	3	8	10	18	16	17	2	11	14	5	6	11	16	12	1	9	7	0	4	14	16	13	8	11	2	12	8	11	
0	11	8	20	10	6	14	12	14	8	13	14	7	15	13	13	8	14	11	3	17	0	10	16	9	5	11	4	8	15	7	
0	7	11	21	13	2	7	8	17	12	11	15	11	11	4	7	9	8	9	7	18	4	0	10	10	9	11	8	4	13	10	
0	15	9	24	11	10	13	16	15	20	14	23	19	15	2	15	7	16	12	11	21	12	8	0	8	12	14	12	12	16	8	
0	19	9	24	11	15	13	20	20	20	11	21	16	20	7	16	7	17	12	11	21	14	13	17	0	12	14	12	17	13	8	
0	16	6	16	8	12	18	18	9	15	11	15	18	16	11	14	16	11	9	8	13	11	18	14	15	0	6	9	14	12	5	
0	12	15	10	15	15	23	19	23	9	16	9	12	13	18	21	17	8	12	12	7	9	19	23	18	14	0	9	17	15	14	
0	13	10	22	12	8	16	14	15	10	15	12	9	17	15	15	10	16	11	5	19	2	12	18	11	6	12	0	10	17	9	
0	3	15	19	18	13	18	16	24	18	7	20	21	18	15	12	14	13	19	18	16	15	11	15	11	19	21	14	0	9	15	
0	25	30	25	30	32	35	32	34	24	29	22	27	28	29	34	29	23	31	29	22	26	35	37	22	30	29	24	32	0	30	
0	11	1	16	3	7	17	13	14	14	6	15	13	16	6	11	11	12	4	3	13	6	13	9	10	5	6	4	9	8	0	
M6
0	0	0	0	0	0	0	0	0	0	0	0	0	0	0	0	0	0	0	0	0	0	0	0	0	0	0	0	0	0	0	
0	0	14	6	8	10	16	8	11	10	10	22	9	7	9	13	4	29	13	11	9	17	13	5	24	8	22	10	15	31	17	
0	26	0	18	20	15	21	16	23	22	19	31	18	27	17	24	9	34	25	10	20	22	25	24	13	20	34	16	27	29	22	
0	12	8	0	10	11	17	12	19	4	15	27	6	9	13	10	5	25	7	5	11	19	21	16	21	2	18	11	9	26	18	
0	12	15	17	0	12	25	13	10	14	16	19	16	14	14	5	13	30	7	18	1	9	12	17	18	12	14	8	9	36	20	
0	11	18	10	13	0	23	1	15	11	4	16	16	18	2	18	15	35	14	15	14	22	17	9	22	12	24	10	16	31	24	
0	19	7	21	17	19	0	15	2	12	18	12	18	16	16	8	16	29	14	16	9	9	4	20	8	14	20	22	16	36	1	
0	10	17	9	18	18	22	0	14	10	3	15	15	17	1	19	14	34	13	14	19	27	16	8	21	11	23	9	15	30	23	
0	17	5	22	21	17	26	13	0	14	16	28	23	21	14	20	14	35	12	15	21	27	2	21	18	12	23	21	14	34	27	
0	8	18	14	16	8	21	9	15	0	12	24	17	15	10	16	9	26	3	19	15	22	17	13	23	8	14	14	5	32	22	
0	10	17	9	17	15	19	16	14	7	0	12	15	16	17	19	14	33	10	14	18	26	16	8	27	11	20	20	12	27	20	
0	10	12	9	5	10	7	11	9	13	13	0	6	4	12	10	14	34	12	14	6	14	8	8	15	11	8	13	14	34	8	
0	12	19	11	18	5	28	6	14	15	9	21	0	18	7	9	16	33	10	16	5	13	16	10	27	13	21	15	12	36	24	
0	13	16	13	1	7	26	8	11	15	11	20	2	0	9	6	14	31	8	18	2	10	13	12	19	13	15	9	10	35	21	
0	9	16	8	17	19	25	17	13	12	12	24	14	16	0	18	13	33	15	13	18	26	15	7	20	10	26	19	17	33	26	
0	17	15	22	10	16	26	17	10	20	20	19	11	9	18	0	21	40	17	25	1	9	12	21	27	22	18	18	17	44	20	
0	17	19	16	19	6	12	7	14	17	10	22	21	19	8	15	0	41	20	21	11	19	16	15	20	18	28	16	22	37	13	
0	14	9	14	17	4	13	5	4	14	8	20	18	16	6	21	10	0	16	19	18	3	6	13	10	16	27	14	18	35	3	
0	5	15	11	13	5	18	6	12	7	9	21	14	12	7	13	6	23	0	16	12	19	14	10	20	5	11	15	2	29	19	
0	20	3	8	18	18	24	19	26	12	22	34	14	17	20	18	12	33	15	0	19	25	28	24	16	10	26	6	17	32	25	
0	16	14	22	14	20	25	21	9	19	24	18	15	13	22	4	20	44	21	24	0	8	11	21	26	21	17	22	21	43	19	
0	18	6	16	22	18	24	14	1	15	17	17	22	21	15	21	15	36	13	16	22	0	3	22	19	13	24	22	15	35	25	
0	20	30	23	19	19	25	14	27	12	17	29	25	23	15	18	13	38	15	28	19	27	0	22	33	10	26	23	17	34	26	
0	2	9	1	10	12	18	10	6	5	5	17	7	9	11	11	6	26	8	6	11	19	8	0	21	3	19	12	10	26	19	
0	23	15	25	29	23	12	23	10	15	26	24	30	28	24	20	20	21	18	25	21	9	12	28	0	17	29	29	20	41	13	
0	10	20	16	14	9	15	10	17	2	13	25	15	13	11	8	3	28	5	21	9	17	19	15	23	0	16	16	7	24	16	
0	14	4	20	22	14	25	15	21	6	18	30	22	21	16	21	13	32	9	14	21	26	23	19	17	13	0	20	11	26	25	
0	17	17	9	19	17	26	18	24	13	21	33	15	18	19	19	14	34	12	14	20	28	26	22	19	11	23	0	14	35	27	
0	3	13	9	11	10	16	11	14	13	13	25	12	10	12	16	4	32	16	14	12	20	16	8	24	11	9	13	0	34	17	
0	12	4	9	2	8	17	9	12	4	12	21	3	1	10	7	5	21	7	1	3	11	14	13	17	2	16	7	9	0	18	
0	19	14	24	27	19	16	20	9	11	23	25	28	26	21	24	20	28	14	24	25	8	11	24	7	19	25	25	16	43	0	
M7
0	0	0	0	0	0	0	0	0	0	0	0	0	0	0	0	0	0	0	0	0	0	0	0	0	0	0	0	0	0	0	
0	0	6	9	3	13	11	9	16	15	11	9	9	8	2	16	8	18	12	11	18	14	7	8	3	14	8	11	12	14	12	
0	15	0	3	15	7	17	16	14	18	16	4	18	14	13	21	20	12	12	17	27	14	13	19	14	8	17	19	8	13	10	
0	15	11	0	12	18	15	18	11	15	20	6	17	12	10	18	17	23	9	15	24	11	11	16	18	5	14	17	5	23	7	
0	13	3	6	0	10	16	6	13	16	8	6	12	13	10	19	5	15	9	10	20	11	13	16	16	11	10	9	11	11	9	
0	8	14	14	11	0	11	10	17	15	19	17	12	8	10	19	16	26	12	11	26	14	7	16	11	16	16	13	19	22	13	
0	17	8	7	5	15	0	11	13	4	12	6	5	7	8	12	10	20	14	10	20	15	6	5	10	5	10	9	12	16	11	
0	16	19	17	16	18	11	0	7	11	17	10	15	8	14	14	21	27	14	11	20	16	7	16	14	9	10	3	22	21	3	
0	13	14	13	11	20	14	17	0	16	10	10	14	11	8	7	16	26	7	14	13	9	10	14	9	9	3	6	18	14	8	
0	22	16	14	13	23	14	19	9	0	19	2	12	11	5	16	18	25	16	14	21	18	10	11	6	1	11	14	15	19	8	
0	5	8	6	5	15	9	11	11	13	0	11	4	6	7	11	10	20	14	9	12	4	5	13	8	11	2	5	11	4	7	
0	24	18	13	15	22	13	21	24	17	21	0	14	10	16	21	20	29	18	13	24	18	9	18	23	18	23	22	18	25	20	
0	12	4	2	1	11	5	7	13	9	7	7	0	2	8	7	6	16	10	5	19	10	1	10	9	7	9	10	7	11	9	
0	14	11	9	8	18	3	14	16	7	14	9	7	0	6	14	13	22	8	3	23	8	2	8	13	8	13	12	14	18	13	
0	19	11	9	8	18	9	14	16	13	14	14	7	6	0	14	13	23	14	9	21	14	5	6	16	14	11	10	14	14	12	
0	18	15	13	12	13	7	18	16	11	18	13	11	4	10	0	17	21	12	7	17	12	3	12	2	12	7	10	11	22	12	
0	17	12	11	9	19	11	1	8	11	16	1	9	8	8	15	0	24	15	5	21	7	8	14	15	10	11	4	16	20	4	
0	9	12	10	9	19	13	15	14	15	4	1	8	10	10	15	14	0	16	13	16	8	9	16	2	13	6	9	11	1	10	
0	6	7	10	4	14	10	10	17	14	12	10	8	7	1	15	9	19	0	10	22	2	6	7	9	15	12	11	15	15	13	
0	16	8	6	5	15	8	11	15	6	11	8	4	6	3	11	10	20	14	0	23	5	5	9	12	7	13	10	11	15	12	
0	19	15	14	12	22	14	4	11	14	14	4	12	11	11	18	3	27	18	8	0	10	11	17	11	13	14	7	19	18	7	
0	15	5	8	2	12	12	8	15	16	10	8	14	9	12	21	7	17	11	12	22	0	8	17	18	13	12	11	13	13	11	
0	15	12	10	9	19	4	15	17	8	15	10	8	1	7	15	14	20	9	4	24	9	0	9	14	9	14	13	15	19	14	
0	13	5	3	2	12	6	8	10	10	8	8	1	3	9	8	7	17	11	6	20	11	2	0	10	8	10	4	8	12	6	
0	20	15	18	16	22	16	19	14	18	23	14	20	13	15	21	18	19	14	16	15	16	12	21	0	14	5	8	9	20	10	
0	21	19	14	16	23	14	22	8	15	18	1	15	11	8	15	21	30	15	14	21	17	10	14	17	0	11	14	19	22	7	
0	22	19	17	16	18	11	14	9	13	19	9	15	8	14	16	13	27	16	11	10	16	7	16	14	9	0	3	22	23	5	
0	19	16	14	13	15	8	15	6	10	16	9	12	5	11	13	18	24	13	8	19	13	4	13	11	8	9	0	19	20	2	
0	19	6	9	7	13	10	13	6	10	15	8	14	7	13	13	12	18	13	10	19	15	6	15	15	8	9	12	0	18	2	
0	22	19	14	17	26	15	23	13	14	22	13	16	14	9	20	22	25	20	17	21	22	13	15	6	12	11	14	15	0	9	
0	17	16	14	13	23	8	19	4	8	14	7	12	5	11	11	18	24	11	8	17	13	4	13	13	6	7	10	19	18	0	
Tamanho_Tarefas
0	19	12	7	25	6	7	16	18	12	23	18	21	6	17	28	14	22	21	15	13	25	16	7	12	18	13	14	23	14	7	
Data_Entrega
0	146	151	150	152	151	146	151	147	147	155	147	145	151	147	149	146	151	155	155	147	157	145	154	149	147	154	149	150	152	146	
Penalidade_Atraso
0	1	1	15	1	18	15	2	16	11	20	15	11	13	8	14	13	1	13	1	16	8	10	1	5	8	9	10	3	6	13	
Capacidade_Veiculo
70	68	82	75	42	62	34	64	44	65	
Custo_Fixo_Veiculo
700	680	820	750	420	620	340	640	440	650	
Coordenadas_Clientes
x	0	y	0
x	109	y	0
x	122	y	25
x	81	y	36
x	69	y	50
x	80	y	89
x	49	y	86
x	36	y	111
x	8	y	78
x	-8	y	80
x	-29	y	90
x	-45	y	77
x	-77	y	86
x	-80	y	58
x	-106	y	47
x	-99	y	21
x	-101	y	0
x	-77	y	-16
x	-113	y	-50
x	-83	y	-60
x	-76	y	-84
x	-41	y	-71
x	-24	y	-74
x	-12	y	-121
x	11	y	-110
x	26	y	-80
x	61	y	-105
x	64	y	-72
x	72	y	-52
x	73	y	-32
x	98	y	-20
Tempo_Viagem
0	109	124	88	85	119	98	116	78	80	94	89	115	98	115	101	101	78	123	102	113	81	77	121	110	84	121	96	88	79	100	
109	0	28	45	63	93	104	132	127	141	164	172	204	197	220	209	210	186	227	201	202	165	152	170	147	115	114	84	63	48	22	
124	28	0	42	58	76	95	121	125	140	163	174	207	204	229	221	224	202	246	221	226	189	176	197	174	142	142	112	91	75	50	
88	45	42	0	18	53	59	87	84	99	122	132	165	162	187	180	185	166	211	190	197	162	152	182	161	128	141	109	88	68	58	
85	63	58	18	0	40	41	69	67	82	105	117	150	149	175	170	177	160	207	187	197	163	155	189	169	136	155	122	102	82	75	
119	93	76	53	40	0	31	49	72	88	109	125	157	162	190	191	201	188	237	220	232	200	193	229	209	176	194	161	141	121	110	
98	104	95	59	41	31	0	28	41	57	78	94	126	131	159	161	172	162	211	196	211	179	175	215	199	167	191	158	139	120	116	
116	132	121	87	69	49	28	0	43	53	68	87	115	126	154	161	175	169	218	208	224	197	193	236	222	191	217	185	166	147	144	
78	127	125	84	67	72	41	43	0	16	38	53	85	90	118	121	134	126	175	165	182	156	155	199	188	159	190	160	144	127	133	
80	141	140	99	82	88	57	53	16	0	23	37	69	75	103	108	122	118	167	158	177	154	154	201	190	163	197	168	154	138	145	
94	164	163	122	105	109	78	68	38	23	0	20	48	59	87	97	115	116	163	159	180	161	164	211	203	178	214	186	174	159	168	
89	172	174	132	117	125	94	87	53	37	20	0	33	39	67	77	95	98	144	142	163	148	152	200	195	172	210	184	174	160	172	
115	204	207	165	150	157	126	115	85	69	48	33	0	28	48	68	89	102	140	146	170	161	168	216	214	195	235	211	203	190	204	
98	197	204	162	149	162	131	126	90	75	59	39	28	0	28	41	61	74	112	118	142	134	143	191	191	174	215	194	186	177	194	
115	220	229	187	175	190	159	154	118	103	87	67	48	28	0	26	47	69	97	108	133	134	146	191	195	183	225	207	203	194	214	
101	209	221	180	170	191	161	161	121	108	97	77	68	41	26	0	21	43	72	82	107	108	121	165	171	160	203	187	185	179	201	
101	210	224	185	177	201	172	175	134	122	115	95	89	61	47	21	0	28	51	62	87	92	106	149	156	149	192	179	180	176	200	
78	186	202	166	160	188	162	169	126	118	116	98	102	74	69	43	28	0	49	44	68	65	78	122	128	121	164	151	153	150	175	
123	227	246	211	207	237	211	218	175	167	163	144	140	112	97	72	51	49	0	31	50	74	91	123	137	141	181	178	185	186	213	
102	201	221	190	187	220	196	208	165	158	159	142	146	118	108	82	62	44	31	0	25	43	60	93	106	110	150	147	155	158	185	
113	202	226	197	197	232	211	224	182	177	180	163	170	142	133	107	87	68	50	25	0	37	52	73	90	102	138	140	150	157	184	
81	165	189	162	163	200	179	197	156	154	161	148	161	134	134	108	92	65	74	43	37	0	17	57	65	67	107	105	114	120	147	
77	152	176	152	155	193	175	193	155	154	164	152	168	143	146	121	106	78	91	60	52	17	0	48	50	50	90	88	98	105	132	
121	170	197	182	189	229	215	236	199	201	211	200	216	191	191	165	149	122	123	93	73	57	48	0	25	55	74	90	108	122	148	
110	147	174	161	169	209	199	222	188	190	203	195	214	191	195	171	156	128	137	106	90	65	50	25	0	33	50	65	84	99	125	
84	115	142	128	136	176	167	191	159	163	178	172	195	174	183	160	149	121	141	110	102	67	50	55	33	0	43	38	53	67	93	
121	114	142	141	155	194	191	217	190	197	214	210	235	215	225	203	192	164	181	150	138	107	90	74	50	43	0	33	54	73	92	
96	84	112	109	122	161	158	185	160	168	186	184	211	194	207	187	179	151	178	147	140	105	88	90	65	38	33	0	21	41	62	
88	63	91	88	102	141	139	166	144	154	174	174	203	186	203	185	180	153	185	155	150	114	98	108	84	53	54	21	0	20	41	
79	48	75	68	82	121	120	147	127	138	159	160	190	177	194	179	176	150	186	158	157	120	105	122	99	67	73	41	20	0	27	
100	22	50	58	75	110	116	144	133	145	168	172	204	194	214	201	200	175	213	185	184	147	132	148	125	93	92	62	41	27	0	
Custo_Viagem
V0
0	1526	1736	1232	1190	1666	1372	1624	1092	1120	1316	1246	1610	1372	1610	1414	1414	1092	1722	1428	1582	1134	1078	1694	1540	1176	1694	1344	1232	1106	1400	
1526	0	392	630	896	1302	1456	1848	1778	1974	2296	2408	2856	2758	3080	2926	2940	2604	3178	2814	2842	2310	2128	2394	2058	1610	1610	1176	882	672	308	
1736	392	0	588	812	1064	1330	1694	1750	1974	2296	2436	2912	2856	3206	3094	3136	2842	3444	3094	3164	2646	2464	2772	2436	1988	2002	1582	1274	1050	714	
1232	630	588	0	252	742	826	1218	1176	1386	1708	1848	2310	2268	2618	2520	2590	2324	2968	2660	2758	2268	2128	2548	2254	1792	1988	1526	1232	952	812	
1190	896	812	252	0	560	574	966	938	1148	1470	1638	2100	2086	2450	2380	2478	2240	2898	2618	2758	2282	2170	2646	2380	1904	2170	1708	1428	1148	1050	
1666	1302	1064	742	560	0	434	686	1008	1232	1526	1750	2198	2268	2660	2674	2814	2632	3318	3080	3248	2800	2702	3206	2940	2478	2716	2254	1974	1694	1540	
1372	1456	1330	826	574	434	0	392	574	798	1092	1316	1764	1848	2226	2254	2408	2268	2954	2744	2954	2520	2450	3010	2786	2338	2674	2212	1946	1680	1624	
1624	1848	1694	1218	966	686	392	0	602	742	952	1218	1610	1778	2170	2268	2464	2366	3066	2912	3136	2758	2716	3304	3108	2674	3038	2590	2324	2058	2016	
1092	1778	1750	1176	938	1008	574	602	0	224	532	742	1190	1260	1652	1694	1876	1764	2464	2310	2548	2184	2170	2800	2632	2226	2660	2240	2016	1778	1862	
1120	1974	1974	1386	1148	1232	798	742	224	0	322	518	966	1050	1442	1512	1708	1652	2338	2212	2478	2156	2156	2814	2660	2282	2758	2352	2156	1932	2030	
1316	2296	2296	1708	1470	1526	1092	952	532	322	0	280	672	840	1232	1372	1610	1624	2282	2226	2520	2254	2296	2954	2842	2492	2996	2604	2436	2226	2352	
1246	2408	2436	1848	1638	1750	1316	1218	742	518	280	0	462	546	938	1078	1330	1372	2016	1988	2282	2072	2128	2800	2730	2408	2940	2576	2436	2240	2408	
1610	2856	2912	2310	2100	2198	1764	1610	1190	966	672	462	0	392	672	952	1246	1428	1960	2044	2380	2254	2352	3024	2996	2730	3290	2954	2842	2660	2856	
1372	2758	2856	2268	2086	2268	1848	1778	1260	1050	840	546	392	0	392	574	854	1036	1568	1652	1988	1876	2002	2674	2674	2436	3010	2716	2618	2478	2716	
1610	3080	3206	2618	2450	2660	2226	2170	1652	1442	1232	938	672	392	0	364	658	966	1358	1526	1876	1876	2044	2688	2730	2562	3150	2898	2842	2730	2996	
1414	2926	3094	2520	2380	2674	2254	2268	1694	1512	1372	1078	952	574	364	0	294	602	1008	1148	1498	1512	1694	2324	2394	2240	2842	2618	2590	2506	2814	
1414	2940	3136	2590	2478	2814	2408	2464	1876	1708	1610	1330	1246	854	658	294	0	392	714	868	1218	1288	1484	2100	2184	2100	2702	2520	2520	2464	2800	
1092	2604	2842	2324	2240	2632	2268	2366	1764	1652	1624	1372	1428	1036	966	602	392	0	686	616	952	910	1092	1722	1792	1694	2296	2114	2142	2100	2450	
1722	3178	3444	2968	2898	3318	2954	3066	2464	2338	2282	2016	1960	1568	1358	1008	714	686	0	434	700	1050	1288	1722	1918	1988	2548	2492	2590	2604	2982	
1428	2814	3094	2660	2618	3080	2744	2912	2310	2212	2226	1988	2044	1652	1526	1148	868	616	434	0	350	602	840	1302	1484	1540	2100	2058	2170	2212	2590	
1582	2842	3164	2758	2758	3248	2954	3136	2548	2478	2520	2282	2380	1988	1876	1498	1218	952	700	350	0	518	728	1022	1260	1428	1932	1960	2114	2198	2590	
1134	2310	2646	2268	2282	2800	2520	2758	2184	2156	2254	2072	2254	1876	1876	1512	1288	910	1050	602	518	0	238	798	910	938	1498	1470	1596	1680	2072	
1078	2128	2464	2128	2170	2702	2450	2716	2170	2156	2296	2128	2352	2002	2044	1694	1484	1092	1288	840	728	238	0	672	700	700	1260	1232	1372	1470	1862	
1694	2394	2772	2548	2646	3206	3010	3304	2800	2814	2954	2800	3024	2674	2688	2324	2100	1722	1722	1302	1022	798	672	0	350	770	1036	1260	1512	1722	2086	
1540	2058	2436	2254	2380	2940	2786	3108	2632	2660	2842	2730	2996	2674	2730	2394	2184	1792	1918	1484	1260	910	700	350	0	462	700	910	1176	1386	1750	
1176	1610	1988	1792	1904	2478	2338	2674	2226	2282	2492	2408	2730	2436	2562	2240	2100	1694	1988	1540	1428	938	700	770	462	0	602	532	742	938	1302	
1694	1610	2002	1988	2170	2716	2674	3038	2660	2758	2996	2940	3290	3010	3150	2842	2702	2296	2548	2100	1932	1498	1260	1036	700	602	0	462	756	1022	1288	
1344	1176	1582	1526	1708	2254	2212	2590	2240	2352	2604	2576	2954	2716	2898	2618	2520	2114	2492	2058	1960	1470	1232	1260	910	532	462	0	294	574	868	
1232	882	1274	1232	1428	1974	1946	2324	2016	2156	2436	2436	2842	2618	2842	2590	2520	2142	2590	2170	2114	1596	1372	1512	1176	742	756	294	0	280	574	
1106	672	1050	952	1148	1694	1680	2058	1778	1932	2226	2240	2660	2478	2730	2506	2464	2100	2604	2212	2198	1680	1470	1722	1386	938	1022	574	280	0	378	
1400	308	714	812	1050	1540	1624	2016	1862	2030	2352	2408	2856	2716	2996	2814	2800	2450	2982	2590	2590	2072	1862	2086	1750	1302	1288	868	574	378	0	
V1
0	1482	1686	1196	1156	1618	1332	1577	1060	1088	1278	1210	1564	1332	1564	1373	1373	1060	1672	1387	1536	1101	1047	1645	1496	1142	1645	1305	1196	1074	1360	
1482	0	380	612	870	1264	1414	1795	1727	1917	2230	2339	2774	2679	2992	2842	2856	2529	3087	2733	2760	2244	2067	2325	1999	1564	1564	1142	856	652	299	
1686	380	0	571	788	1033	1292	1645	1700	1917	2230	2366	2828	2774	3114	3005	3046	2760	3345	3005	3073	2570	2393	2692	2366	1931	1944	1536	1237	1020	693	
1196	612	571	0	244	720	802	1183	1142	1346	1659	1795	2244	2203	2543	2448	2516	2257	2883	2584	2679	2203	2067	2475	2189	1740	1931	1482	1196	924	788	
1156	870	788	244	0	544	557	938	911	1115	1428	1591	2040	2026	2380	2312	2407	2176	2815	2543	2679	2216	2108	2570	2312	1849	2108	1659	1387	1115	1020	
1618	1264	1033	720	544	0	421	666	979	1196	1482	1700	2135	2203	2584	2597	2733	2556	3223	2992	3155	2720	2624	3114	2856	2407	2638	2189	1917	1645	1496	
1332	1414	1292	802	557	421	0	380	557	775	1060	1278	1713	1795	2162	2189	2339	2203	2869	2665	2869	2448	2380	2924	2706	2271	2597	2148	1890	1632	1577	
1577	1795	1645	1183	938	666	380	0	584	720	924	1183	1564	1727	2108	2203	2393	2298	2978	2828	3046	2679	2638	3209	3019	2597	2951	2516	2257	1999	1958	
1060	1727	1700	1142	911	979	557	584	0	217	516	720	1156	1224	1604	1645	1822	1713	2393	2244	2475	2121	2108	2720	2556	2162	2584	2176	1958	1727	1808	
1088	1917	1917	1346	1115	1196	775	720	217	0	312	503	938	1020	1400	1468	1659	1604	2271	2148	2407	2094	2094	2733	2584	2216	2679	2284	2094	1876	1972	
1278	2230	2230	1659	1428	1482	1060	924	516	312	0	272	652	816	1196	1332	1564	1577	2216	2162	2448	2189	2230	2869	2760	2420	2910	2529	2366	2162	2284	
1210	2339	2366	1795	1591	1700	1278	1183	720	503	272	0	448	530	911	1047	1292	1332	1958	1931	2216	2012	2067	2720	2652	2339	2856	2502	2366	2176	2339	
1564	2774	2828	2244	2040	2135	1713	1564	1156	938	652	448	0	380	652	924	1210	1387	1904	1985	2312	2189	2284	2937	2910	2652	3196	2869	2760	2584	2774	
1332	2679	2774	2203	2026	2203	1795	1727	1224	1020	816	530	380	0	380	557	829	1006	1523	1604	1931	1822	1944	2597	2597	2366	2924	2638	2543	2407	2638	
1564	2992	3114	2543	2380	2584	2162	2108	1604	1400	1196	911	652	380	0	353	639	938	1319	1482	1822	1822	1985	2611	2652	2488	3060	2815	2760	2652	2910	
1373	2842	3005	2448	2312	2597	2189	2203	1645	1468	1332	1047	924	557	353	0	285	584	979	1115	1455	1468	1645	2257	2325	2176	2760	2543	2516	2434	2733	
1373	2856	3046	2516	2407	2733	2339	2393	1822	1659	1564	1292	1210	829	639	285	0	380	693	843	1183	1251	1441	2040	2121	2040	2624	2448	2448	2393	2720	
1060	2529	2760	2257	2176	2556	2203	2298	1713	1604	1577	1332	1387	1006	938	584	380	0	666	598	924	884	1060	1672	1740	1645	2230	2053	2080	2040	2380	
1672	3087	3345	2883	2815	3223	2869	2978	2393	2271	2216	1958	1904	1523	1319	979	693	666	0	421	680	1020	1251	1672	1863	1931	2475	2420	2516	2529	2896	
1387	2733	3005	2584	2543	2992	2665	2828	2244	2148	2162	1931	1985	1604	1482	1115	843	598	421	0	340	584	816	1264	1441	1496	2040	1999	2108	2148	2516	
1536	2760	3073	2679	2679	3155	2869	3046	2475	2407	2448	2216	2312	1931	1822	1455	1183	924	680	340	0	503	707	992	1224	1387	1876	1904	2053	2135	2516	
1101	2244	2570	2203	2216	2720	2448	2679	2121	2094	2189	2012	2189	1822	1822	1468	1251	884	1020	584	503	0	231	775	884	911	1455	1428	1550	1632	2012	
1047	2067	2393	2067	2108	2624	2380	2638	2108	2094	2230	2067	2284	1944	1985	1645	1441	1060	1251	816	707	231	0	652	680	680	1224	1196	1332	1428	1808	
1645	2325	2692	2475	2570	3114	2924	3209	2720	2733	2869	2720	2937	2597	2611	2257	2040	1672	1672	1264	992	775	652	0	340	748	1006	1224	1468	1672	2026	
1496	1999	2366	2189	2312	2856	2706	3019	2556	2584	2760	2652	2910	2597	2652	2325	2121	1740	1863	1441	1224	884	680	340	0	448	680	884	1142	1346	1700	
1142	1564	1931	1740	1849	2407	2271	2597	2162	2216	2420	2339	2652	2366	2488	2176	2040	1645	1931	1496	1387	911	680	748	448	0	584	516	720	911	1264	
1645	1564	1944	1931	2108	2638	2597	2951	2584	2679	2910	2856	3196	2924	3060	2760	2624	2230	2475	2040	1876	1455	1224	1006	680	584	0	448	734	992	1251	
1305	1142	1536	1482	1659	2189	2148	2516	2176	2284	2529	2502	2869	2638	2815	2543	2448	2053	2420	1999	1904	1428	1196	1224	884	516	448	0	285	557	843	
1196	856	1237	1196	1387	1917	1890	2257	1958	2094	2366	2366	2760	2543	2760	2516	2448	2080	2516	2108	2053	1550	1332	1468	1142	720	734	285	0	272	557	
1074	652	1020	924	1115	1645	1632	1999	1727	1876	2162	2176	2584	2407	2652	2434	2393	2040	2529	2148	2135	1632	1428	1672	1346	911	992	557	272	0	367	
1360	299	693	788	1020	1496	1577	1958	1808	1972	2284	2339	2774	2638	2910	2733	2720	2380	2896	2516	2516	2012	1808	2026	1700	1264	1251	843	557	367	0	
V2
0	1787	2033	1443	1394	1951	1607	1902	1279	1312	1541	1459	1886	1607	1886	1656	1656	1279	2017	1672	1853	1328	1262	1984	1804	1377	1984	1574	1443	1295	1640	
1787	0	459	738	1049	1525	1705	2164	2082	2312	2689	2820	3345	3230	3608	3427	3444	3050	3722	3296	3329	2706	2492	2804	2410	1886	1886	1377	1033	787	360	
2033	459	0	688	951	1246	1558	1984	2050	2312	2689	2853	3411	3345	3755	3624	3673	3329	4034	3624	3706	3099	2886	3247	2853	2328	2345	1853	1492	1230	836	
1443	738	688	0	295	869	967	1426	1377	1623	2000	2164	2706	2656	3066	2952	3034	2722	3476	3116	3230	2656	2492	2984	2640	2099	2328	1787	1443	1115	951	
1394	1049	951	295	0	656	672	1131	1098	1344	1722	1918	2460	2443	2870	2788	2902	2624	3394	3066	3230	2673	2542	3099	2788	2230	2542	2000	1672	1344	1230	
1951	1525	1246	869	656	0	508	803	1180	1443	1787	2050	2574	2656	3116	3132	3296	3083	3886	3608	3804	3280	3165	3755	3444	2902	3181	2640	2312	1984	1804	
1607	1705	1558	967	672	508	0	459	672	934	1279	1541	2066	2164	2607	2640	2820	2656	3460	3214	3460	2952	2870	3526	3263	2738	3132	2591	2279	1968	1902	
1902	2164	1984	1426	1131	803	459	0	705	869	1115	1426	1886	2082	2542	2656	2886	2771	3591	3411	3673	3230	3181	3870	3640	3132	3558	3034	2722	2410	2361	
1279	2082	2050	1377	1098	1180	672	705	0	262	623	869	1394	1476	1935	1984	2197	2066	2886	2706	2984	2558	2542	3280	3083	2607	3116	2624	2361	2082	2181	
1312	2312	2312	1623	1344	1443	934	869	262	0	377	606	1131	1230	1689	1771	2000	1935	2738	2591	2902	2525	2525	3296	3116	2673	3230	2755	2525	2263	2378	
1541	2689	2689	2000	1722	1787	1279	1115	623	377	0	328	787	984	1443	1607	1886	1902	2673	2607	2952	2640	2689	3460	3329	2919	3509	3050	2853	2607	2755	
1459	2820	2853	2164	1918	2050	1541	1426	869	606	328	0	541	639	1098	1262	1558	1607	2361	2328	2673	2427	2492	3280	3198	2820	3444	3017	2853	2624	2820	
1886	3345	3411	2706	2460	2574	2066	1886	1394	1131	787	541	0	459	787	1115	1459	1672	2296	2394	2788	2640	2755	3542	3509	3198	3854	3460	3329	3116	3345	
1607	3230	3345	2656	2443	2656	2164	2082	1476	1230	984	639	459	0	459	672	1000	1213	1836	1935	2328	2197	2345	3132	3132	2853	3526	3181	3066	2902	3181	
1886	3608	3755	3066	2870	3116	2607	2542	1935	1689	1443	1098	787	459	0	426	770	1131	1590	1787	2197	2197	2394	3148	3198	3001	3690	3394	3329	3198	3509	
1656	3427	3624	2952	2788	3132	2640	2656	1984	1771	1607	1262	1115	672	426	0	344	705	1180	1344	1754	1771	1984	2722	2804	2624	3329	3066	3034	2935	3296	
1656	3444	3673	3034	2902	3296	2820	2886	2197	2000	1886	1558	1459	1000	770	344	0	459	836	1016	1426	1508	1738	2460	2558	2460	3165	2952	2952	2886	3280	
1279	3050	3329	2722	2624	3083	2656	2771	2066	1935	1902	1607	1672	1213	1131	705	459	0	803	721	1115	1066	1279	2017	2099	1984	2689	2476	2509	2460	2870	
2017	3722	4034	3476	3394	3886	3460	3591	2886	2738	2673	2361	2296	1836	1590	1180	836	803	0	508	820	1230	1508	2017	2246	2328	2984	2919	3034	3050	3493	
1672	3296	3624	3116	3066	3608	3214	3411	2706	2591	2607	2328	2394	1935	1787	1344	1016	721	508	0	410	705	984	1525	1738	1804	2460	2410	2542	2591	3034	
1853	3329	3706	3230	3230	3804	3460	3673	2984	2902	2952	2673	2788	2328	2197	1754	1426	1115	820	410	0	606	852	1197	1476	1672	2263	2296	2476	2574	3034	
1328	2706	3099	2656	2673	3280	2952	3230	2558	2525	2640	2427	2640	2197	2197	1771	1508	1066	1230	705	606	0	278	934	1066	1098	1754	1722	1869	1968	2427	
1262	2492	2886	2492	2542	3165	2870	3181	2542	2525	2689	2492	2755	2345	2394	1984	1738	1279	1508	984	852	278	0	787	820	820	1476	1443	1607	1722	2181	
1984	2804	3247	2984	3099	3755	3526	3870	3280	3296	3460	3280	3542	3132	3148	2722	2460	2017	2017	1525	1197	934	787	0	410	902	1213	1476	1771	2017	2443	
1804	2410	2853	2640	2788	3444	3263	3640	3083	3116	3329	3198	3509	3132	3198	2804	2558	2099	2246	1738	1476	1066	820	410	0	541	820	1066	1377	1623	2050	
1377	1886	2328	2099	2230	2902	2738	3132	2607	2673	2919	2820	3198	2853	3001	2624	2460	1984	2328	1804	1672	1098	820	902	541	0	705	623	869	1098	1525	
1984	1886	2345	2328	2542	3181	3132	3558	3116	3230	3509	3444	3854	3526	3690	3329	3165	2689	2984	2460	2263	1754	1476	1213	820	705	0	541	885	1197	1508	
1574	1377	1853	1787	2000	2640	2591	3034	2624	2755	3050	3017	3460	3181	3394	3066	2952	2476	2919	2410	2296	1722	1443	1476	1066	623	541	0	344	672	1016	
1443	1033	1492	1443	1672	2312	2279	2722	2361	2525	2853	2853	3329	3066	3329	3034	2952	2509	3034	2542	2476	1869	1607	1771	1377	869	885	344	0	328	672	
1295	787	1230	1115	1344	1984	1968	2410	2082	2263	2607	2624	3116	2902	3198	2935	2886	2460	3050	2591	2574	1968	1722	2017	1623	1098	1197	672	328	0	442	
1640	360	836	951	1230	1804	1902	2361	2181	2378	2755	2820	3345	3181	3509	3296	3280	2870	3493	3034	3034	2427	2181	2443	2050	1525	1508	1016	672	442	0	
V3
0	1635	1860	1320	1275	1785	1470	1740	1170	1200	1410	1335	1725	1470	1725	1515	1515	1170	1845	1530	1695	1215	1155	1815	1650	1260	1815	1440	1320	1185	1500	
1635	0	420	675	960	1395	1560	1980	1905	2115	2460	2580	3060	2955	3300	3135	3150	2790	3405	3015	3045	2475	2280	2565	2205	1725	1725	1260	945	720	330	
1860	420	0	630	870	1140	1425	1815	1875	2115	2460	2610	3120	3060	3435	3315	3360	3045	3690	3315	3390	2835	2640	2970	2610	2130	2145	1695	1365	1125	765	
1320	675	630	0	270	795	885	1305	1260	1485	1830	1980	2475	2430	2805	2700	2775	2490	3180	2850	2955	2430	2280	2730	2415	1920	2130	1635	1320	1020	870	
1275	960	870	270	0	600	615	1035	1005	1230	1575	1755	2250	2235	2625	2550	2655	2400	3105	2805	2955	2445	2325	2835	2550	2040	2325	1830	1530	1230	1125	
1785	1395	1140	795	600	0	465	735	1080	1320	1635	1875	2355	2430	2850	2865	3015	2820	3555	3300	3480	3000	2895	3435	3150	2655	2910	2415	2115	1815	1650	
1470	1560	1425	885	615	465	0	420	615	855	1170	1410	1890	1980	2385	2415	2580	2430	3165	2940	3165	2700	2625	3225	2985	2505	2865	2370	2085	1800	1740	
1740	1980	1815	1305	1035	735	420	0	645	795	1020	1305	1725	1905	2325	2430	2640	2535	3285	3120	3360	2955	2910	3540	3330	2865	3255	2775	2490	2205	2160	
1170	1905	1875	1260	1005	1080	615	645	0	240	570	795	1275	1350	1770	1815	2010	1890	2640	2475	2730	2340	2325	3000	2820	2385	2850	2400	2160	1905	1995	
1200	2115	2115	1485	1230	1320	855	795	240	0	345	555	1035	1125	1545	1620	1830	1770	2505	2370	2655	2310	2310	3015	2850	2445	2955	2520	2310	2070	2175	
1410	2460	2460	1830	1575	1635	1170	1020	570	345	0	300	720	900	1320	1470	1725	1740	2445	2385	2700	2415	2460	3165	3045	2670	3210	2790	2610	2385	2520	
1335	2580	2610	1980	1755	1875	1410	1305	795	555	300	0	495	585	1005	1155	1425	1470	2160	2130	2445	2220	2280	3000	2925	2580	3150	2760	2610	2400	2580	
1725	3060	3120	2475	2250	2355	1890	1725	1275	1035	720	495	0	420	720	1020	1335	1530	2100	2190	2550	2415	2520	3240	3210	2925	3525	3165	3045	2850	3060	
1470	2955	3060	2430	2235	2430	1980	1905	1350	1125	900	585	420	0	420	615	915	1110	1680	1770	2130	2010	2145	2865	2865	2610	3225	2910	2805	2655	2910	
1725	3300	3435	2805	2625	2850	2385	2325	1770	1545	1320	1005	720	420	0	390	705	1035	1455	1635	2010	2010	2190	2880	2925	2745	3375	3105	3045	2925	3210	
1515	3135	3315	2700	2550	2865	2415	2430	1815	1620	1470	1155	1020	615	390	0	315	645	1080	1230	1605	1620	1815	2490	2565	2400	3045	2805	2775	2685	3015	
1515	3150	3360	2775	2655	3015	2580	2640	2010	1830	1725	1425	1335	915	705	315	0	420	765	930	1305	1380	1590	2250	2340	2250	2895	2700	2700	2640	3000	
1170	2790	3045	2490	2400	2820	2430	2535	1890	1770	1740	1470	1530	1110	1035	645	420	0	735	660	1020	975	1170	1845	1920	1815	2460	2265	2295	2250	2625	
1845	3405	3690	3180	3105	3555	3165	3285	2640	2505	2445	2160	2100	1680	1455	1080	765	735	0	465	750	1125	1380	1845	2055	2130	2730	2670	2775	2790	3195	
1530	3015	3315	2850	2805	3300	2940	3120	2475	2370	2385	2130	2190	1770	1635	1230	930	660	465	0	375	645	900	1395	1590	1650	2250	2205	2325	2370	2775	
1695	3045	3390	2955	2955	3480	3165	3360	2730	2655	2700	2445	2550	2130	2010	1605	1305	1020	750	375	0	555	780	1095	1350	1530	2070	2100	2265	2355	2775	
1215	2475	2835	2430	2445	3000	2700	2955	2340	2310	2415	2220	2415	2010	2010	1620	1380	975	1125	645	555	0	255	855	975	1005	1605	1575	1710	1800	2220	
1155	2280	2640	2280	2325	2895	2625	2910	2325	2310	2460	2280	2520	2145	2190	1815	1590	1170	1380	900	780	255	0	720	750	750	1350	1320	1470	1575	1995	
1815	2565	2970	2730	2835	3435	3225	3540	3000	3015	3165	3000	3240	2865	2880	2490	2250	1845	1845	1395	1095	855	720	0	375	825	1110	1350	1620	1845	2235	
1650	2205	2610	2415	2550	3150	2985	3330	2820	2850	3045	2925	3210	2865	2925	2565	2340	1920	2055	1590	1350	975	750	375	0	495	750	975	1260	1485	1875	
1260	1725	2130	1920	2040	2655	2505	2865	2385	2445	2670	2580	2925	2610	2745	2400	2250	1815	2130	1650	1530	1005	750	825	495	0	645	570	795	1005	1395	
1815	1725	2145	2130	2325	2910	2865	3255	2850	2955	3210	3150	3525	3225	3375	3045	2895	2460	2730	2250	2070	1605	1350	1110	750	645	0	495	810	1095	1380	
1440	1260	1695	1635	1830	2415	2370	2775	2400	2520	2790	2760	3165	2910	3105	2805	2700	2265	2670	2205	2100	1575	1320	1350	975	570	495	0	315	615	930	
1320	945	1365	1320	1530	2115	2085	2490	2160	2310	2610	2610	3045	2805	3045	2775	2700	2295	2775	2325	2265	1710	1470	1620	1260	795	810	315	0	300	615	
1185	720	1125	1020	1230	1815	1800	2205	1905	2070	2385	2400	2850	2655	2925	2685	2640	2250	2790	2370	2355	1800	1575	1845	1485	1005	1095	615	300	0	405	
1500	330	765	870	1125	1650	1740	2160	1995	2175	2520	2580	3060	2910	3210	3015	3000	2625	3195	2775	2775	2220	1995	2235	1875	1395	1380	930	615	405	0	
V4
0	915	1041	739	714	999	823	974	655	672	789	747	966	823	966	848	848	655	1033	856	949	680	646	1016	924	705	1016	806	739	663	840	
915	0	235	378	537	781	873	1108	1066	1184	1377	1444	1713	1654	1848	1755	1764	1562	1906	1688	1705	1386	1276	1436	1234	966	966	705	529	403	184	
1041	235	0	352	487	638	798	1016	1050	1184	1377	1461	1747	1713	1923	1856	1881	1705	2066	1856	1898	1587	1478	1663	1461	1192	1201	949	764	630	428	
739	378	352	0	151	445	495	730	705	831	1024	1108	1386	1360	1570	1512	1554	1394	1780	1596	1654	1360	1276	1528	1352	1075	1192	915	739	571	487	
714	537	487	151	0	336	344	579	562	688	882	982	1260	1251	1470	1428	1486	1344	1738	1570	1654	1369	1302	1587	1428	1142	1302	1024	856	688	630	
999	781	638	445	336	0	260	411	604	739	915	1050	1318	1360	1596	1604	1688	1579	1990	1848	1948	1680	1621	1923	1764	1486	1629	1352	1184	1016	924	
823	873	798	495	344	260	0	235	344	478	655	789	1058	1108	1335	1352	1444	1360	1772	1646	1772	1512	1470	1806	1671	1402	1604	1327	1167	1008	974	
974	1108	1016	730	579	411	235	0	361	445	571	730	966	1066	1302	1360	1478	1419	1839	1747	1881	1654	1629	1982	1864	1604	1822	1554	1394	1234	1209	
655	1066	1050	705	562	604	344	361	0	134	319	445	714	756	991	1016	1125	1058	1478	1386	1528	1310	1302	1680	1579	1335	1596	1344	1209	1066	1117	
672	1184	1184	831	688	739	478	445	134	0	193	310	579	630	865	907	1024	991	1402	1327	1486	1293	1293	1688	1596	1369	1654	1411	1293	1159	1218	
789	1377	1377	1024	882	915	655	571	319	193	0	168	403	504	739	823	966	974	1369	1335	1512	1352	1377	1772	1705	1495	1797	1562	1461	1335	1411	
747	1444	1461	1108	982	1050	789	730	445	310	168	0	277	327	562	646	798	823	1209	1192	1369	1243	1276	1680	1638	1444	1764	1545	1461	1344	1444	
966	1713	1747	1386	1260	1318	1058	966	714	579	403	277	0	235	403	571	747	856	1176	1226	1428	1352	1411	1814	1797	1638	1974	1772	1705	1596	1713	
823	1654	1713	1360	1251	1360	1108	1066	756	630	504	327	235	0	235	344	512	621	940	991	1192	1125	1201	1604	1604	1461	1806	1629	1570	1486	1629	
966	1848	1923	1570	1470	1596	1335	1302	991	865	739	562	403	235	0	218	394	579	814	915	1125	1125	1226	1612	1638	1537	1890	1738	1705	1638	1797	
848	1755	1856	1512	1428	1604	1352	1360	1016	907	823	646	571	344	218	0	176	361	604	688	898	907	1016	1394	1436	1344	1705	1570	1554	1503	1688	
848	1764	1881	1554	1486	1688	1444	1478	1125	1024	966	798	747	512	394	176	0	235	428	520	730	772	890	1260	1310	1260	1621	1512	1512	1478	1680	
655	1562	1705	1394	1344	1579	1360	1419	1058	991	974	823	856	621	579	361	235	0	411	369	571	546	655	1033	1075	1016	1377	1268	1285	1260	1470	
1033	1906	2066	1780	1738	1990	1772	1839	1478	1402	1369	1209	1176	940	814	604	428	411	0	260	420	630	772	1033	1150	1192	1528	1495	1554	1562	1789	
856	1688	1856	1596	1570	1848	1646	1747	1386	1327	1335	1192	1226	991	915	688	520	369	260	0	210	361	504	781	890	924	1260	1234	1302	1327	1554	
949	1705	1898	1654	1654	1948	1772	1881	1528	1486	1512	1369	1428	1192	1125	898	730	571	420	210	0	310	436	613	756	856	1159	1176	1268	1318	1554	
680	1386	1587	1360	1369	1680	1512	1654	1310	1293	1352	1243	1352	1125	1125	907	772	546	630	361	310	0	142	478	546	562	898	882	957	1008	1243	
646	1276	1478	1276	1302	1621	1470	1629	1302	1293	1377	1276	1411	1201	1226	1016	890	655	772	504	436	142	0	403	420	420	756	739	823	882	1117	
1016	1436	1663	1528	1587	1923	1806	1982	1680	1688	1772	1680	1814	1604	1612	1394	1260	1033	1033	781	613	478	403	0	210	462	621	756	907	1033	1251	
924	1234	1461	1352	1428	1764	1671	1864	1579	1596	1705	1638	1797	1604	1638	1436	1310	1075	1150	890	756	546	420	210	0	277	420	546	705	831	1050	
705	966	1192	1075	1142	1486	1402	1604	1335	1369	1495	1444	1638	1461	1537	1344	1260	1016	1192	924	856	562	420	462	277	0	361	319	445	562	781	
1016	966	1201	1192	1302	1629	1604	1822	1596	1654	1797	1764	1974	1806	1890	1705	1621	1377	1528	1260	1159	898	756	621	420	361	0	277	453	613	772	
806	705	949	915	1024	1352	1327	1554	1344	1411	1562	1545	1772	1629	1738	1570	1512	1268	1495	1234	1176	882	739	756	546	319	277	0	176	344	520	
739	529	764	739	856	1184	1167	1394	1209	1293	1461	1461	1705	1570	1705	1554	1512	1285	1554	1302	1268	957	823	907	705	445	453	176	0	168	344	
663	403	630	571	688	1016	1008	1234	1066	1159	1335	1344	1596	1486	1638	1503	1478	1260	1562	1327	1318	1008	882	1033	831	562	613	344	168	0	226	
840	184	428	487	630	924	974	1209	1117	1218	1411	1444	1713	1629	1797	1688	1680	1470	1789	1554	1554	1243	1117	1251	1050	781	772	520	344	226	0	
V5
0	1351	1537	1091	1054	1475	1215	1438	967	992	1165	1103	1426	1215	1426	1252	1252	967	1525	1264	1401	1004	954	1500	1364	1041	1500	1190	1091	979	1240	
1351	0	347	558	793	1153	1289	1636	1574	1748	2033	2132	2529	2442	2728	2591	2604	2306	2814	2492	2517	2046	1884	2120	1822	1426	1426	1041	781	595	272	
1537	347	0	520	719	942	1178	1500	1550	1748	2033	2157	2579	2529	2839	2740	2777	2517	3050	2740	2802	2343	2182	2455	2157	1760	1773	1401	1128	930	632	
1091	558	520	0	223	657	731	1078	1041	1227	1512	1636	2046	2008	2318	2232	2294	2058	2628	2356	2442	2008	1884	2256	1996	1587	1760	1351	1091	843	719	
1054	793	719	223	0	496	508	855	830	1016	1302	1450	1860	1847	2170	2108	2194	1984	2566	2318	2442	2021	1922	2343	2108	1686	1922	1512	1264	1016	930	
1475	1153	942	657	496	0	384	607	892	1091	1351	1550	1946	2008	2356	2368	2492	2331	2938	2728	2876	2480	2393	2839	2604	2194	2405	1996	1748	1500	1364	
1215	1289	1178	731	508	384	0	347	508	706	967	1165	1562	1636	1971	1996	2132	2008	2616	2430	2616	2232	2170	2666	2467	2070	2368	1959	1723	1488	1438	
1438	1636	1500	1078	855	607	347	0	533	657	843	1078	1426	1574	1922	2008	2182	2095	2715	2579	2777	2442	2405	2926	2752	2368	2690	2294	2058	1822	1785	
967	1574	1550	1041	830	892	508	533	0	198	471	657	1054	1116	1463	1500	1661	1562	2182	2046	2256	1934	1922	2480	2331	1971	2356	1984	1785	1574	1649	
992	1748	1748	1227	1016	1091	706	657	198	0	285	458	855	930	1277	1339	1512	1463	2070	1959	2194	1909	1909	2492	2356	2021	2442	2083	1909	1711	1798	
1165	2033	2033	1512	1302	1351	967	843	471	285	0	248	595	744	1091	1215	1426	1438	2021	1971	2232	1996	2033	2616	2517	2207	2653	2306	2157	1971	2083	
1103	2132	2157	1636	1450	1550	1165	1078	657	458	248	0	409	483	830	954	1178	1215	1785	1760	2021	1835	1884	2480	2418	2132	2604	2281	2157	1984	2132	
1426	2529	2579	2046	1860	1946	1562	1426	1054	855	595	409	0	347	595	843	1103	1264	1736	1810	2108	1996	2083	2678	2653	2418	2914	2616	2517	2356	2529	
1215	2442	2529	2008	1847	2008	1636	1574	1116	930	744	483	347	0	347	508	756	917	1388	1463	1760	1661	1773	2368	2368	2157	2666	2405	2318	2194	2405	
1426	2728	2839	2318	2170	2356	1971	1922	1463	1277	1091	830	595	347	0	322	582	855	1202	1351	1661	1661	1810	2380	2418	2269	2790	2566	2517	2418	2653	
1252	2591	2740	2232	2108	2368	1996	2008	1500	1339	1215	954	843	508	322	0	260	533	892	1016	1326	1339	1500	2058	2120	1984	2517	2318	2294	2219	2492	
1252	2604	2777	2294	2194	2492	2132	2182	1661	1512	1426	1178	1103	756	582	260	0	347	632	768	1078	1140	1314	1860	1934	1860	2393	2232	2232	2182	2480	
967	2306	2517	2058	1984	2331	2008	2095	1562	1463	1438	1215	1264	917	855	533	347	0	607	545	843	806	967	1525	1587	1500	2033	1872	1897	1860	2170	
1525	2814	3050	2628	2566	2938	2616	2715	2182	2070	2021	1785	1736	1388	1202	892	632	607	0	384	620	930	1140	1525	1698	1760	2256	2207	2294	2306	2641	
1264	2492	2740	2356	2318	2728	2430	2579	2046	1959	1971	1760	1810	1463	1351	1016	768	545	384	0	310	533	744	1153	1314	1364	1860	1822	1922	1959	2294	
1401	2517	2802	2442	2442	2876	2616	2777	2256	2194	2232	2021	2108	1760	1661	1326	1078	843	620	310	0	458	644	905	1116	1264	1711	1736	1872	1946	2294	
1004	2046	2343	2008	2021	2480	2232	2442	1934	1909	1996	1835	1996	1661	1661	1339	1140	806	930	533	458	0	210	706	806	830	1326	1302	1413	1488	1835	
954	1884	2182	1884	1922	2393	2170	2405	1922	1909	2033	1884	2083	1773	1810	1500	1314	967	1140	744	644	210	0	595	620	620	1116	1091	1215	1302	1649	
1500	2120	2455	2256	2343	2839	2666	2926	2480	2492	2616	2480	2678	2368	2380	2058	1860	1525	1525	1153	905	706	595	0	310	682	917	1116	1339	1525	1847	
1364	1822	2157	1996	2108	2604	2467	2752	2331	2356	2517	2418	2653	2368	2418	2120	1934	1587	1698	1314	1116	806	620	310	0	409	620	806	1041	1227	1550	
1041	1426	1760	1587	1686	2194	2070	2368	1971	2021	2207	2132	2418	2157	2269	1984	1860	1500	1760	1364	1264	830	620	682	409	0	533	471	657	830	1153	
1500	1426	1773	1760	1922	2405	2368	2690	2356	2442	2653	2604	2914	2666	2790	2517	2393	2033	2256	1860	1711	1326	1116	917	620	533	0	409	669	905	1140	
1190	1041	1401	1351	1512	1996	1959	2294	1984	2083	2306	2281	2616	2405	2566	2318	2232	1872	2207	1822	1736	1302	1091	1116	806	471	409	0	260	508	768	
1091	781	1128	1091	1264	1748	1723	2058	1785	1909	2157	2157	2517	2318	2517	2294	2232	1897	2294	1922	1872	1413	1215	1339	1041	657	669	260	0	248	508	
979	595	930	843	1016	1500	1488	1822	1574	1711	1971	1984	2356	2194	2418	2219	2182	1860	2306	1959	1946	1488	1302	1525	1227	830	905	508	248	0	334	
1240	272	632	719	930	1364	1438	1785	1649	1798	2083	2132	2529	2405	2653	2492	2480	2170	2641	2294	2294	1835	1649	1847	1550	1153	1140	768	508	334	0	
V6
0	741	843	598	578	809	666	788	530	544	639	605	782	666	782	686	686	530	836	693	768	550	523	822	748	571	822	652	598	537	680	
741	0	190	306	435	632	707	897	863	958	1115	1169	1387	1339	1496	1421	1428	1264	1543	1366	1380	1122	1033	1162	999	782	782	571	428	326	149	
843	190	0	285	394	516	646	822	850	958	1115	1183	1414	1387	1557	1502	1523	1380	1672	1502	1536	1285	1196	1346	1183	965	972	768	618	510	346	
598	306	285	0	122	360	401	591	571	673	829	897	1122	1101	1271	1224	1258	1128	1441	1292	1339	1101	1033	1237	1094	870	965	741	598	462	394	
578	435	394	122	0	272	278	469	455	557	714	795	1020	1013	1190	1156	1203	1088	1407	1271	1339	1108	1054	1285	1156	924	1054	829	693	557	510	
809	632	516	360	272	0	210	333	489	598	741	850	1067	1101	1292	1298	1366	1278	1611	1496	1577	1360	1312	1557	1428	1203	1319	1094	958	822	748	
666	707	646	401	278	210	0	190	278	387	530	639	856	897	1081	1094	1169	1101	1434	1332	1434	1224	1190	1462	1353	1135	1298	1074	945	816	788	
788	897	822	591	469	333	190	0	292	360	462	591	782	863	1054	1101	1196	1149	1489	1414	1523	1339	1319	1604	1509	1298	1475	1258	1128	999	979	
530	863	850	571	455	489	278	292	0	108	258	360	578	612	802	822	911	856	1196	1122	1237	1060	1054	1360	1278	1081	1292	1088	979	863	904	
544	958	958	673	557	598	387	360	108	0	156	251	469	510	700	734	829	802	1135	1074	1203	1047	1047	1366	1292	1108	1339	1142	1047	938	986	
639	1115	1115	829	714	741	530	462	258	156	0	136	326	408	598	666	782	788	1108	1081	1224	1094	1115	1434	1380	1210	1455	1264	1183	1081	1142	
605	1169	1183	897	795	850	639	591	360	251	136	0	224	265	455	523	646	666	979	965	1108	1006	1033	1360	1326	1169	1428	1251	1183	1088	1169	
782	1387	1414	1122	1020	1067	856	782	578	469	326	224	0	190	326	462	605	693	952	992	1156	1094	1142	1468	1455	1326	1598	1434	1380	1292	1387	
666	1339	1387	1101	1013	1101	897	863	612	510	408	265	190	0	190	278	414	503	761	802	965	911	972	1298	1298	1183	1462	1319	1271	1203	1319	
782	1496	1557	1271	1190	1292	1081	1054	802	700	598	455	326	190	0	176	319	469	659	741	911	911	992	1305	1326	1244	1530	1407	1380	1326	1455	
686	1421	1502	1224	1156	1298	1094	1101	822	734	666	523	462	278	176	0	142	292	489	557	727	734	822	1128	1162	1088	1380	1271	1258	1217	1366	
686	1428	1523	1258	1203	1366	1169	1196	911	829	782	646	605	414	319	142	0	190	346	421	591	625	720	1020	1060	1020	1312	1224	1224	1196	1360	
530	1264	1380	1128	1088	1278	1101	1149	856	802	788	666	693	503	469	292	190	0	333	299	462	442	530	836	870	822	1115	1026	1040	1020	1190	
836	1543	1672	1441	1407	1611	1434	1489	1196	1135	1108	979	952	761	659	489	346	333	0	210	340	510	625	836	931	965	1237	1210	1258	1264	1448	
693	1366	1502	1292	1271	1496	1332	1414	1122	1074	1081	965	992	802	741	557	421	299	210	0	170	292	408	632	720	748	1020	999	1054	1074	1258	
768	1380	1536	1339	1339	1577	1434	1523	1237	1203	1224	1108	1156	965	911	727	591	462	340	170	0	251	353	496	612	693	938	952	1026	1067	1258	
550	1122	1285	1101	1108	1360	1224	1339	1060	1047	1094	1006	1094	911	911	734	625	442	510	292	251	0	115	387	442	455	727	714	775	816	1006	
523	1033	1196	1033	1054	1312	1190	1319	1054	1047	1115	1033	1142	972	992	822	720	530	625	408	353	115	0	326	340	340	612	598	666	714	904	
822	1162	1346	1237	1285	1557	1462	1604	1360	1366	1434	1360	1468	1298	1305	1128	1020	836	836	632	496	387	326	0	170	374	503	612	734	836	1013	
748	999	1183	1094	1156	1428	1353	1509	1278	1292	1380	1326	1455	1298	1326	1162	1060	870	931	720	612	442	340	170	0	224	340	442	571	673	850	
571	782	965	870	924	1203	1135	1298	1081	1108	1210	1169	1326	1183	1244	1088	1020	822	965	748	693	455	340	374	224	0	292	258	360	455	632	
822	782	972	965	1054	1319	1298	1475	1292	1339	1455	1428	1598	1462	1530	1380	1312	1115	1237	1020	938	727	612	503	340	292	0	224	367	496	625	
652	571	768	741	829	1094	1074	1258	1088	1142	1264	1251	1434	1319	1407	1271	1224	1026	1210	999	952	714	598	612	442	258	224	0	142	278	421	
598	428	618	598	693	958	945	1128	979	1047	1183	1183	1380	1271	1380	1258	1224	1040	1258	1054	1026	775	666	734	571	360	367	142	0	136	278	
537	326	510	462	557	822	816	999	863	938	1081	1088	1292	1203	1326	1217	1196	1020	1264	1074	1067	816	714	836	673	455	496	278	136	0	183	
680	149	346	394	510	748	788	979	904	986	1142	1169	1387	1319	1455	1366	1360	1190	1448	1258	1258	1006	904	1013	850	632	625	421	278	183	0	
V7
0	1395	1587	1126	1088	1523	1254	1484	998	1024	1203	1139	1472	1254	1472	1292	1292	998	1574	1305	1446	1036	985	1548	1408	1075	1548	1228	1126	1011	1280	
1395	0	358	576	819	1190	1331	1689	1625	1804	2099	2201	2611	2521	2816	2675	2688	2380	2905	2572	2598	2112	1945	2188	1881	1472	1472	1075	806	614	281	
1587	358	0	537	742	972	1216	1548	1600	1804	2099	2227	2662	2611	2931	2828	2867	2598	3148	2828	2892	2419	2252	2534	2227	1817	1830	1446	1164	960	652	
1126	576	537	0	230	678	755	1113	1075	1267	1561	1689	2112	2073	2393	2304	2368	2124	2713	2432	2521	2073	1945	2329	2060	1638	1817	1395	1126	870	742	
1088	819	742	230	0	512	524	883	857	1049	1344	1497	1920	1907	2240	2176	2265	2048	2649	2393	2521	2086	1984	2419	2176	1740	1984	1561	1305	1049	960	
1523	1190	972	678	512	0	396	627	921	1126	1395	1600	2009	2073	2432	2444	2572	2406	3033	2816	2969	2560	2470	2931	2688	2265	2483	2060	1804	1548	1408	
1254	1331	1216	755	524	396	0	358	524	729	998	1203	1612	1689	2035	2060	2201	2073	2700	2508	2700	2304	2240	2752	2547	2137	2444	2022	1779	1536	1484	
1484	1689	1548	1113	883	627	358	0	550	678	870	1113	1472	1625	1984	2073	2252	2163	2803	2662	2867	2521	2483	3020	2841	2444	2777	2368	2124	1881	1843	
998	1625	1600	1075	857	921	524	550	0	204	486	678	1088	1152	1510	1548	1715	1612	2252	2112	2329	1996	1984	2560	2406	2035	2432	2048	1843	1625	1702	
1024	1804	1804	1267	1049	1126	729	678	204	0	294	473	883	960	1318	1382	1561	1510	2137	2022	2265	1971	1971	2572	2432	2086	2521	2150	1971	1766	1856	
1203	2099	2099	1561	1344	1395	998	870	486	294	0	256	614	768	1126	1254	1472	1484	2086	2035	2304	2060	2099	2700	2598	2278	2739	2380	2227	2035	2150	
1139	2201	2227	1689	1497	1600	1203	1113	678	473	256	0	422	499	857	985	1216	1254	1843	1817	2086	1894	1945	2560	2496	2201	2688	2355	2227	2048	2201	
1472	2611	2662	2112	1920	2009	1612	1472	1088	883	614	422	0	358	614	870	1139	1305	1792	1868	2176	2060	2150	2764	2739	2496	3008	2700	2598	2432	2611	
1254	2521	2611	2073	1907	2073	1689	1625	1152	960	768	499	358	0	358	524	780	947	1433	1510	1817	1715	1830	2444	2444	2227	2752	2483	2393	2265	2483	
1472	2816	2931	2393	2240	2432	2035	1984	1510	1318	1126	857	614	358	0	332	601	883	1241	1395	1715	1715	1868	2457	2496	2342	2880	2649	2598	2496	2739	
1292	2675	2828	2304	2176	2444	2060	2073	1548	1382	1254	985	870	524	332	0	268	550	921	1049	1369	1382	1548	2124	2188	2048	2598	2393	2368	2291	2572	
1292	2688	2867	2368	2265	2572	2201	2252	1715	1561	1472	1216	1139	780	601	268	0	358	652	793	1113	1177	1356	1920	1996	1920	2470	2304	2304	2252	2560	
998	2380	2598	2124	2048	2406	2073	2163	1612	1510	1484	1254	1305	947	883	550	358	0	627	563	870	832	998	1574	1638	1548	2099	1932	1958	1920	2240	
1574	2905	3148	2713	2649	3033	2700	2803	2252	2137	2086	1843	1792	1433	1241	921	652	627	0	396	640	960	1177	1574	1753	1817	2329	2278	2368	2380	2726	
1305	2572	2828	2432	2393	2816	2508	2662	2112	2022	2035	1817	1868	1510	1395	1049	793	563	396	0	320	550	768	1190	1356	1408	1920	1881	1984	2022	2368	
1446	2598	2892	2521	2521	2969	2700	2867	2329	2265	2304	2086	2176	1817	1715	1369	1113	870	640	320	0	473	665	934	1152	1305	1766	1792	1932	2009	2368	
1036	2112	2419	2073	2086	2560	2304	2521	1996	1971	2060	1894	2060	1715	1715	1382	1177	832	960	550	473	0	217	729	832	857	1369	1344	1459	1536	1894	
985	1945	2252	1945	1984	2470	2240	2483	1984	1971	2099	1945	2150	1830	1868	1548	1356	998	1177	768	665	217	0	614	640	640	1152	1126	1254	1344	1702	
1548	2188	2534	2329	2419	2931	2752	3020	2560	2572	2700	2560	2764	2444	2457	2124	1920	1574	1574	1190	934	729	614	0	320	704	947	1152	1382	1574	1907	
1408	1881	2227	2060	2176	2688	2547	2841	2406	2432	2598	2496	2739	2444	2496	2188	1996	1638	1753	1356	1152	832	640	320	0	422	640	832	1075	1267	1600	
1075	1472	1817	1638	1740	2265	2137	2444	2035	2086	2278	2201	2496	2227	2342	2048	1920	1548	1817	1408	1305	857	640	704	422	0	550	486	678	857	1190	
1548	1472	1830	1817	1984	2483	2444	2777	2432	2521	2739	2688	3008	2752	2880	2598	2470	2099	2329	1920	1766	1369	1152	947	640	550	0	422	691	934	1177	
1228	1075	1446	1395	1561	2060	2022	2368	2048	2150	2380	2355	2700	2483	2649	2393	2304	1932	2278	1881	1792	1344	1126	1152	832	486	422	0	268	524	793	
1126	806	1164	1126	1305	1804	1779	2124	1843	1971	2227	2227	2598	2393	2598	2368	2304	1958	2368	1984	1932	1459	1254	1382	1075	678	691	268	0	256	524	
1011	614	960	870	1049	1548	1536	1881	1625	1766	2035	2048	2432	2265	2496	2291	2252	1920	2380	2022	2009	1536	1344	1574	1267	857	934	524	256	0	345	
1280	281	652	742	960	1408	1484	1843	1702	1856	2150	2201	2611	2483	2739	2572	2560	2240	2726	2368	2368	1894	1702	1907	1600	1190	1177	793	524	345	0	
V8
0	959	1091	774	748	1047	862	1020	686	704	827	783	1012	862	1012	888	888	686	1082	897	994	712	677	1064	968	739	1064	844	774	695	880	
959	0	246	396	563	818	915	1161	1117	1240	1443	1513	1795	1733	1936	1839	1848	1636	1997	1768	1786	1452	1337	1504	1293	1012	1012	739	554	422	193	
1091	246	0	369	510	668	836	1064	1100	1240	1443	1531	1830	1795	2015	1944	1971	1786	2164	1944	1988	1663	1548	1742	1531	1249	1258	994	800	660	448	
774	396	369	0	158	466	519	765	739	871	1073	1161	1452	1425	1645	1584	1628	1460	1865	1672	1733	1425	1337	1601	1416	1126	1249	959	774	598	510	
748	563	510	158	0	352	360	607	589	721	924	1029	1320	1311	1540	1496	1557	1408	1821	1645	1733	1434	1364	1663	1496	1196	1364	1073	897	721	660	
1047	818	668	466	352	0	272	431	633	774	959	1100	1381	1425	1672	1680	1768	1654	2085	1936	2041	1760	1698	2015	1848	1557	1707	1416	1240	1064	968	
862	915	836	519	360	272	0	246	360	501	686	827	1108	1161	1399	1416	1513	1425	1856	1724	1856	1584	1540	1892	1751	1469	1680	1390	1223	1056	1020	
1020	1161	1064	765	607	431	246	0	378	466	598	765	1012	1117	1364	1425	1548	1487	1927	1830	1971	1733	1707	2076	1953	1680	1909	1628	1460	1293	1267	
686	1117	1100	739	589	633	360	378	0	140	334	466	748	792	1038	1064	1179	1108	1548	1452	1601	1372	1364	1760	1654	1399	1672	1408	1267	1117	1170	
704	1240	1240	871	721	774	501	466	140	0	202	325	607	660	906	950	1073	1038	1469	1390	1557	1355	1355	1768	1672	1434	1733	1478	1355	1214	1276	
827	1443	1443	1073	924	959	686	598	334	202	0	176	422	528	774	862	1012	1020	1434	1399	1584	1416	1443	1856	1786	1566	1883	1636	1531	1399	1478	
783	1513	1531	1161	1029	1100	827	765	466	325	176	0	290	343	589	677	836	862	1267	1249	1434	1302	1337	1760	1716	1513	1848	1619	1531	1408	1513	
1012	1795	1830	1452	1320	1381	1108	1012	748	607	422	290	0	246	422	598	783	897	1232	1284	1496	1416	1478	1900	1883	1716	2068	1856	1786	1672	1795	
862	1733	1795	1425	1311	1425	1161	1117	792	660	528	343	246	0	246	360	536	651	985	1038	1249	1179	1258	1680	1680	1531	1892	1707	1645	1557	1707	
1012	1936	2015	1645	1540	1672	1399	1364	1038	906	774	589	422	246	0	228	413	607	853	959	1179	1179	1284	1689	1716	1610	1980	1821	1786	1716	1883	
888	1839	1944	1584	1496	1680	1416	1425	1064	950	862	677	598	360	228	0	184	378	633	721	941	950	1064	1460	1504	1408	1786	1645	1628	1575	1768	
888	1848	1971	1628	1557	1768	1513	1548	1179	1073	1012	836	783	536	413	184	0	246	448	545	765	809	932	1320	1372	1320	1698	1584	1584	1548	1760	
686	1636	1786	1460	1408	1654	1425	1487	1108	1038	1020	862	897	651	607	378	246	0	431	387	598	572	686	1082	1126	1064	1443	1328	1346	1320	1540	
1082	1997	2164	1865	1821	2085	1856	1927	1548	1469	1434	1267	1232	985	853	633	448	431	0	272	440	660	809	1082	1205	1249	1601	1566	1628	1636	1874	
897	1768	1944	1672	1645	1936	1724	1830	1452	1390	1399	1249	1284	1038	959	721	545	387	272	0	220	378	528	818	932	968	1320	1293	1364	1390	1628	
994	1786	1988	1733	1733	2041	1856	1971	1601	1557	1584	1434	1496	1249	1179	941	765	598	440	220	0	325	457	642	792	897	1214	1232	1328	1381	1628	
712	1452	1663	1425	1434	1760	1584	1733	1372	1355	1416	1302	1416	1179	1179	950	809	572	660	378	325	0	149	501	572	589	941	924	1003	1056	1302	
677	1337	1548	1337	1364	1698	1540	1707	1364	1355	1443	1337	1478	1258	1284	1064	932	686	809	528	457	149	0	422	440	440	792	774	862	924	1170	
1064	1504	1742	1601	1663	2015	1892	2076	1760	1768	1856	1760	1900	1680	1689	1460	1320	1082	1082	818	642	501	422	0	220	484	651	792	950	1082	1311	
968	1293	1531	1416	1496	1848	1751	1953	1654	1672	1786	1716	1883	1680	1716	1504	1372	1126	1205	932	792	572	440	220	0	290	440	572	739	871	1100	
739	1012	1249	1126	1196	1557	1469	1680	1399	1434	1566	1513	1716	1531	1610	1408	1320	1064	1249	968	897	589	440	484	290	0	378	334	466	589	818	
1064	1012	1258	1249	1364	1707	1680	1909	1672	1733	1883	1848	2068	1892	1980	1786	1698	1443	1601	1320	1214	941	792	651	440	378	0	290	475	642	809	
844	739	994	959	1073	1416	1390	1628	1408	1478	1636	1619	1856	1707	1821	1645	1584	1328	1566	1293	1232	924	774	792	572	334	290	0	184	360	545	
774	554	800	774	897	1240	1223	1460	1267	1355	1531	1531	1786	1645	1786	1628	1584	1346	1628	1364	1328	1003	862	950	739	466	475	184	0	176	360	
695	422	660	598	721	1064	1056	1293	1117	1214	1399	1408	1672	1557	1716	1575	1548	1320	1636	1390	1381	1056	924	1082	871	589	642	360	176	0	237	
880	193	448	510	660	968	1020	1267	1170	1276	1478	1513	1795	1707	1883	1768	1760	1540	1874	1628	1628	1302	1170	1311	1100	818	809	545	360	237	0	
V9
0	1417	1612	1144	1105	1547	1274	1508	1014	1040	1222	1157	1495	1274	1495	1313	1313	1014	1599	1326	1469	1053	1001	1573	1430	1092	1573	1248	1144	1027	1300	
1417	0	364	585	832	1209	1352	1716	1651	1833	2132	2236	2652	2561	2860	2717	2730	2418	2951	2613	2639	2145	1976	2223	1911	1495	1495	1092	819	624	286	
1612	364	0	546	754	988	1235	1573	1625	1833	2132	2262	2704	2652	2977	2873	2912	2639	3198	2873	2938	2457	2288	2574	2262	1846	1859	1469	1183	975	663	
1144	585	546	0	234	689	767	1131	1092	1287	1586	1716	2145	2106	2431	2340	2405	2158	2756	2470	2561	2106	1976	2366	2093	1664	1846	1417	1144	884	754	
1105	832	754	234	0	520	533	897	871	1066	1365	1521	1950	1937	2275	2210	2301	2080	2691	2431	2561	2119	2015	2457	2210	1768	2015	1586	1326	1066	975	
1547	1209	988	689	520	0	403	637	936	1144	1417	1625	2041	2106	2470	2483	2613	2444	3081	2860	3016	2600	2509	2977	2730	2301	2522	2093	1833	1573	1430	
1274	1352	1235	767	533	403	0	364	533	741	1014	1222	1638	1716	2067	2093	2236	2106	2743	2548	2743	2340	2275	2795	2587	2171	2483	2054	1807	1560	1508	
1508	1716	1573	1131	897	637	364	0	559	689	884	1131	1495	1651	2015	2106	2288	2197	2847	2704	2912	2561	2522	3068	2886	2483	2821	2405	2158	1911	1872	
1014	1651	1625	1092	871	936	533	559	0	208	494	689	1105	1170	1534	1573	1742	1638	2288	2145	2366	2028	2015	2600	2444	2067	2470	2080	1872	1651	1729	
1040	1833	1833	1287	1066	1144	741	689	208	0	299	481	897	975	1339	1404	1586	1534	2171	2054	2301	2002	2002	2613	2470	2119	2561	2184	2002	1794	1885	
1222	2132	2132	1586	1365	1417	1014	884	494	299	0	260	624	780	1144	1274	1495	1508	2119	2067	2340	2093	2132	2743	2639	2314	2782	2418	2262	2067	2184	
1157	2236	2262	1716	1521	1625	1222	1131	689	481	260	0	429	507	871	1001	1235	1274	1872	1846	2119	1924	1976	2600	2535	2236	2730	2392	2262	2080	2236	
1495	2652	2704	2145	1950	2041	1638	1495	1105	897	624	429	0	364	624	884	1157	1326	1820	1898	2210	2093	2184	2808	2782	2535	3055	2743	2639	2470	2652	
1274	2561	2652	2106	1937	2106	1716	1651	1170	975	780	507	364	0	364	533	793	962	1456	1534	1846	1742	1859	2483	2483	2262	2795	2522	2431	2301	2522	
1495	2860	2977	2431	2275	2470	2067	2015	1534	1339	1144	871	624	364	0	338	611	897	1261	1417	1742	1742	1898	2496	2535	2379	2925	2691	2639	2535	2782	
1313	2717	2873	2340	2210	2483	2093	2106	1573	1404	1274	1001	884	533	338	0	273	559	936	1066	1391	1404	1573	2158	2223	2080	2639	2431	2405	2327	2613	
1313	2730	2912	2405	2301	2613	2236	2288	1742	1586	1495	1235	1157	793	611	273	0	364	663	806	1131	1196	1378	1950	2028	1950	2509	2340	2340	2288	2600	
1014	2418	2639	2158	2080	2444	2106	2197	1638	1534	1508	1274	1326	962	897	559	364	0	637	572	884	845	1014	1599	1664	1573	2132	1963	1989	1950	2275	
1599	2951	3198	2756	2691	3081	2743	2847	2288	2171	2119	1872	1820	1456	1261	936	663	637	0	403	650	975	1196	1599	1781	1846	2366	2314	2405	2418	2769	
1326	2613	2873	2470	2431	2860	2548	2704	2145	2054	2067	1846	1898	1534	1417	1066	806	572	403	0	325	559	780	1209	1378	1430	1950	1911	2015	2054	2405	
1469	2639	2938	2561	2561	3016	2743	2912	2366	2301	2340	2119	2210	1846	1742	1391	1131	884	650	325	0	481	676	949	1170	1326	1794	1820	1963	2041	2405	
1053	2145	2457	2106	2119	2600	2340	2561	2028	2002	2093	1924	2093	1742	1742	1404	1196	845	975	559	481	0	221	741	845	871	1391	1365	1482	1560	1924	
1001	1976	2288	1976	2015	2509	2275	2522	2015	2002	2132	1976	2184	1859	1898	1573	1378	1014	1196	780	676	221	0	624	650	650	1170	1144	1274	1365	1729	
1573	2223	2574	2366	2457	2977	2795	3068	2600	2613	2743	2600	2808	2483	2496	2158	1950	1599	1599	1209	949	741	624	0	325	715	962	1170	1404	1599	1937	
1430	1911	2262	2093	2210	2730	2587	2886	2444	2470	2639	2535	2782	2483	2535	2223	2028	1664	1781	1378	1170	845	650	325	0	429	650	845	1092	1287	1625	
1092	1495	1846	1664	1768	2301	2171	2483	2067	2119	2314	2236	2535	2262	2379	2080	1950	1573	1846	1430	1326	871	650	715	429	0	559	494	689	871	1209	
1573	1495	1859	1846	2015	2522	2483	2821	2470	2561	2782	2730	3055	2795	2925	2639	2509	2132	2366	1950	1794	1391	1170	962	650	559	0	429	702	949	1196	
1248	1092	1469	1417	1586	2093	2054	2405	2080	2184	2418	2392	2743	2522	2691	2431	2340	1963	2314	1911	1820	1365	1144	1170	845	494	429	0	273	533	806	
1144	819	1183	1144	1326	1833	1807	2158	1872	2002	2262	2262	2639	2431	2639	2405	2340	1989	2405	2015	1963	1482	1274	1404	1092	689	702	273	0	260	533	
1027	624	975	884	1066	1573	1560	1911	1651	1794	2067	2080	2470	2301	2535	2327	2288	1950	2418	2054	2041	1560	1365	1599	1287	871	949	533	260	0	351	
1300	286	663	754	975	1430	1508	1872	1729	1885	2184	2236	2652	2522	2782	2613	2600	2275	2769	2405	2405	1924	1729	1937	1625	1209	1196	806	533	351	0	
Velocidade_Veiculos
1	1	1	1	1	1	1	1	1	1	