M: 8
N: 30
Nun_Veiculos: 13
Capacidade_Total: 998
Demanda_Total: 519
Setup_Min: 1
Setup_Max: 99
Raio: 100
Circulos: 1
Tempo_Processamento_Min: 1
Tempo_Processamento_Max: 49
Demanda_Min: 10
Demanda_Max: 30
Priority_Factor: 0.2
Range_Factor_R: 0.8
U_factor: 2
ALpha: 0.2Replicao: 0
Tempos_Processamentos
0	0	1	0	2	0	3	0	4	0	5	0	6	0	7	0	
0	27	1	12	2	36	3	15	4	38	5	24	6	40	7	10	
0	18	1	7	2	39	3	4	4	29	5	7	6	13	7	43	
0	5	1	1	2	43	3	37	4	1	5	2	6	32	7	6	
0	15	1	37	2	3	3	7	4	4	5	19	6	5	7	31	
0	17	1	26	2	24	3	31	4	34	5	32	6	40	7	39	
0	1	1	18	2	37	3	47	4	26	5	47	6	34	7	41	
0	35	1	39	2	13	3	17	4	26	5	31	6	35	7	39	
0	47	1	34	2	13	3	11	4	49	5	32	6	9	7	45	
0	47	1	48	2	32	3	36	4	16	5	49	6	45	7	5	
0	26	1	6	2	33	3	11	4	34	5	22	6	4	7	40	
0	16	1	28	2	48	3	40	4	34	5	36	6	40	7	37	
0	25	1	8	2	23	3	16	4	8	5	9	6	16	7	49	
0	18	1	30	2	32	3	13	4	3	5	49	6	31	7	8	
0	33	1	22	2	34	3	33	4	5	5	42	6	34	7	44	
0	5	1	10	2	31	3	46	4	22	5	21	6	21	7	9	
0	21	1	25	2	18	3	26	4	32	5	39	6	37	7	20	
0	48	1	31	2	38	3	24	4	38	5	4	6	24	7	42	
0	33	1	40	2	44	3	8	4	36	5	31	6	1	7	47	
0	40	1	19	2	15	3	10	4	32	5	11	6	25	7	22	
0	16	1	40	2	4	3	33	4	46	5	41	6	16	7	36	
0	29	1	43	2	36	3	36	4	43	5	45	6	38	7	38	
0	7	1	38	2	16	3	26	4	1	5	9	6	30	7	1	
0	28	1	36	2	8	3	35	4	1	5	2	6	23	7	14	
0	43	1	44	2	46	3	15	4	12	5	12	6	39	7	24	
0	15	1	4	2	2	3	6	4	49	5	13	6	23	7	29	
0	4	1	13	2	44	3	19	4	39	5	6	6	47	7	27	
0	1	1	20	2	26	3	1	4	6	5	30	6	28	7	36	
0	25	1	26	2	16	3	32	4	41	5	1	6	41	7	29	
0	43	1	31	2	49	3	47	4	8	5	38	6	40	7	3	
0	27	1	34	2	47	3	11	4	14	5	19	6	10	7	25	

Tempos_setup
M0
0	0	0	0	0	0	0	0	0	0	0	0	0	0	0	0	0	0	0	0	0	0	0	0	0	0	0	0	0	0	0	
0	0	11	10	1	1	18	3	16	12	3	9	13	9	12	1	7	11	12	8	16	6	15	7	8	8	16	9	12	5	8	
0	6	0	10	7	7	13	3	17	12	9	14	19	15	14	7	13	12	18	14	22	6	21	13	14	14	18	15	18	11	14	
0	3	10	0	4	4	21	2	19	3	6	12	16	12	15	4	10	14	15	11	17	5	12	10	10	11	19	6	15	8	11	
0	12	18	9	0	13	23	11	15	11	15	18	17	14	12	13	6	10	21	17	16	5	14	16	16	16	15	14	17	14	12	
0	5	10	12	6	0	17	2	16	15	8	9	12	8	17	6	12	15	11	7	19	11	14	6	7	10	21	8	11	10	13	
0	6	17	12	7	7	0	9	16	15	9	1	12	8	17	7	13	15	11	7	19	12	14	6	7	10	21	8	11	11	14	
0	3	8	13	4	4	21	0	19	15	6	12	16	12	15	4	10	14	15	11	19	9	18	10	11	11	19	12	15	8	11	
0	32	42	32	29	33	39	34	0	35	35	27	38	30	40	27	35	39	37	33	43	34	43	36	32	32	44	38	33	30	28	
0	9	16	6	10	10	21	8	16	0	12	9	18	14	17	10	16	15	17	13	14	2	9	12	7	16	21	3	17	14	17	
0	5	16	15	6	6	23	8	21	17	0	14	18	14	17	6	12	16	17	13	21	11	20	12	13	13	21	14	17	10	13	
0	14	25	21	15	15	26	17	25	24	17	0	21	17	26	15	21	24	20	16	27	20	22	15	16	19	30	16	20	19	22	
0	10	17	7	9	11	17	9	6	10	13	13	0	9	15	9	13	13	6	2	24	12	19	12	11	11	19	13	11	9	7	
0	7	14	4	4	8	9	6	11	7	10	4	12	0	12	8	10	10	11	7	19	9	14	6	2	2	16	8	3	6	9	
0	12	20	10	10	12	15	12	14	13	15	7	10	6	0	12	12	13	9	5	17	14	12	4	5	8	19	6	9	5	8	
0	11	20	11	2	12	18	13	17	13	14	8	12	9	14	0	8	12	11	7	16	7	16	15	11	11	17	16	12	4	7	
0	7	12	11	2	8	21	10	9	13	10	13	16	12	6	8	0	4	15	11	13	7	8	10	11	14	9	12	15	11	14	
0	14	11	12	11	14	17	14	5	13	17	9	12	8	2	14	14	0	11	7	19	15	14	6	7	10	6	8	11	7	10	
0	9	16	6	5	10	16	8	7	9	12	11	1	10	9	3	7	7	0	1	19	10	15	11	12	12	13	12	10	7	8	
0	8	15	5	9	9	15	7	11	8	11	13	5	12	13	7	11	11	4	0	22	10	17	10	11	14	17	11	9	11	12	
0	18	26	16	9	19	25	18	21	18	14	15	19	16	18	7	15	16	18	14	0	12	10	22	18	9	22	21	19	11	14	
0	7	14	4	8	8	19	6	22	6	10	15	20	16	16	8	14	18	19	15	20	0	15	14	13	15	23	9	19	12	15	
0	9	16	6	7	10	19	8	22	8	12	13	17	14	18	5	13	17	16	12	5	2	0	12	13	14	22	11	13	9	12	
0	9	16	6	6	8	11	8	10	9	12	3	6	2	11	8	12	9	5	1	13	10	8	0	1	4	15	2	5	8	11	
0	12	17	13	13	7	24	9	9	16	15	2	19	15	10	13	19	8	18	14	17	14	12	13	0	17	14	15	18	15	18	
0	14	20	11	2	15	19	13	17	10	17	14	19	10	14	15	8	12	21	17	18	7	16	16	12	0	17	13	13	16	14	
0	11	5	13	12	12	18	8	20	7	14	16	24	13	16	12	18	17	23	19	21	9	16	18	14	15	0	10	13	16	19	
0	15	22	12	13	16	25	14	22	14	13	19	23	20	17	11	19	23	22	18	11	8	6	18	19	20	28	0	19	15	18	
0	4	11	1	5	5	6	3	17	4	7	7	11	8	16	5	11	15	10	6	18	6	13	11	10	10	20	7	0	3	6	
0	7	17	7	5	8	14	9	14	10	10	9	8	5	16	8	11	14	7	3	21	10	19	11	7	7	20	13	8	0	3	
0	4	14	4	2	5	11	6	13	7	7	6	10	2	14	5	8	12	9	5	18	7	16	8	4	4	17	10	5	2	0	
M1
0	0	0	0	0	0	0	0	0	0	0	0	0	0	0	0	0	0	0	0	0	0	0	0	0	0	0	0	0	0	0	
0	0	2	4	6	14	16	13	2	12	14	18	20	15	15	18	14	19	8	15	23	23	13	11	19	11	20	17	6	13	12	
0	25	0	2	10	12	18	11	6	10	12	20	18	13	19	16	14	22	10	13	25	21	11	23	17	9	18	19	4	13	12	
0	23	18	0	22	20	19	9	19	17	10	20	16	19	24	23	16	22	10	13	25	19	18	23	17	23	25	19	22	15	14	
0	16	18	12	0	22	21	21	18	12	20	24	15	21	9	18	16	13	14	15	27	31	13	27	19	18	20	23	17	16	18	
0	20	20	20	20	0	6	11	16	5	13	17	19	14	21	11	13	17	7	8	13	24	6	20	12	11	13	16	19	12	11	
0	19	14	15	15	17	0	5	11	11	7	12	13	16	16	17	8	19	2	10	7	25	12	15	14	16	19	11	14	7	6	
0	14	9	11	14	12	11	0	10	8	2	11	8	11	15	14	7	14	1	5	17	20	9	14	9	14	16	10	13	6	5	
0	20	9	10	4	21	24	19	0	16	20	24	19	22	13	17	20	17	18	19	31	29	17	31	23	18	19	27	13	20	21	
0	15	17	15	15	10	9	9	11	0	9	12	15	9	16	6	8	12	2	3	15	19	1	15	7	6	8	11	14	7	6	
0	15	8	10	18	10	9	9	14	15	0	20	6	9	19	21	15	12	10	3	15	18	16	23	7	15	23	19	12	15	14	
0	23	5	7	11	17	17	16	7	8	17	0	23	9	20	13	4	20	10	11	23	25	9	14	15	14	15	16	9	3	2	
0	20	21	22	16	15	14	19	12	20	21	25	0	27	25	18	20	17	16	23	20	39	21	29	12	24	20	25	10	19	18	
0	19	21	23	24	32	32	31	20	28	32	33	18	0	28	26	17	35	27	31	25	38	29	27	30	30	28	29	25	16	15	
0	30	19	19	14	27	27	26	10	20	26	27	29	23	0	21	12	27	20	23	34	32	21	22	27	19	23	24	8	11	10	
0	14	12	14	17	6	7	12	13	9	8	7	14	13	15	0	11	13	9	7	14	23	5	21	8	10	2	18	16	10	9	
0	23	12	13	7	21	20	20	3	11	20	23	22	20	16	17	0	20	13	14	26	30	12	17	18	17	18	19	11	6	17	
0	3	5	7	6	9	8	13	5	14	15	20	21	18	15	20	3	0	10	17	14	26	15	14	6	14	21	16	9	3	14	
0	21	15	13	13	16	15	18	9	9	18	10	24	18	14	15	6	18	0	12	21	27	10	13	13	15	17	9	12	5	4	
0	12	14	16	15	7	6	6	13	12	8	17	13	6	21	18	12	9	7	0	12	16	13	20	4	12	20	16	18	12	11	
0	25	24	21	21	20	19	19	17	10	16	20	22	13	24	16	14	22	10	13	0	29	11	23	17	9	18	19	22	13	12	
0	24	9	11	19	16	17	20	15	19	18	17	24	22	25	10	21	23	19	17	24	0	15	31	18	18	12	28	13	20	19	
0	14	16	17	17	9	8	8	13	6	10	12	15	8	20	5	10	11	6	2	14	18	0	19	6	5	7	15	18	9	8	
0	24	17	17	12	19	5	10	8	16	12	17	18	21	21	13	10	24	7	15	12	30	17	0	19	17	15	7	19	9	8	
0	8	10	12	11	3	2	7	10	8	9	14	15	17	18	14	8	5	4	11	8	27	9	17	0	14	16	13	14	8	8	
0	16	15	12	12	11	10	10	8	1	7	11	13	4	15	7	5	13	1	4	16	20	2	14	8	0	9	10	13	4	3	
0	24	10	12	15	4	5	10	11	9	12	5	18	14	13	15	9	21	7	12	12	28	10	19	16	15	0	16	14	8	7	
0	20	15	16	10	12	13	18	6	11	9	13	15	14	19	6	3	19	11	12	20	27	11	19	14	10	8	0	14	8	7	
0	22	11	12	6	23	24	21	2	15	21	25	21	17	15	19	10	19	15	18	30	31	16	20	22	14	21	22	0	9	8	
0	33	28	28	23	25	16	21	19	24	22	26	27	18	32	19	16	32	18	25	23	40	24	11	27	23	21	13	27	0	19	
0	25	14	9	9	17	17	16	5	13	18	18	24	19	18	11	2	22	15	16	24	23	14	12	19	18	13	14	13	1	0	
M2
0	0	0	0	0	0	0	0	0	0	0	0	0	0	0	0	0	0	0	0	0	0	0	0	0	0	0	0	0	0	0	
0	0	15	20	19	11	23	20	11	17	22	24	17	22	16	13	11	15	15	16	12	14	24	15	9	20	12	29	3	16	4	
0	6	0	14	13	12	11	14	2	16	8	19	20	19	16	19	17	14	15	22	8	5	15	21	11	5	15	25	9	1	10	
0	13	7	0	10	12	8	15	3	17	9	20	18	19	9	20	23	11	13	23	9	6	16	22	10	6	10	26	16	2	17	
0	12	8	1	0	9	9	6	4	13	10	21	10	15	6	12	14	8	5	15	10	2	17	14	11	7	9	27	15	3	16	
0	28	22	26	25	0	23	30	18	32	30	26	35	25	31	37	38	33	30	34	24	21	31	36	33	27	34	35	31	23	32	
0	14	10	3	2	11	0	8	6	15	12	23	12	17	8	14	16	10	7	17	12	4	17	16	13	9	11	29	17	5	18	
0	16	26	24	27	26	32	0	22	30	33	32	26	27	17	28	8	19	21	15	28	24	23	28	25	30	18	41	19	26	20	
0	10	4	18	17	10	15	12	0	14	12	17	19	17	15	19	20	17	14	22	6	3	13	21	15	9	18	23	13	5	14	
0	17	11	6	5	13	14	11	9	0	15	26	15	20	11	17	19	13	10	20	14	7	22	19	11	12	14	31	11	8	12	
0	17	13	6	5	14	3	11	9	18	0	26	15	20	11	17	19	13	10	20	15	7	20	19	16	12	14	32	20	8	21	
0	12	8	17	17	1	18	12	4	12	16	0	23	21	19	23	20	21	18	8	1	7	17	10	19	13	22	9	15	9	16	
0	9	4	9	8	10	12	9	6	6	12	18	0	5	14	2	17	10	13	5	11	9	19	4	8	9	11	27	12	5	13	
0	18	14	7	6	15	15	10	10	19	16	27	16	0	12	18	18	14	11	21	16	8	23	20	17	13	15	33	21	9	22	
0	6	9	13	12	15	20	17	5	17	17	22	11	10	0	13	17	2	6	16	11	8	18	15	15	14	3	28	9	10	10	
0	7	2	7	6	14	10	7	4	4	10	16	16	9	12	0	15	8	11	3	10	7	17	2	13	7	9	25	10	3	11	
0	8	18	22	21	19	25	18	14	25	26	31	20	19	9	21	0	11	15	14	20	16	15	23	17	23	12	37	11	19	12	
0	11	13	11	10	15	19	16	10	15	20	27	9	14	5	11	19	0	4	14	16	12	20	13	17	17	1	33	14	13	15	
0	7	9	14	13	15	17	14	6	11	17	23	5	10	1	7	18	3	0	10	12	9	19	9	13	14	4	29	10	10	11	
0	4	16	9	19	15	17	4	12	21	18	28	21	26	18	17	12	19	19	0	16	15	25	19	13	15	16	33	7	11	8	
0	16	10	24	23	16	21	18	6	20	18	20	25	23	21	25	26	23	20	26	0	9	19	18	21	15	24	17	19	11	20	
0	25	22	17	16	7	25	9	20	11	26	31	26	31	22	28	17	24	21	24	19	0	32	30	16	23	25	36	22	19	23	
0	19	13	13	12	19	10	18	9	20	15	26	19	24	15	21	26	17	14	24	15	12	0	18	18	12	18	32	22	8	19	
0	6	13	8	7	15	8	12	11	2	17	14	17	22	13	19	17	15	12	8	15	9	24	0	13	14	16	23	9	10	10	
0	11	13	19	18	2	18	19	9	16	15	15	27	21	23	12	22	20	22	15	3	12	18	14	0	12	21	20	14	8	15	
0	17	19	19	18	13	16	15	16	17	13	24	15	20	11	17	22	13	10	20	22	6	29	19	22	0	14	21	20	20	21	
0	10	12	10	9	14	18	15	9	14	19	26	8	13	4	10	21	6	3	13	15	11	22	12	16	16	0	32	13	12	14	
0	7	11	9	8	4	9	13	7	3	18	3	18	17	14	20	18	16	13	9	4	10	20	1	14	15	15	0	10	11	11	
0	16	14	19	18	8	24	22	10	20	21	21	14	19	13	16	8	12	12	19	9	13	23	18	6	18	9	26	0	14	1	
0	11	5	13	12	11	10	13	1	15	7	18	19	18	15	20	21	13	14	23	7	4	14	22	10	4	14	24	14	0	15	
0	15	13	22	21	19	24	21	9	19	21	26	13	18	16	15	7	11	15	18	15	12	22	17	21	18	12	32	18	14	0	
M3
0	0	0	0	0	0	0	0	0	0	0	0	0	0	0	0	0	0	0	0	0	0	0	0	0	0	0	0	0	0	0	
0	0	7	4	7	1	2	3	2	8	6	5	5	13	11	2	6	6	12	12	10	11	7	8	9	7	1	4	10	3	13	
0	16	0	20	20	15	10	14	18	20	14	21	16	26	25	13	17	17	20	25	21	19	23	6	17	21	17	12	21	11	23	
0	13	15	0	18	14	15	11	10	21	14	13	13	26	24	10	9	14	16	23	13	17	3	16	17	20	9	3	18	11	21	
0	19	18	20	0	12	7	17	18	14	11	21	21	20	11	18	15	14	17	5	19	16	17	11	21	18	17	9	9	8	26	
0	13	6	10	6	0	1	11	12	7	5	15	15	13	10	12	9	16	11	11	13	10	13	12	19	6	11	3	15	2	23	
0	12	11	13	10	5	0	10	11	12	4	14	14	16	15	11	8	15	10	15	12	9	13	17	18	11	10	2	19	1	22	
0	2	9	6	9	3	4	0	4	10	7	7	5	15	13	2	6	6	14	14	9	12	9	10	9	9	3	6	10	5	13	
0	13	17	2	10	14	15	13	0	16	16	3	12	22	21	12	11	16	18	15	9	9	5	6	16	15	11	5	16	13	20	
0	8	15	12	9	9	10	10	10	0	14	11	12	6	19	9	9	13	20	14	13	17	14	14	16	8	9	3	14	11	19	
0	9	16	13	6	10	11	10	11	17	0	10	10	22	17	11	11	13	21	11	15	5	16	13	14	16	10	12	15	11	18	
0	10	17	14	7	11	12	12	12	18	15	0	14	23	18	12	10	16	22	12	14	6	15	3	14	17	11	4	16	12	22	
0	13	16	13	17	14	15	11	13	8	12	16	0	14	24	10	9	14	21	22	6	17	16	14	4	9	12	10	13	9	8	
0	2	9	6	3	3	4	5	4	3	8	5	7	0	13	4	8	8	14	8	12	11	9	8	11	2	3	6	8	5	13	
0	12	19	16	15	13	14	10	14	15	17	17	15	12	0	12	16	16	24	16	19	22	19	20	19	14	13	16	20	15	23	
0	3	10	7	10	4	5	1	5	11	5	8	3	16	14	0	4	4	15	15	8	10	10	10	7	10	4	7	8	6	11	
0	13	16	13	11	10	11	11	11	14	5	12	14	17	20	11	0	15	21	16	4	10	14	12	18	13	10	3	19	2	18	
0	10	17	14	7	11	11	11	12	18	1	11	11	18	18	12	12	0	12	12	16	6	17	6	15	17	11	13	4	12	19	
0	5	12	4	12	6	7	3	2	13	7	5	5	18	16	2	6	6	0	17	10	11	7	8	9	12	1	7	10	8	13	
0	14	13	15	12	7	2	12	13	14	6	16	16	18	17	13	10	9	12	0	14	11	12	6	17	13	12	4	4	3	24	
0	10	17	9	17	11	12	8	7	10	12	10	10	16	21	7	11	11	22	22	0	16	12	8	14	9	6	12	15	13	14	
0	4	11	8	1	5	6	7	6	12	10	5	8	17	12	6	10	10	16	6	11	0	11	8	10	11	5	8	10	7	16	
0	10	12	9	17	11	12	8	7	18	12	10	10	23	21	7	11	11	13	22	15	16	0	13	14	17	6	9	15	13	18	
0	20	27	24	27	21	18	18	22	25	22	25	20	31	31	17	21	21	28	32	23	27	21	0	11	24	21	20	25	19	28	
0	9	16	13	16	10	11	7	11	17	11	14	9	22	20	6	10	10	21	21	12	16	16	16	0	16	10	13	14	12	17	
0	9	16	4	10	10	11	11	11	1	13	12	13	7	20	10	10	14	20	15	14	18	7	15	17	0	10	4	15	10	20	
0	4	11	3	11	5	6	2	1	12	6	4	4	17	15	1	5	5	16	16	9	10	6	7	8	11	0	6	9	7	12	
0	10	17	11	15	11	12	8	9	18	11	12	12	23	21	9	6	13	22	20	10	14	11	15	16	17	8	0	17	8	20	
0	13	18	12	12	12	7	11	10	19	6	13	13	23	22	10	14	5	8	17	18	11	15	2	13	18	9	9	0	8	21	
0	11	18	12	9	12	13	9	10	18	3	13	13	15	20	10	7	14	23	14	11	8	12	16	17	17	9	1	18	0	21	
0	14	8	14	12	11	12	12	12	15	6	13	15	18	21	12	1	10	13	17	5	11	15	7	18	14	11	4	5	3	0	
M4
0	0	0	0	0	0	0	0	0	0	0	0	0	0	0	0	0	0	0	0	0	0	0	0	0	0	0	0	0	0	0	
0	0	3	17	11	23	5	14	14	19	13	9	27	26	26	18	14	22	7	21	15	29	13	9	13	17	18	22	21	10	16	
0	25	0	24	8	20	22	16	11	21	16	25	24	23	25	20	20	19	12	18	12	28	26	11	20	20	19	25	18	7	22	
0	7	10	0	18	10	12	19	21	16	20	15	15	14	31	13	10	22	13	23	17	25	9	16	16	24	23	14	25	17	12	
0	17	18	24	0	12	16	11	16	15	18	17	17	16	30	13	12	19	15	10	4	25	22	26	20	22	22	17	10	25	14	
0	11	14	12	13	0	16	9	19	16	16	19	5	4	29	15	15	12	11	13	17	15	19	14	15	20	21	23	15	21	16	
0	22	5	22	13	23	0	17	16	18	21	4	28	27	24	25	24	24	2	23	15	29	24	16	25	25	16	19	22	12	19	
0	20	22	27	4	16	20	0	20	7	7	11	21	20	20	17	16	22	11	14	8	18	26	28	23	11	12	21	14	28	8	
0	24	16	25	24	28	19	24	0	15	5	14	31	31	18	16	18	25	11	26	20	26	31	26	21	9	10	26	15	23	11	
0	23	20	22	19	23	15	15	22	0	17	4	28	27	15	14	17	15	6	16	15	11	22	22	18	21	7	19	11	21	1	
0	19	19	20	23	23	14	19	27	10	0	9	26	26	13	11	13	20	6	21	15	21	26	21	16	4	5	21	10	24	6	
0	24	16	31	22	19	23	28	21	26	26	0	24	23	39	24	21	26	15	27	11	34	20	21	29	30	31	15	24	17	23	
0	23	20	16	28	26	16	33	31	27	36	20	0	25	40	28	21	31	18	32	24	38	24	28	12	40	32	19	29	24	23	
0	15	14	8	14	18	17	10	15	16	17	16	1	0	30	14	11	8	14	9	17	27	15	17	11	21	22	19	11	21	13	
0	23	11	16	19	26	6	23	21	23	15	10	20	19	0	17	26	27	8	28	21	30	25	22	24	17	18	25	24	18	19	
0	17	19	11	25	12	14	21	17	22	20	18	17	16	33	0	16	19	16	20	4	13	20	23	7	24	25	24	17	19	18	
0	6	9	14	17	19	11	15	20	6	18	5	24	23	21	7	0	13	3	14	11	17	13	15	14	22	13	8	15	16	2	
0	9	6	7	6	17	10	2	7	8	9	8	13	12	22	6	3	0	6	1	10	19	7	9	3	13	14	11	3	13	5	
0	28	19	36	19	31	14	15	30	16	22	18	36	35	31	29	22	31	0	29	23	27	35	30	34	26	23	30	27	26	17	
0	8	11	16	5	17	13	1	6	7	8	7	12	11	21	5	2	15	5	0	9	18	15	17	12	12	13	10	2	18	4	
0	13	16	20	21	8	12	17	20	18	16	16	13	12	29	16	18	15	14	16	0	23	22	22	18	20	21	26	13	23	19	
0	31	27	24	27	31	25	23	37	21	28	20	34	33	24	20	27	31	12	32	23	0	33	11	20	15	16	32	22	32	17	
0	7	10	15	18	20	12	16	21	7	19	6	25	24	22	8	1	14	4	15	12	18	0	16	15	23	14	9	16	17	3	
0	20	16	13	20	20	15	16	26	10	23	14	23	22	25	9	16	21	1	22	12	20	22	0	9	27	17	21	21	21	11	
0	11	12	4	20	14	7	23	23	15	24	11	14	13	30	16	9	21	9	22	20	26	13	16	0	28	22	17	24	12	11	
0	23	15	16	20	22	10	16	23	6	18	5	22	22	9	10	19	16	2	17	14	17	23	17	12	0	1	20	7	20	2	
0	22	19	15	19	21	14	15	26	11	22	15	21	24	8	9	20	20	16	21	13	22	24	23	11	25	0	27	6	19	12	
0	12	1	19	9	21	16	14	12	12	17	11	25	24	26	13	6	12	2	13	13	23	5	12	15	21	19	0	15	8	8	
0	20	22	14	13	15	17	9	20	5	16	9	20	19	20	3	19	20	11	21	7	16	23	26	10	20	12	24	0	22	6	
0	21	8	17	9	21	15	14	19	14	21	18	17	16	24	13	15	12	5	13	13	24	19	4	13	25	21	23	15	0	15	
0	23	19	21	20	22	14	16	21	4	16	3	27	26	19	18	17	14	10	15	14	15	21	23	17	20	11	18	15	20	0	
M5
0	0	0	0	0	0	0	0	0	0	0	0	0	0	0	0	0	0	0	0	0	0	0	0	0	0	0	0	0	0	0	
0	0	16	10	11	15	4	4	6	7	8	6	8	19	17	12	8	22	17	14	13	13	9	9	11	15	10	9	21	13	17	
0	7	0	9	12	7	4	11	13	14	15	12	15	4	4	13	15	16	2	19	14	7	13	10	15	16	17	15	20	12	9	
0	4	14	0	15	9	8	8	9	10	12	10	12	13	11	10	11	26	11	10	12	8	6	3	10	16	14	13	25	3	18	
0	13	14	9	0	17	10	14	12	3	13	19	16	18	14	10	14	11	12	10	2	17	8	12	9	18	8	22	10	12	11	
0	11	14	7	12	0	4	11	9	10	12	12	18	4	2	10	11	23	2	12	14	15	6	3	10	16	16	15	18	10	9	
0	21	22	17	8	24	0	7	20	11	11	27	24	26	19	18	17	19	20	18	10	22	16	19	17	18	16	30	18	20	19	
0	16	23	16	21	17	19	0	18	19	4	22	18	21	19	13	10	32	19	12	23	15	15	12	18	11	17	25	31	19	14	
0	8	17	10	9	17	1	4	0	4	3	14	16	21	19	12	2	20	19	11	11	7	9	11	17	10	16	17	19	13	13	
0	10	13	6	21	15	14	11	15	0	10	16	13	17	17	13	16	29	15	7	18	14	5	9	16	17	19	19	31	9	20	
0	12	19	12	17	14	15	1	14	15	0	18	14	18	16	9	6	28	16	8	19	11	11	8	14	7	13	21	27	15	10	
0	2	14	7	5	9	6	6	8	8	10	0	10	13	11	10	10	16	11	15	7	14	6	3	10	16	12	3	15	9	11	
0	6	9	2	17	11	10	10	11	5	9	12	0	13	13	12	13	23	11	12	14	9	1	5	12	16	16	15	27	5	18	
0	17	21	17	17	12	16	13	19	20	12	23	23	0	14	9	11	19	14	17	19	16	16	13	16	12	15	22	27	20	5	
0	19	24	15	10	24	2	9	15	13	13	25	26	28	0	20	17	21	22	20	12	22	18	18	19	20	18	20	20	18	21	
0	19	12	16	8	17	8	15	13	11	16	22	14	16	16	0	15	19	14	8	10	19	15	14	7	20	6	23	18	18	19	
0	6	20	13	17	15	10	2	12	13	1	12	14	19	17	10	0	28	17	9	19	5	12	9	15	8	14	15	27	12	11	
0	12	16	9	15	14	12	8	18	3	12	10	16	18	11	16	17	0	9	10	17	17	8	12	19	19	22	13	25	12	21	
0	11	16	7	11	5	3	10	14	14	14	10	19	9	2	15	16	22	0	17	13	15	11	8	15	21	19	13	18	10	14	
0	12	15	8	19	12	13	14	12	11	13	14	6	16	13	13	12	29	11	0	20	15	7	6	13	19	19	15	29	11	15	
0	21	27	21	24	16	20	25	23	24	26	19	24	20	18	18	25	35	18	26	0	29	20	17	22	16	22	22	34	24	9	
0	20	20	22	20	25	12	16	12	16	15	26	28	24	20	16	14	31	22	23	22	0	21	23	15	22	14	29	28	25	19	
0	5	8	1	16	10	9	9	10	4	8	11	13	12	12	11	12	24	10	11	13	9	0	4	11	15	15	14	26	4	17	
0	8	11	4	15	6	7	10	6	7	9	14	16	10	8	7	8	26	8	14	16	12	3	0	7	13	13	17	24	7	15	
0	12	5	14	9	12	1	8	18	10	12	17	20	9	9	15	18	20	7	17	11	12	15	14	0	13	17	20	19	17	14	
0	9	12	5	10	7	8	11	7	8	10	15	16	11	9	2	9	21	9	10	12	13	4	1	7	0	6	18	20	8	16	
0	13	6	15	10	11	2	9	15	11	13	18	16	10	10	2	17	21	8	10	12	13	16	14	1	14	0	21	20	18	15	
0	13	22	15	9	22	6	9	5	9	8	19	21	26	15	17	7	20	21	16	11	12	14	16	18	15	17	0	19	18	18	
0	17	23	16	10	18	19	13	18	13	12	16	25	11	20	13	11	21	20	20	12	16	15	12	18	11	17	19	0	19	16	
0	1	13	6	12	8	5	5	7	8	9	7	9	12	10	9	9	23	10	15	14	5	5	2	9	15	11	10	22	0	17	
0	16	18	12	17	7	11	18	14	15	17	19	23	11	9	9	16	28	9	17	19	20	11	8	13	7	13	17	25	15	0	
M6
0	0	0	0	0	0	0	0	0	0	0	0	0	0	0	0	0	0	0	0	0	0	0	0	0	0	0	0	0	0	0	
0	0	20	19	17	20	15	14	18	23	17	20	21	20	16	21	21	13	12	18	19	16	26	12	20	16	17	27	27	17	19	
0	13	0	9	2	12	10	6	14	18	9	11	1	4	17	9	11	14	14	11	4	1	14	16	5	12	13	9	12	13	11	
0	10	17	0	10	10	9	14	5	23	3	7	17	11	8	7	7	13	12	12	5	10	20	18	6	16	11	21	13	17	18	
0	13	12	13	0	12	14	16	18	30	16	12	8	11	21	20	20	22	23	14	13	13	21	22	14	24	13	21	20	19	11	
0	12	12	6	4	0	10	12	7	21	9	8	12	4	10	13	8	11	11	2	1	3	10	12	2	15	1	16	8	16	11	
0	14	8	4	9	14	0	14	9	26	7	11	9	12	12	11	10	17	16	16	9	8	22	12	10	15	15	12	17	9	17	
0	12	19	10	10	11	14	0	15	23	3	12	18	11	13	7	7	13	12	13	5	14	21	18	6	22	12	21	13	23	18	
0	5	12	3	6	13	4	16	0	25	6	2	12	13	3	10	10	15	15	15	8	5	23	16	8	19	14	16	15	13	17	
0	15	12	13	10	12	14	16	16	0	16	12	1	4	14	19	16	15	20	14	13	13	14	10	14	14	13	19	11	7	11	
0	9	16	7	7	8	11	11	12	20	0	9	15	8	10	4	4	10	9	10	2	11	18	15	3	19	9	18	10	20	15	
0	11	10	1	4	11	2	15	6	24	4	0	11	12	9	8	8	14	13	13	6	3	21	14	7	17	12	14	14	11	15	
0	20	11	12	9	11	13	15	17	24	15	11	0	3	19	19	15	14	19	13	12	12	13	21	13	23	12	20	19	18	10	
0	17	8	9	6	8	10	12	14	26	12	8	9	0	17	16	12	19	19	10	9	9	10	18	10	20	9	17	16	15	7	
0	7	9	5	8	15	6	15	2	24	8	4	10	10	0	12	12	14	16	17	6	7	20	18	5	21	16	18	12	15	17	
0	22	17	15	15	17	11	11	17	20	14	17	18	17	15	0	18	10	9	15	16	17	20	20	17	18	14	15	7	17	16	
0	5	15	10	8	4	12	16	8	17	13	10	16	8	6	17	0	15	15	6	5	7	14	16	6	19	5	20	12	20	15	
0	12	7	7	9	7	3	1	7	10	4	7	8	11	5	8	8	0	5	9	6	8	17	15	7	18	8	15	14	12	6	
0	13	8	8	10	8	4	2	8	11	5	8	9	8	6	9	9	1	0	6	7	9	14	16	8	15	5	16	15	13	7	
0	18	20	11	11	17	15	17	16	26	14	13	19	12	19	18	13	16	16	0	6	16	22	17	7	13	18	22	14	14	19	
0	12	14	5	5	11	9	11	10	20	8	7	13	6	13	12	7	10	10	13	0	10	16	13	1	17	12	16	8	18	13	
0	12	13	8	1	13	9	14	13	23	11	10	9	9	16	15	10	13	13	15	3	0	19	16	4	20	14	19	11	18	12	
0	7	17	12	10	6	14	14	10	19	15	12	9	10	8	19	2	13	12	8	7	9	0	11	8	15	7	22	14	16	17	
0	11	13	9	10	14	10	15	6	24	12	8	14	14	4	16	16	14	19	11	10	9	24	0	9	4	15	17	16	5	20	
0	13	13	6	4	12	8	10	11	19	9	6	12	5	14	13	8	9	11	14	1	9	15	14	0	18	13	15	7	17	12	
0	15	17	13	9	17	13	11	10	20	14	12	17	17	8	13	17	10	15	15	11	8	27	4	12	0	18	21	19	1	16	
0	16	11	12	9	11	13	15	17	27	11	11	12	3	17	15	11	17	17	1	7	12	9	18	8	14	0	20	15	15	10	
0	14	6	7	3	6	8	10	12	23	10	6	7	8	11	14	12	13	13	8	5	2	10	7	6	3	7	0	13	4	5	
0	22	14	15	11	14	16	18	19	29	18	14	15	16	17	15	20	19	21	16	13	10	18	13	14	11	15	8	0	10	13	
0	14	16	12	13	16	12	10	9	19	13	11	17	17	7	12	17	9	14	14	13	12	26	3	12	7	17	20	19	0	15	
0	12	1	2	3	1	3	5	7	19	5	1	2	5	10	9	9	12	12	3	2	2	11	11	3	13	2	10	9	8	0	
M7
0	0	0	0	0	0	0	0	0	0	0	0	0	0	0	0	0	0	0	0	0	0	0	0	0	0	0	0	0	0	0	
0	0	22	14	18	8	11	6	12	16	15	17	23	19	7	12	14	8	4	8	29	19	11	14	5	13	15	11	6	18	21	
0	23	0	4	21	15	11	6	12	16	12	10	7	16	14	13	16	8	15	15	27	18	12	7	19	13	16	15	17	15	19	
0	19	23	0	17	16	12	18	13	17	8	19	17	12	15	17	12	11	16	16	37	20	21	16	15	14	20	16	18	11	15	
0	12	22	23	0	14	15	18	11	16	11	13	20	15	13	16	10	19	16	14	31	11	15	10	13	12	19	14	18	14	29	
0	18	18	12	16	0	11	17	12	12	7	12	16	11	11	10	6	6	15	12	36	19	9	9	15	10	13	12	17	10	23	
0	20	11	10	14	4	0	6	1	5	11	16	12	15	3	9	10	4	4	4	28	8	13	13	19	2	12	4	6	14	21	
0	24	21	8	25	19	20	0	21	15	16	14	25	20	18	25	20	2	24	18	45	28	28	24	23	22	28	20	26	19	20	
0	21	15	15	13	3	6	12	0	9	10	15	11	14	2	13	9	9	10	3	28	14	12	12	18	1	13	3	12	13	26	
0	22	6	10	23	13	16	12	10	0	18	16	13	22	12	19	19	14	17	13	33	23	18	13	17	11	14	9	19	21	25	
0	16	15	14	9	8	4	10	5	9	0	11	9	4	7	9	4	8	8	8	29	12	13	8	8	6	12	8	10	3	25	
0	18	18	17	15	5	8	14	9	12	7	0	16	11	4	15	6	11	12	5	33	16	14	14	15	10	15	8	14	10	28	
0	24	15	14	18	8	4	10	5	9	15	20	0	19	7	13	14	8	8	8	20	12	17	17	23	6	16	8	10	18	25	
0	16	14	13	8	7	3	9	4	8	9	16	5	0	6	5	8	7	7	7	25	11	11	13	4	5	8	7	9	2	24	
0	19	15	13	11	1	4	10	5	9	8	13	16	12	0	11	7	7	8	1	29	12	10	10	16	6	11	4	10	11	24	
0	11	15	17	13	9	8	14	9	9	4	15	13	8	8	0	3	12	12	9	28	16	6	12	12	7	3	9	14	7	20	
0	12	12	14	10	6	5	11	6	6	1	12	10	5	5	10	0	9	9	6	30	13	14	9	9	4	13	6	11	4	26	
0	25	29	6	23	17	18	24	19	23	14	12	23	18	16	23	18	0	22	16	43	26	26	22	21	20	26	20	24	17	21	
0	16	18	10	14	4	7	2	8	12	11	13	19	15	3	14	10	4	0	4	32	15	13	10	18	9	14	7	2	14	17	
0	31	22	21	25	15	11	17	12	16	22	27	17	20	14	20	21	15	15	0	33	19	24	24	24	13	23	15	17	22	32	
0	25	21	19	23	7	10	16	11	15	14	17	22	18	13	17	13	13	14	14	0	18	16	14	5	12	20	14	16	17	30	
0	32	22	24	33	27	28	28	26	16	31	32	29	28	28	27	30	30	32	29	20	0	30	29	25	27	24	25	34	27	39	
0	12	16	18	14	10	9	15	10	10	5	9	14	9	9	1	4	13	13	10	29	17	0	6	13	8	4	10	15	8	14	
0	17	21	13	18	8	11	17	12	15	10	3	19	14	7	6	9	14	15	8	31	11	5	0	17	13	9	11	11	13	19	
0	26	25	22	19	14	14	20	15	19	19	12	19	14	13	15	18	18	18	14	39	20	14	9	0	16	18	17	20	13	28	
0	20	14	14	12	2	5	11	6	8	9	14	17	13	1	12	8	8	9	2	30	13	11	11	17	0	12	2	11	12	25	
0	8	22	22	10	12	14	14	15	16	11	14	20	15	11	17	10	16	12	12	37	18	16	11	13	14	0	15	14	14	29	
0	24	24	14	20	10	13	10	14	18	17	20	25	21	9	20	16	8	8	10	38	21	19	18	25	15	16	0	10	20	25	
0	14	19	18	23	17	20	20	21	13	20	24	26	24	16	26	19	12	18	17	43	28	25	25	16	16	27	18	0	23	15	
0	17	12	11	6	5	1	7	2	6	10	17	6	1	4	6	9	5	5	5	26	9	12	14	5	3	9	5	7	0	22	
0	4	16	14	12	2	5	10	6	10	5	14	14	9	1	12	4	8	8	2	30	13	11	11	9	7	12	5	10	8	0	
Tamanho_Tarefas
0	11	6	9	11	29	24	22	28	13	6	34	14	22	15	17	23	26	12	15	29	36	5	5	12	16	19	8	14	19	19	
Data_Entrega
0	140	144	138	139	146	147	137	140	147	147	142	146	145	138	148	143	138	149	146	140	150	150	142	150	142	149	148	144	145	139	
Penalidade_Atraso
0	17	9	6	9	10	1	8	4	10	9	3	19	8	1	1	8	3	16	9	7	7	9	16	1	12	18	18	19	4	1	
Capacidade_Veiculo
57	74	44	108	106	90	86	95	79	46	71	74	68	
Custo_Fixo_Veiculo
570	740	440	1080	1060	900	860	950	790	460	710	740	680	
Coordenadas_Clientes
x	0	y	0
x	88	y	0
x	118	y	25
x	75	y	33
x	63	y	46
x	56	y	63
x	45	y	79
x	35	y	109
x	11	y	108
x	-11	y	111
x	-32	y	98
x	-42	y	72
x	-56	y	63
x	-60	y	44
x	-79	y	35
x	-111	y	23
x	-89	y	0
x	-85	y	-18
x	-68	y	-30
x	-85	y	-62
x	-50	y	-56
x	-56	y	-98
x	-29	y	-92
x	-8	y	-82
x	8	y	-79
x	24	y	-74
x	57	y	-99
x	58	y	-65
x	97	y	-70
x	111	y	-49
x	77	y	-16
Tempo_Viagem
0	88	120	81	78	84	90	114	108	111	103	83	84	74	86	113	89	86	74	105	75	112	96	82	79	77	114	87	119	121	78	
88	0	39	35	52	70	89	120	132	148	154	148	157	154	170	200	177	173	158	183	148	174	148	126	112	97	103	71	70	54	19	
120	39	0	43	58	72	90	118	134	154	166	166	177	178	197	229	208	206	193	220	186	213	187	164	150	135	138	108	97	74	57	
81	35	43	0	17	35	54	85	97	115	125	123	134	135	154	186	167	167	155	186	153	185	162	141	130	118	133	99	105	89	49	
78	52	58	17	0	18	37	68	80	98	108	108	120	123	142	175	158	161	151	183	152	186	165	146	136	126	145	111	120	106	63	
84	70	72	35	18	0	19	50	63	82	94	98	112	117	137	171	158	162	155	188	159	196	176	158	149	140	162	128	138	124	81	
90	89	90	54	37	19	0	31	44	64	79	87	102	110	131	165	155	162	157	191	165	202	186	169	162	154	178	144	157	143	100	
114	120	118	85	68	50	31	0	24	46	67	85	101	115	135	169	165	174	173	208	185	226	210	195	189	183	209	175	188	174	131	
108	132	134	97	80	63	44	24	0	22	44	64	80	95	115	148	147	158	159	195	174	216	203	190	187	182	212	179	197	186	140	
111	148	154	115	98	82	64	46	22	0	24	49	65	82	101	132	134	148	152	188	171	213	203	193	190	188	220	189	210	201	154	
103	154	166	125	108	94	79	67	44	24	0	27	42	60	78	108	112	126	132	167	155	197	190	181	181	180	216	186	211	204	157	
83	148	166	123	108	98	87	85	64	49	27	0	16	33	52	84	85	99	105	140	128	170	164	157	159	160	197	169	198	195	148	
84	157	177	134	120	112	102	101	80	65	42	16	0	19	36	68	71	85	93	127	119	161	157	152	155	158	197	171	202	201	154	
74	154	178	135	123	117	110	115	95	82	60	33	19	0	21	55	52	66	74	108	100	142	139	136	140	144	184	160	193	194	149	
86	170	197	154	142	137	131	135	115	101	78	52	36	21	0	34	36	53	65	97	95	134	136	136	143	149	190	169	204	207	164	
113	200	229	186	175	171	165	169	148	132	108	84	68	55	34	0	31	48	67	88	98	132	139	146	156	166	207	190	227	233	191	
89	177	208	167	158	158	155	165	147	134	112	85	71	52	36	31	0	18	36	62	67	103	108	115	125	135	176	160	198	205	166	
86	173	206	167	161	162	162	174	158	148	126	99	85	66	53	48	18	0	20	44	51	85	92	99	110	121	162	150	189	198	162	
74	158	193	155	151	155	157	173	159	152	132	105	93	74	65	67	36	20	0	36	31	69	72	79	90	101	142	130	169	180	145	
105	183	220	186	183	188	191	208	195	188	167	140	127	108	97	88	62	44	36	0	35	46	63	79	94	109	146	143	182	196	168	
75	148	186	153	152	159	165	185	174	171	155	128	119	100	95	98	67	51	31	35	0	42	41	49	62	76	114	108	147	161	133	
112	174	213	185	186	196	202	226	216	213	197	170	161	142	134	132	103	85	69	46	42	0	27	50	66	82	113	117	154	172	156	
96	148	187	162	165	176	186	210	203	203	190	164	157	139	136	139	108	92	72	63	41	27	0	23	39	55	86	90	127	145	130	
82	126	164	141	146	158	169	195	190	193	181	157	152	136	136	146	115	99	79	79	49	50	23	0	16	32	67	67	105	122	107	
79	112	150	130	136	149	162	189	187	190	181	159	155	140	143	156	125	110	90	94	62	66	39	16	0	16	52	51	89	106	93	
77	97	135	118	126	140	154	183	182	188	180	160	158	144	149	166	135	121	101	109	76	82	55	32	16	0	41	35	73	90	78	
114	103	138	133	145	162	178	209	212	220	216	197	197	184	190	207	176	162	142	146	114	113	86	67	52	41	0	34	49	73	85	
87	71	108	99	111	128	144	175	179	189	186	169	171	160	169	190	160	150	130	143	108	117	90	67	51	35	34	0	39	55	52	
119	70	97	105	120	138	157	188	197	210	211	198	202	193	204	227	198	189	169	182	147	154	127	105	89	73	49	39	0	25	57	
121	54	74	89	106	124	143	174	186	201	204	195	201	194	207	233	205	198	180	196	161	172	145	122	106	90	73	55	25	0	47	
78	19	57	49	63	81	100	131	140	154	157	148	154	149	164	191	166	162	145	168	133	156	130	107	93	78	85	52	57	47	0	
Custo_Viagem
V0
0	1003	1368	923	889	957	1026	1299	1231	1265	1174	946	957	843	980	1288	1014	980	843	1197	855	1276	1094	934	900	877	1299	991	1356	1379	889	
1003	0	444	399	592	798	1014	1379	1504	1687	1755	1687	1789	1755	1938	2280	2017	1972	1801	2086	1687	1983	1687	1436	1276	1105	1174	809	798	615	216	
1368	444	0	490	661	820	1026	1345	1539	1767	1892	1892	2029	2040	2245	2610	2371	2359	2200	2508	2120	2428	2131	1881	1721	1550	1573	1231	1105	843	649	
923	399	490	0	193	399	615	969	1117	1322	1425	1402	1527	1539	1755	2120	1903	1903	1778	2120	1744	2109	1846	1607	1482	1345	1516	1128	1197	1014	558	
889	592	661	193	0	205	421	775	912	1117	1231	1231	1368	1402	1618	1995	1801	1835	1721	2086	1732	2120	1881	1664	1550	1436	1653	1265	1368	1208	718	
957	798	820	399	205	0	216	570	718	934	1071	1117	1276	1333	1561	1949	1801	1846	1767	2143	1812	2234	2006	1801	1698	1596	1846	1459	1584	1413	923	
1026	1014	1026	615	421	216	0	353	501	729	900	991	1162	1254	1493	1881	1767	1846	1789	2177	1881	2314	2120	1926	1846	1755	2029	1641	1789	1641	1140	
1299	1379	1345	969	775	570	353	0	273	524	763	969	1151	1311	1539	1926	1881	1983	1972	2371	2109	2576	2394	2223	2154	2086	2382	1995	2154	1995	1493	
1231	1504	1539	1117	912	718	501	273	0	250	501	729	912	1083	1311	1687	1675	1801	1812	2223	1983	2462	2314	2166	2131	2074	2416	2040	2245	2120	1596	
1265	1687	1767	1322	1117	934	729	524	250	0	273	558	741	946	1151	1516	1539	1687	1732	2143	1949	2428	2314	2200	2166	2143	2508	2154	2394	2291	1755	
1174	1755	1892	1425	1231	1071	900	763	501	273	0	307	478	684	889	1231	1288	1447	1504	1915	1767	2245	2166	2063	2063	2052	2462	2120	2405	2337	1789	
946	1687	1892	1402	1231	1117	991	969	729	558	307	0	182	376	592	957	969	1128	1197	1596	1459	1938	1869	1789	1812	1824	2245	1926	2257	2223	1687	
957	1789	2029	1527	1368	1276	1162	1151	912	741	478	182	0	216	410	775	809	980	1060	1459	1356	1835	1789	1732	1767	1801	2245	1949	2302	2291	1755	
843	1755	2040	1539	1402	1333	1254	1311	1083	946	684	376	216	0	239	627	592	752	843	1231	1140	1618	1584	1550	1596	1641	2097	1824	2211	2211	1698	
980	1938	2245	1755	1618	1561	1493	1539	1311	1151	889	592	410	239	0	387	410	604	741	1105	1083	1527	1550	1550	1630	1698	2166	1926	2325	2359	1869	
1288	2280	2610	2120	1995	1949	1881	1926	1687	1516	1231	957	775	627	387	0	353	547	775	1003	1128	1504	1607	1675	1778	1892	2359	2166	2587	2656	2188	
1014	2017	2371	1903	1801	1801	1767	1881	1675	1539	1288	969	809	592	410	353	0	205	410	706	775	1174	1242	1311	1425	1539	2006	1824	2257	2337	1892	
980	1972	2359	1903	1835	1846	1846	1983	1801	1687	1447	1128	980	752	604	547	205	0	228	501	581	969	1048	1140	1265	1390	1858	1710	2154	2257	1846	
843	1801	2200	1778	1721	1767	1789	1972	1812	1732	1504	1197	1060	843	741	775	410	228	0	410	353	786	832	900	1026	1151	1618	1482	1926	2052	1653	
1197	2086	2508	2120	2086	2143	2177	2371	2223	2143	1915	1596	1459	1231	1105	1003	706	501	410	0	399	524	718	900	1071	1242	1664	1630	2074	2234	1915	
855	1687	2120	1744	1732	1812	1881	2109	1983	1949	1767	1459	1356	1140	1083	1128	775	581	353	399	0	478	467	558	706	866	1311	1231	1675	1835	1516	
1276	1983	2428	2109	2120	2234	2314	2576	2462	2428	2245	1938	1835	1618	1527	1504	1174	969	786	524	478	0	307	570	752	946	1288	1345	1767	1983	1778	
1094	1687	2131	1846	1881	2006	2120	2394	2314	2314	2166	1869	1789	1584	1550	1607	1242	1048	832	718	467	307	0	262	444	627	980	1037	1447	1664	1482	
934	1436	1881	1607	1664	1801	1926	2223	2166	2200	2063	1789	1732	1550	1550	1675	1311	1140	900	900	558	570	262	0	182	364	763	775	1197	1402	1219	
900	1276	1721	1482	1550	1698	1846	2154	2131	2166	2063	1812	1767	1596	1630	1778	1425	1265	1026	1071	706	752	444	182	0	182	592	581	1014	1219	1060	
877	1105	1550	1345	1436	1596	1755	2086	2074	2143	2052	1824	1801	1641	1698	1892	1539	1390	1151	1242	866	946	627	364	182	0	467	399	832	1026	889	
1299	1174	1573	1516	1653	1846	2029	2382	2416	2508	2462	2245	2245	2097	2166	2359	2006	1858	1618	1664	1311	1288	980	763	592	467	0	387	558	832	969	
991	809	1231	1128	1265	1459	1641	1995	2040	2154	2120	1926	1949	1824	1926	2166	1824	1710	1482	1630	1231	1345	1037	775	581	399	387	0	444	627	592	
1356	798	1105	1197	1368	1584	1789	2154	2245	2394	2405	2257	2302	2211	2325	2587	2257	2154	1926	2074	1675	1767	1447	1197	1014	832	558	444	0	285	649	
1379	615	843	1014	1208	1413	1641	1995	2120	2291	2337	2223	2291	2211	2359	2656	2337	2257	2052	2234	1835	1983	1664	1402	1219	1026	832	627	285	0	535	
889	216	649	558	718	923	1140	1493	1596	1755	1789	1687	1755	1698	1869	2188	1892	1846	1653	1915	1516	1778	1482	1219	1060	889	969	592	649	535	0	
V1
0	1302	1776	1198	1154	1243	1332	1687	1598	1642	1524	1228	1243	1095	1272	1672	1317	1272	1095	1554	1110	1657	1420	1213	1169	1139	1687	1287	1761	1790	1154	
1302	0	577	518	769	1036	1317	1790	1953	2190	2279	2190	2323	2279	2516	2960	2619	2560	2338	2708	2190	2575	2190	1864	1657	1435	1524	1050	1036	799	281	
1776	577	0	636	858	1065	1332	1746	1998	2294	2456	2456	2634	2649	2915	3389	3078	3063	2856	3256	2752	3152	2767	2442	2234	2012	2042	1598	1435	1095	843	
1198	518	636	0	251	518	799	1258	1450	1716	1850	1820	1983	1998	2279	2752	2471	2471	2308	2752	2264	2738	2397	2086	1924	1746	1968	1465	1554	1317	725	
1154	769	858	251	0	266	547	1006	1184	1450	1598	1598	1776	1820	2101	2590	2338	2382	2234	2708	2249	2752	2442	2160	2012	1864	2146	1642	1776	1568	932	
1243	1036	1065	518	266	0	281	740	932	1213	1391	1450	1657	1731	2027	2530	2338	2397	2294	2782	2353	2900	2604	2338	2205	2072	2397	1894	2057	1835	1198	
1332	1317	1332	799	547	281	0	458	651	947	1169	1287	1509	1628	1938	2442	2294	2397	2323	2826	2442	3004	2752	2501	2397	2279	2634	2131	2323	2131	1480	
1687	1790	1746	1258	1006	740	458	0	355	680	991	1258	1494	1702	1998	2501	2442	2575	2560	3078	2738	3344	3108	2886	2797	2708	3093	2590	2797	2590	1938	
1598	1953	1998	1450	1184	932	651	355	0	325	651	947	1184	1406	1702	2190	2175	2338	2353	2886	2575	3196	3004	2812	2767	2693	3137	2649	2915	2752	2072	
1642	2190	2294	1716	1450	1213	947	680	325	0	355	725	962	1228	1494	1968	1998	2190	2249	2782	2530	3152	3004	2856	2812	2782	3256	2797	3108	2974	2279	
1524	2279	2456	1850	1598	1391	1169	991	651	355	0	399	621	888	1154	1598	1672	1879	1953	2486	2294	2915	2812	2678	2678	2664	3196	2752	3122	3034	2323	
1228	2190	2456	1820	1598	1450	1287	1258	947	725	399	0	236	488	769	1243	1258	1465	1554	2072	1894	2516	2427	2323	2353	2368	2915	2501	2930	2886	2190	
1243	2323	2634	1983	1776	1657	1509	1494	1184	962	621	236	0	281	532	1006	1050	1272	1376	1894	1761	2382	2323	2249	2294	2338	2915	2530	2989	2974	2279	
1095	2279	2649	1998	1820	1731	1628	1702	1406	1228	888	488	281	0	310	814	769	976	1095	1598	1480	2101	2057	2012	2072	2131	2723	2368	2871	2871	2205	
1272	2516	2915	2279	2101	2027	1938	1998	1702	1494	1154	769	532	310	0	503	532	784	962	1435	1406	1983	2012	2012	2116	2205	2812	2501	3019	3063	2427	
1672	2960	3389	2752	2590	2530	2442	2501	2190	1968	1598	1243	1006	814	503	0	458	710	1006	1302	1465	1953	2086	2175	2308	2456	3063	2812	3359	3448	2841	
1317	2619	3078	2471	2338	2338	2294	2442	2175	1998	1672	1258	1050	769	532	458	0	266	532	917	1006	1524	1613	1702	1850	1998	2604	2368	2930	3034	2456	
1272	2560	3063	2471	2382	2397	2397	2575	2338	2190	1879	1465	1272	976	784	710	266	0	296	651	754	1258	1361	1480	1642	1805	2412	2220	2797	2930	2397	
1095	2338	2856	2308	2234	2294	2323	2560	2353	2249	1953	1554	1376	1095	962	1006	532	296	0	532	458	1021	1080	1169	1332	1494	2101	1924	2501	2664	2146	
1554	2708	3256	2752	2708	2782	2826	3078	2886	2782	2486	2072	1894	1598	1435	1302	917	651	532	0	518	680	932	1169	1391	1613	2160	2116	2693	2900	2486	
1110	2190	2752	2264	2249	2353	2442	2738	2575	2530	2294	1894	1761	1480	1406	1465	1006	754	458	518	0	621	606	725	917	1124	1702	1598	2175	2382	1968	
1657	2575	3152	2738	2752	2900	3004	3344	3196	3152	2915	2516	2382	2101	1983	1953	1524	1258	1021	680	621	0	399	740	976	1228	1672	1746	2294	2575	2308	
1420	2190	2767	2397	2442	2604	2752	3108	3004	3004	2812	2427	2323	2057	2012	2086	1613	1361	1080	932	606	399	0	340	577	814	1272	1346	1879	2160	1924	
1213	1864	2442	2086	2160	2338	2501	2886	2812	2856	2678	2323	2249	2012	2012	2175	1702	1480	1169	1169	725	740	340	0	236	473	991	1006	1554	1820	1583	
1169	1657	2234	1924	2012	2205	2397	2797	2767	2812	2678	2353	2294	2072	2116	2308	1850	1642	1332	1391	917	976	577	236	0	236	769	754	1317	1583	1376	
1139	1435	2012	1746	1864	2072	2279	2708	2693	2782	2664	2368	2338	2131	2205	2456	1998	1805	1494	1613	1124	1228	814	473	236	0	606	518	1080	1332	1154	
1687	1524	2042	1968	2146	2397	2634	3093	3137	3256	3196	2915	2915	2723	2812	3063	2604	2412	2101	2160	1702	1672	1272	991	769	606	0	503	725	1080	1258	
1287	1050	1598	1465	1642	1894	2131	2590	2649	2797	2752	2501	2530	2368	2501	2812	2368	2220	1924	2116	1598	1746	1346	1006	754	518	503	0	577	814	769	
1761	1036	1435	1554	1776	2057	2323	2797	2915	3108	3122	2930	2989	2871	3019	3359	2930	2797	2501	2693	2175	2294	1879	1554	1317	1080	725	577	0	370	843	
1790	799	1095	1317	1568	1835	2131	2590	2752	2974	3034	2886	2974	2871	3063	3448	3034	2930	2664	2900	2382	2575	2160	1820	1583	1332	1080	814	370	0	695	
1154	281	843	725	932	1198	1480	1938	2072	2279	2323	2190	2279	2205	2427	2841	2456	2397	2146	2486	1968	2308	1924	1583	1376	1154	1258	769	843	695	0	
V2
0	774	1056	712	686	739	792	1003	950	976	906	730	739	651	756	994	783	756	651	924	660	985	844	721	695	677	1003	765	1047	1064	686	
774	0	343	308	457	616	783	1064	1161	1302	1355	1302	1381	1355	1496	1760	1557	1522	1390	1610	1302	1531	1302	1108	985	853	906	624	616	475	167	
1056	343	0	378	510	633	792	1038	1188	1364	1460	1460	1566	1575	1733	2015	1830	1821	1698	1936	1636	1874	1645	1452	1328	1196	1214	950	853	651	501	
712	308	378	0	149	308	475	748	862	1020	1100	1082	1179	1188	1355	1636	1469	1469	1372	1636	1346	1628	1425	1240	1144	1038	1170	871	924	783	431	
686	457	510	149	0	158	325	598	704	862	950	950	1056	1082	1249	1540	1390	1416	1328	1610	1337	1636	1452	1284	1196	1108	1276	976	1056	932	554	
739	616	633	308	158	0	167	440	554	721	827	862	985	1029	1205	1504	1390	1425	1364	1654	1399	1724	1548	1390	1311	1232	1425	1126	1223	1091	712	
792	783	792	475	325	167	0	272	387	563	695	765	897	968	1152	1452	1364	1425	1381	1680	1452	1786	1636	1487	1425	1355	1566	1267	1381	1267	880	
1003	1064	1038	748	598	440	272	0	211	404	589	748	888	1012	1188	1487	1452	1531	1522	1830	1628	1988	1848	1716	1663	1610	1839	1540	1663	1540	1152	
950	1161	1188	862	704	554	387	211	0	193	387	563	704	836	1012	1302	1293	1390	1399	1716	1531	1900	1786	1672	1645	1601	1865	1575	1733	1636	1232	
976	1302	1364	1020	862	721	563	404	193	0	211	431	572	730	888	1170	1188	1302	1337	1654	1504	1874	1786	1698	1672	1654	1936	1663	1848	1768	1355	
906	1355	1460	1100	950	827	695	589	387	211	0	237	369	528	686	950	994	1117	1161	1478	1364	1733	1672	1592	1592	1584	1900	1636	1856	1804	1381	
730	1302	1460	1082	950	862	765	748	563	431	237	0	140	290	457	739	748	871	924	1232	1126	1496	1443	1381	1399	1408	1733	1487	1742	1716	1302	
739	1381	1566	1179	1056	985	897	888	704	572	369	140	0	167	316	598	624	756	818	1126	1047	1416	1381	1337	1364	1390	1733	1504	1777	1768	1355	
651	1355	1575	1188	1082	1029	968	1012	836	730	528	290	167	0	184	484	457	580	651	950	880	1249	1223	1196	1232	1267	1619	1408	1707	1707	1311	
756	1496	1733	1355	1249	1205	1152	1188	1012	888	686	457	316	184	0	299	316	466	572	853	836	1179	1196	1196	1258	1311	1672	1487	1795	1821	1443	
994	1760	2015	1636	1540	1504	1452	1487	1302	1170	950	739	598	484	299	0	272	422	598	774	871	1161	1240	1293	1372	1460	1821	1672	1997	2050	1689	
783	1557	1830	1469	1390	1390	1364	1452	1293	1188	994	748	624	457	316	272	0	158	316	545	598	906	959	1012	1100	1188	1548	1408	1742	1804	1460	
756	1522	1821	1469	1416	1425	1425	1531	1390	1302	1117	871	756	580	466	422	158	0	176	387	448	748	809	880	976	1073	1434	1320	1663	1742	1425	
651	1390	1698	1372	1328	1364	1381	1522	1399	1337	1161	924	818	651	572	598	316	176	0	316	272	607	642	695	792	888	1249	1144	1487	1584	1276	
924	1610	1936	1636	1610	1654	1680	1830	1716	1654	1478	1232	1126	950	853	774	545	387	316	0	308	404	554	695	827	959	1284	1258	1601	1724	1478	
660	1302	1636	1346	1337	1399	1452	1628	1531	1504	1364	1126	1047	880	836	871	598	448	272	308	0	369	360	431	545	668	1012	950	1293	1416	1170	
985	1531	1874	1628	1636	1724	1786	1988	1900	1874	1733	1496	1416	1249	1179	1161	906	748	607	404	369	0	237	440	580	730	994	1038	1364	1531	1372	
844	1302	1645	1425	1452	1548	1636	1848	1786	1786	1672	1443	1381	1223	1196	1240	959	809	642	554	360	237	0	202	343	484	756	800	1117	1284	1144	
721	1108	1452	1240	1284	1390	1487	1716	1672	1698	1592	1381	1337	1196	1196	1293	1012	880	695	695	431	440	202	0	140	281	589	598	924	1082	941	
695	985	1328	1144	1196	1311	1425	1663	1645	1672	1592	1399	1364	1232	1258	1372	1100	976	792	827	545	580	343	140	0	140	457	448	783	941	818	
677	853	1196	1038	1108	1232	1355	1610	1601	1654	1584	1408	1390	1267	1311	1460	1188	1073	888	959	668	730	484	281	140	0	360	308	642	792	686	
1003	906	1214	1170	1276	1425	1566	1839	1865	1936	1900	1733	1733	1619	1672	1821	1548	1434	1249	1284	1012	994	756	589	457	360	0	299	431	642	748	
765	624	950	871	976	1126	1267	1540	1575	1663	1636	1487	1504	1408	1487	1672	1408	1320	1144	1258	950	1038	800	598	448	308	299	0	343	484	457	
1047	616	853	924	1056	1223	1381	1663	1733	1848	1856	1742	1777	1707	1795	1997	1742	1663	1487	1601	1293	1364	1117	924	783	642	431	343	0	220	501	
1064	475	651	783	932	1091	1267	1540	1636	1768	1804	1716	1768	1707	1821	2050	1804	1742	1584	1724	1416	1531	1284	1082	941	792	642	484	220	0	413	
686	167	501	431	554	712	880	1152	1232	1355	1381	1302	1355	1311	1443	1689	1460	1425	1276	1478	1170	1372	1144	941	818	686	748	457	501	413	0	
V3
0	1900	2592	1749	1684	1814	1944	2462	2332	2397	2224	1792	1814	1598	1857	2440	1922	1857	1598	2268	1620	2419	2073	1771	1706	1663	2462	1879	2570	2613	1684	
1900	0	842	756	1123	1512	1922	2613	2851	3196	3326	3196	3391	3326	3672	4320	3823	3736	3412	3952	3196	3758	3196	2721	2419	2095	2224	1533	1512	1166	410	
2592	842	0	928	1252	1555	1944	2548	2916	3348	3585	3585	3844	3866	4255	4946	4492	4471	4168	4752	4017	4600	4039	3564	3261	2937	2980	2332	2095	1598	1231	
1749	756	928	0	367	756	1166	1836	2116	2505	2700	2656	2894	2916	3326	4017	3607	3607	3369	4017	3304	3996	3499	3045	2808	2548	2872	2138	2268	1922	1058	
1684	1123	1252	367	0	388	799	1468	1728	2116	2332	2332	2592	2656	3067	3780	3412	3477	3261	3952	3283	4017	3564	3153	2937	2721	3132	2397	2592	2289	1360	
1814	1512	1555	756	388	0	410	1080	1360	1771	2030	2116	2419	2527	2959	3693	3412	3499	3348	4060	3434	4233	3801	3412	3218	3024	3499	2764	3002	2678	1749	
1944	1922	1944	1166	799	410	0	669	950	1382	1706	1879	2203	2376	2829	3564	3348	3499	3391	4125	3564	4384	4017	3650	3499	3326	3844	3110	3391	3110	2160	
2462	2613	2548	1836	1468	1080	669	0	518	993	1447	1836	2181	2484	2916	3650	3564	3758	3736	4492	3996	4881	4536	4212	4082	3952	4514	3780	4082	3780	2829	
2332	2851	2916	2116	1728	1360	950	518	0	475	950	1382	1728	2052	2484	3196	3175	3412	3434	4212	3758	4665	4384	4104	4039	3931	4579	3866	4255	4017	3024	
2397	3196	3348	2505	2116	1771	1382	993	475	0	518	1058	1404	1792	2181	2872	2916	3196	3283	4060	3693	4600	4384	4168	4104	4060	4752	4082	4536	4341	3326	
2224	3326	3585	2700	2332	2030	1706	1447	950	518	0	583	907	1296	1684	2332	2440	2743	2851	3628	3348	4255	4104	3909	3909	3888	4665	4017	4557	4428	3391	
1792	3196	3585	2656	2332	2116	1879	1836	1382	1058	583	0	345	712	1123	1814	1836	2138	2268	3024	2764	3672	3542	3391	3434	3456	4255	3650	4276	4212	3196	
1814	3391	3844	2894	2592	2419	2203	2181	1728	1404	907	345	0	410	777	1468	1533	1857	2008	2764	2570	3477	3391	3283	3348	3412	4255	3693	4363	4341	3326	
1598	3326	3866	2916	2656	2527	2376	2484	2052	1792	1296	712	410	0	453	1188	1123	1425	1598	2332	2160	3067	3002	2937	3024	3110	3974	3456	4190	4190	3218	
1857	3672	4255	3326	3067	2959	2829	2916	2484	2181	1684	1123	777	453	0	734	777	1144	1404	2095	2052	2894	2937	2937	3088	3218	4104	3650	4406	4471	3542	
2440	4320	4946	4017	3780	3693	3564	3650	3196	2872	2332	1814	1468	1188	734	0	669	1036	1468	1900	2138	2851	3045	3175	3369	3585	4471	4104	4903	5032	4147	
1922	3823	4492	3607	3412	3412	3348	3564	3175	2916	2440	1836	1533	1123	777	669	0	388	777	1339	1468	2224	2354	2484	2700	2916	3801	3456	4276	4428	3585	
1857	3736	4471	3607	3477	3499	3499	3758	3412	3196	2743	2138	1857	1425	1144	1036	388	0	432	950	1101	1836	1987	2160	2397	2635	3520	3240	4082	4276	3499	
1598	3412	4168	3369	3261	3348	3391	3736	3434	3283	2851	2268	2008	1598	1404	1468	777	432	0	777	669	1490	1576	1706	1944	2181	3067	2808	3650	3888	3132	
2268	3952	4752	4017	3952	4060	4125	4492	4212	4060	3628	3024	2764	2332	2095	1900	1339	950	777	0	756	993	1360	1706	2030	2354	3153	3088	3931	4233	3628	
1620	3196	4017	3304	3283	3434	3564	3996	3758	3693	3348	2764	2570	2160	2052	2138	1468	1101	669	756	0	907	885	1058	1339	1641	2484	2332	3175	3477	2872	
2419	3758	4600	3996	4017	4233	4384	4881	4665	4600	4255	3672	3477	3067	2894	2851	2224	1836	1490	993	907	0	583	1080	1425	1792	2440	2548	3348	3758	3369	
2073	3196	4039	3499	3564	3801	4017	4536	4384	4384	4104	3542	3391	3002	2937	3045	2354	1987	1576	1360	885	583	0	496	842	1188	1857	1965	2743	3153	2808	
1771	2721	3564	3045	3153	3412	3650	4212	4104	4168	3909	3391	3283	2937	2937	3175	2484	2160	1706	1706	1058	1080	496	0	345	691	1447	1468	2268	2656	2311	
1706	2419	3261	2808	2937	3218	3499	4082	4039	4104	3909	3434	3348	3024	3088	3369	2700	2397	1944	2030	1339	1425	842	345	0	345	1123	1101	1922	2311	2008	
1663	2095	2937	2548	2721	3024	3326	3952	3931	4060	3888	3456	3412	3110	3218	3585	2916	2635	2181	2354	1641	1792	1188	691	345	0	885	756	1576	1944	1684	
2462	2224	2980	2872	3132	3499	3844	4514	4579	4752	4665	4255	4255	3974	4104	4471	3801	3520	3067	3153	2484	2440	1857	1447	1123	885	0	734	1058	1576	1836	
1879	1533	2332	2138	2397	2764	3110	3780	3866	4082	4017	3650	3693	3456	3650	4104	3456	3240	2808	3088	2332	2548	1965	1468	1101	756	734	0	842	1188	1123	
2570	1512	2095	2268	2592	3002	3391	4082	4255	4536	4557	4276	4363	4190	4406	4903	4276	4082	3650	3931	3175	3348	2743	2268	1922	1576	1058	842	0	540	1231	
2613	1166	1598	1922	2289	2678	3110	3780	4017	4341	4428	4212	4341	4190	4471	5032	4428	4276	3888	4233	3477	3758	3153	2656	2311	1944	1576	1188	540	0	1015	
1684	410	1231	1058	1360	1749	2160	2829	3024	3326	3391	3196	3326	3218	3542	4147	3585	3499	3132	3628	2872	3369	2808	2311	2008	1684	1836	1123	1231	1015	0	
V4
0	1865	2544	1717	1653	1780	1908	2416	2289	2353	2183	1759	1780	1568	1823	2395	1886	1823	1568	2226	1590	2374	2035	1738	1674	1632	2416	1844	2522	2565	1653	
1865	0	826	742	1102	1484	1886	2565	2798	3137	3264	3137	3328	3264	3604	4240	3752	3667	3349	3879	3137	3688	3137	2671	2374	2056	2183	1505	1484	1144	402	
2544	826	0	911	1229	1526	1908	2501	2862	3286	3519	3519	3773	3794	4176	4854	4409	4388	4091	4664	3943	4515	3964	3498	3201	2883	2925	2289	2056	1568	1208	
1717	742	911	0	360	742	1144	1802	2077	2459	2650	2607	2840	2862	3264	3943	3540	3540	3307	3943	3243	3922	3434	2989	2756	2501	2819	2098	2226	1886	1038	
1653	1102	1229	360	0	381	784	1441	1696	2077	2289	2289	2544	2607	3010	3710	3349	3413	3201	3879	3222	3943	3498	3095	2883	2671	3074	2353	2544	2247	1335	
1780	1484	1526	742	381	0	402	1060	1335	1738	1992	2077	2374	2480	2904	3625	3349	3434	3286	3985	3370	4155	3731	3349	3158	2968	3434	2713	2946	2628	1717	
1908	1886	1908	1144	784	402	0	657	932	1356	1674	1844	2162	2332	2777	3498	3286	3434	3328	4049	3498	4303	3943	3582	3434	3264	3773	3052	3328	3052	2120	
2416	2565	2501	1802	1441	1060	657	0	508	975	1420	1802	2141	2438	2862	3582	3498	3688	3667	4409	3922	4791	4452	4134	4006	3879	4430	3710	4006	3710	2777	
2289	2798	2862	2077	1696	1335	932	508	0	466	932	1356	1696	2014	2438	3137	3116	3349	3370	4134	3688	4579	4303	4028	3964	3858	4494	3794	4176	3943	2968	
2353	3137	3286	2459	2077	1738	1356	975	466	0	508	1038	1378	1759	2141	2819	2862	3137	3222	3985	3625	4515	4303	4091	4028	3985	4664	4006	4452	4261	3264	
2183	3264	3519	2650	2289	1992	1674	1420	932	508	0	572	890	1272	1653	2289	2395	2692	2798	3561	3286	4176	4028	3837	3837	3816	4579	3943	4473	4346	3328	
1759	3137	3519	2607	2289	2077	1844	1802	1356	1038	572	0	339	699	1102	1780	1802	2098	2226	2968	2713	3604	3476	3328	3370	3392	4176	3582	4197	4134	3137	
1780	3328	3773	2840	2544	2374	2162	2141	1696	1378	890	339	0	402	763	1441	1505	1823	1971	2713	2522	3413	3328	3222	3286	3349	4176	3625	4282	4261	3264	
1568	3264	3794	2862	2607	2480	2332	2438	2014	1759	1272	699	402	0	445	1166	1102	1399	1568	2289	2120	3010	2946	2883	2968	3052	3900	3392	4112	4112	3158	
1823	3604	4176	3264	3010	2904	2777	2862	2438	2141	1653	1102	763	445	0	720	763	1123	1378	2056	2014	2840	2883	2883	3031	3158	4028	3582	4324	4388	3476	
2395	4240	4854	3943	3710	3625	3498	3582	3137	2819	2289	1780	1441	1166	720	0	657	1017	1441	1865	2098	2798	2989	3116	3307	3519	4388	4028	4812	4939	4070	
1886	3752	4409	3540	3349	3349	3286	3498	3116	2862	2395	1802	1505	1102	763	657	0	381	763	1314	1441	2183	2310	2438	2650	2862	3731	3392	4197	4346	3519	
1823	3667	4388	3540	3413	3434	3434	3688	3349	3137	2692	2098	1823	1399	1123	1017	381	0	424	932	1081	1802	1950	2120	2353	2586	3455	3180	4006	4197	3434	
1568	3349	4091	3307	3201	3286	3328	3667	3370	3222	2798	2226	1971	1568	1378	1441	763	424	0	763	657	1462	1547	1674	1908	2141	3010	2756	3582	3816	3074	
2226	3879	4664	3943	3879	3985	4049	4409	4134	3985	3561	2968	2713	2289	2056	1865	1314	932	763	0	742	975	1335	1674	1992	2310	3095	3031	3858	4155	3561	
1590	3137	3943	3243	3222	3370	3498	3922	3688	3625	3286	2713	2522	2120	2014	2098	1441	1081	657	742	0	890	869	1038	1314	1611	2438	2289	3116	3413	2819	
2374	3688	4515	3922	3943	4155	4303	4791	4579	4515	4176	3604	3413	3010	2840	2798	2183	1802	1462	975	890	0	572	1060	1399	1759	2395	2501	3286	3688	3307	
2035	3137	3964	3434	3498	3731	3943	4452	4303	4303	4028	3476	3328	2946	2883	2989	2310	1950	1547	1335	869	572	0	487	826	1166	1823	1929	2692	3095	2756	
1738	2671	3498	2989	3095	3349	3582	4134	4028	4091	3837	3328	3222	2883	2883	3116	2438	2120	1674	1674	1038	1060	487	0	339	678	1420	1441	2226	2607	2268	
1674	2374	3201	2756	2883	3158	3434	4006	3964	4028	3837	3370	3286	2968	3031	3307	2650	2353	1908	1992	1314	1399	826	339	0	339	1102	1081	1886	2268	1971	
1632	2056	2883	2501	2671	2968	3264	3879	3858	3985	3816	3392	3349	3052	3158	3519	2862	2586	2141	2310	1611	1759	1166	678	339	0	869	742	1547	1908	1653	
2416	2183	2925	2819	3074	3434	3773	4430	4494	4664	4579	4176	4176	3900	4028	4388	3731	3455	3010	3095	2438	2395	1823	1420	1102	869	0	720	1038	1547	1802	
1844	1505	2289	2098	2353	2713	3052	3710	3794	4006	3943	3582	3625	3392	3582	4028	3392	3180	2756	3031	2289	2501	1929	1441	1081	742	720	0	826	1166	1102	
2522	1484	2056	2226	2544	2946	3328	4006	4176	4452	4473	4197	4282	4112	4324	4812	4197	4006	3582	3858	3116	3286	2692	2226	1886	1547	1038	826	0	530	1208	
2565	1144	1568	1886	2247	2628	3052	3710	3943	4261	4346	4134	4261	4112	4388	4939	4346	4197	3816	4155	3413	3688	3095	2607	2268	1908	1547	1166	530	0	996	
1653	402	1208	1038	1335	1717	2120	2777	2968	3264	3328	3137	3264	3158	3476	4070	3519	3434	3074	3561	2819	3307	2756	2268	1971	1653	1802	1102	1208	996	0	
V5
0	1584	2160	1458	1404	1512	1620	2052	1944	1998	1854	1494	1512	1332	1548	2034	1602	1548	1332	1890	1350	2016	1728	1476	1422	1386	2052	1566	2142	2178	1404	
1584	0	702	630	936	1260	1602	2178	2376	2664	2772	2664	2826	2772	3060	3600	3186	3114	2844	3294	2664	3132	2664	2268	2016	1746	1854	1278	1260	972	342	
2160	702	0	774	1044	1296	1620	2124	2430	2790	2988	2988	3204	3222	3546	4122	3744	3726	3474	3960	3348	3834	3366	2970	2718	2448	2484	1944	1746	1332	1026	
1458	630	774	0	306	630	972	1530	1764	2088	2250	2214	2412	2430	2772	3348	3006	3006	2808	3348	2754	3330	2916	2538	2340	2124	2394	1782	1890	1602	882	
1404	936	1044	306	0	324	666	1224	1440	1764	1944	1944	2160	2214	2556	3150	2844	2898	2718	3294	2736	3348	2970	2628	2448	2268	2610	1998	2160	1908	1134	
1512	1260	1296	630	324	0	342	900	1134	1476	1692	1764	2016	2106	2466	3078	2844	2916	2790	3384	2862	3528	3168	2844	2682	2520	2916	2304	2502	2232	1458	
1620	1602	1620	972	666	342	0	558	792	1152	1422	1566	1836	1980	2358	2970	2790	2916	2826	3438	2970	3654	3348	3042	2916	2772	3204	2592	2826	2592	1800	
2052	2178	2124	1530	1224	900	558	0	432	828	1206	1530	1818	2070	2430	3042	2970	3132	3114	3744	3330	4068	3780	3510	3402	3294	3762	3150	3402	3150	2358	
1944	2376	2430	1764	1440	1134	792	432	0	396	792	1152	1440	1710	2070	2664	2646	2844	2862	3510	3132	3888	3654	3420	3366	3276	3816	3222	3546	3348	2520	
1998	2664	2790	2088	1764	1476	1152	828	396	0	432	882	1170	1494	1818	2394	2430	2664	2736	3384	3078	3834	3654	3474	3420	3384	3960	3402	3780	3618	2772	
1854	2772	2988	2250	1944	1692	1422	1206	792	432	0	486	756	1080	1404	1944	2034	2286	2376	3024	2790	3546	3420	3258	3258	3240	3888	3348	3798	3690	2826	
1494	2664	2988	2214	1944	1764	1566	1530	1152	882	486	0	288	594	936	1512	1530	1782	1890	2520	2304	3060	2952	2826	2862	2880	3546	3042	3564	3510	2664	
1512	2826	3204	2412	2160	2016	1836	1818	1440	1170	756	288	0	342	648	1224	1278	1548	1674	2304	2142	2898	2826	2736	2790	2844	3546	3078	3636	3618	2772	
1332	2772	3222	2430	2214	2106	1980	2070	1710	1494	1080	594	342	0	378	990	936	1188	1332	1944	1800	2556	2502	2448	2520	2592	3312	2880	3492	3492	2682	
1548	3060	3546	2772	2556	2466	2358	2430	2070	1818	1404	936	648	378	0	612	648	954	1170	1746	1710	2412	2448	2448	2574	2682	3420	3042	3672	3726	2952	
2034	3600	4122	3348	3150	3078	2970	3042	2664	2394	1944	1512	1224	990	612	0	558	864	1224	1584	1782	2376	2538	2646	2808	2988	3726	3420	4086	4194	3456	
1602	3186	3744	3006	2844	2844	2790	2970	2646	2430	2034	1530	1278	936	648	558	0	324	648	1116	1224	1854	1962	2070	2250	2430	3168	2880	3564	3690	2988	
1548	3114	3726	3006	2898	2916	2916	3132	2844	2664	2286	1782	1548	1188	954	864	324	0	360	792	918	1530	1656	1800	1998	2196	2934	2700	3402	3564	2916	
1332	2844	3474	2808	2718	2790	2826	3114	2862	2736	2376	1890	1674	1332	1170	1224	648	360	0	648	558	1242	1314	1422	1620	1818	2556	2340	3042	3240	2610	
1890	3294	3960	3348	3294	3384	3438	3744	3510	3384	3024	2520	2304	1944	1746	1584	1116	792	648	0	630	828	1134	1422	1692	1962	2628	2574	3276	3528	3024	
1350	2664	3348	2754	2736	2862	2970	3330	3132	3078	2790	2304	2142	1800	1710	1782	1224	918	558	630	0	756	738	882	1116	1368	2070	1944	2646	2898	2394	
2016	3132	3834	3330	3348	3528	3654	4068	3888	3834	3546	3060	2898	2556	2412	2376	1854	1530	1242	828	756	0	486	900	1188	1494	2034	2124	2790	3132	2808	
1728	2664	3366	2916	2970	3168	3348	3780	3654	3654	3420	2952	2826	2502	2448	2538	1962	1656	1314	1134	738	486	0	414	702	990	1548	1638	2286	2628	2340	
1476	2268	2970	2538	2628	2844	3042	3510	3420	3474	3258	2826	2736	2448	2448	2646	2070	1800	1422	1422	882	900	414	0	288	576	1206	1224	1890	2214	1926	
1422	2016	2718	2340	2448	2682	2916	3402	3366	3420	3258	2862	2790	2520	2574	2808	2250	1998	1620	1692	1116	1188	702	288	0	288	936	918	1602	1926	1674	
1386	1746	2448	2124	2268	2520	2772	3294	3276	3384	3240	2880	2844	2592	2682	2988	2430	2196	1818	1962	1368	1494	990	576	288	0	738	630	1314	1620	1404	
2052	1854	2484	2394	2610	2916	3204	3762	3816	3960	3888	3546	3546	3312	3420	3726	3168	2934	2556	2628	2070	2034	1548	1206	936	738	0	612	882	1314	1530	
1566	1278	1944	1782	1998	2304	2592	3150	3222	3402	3348	3042	3078	2880	3042	3420	2880	2700	2340	2574	1944	2124	1638	1224	918	630	612	0	702	990	936	
2142	1260	1746	1890	2160	2502	2826	3402	3546	3780	3798	3564	3636	3492	3672	4086	3564	3402	3042	3276	2646	2790	2286	1890	1602	1314	882	702	0	450	1026	
2178	972	1332	1602	1908	2232	2592	3150	3348	3618	3690	3510	3618	3492	3726	4194	3690	3564	3240	3528	2898	3132	2628	2214	1926	1620	1314	990	450	0	846	
1404	342	1026	882	1134	1458	1800	2358	2520	2772	2826	2664	2772	2682	2952	3456	2988	2916	2610	3024	2394	2808	2340	1926	1674	1404	1530	936	1026	846	0	
V6
0	1513	2064	1393	1341	1444	1548	1960	1857	1909	1771	1427	1444	1272	1479	1943	1530	1479	1272	1806	1290	1926	1651	1410	1358	1324	1960	1496	2046	2081	1341	
1513	0	670	602	894	1204	1530	2081	2270	2545	2648	2545	2700	2648	2924	3440	3044	2975	2717	3147	2545	2992	2545	2167	1926	1668	1771	1221	1204	928	326	
2064	670	0	739	997	1238	1548	2029	2322	2666	2855	2855	3061	3078	3388	3938	3577	3560	3319	3784	3199	3663	3216	2838	2597	2339	2373	1857	1668	1272	980	
1393	602	739	0	292	602	928	1462	1685	1995	2150	2115	2304	2322	2648	3199	2872	2872	2683	3199	2631	3182	2786	2425	2236	2029	2287	1702	1806	1530	842	
1341	894	997	292	0	309	636	1169	1376	1685	1857	1857	2064	2115	2442	3010	2717	2769	2597	3147	2614	3199	2838	2511	2339	2167	2494	1909	2064	1823	1083	
1444	1204	1238	602	309	0	326	860	1083	1410	1616	1685	1926	2012	2356	2941	2717	2786	2666	3233	2734	3371	3027	2717	2562	2408	2786	2201	2390	2132	1393	
1548	1530	1548	928	636	326	0	533	756	1100	1358	1496	1754	1892	2253	2838	2666	2786	2700	3285	2838	3491	3199	2906	2786	2648	3061	2476	2700	2476	1720	
1960	2081	2029	1462	1169	860	533	0	412	791	1152	1462	1737	1978	2322	2906	2838	2992	2975	3577	3182	3887	3612	3354	3250	3147	3594	3010	3250	3010	2253	
1857	2270	2322	1685	1376	1083	756	412	0	378	756	1100	1376	1634	1978	2545	2528	2717	2734	3354	2992	3715	3491	3268	3216	3130	3646	3078	3388	3199	2408	
1909	2545	2666	1995	1685	1410	1100	791	378	0	412	842	1118	1427	1737	2287	2322	2545	2614	3233	2941	3663	3491	3319	3268	3233	3784	3250	3612	3457	2648	
1771	2648	2855	2150	1857	1616	1358	1152	756	412	0	464	722	1032	1341	1857	1943	2184	2270	2889	2666	3388	3268	3113	3113	3096	3715	3199	3629	3526	2700	
1427	2545	2855	2115	1857	1685	1496	1462	1100	842	464	0	275	567	894	1444	1462	1702	1806	2408	2201	2924	2820	2700	2734	2752	3388	2906	3405	3354	2545	
1444	2700	3061	2304	2064	1926	1754	1737	1376	1118	722	275	0	326	619	1169	1221	1479	1599	2201	2046	2769	2700	2614	2666	2717	3388	2941	3474	3457	2648	
1272	2648	3078	2322	2115	2012	1892	1978	1634	1427	1032	567	326	0	361	946	894	1135	1272	1857	1720	2442	2390	2339	2408	2476	3164	2752	3336	3336	2562	
1479	2924	3388	2648	2442	2356	2253	2322	1978	1737	1341	894	619	361	0	584	619	911	1118	1668	1634	2304	2339	2339	2459	2562	3268	2906	3508	3560	2820	
1943	3440	3938	3199	3010	2941	2838	2906	2545	2287	1857	1444	1169	946	584	0	533	825	1169	1513	1702	2270	2425	2528	2683	2855	3560	3268	3904	4007	3302	
1530	3044	3577	2872	2717	2717	2666	2838	2528	2322	1943	1462	1221	894	619	533	0	309	619	1066	1169	1771	1874	1978	2150	2322	3027	2752	3405	3526	2855	
1479	2975	3560	2872	2769	2786	2786	2992	2717	2545	2184	1702	1479	1135	911	825	309	0	344	756	877	1462	1582	1720	1909	2098	2803	2580	3250	3405	2786	
1272	2717	3319	2683	2597	2666	2700	2975	2734	2614	2270	1806	1599	1272	1118	1169	619	344	0	619	533	1186	1255	1358	1548	1737	2442	2236	2906	3096	2494	
1806	3147	3784	3199	3147	3233	3285	3577	3354	3233	2889	2408	2201	1857	1668	1513	1066	756	619	0	602	791	1083	1358	1616	1874	2511	2459	3130	3371	2889	
1290	2545	3199	2631	2614	2734	2838	3182	2992	2941	2666	2201	2046	1720	1634	1702	1169	877	533	602	0	722	705	842	1066	1307	1978	1857	2528	2769	2287	
1926	2992	3663	3182	3199	3371	3491	3887	3715	3663	3388	2924	2769	2442	2304	2270	1771	1462	1186	791	722	0	464	860	1135	1427	1943	2029	2666	2992	2683	
1651	2545	3216	2786	2838	3027	3199	3612	3491	3491	3268	2820	2700	2390	2339	2425	1874	1582	1255	1083	705	464	0	395	670	946	1479	1565	2184	2511	2236	
1410	2167	2838	2425	2511	2717	2906	3354	3268	3319	3113	2700	2614	2339	2339	2528	1978	1720	1358	1358	842	860	395	0	275	550	1152	1169	1806	2115	1840	
1358	1926	2597	2236	2339	2562	2786	3250	3216	3268	3113	2734	2666	2408	2459	2683	2150	1909	1548	1616	1066	1135	670	275	0	275	894	877	1530	1840	1599	
1324	1668	2339	2029	2167	2408	2648	3147	3130	3233	3096	2752	2717	2476	2562	2855	2322	2098	1737	1874	1307	1427	946	550	275	0	705	602	1255	1548	1341	
1960	1771	2373	2287	2494	2786	3061	3594	3646	3784	3715	3388	3388	3164	3268	3560	3027	2803	2442	2511	1978	1943	1479	1152	894	705	0	584	842	1255	1462	
1496	1221	1857	1702	1909	2201	2476	3010	3078	3250	3199	2906	2941	2752	2906	3268	2752	2580	2236	2459	1857	2029	1565	1169	877	602	584	0	670	946	894	
2046	1204	1668	1806	2064	2390	2700	3250	3388	3612	3629	3405	3474	3336	3508	3904	3405	3250	2906	3130	2528	2666	2184	1806	1530	1255	842	670	0	430	980	
2081	928	1272	1530	1823	2132	2476	3010	3199	3457	3526	3354	3457	3336	3560	4007	3526	3405	3096	3371	2769	2992	2511	2115	1840	1548	1255	946	430	0	808	
1341	326	980	842	1083	1393	1720	2253	2408	2648	2700	2545	2648	2562	2820	3302	2855	2786	2494	2889	2287	2683	2236	1840	1599	1341	1462	894	980	808	0	
V7
0	1672	2280	1539	1482	1596	1710	2166	2052	2109	1957	1577	1596	1406	1634	2147	1691	1634	1406	1995	1425	2128	1824	1558	1501	1463	2166	1653	2261	2299	1482	
1672	0	741	665	988	1330	1691	2299	2508	2812	2926	2812	2983	2926	3230	3800	3363	3287	3002	3477	2812	3306	2812	2394	2128	1843	1957	1349	1330	1026	361	
2280	741	0	817	1102	1368	1710	2242	2565	2945	3154	3154	3382	3401	3743	4351	3952	3933	3667	4180	3534	4047	3553	3135	2869	2584	2622	2052	1843	1406	1083	
1539	665	817	0	323	665	1026	1615	1862	2204	2375	2337	2546	2565	2926	3534	3173	3173	2964	3534	2907	3515	3078	2679	2470	2242	2527	1881	1995	1691	931	
1482	988	1102	323	0	342	703	1292	1520	1862	2052	2052	2280	2337	2698	3325	3002	3059	2869	3477	2888	3534	3135	2774	2584	2394	2755	2109	2280	2014	1197	
1596	1330	1368	665	342	0	361	950	1197	1558	1786	1862	2128	2223	2603	3249	3002	3078	2945	3572	3021	3724	3344	3002	2831	2660	3078	2432	2641	2356	1539	
1710	1691	1710	1026	703	361	0	589	836	1216	1501	1653	1938	2090	2489	3135	2945	3078	2983	3629	3135	3857	3534	3211	3078	2926	3382	2736	2983	2736	1900	
2166	2299	2242	1615	1292	950	589	0	456	874	1273	1615	1919	2185	2565	3211	3135	3306	3287	3952	3515	4294	3990	3705	3591	3477	3971	3325	3591	3325	2489	
2052	2508	2565	1862	1520	1197	836	456	0	418	836	1216	1520	1805	2185	2812	2793	3002	3021	3705	3306	4104	3857	3610	3553	3458	4028	3401	3743	3534	2660	
2109	2812	2945	2204	1862	1558	1216	874	418	0	456	931	1235	1577	1919	2527	2565	2812	2888	3572	3249	4047	3857	3667	3610	3572	4180	3591	3990	3819	2926	
1957	2926	3154	2375	2052	1786	1501	1273	836	456	0	513	798	1140	1482	2052	2147	2413	2508	3192	2945	3743	3610	3439	3439	3420	4104	3534	4009	3895	2983	
1577	2812	3154	2337	2052	1862	1653	1615	1216	931	513	0	304	627	988	1596	1615	1881	1995	2660	2432	3230	3116	2983	3021	3040	3743	3211	3762	3705	2812	
1596	2983	3382	2546	2280	2128	1938	1919	1520	1235	798	304	0	361	684	1292	1349	1634	1767	2432	2261	3059	2983	2888	2945	3002	3743	3249	3838	3819	2926	
1406	2926	3401	2565	2337	2223	2090	2185	1805	1577	1140	627	361	0	399	1045	988	1254	1406	2052	1900	2698	2641	2584	2660	2736	3496	3040	3686	3686	2831	
1634	3230	3743	2926	2698	2603	2489	2565	2185	1919	1482	988	684	399	0	646	684	1007	1235	1843	1805	2546	2584	2584	2717	2831	3610	3211	3876	3933	3116	
2147	3800	4351	3534	3325	3249	3135	3211	2812	2527	2052	1596	1292	1045	646	0	589	912	1292	1672	1881	2508	2679	2793	2964	3154	3933	3610	4313	4427	3648	
1691	3363	3952	3173	3002	3002	2945	3135	2793	2565	2147	1615	1349	988	684	589	0	342	684	1178	1292	1957	2071	2185	2375	2565	3344	3040	3762	3895	3154	
1634	3287	3933	3173	3059	3078	3078	3306	3002	2812	2413	1881	1634	1254	1007	912	342	0	380	836	969	1615	1748	1900	2109	2318	3097	2850	3591	3762	3078	
1406	3002	3667	2964	2869	2945	2983	3287	3021	2888	2508	1995	1767	1406	1235	1292	684	380	0	684	589	1311	1387	1501	1710	1919	2698	2470	3211	3420	2755	
1995	3477	4180	3534	3477	3572	3629	3952	3705	3572	3192	2660	2432	2052	1843	1672	1178	836	684	0	665	874	1197	1501	1786	2071	2774	2717	3458	3724	3192	
1425	2812	3534	2907	2888	3021	3135	3515	3306	3249	2945	2432	2261	1900	1805	1881	1292	969	589	665	0	798	779	931	1178	1444	2185	2052	2793	3059	2527	
2128	3306	4047	3515	3534	3724	3857	4294	4104	4047	3743	3230	3059	2698	2546	2508	1957	1615	1311	874	798	0	513	950	1254	1577	2147	2242	2945	3306	2964	
1824	2812	3553	3078	3135	3344	3534	3990	3857	3857	3610	3116	2983	2641	2584	2679	2071	1748	1387	1197	779	513	0	437	741	1045	1634	1729	2413	2774	2470	
1558	2394	3135	2679	2774	3002	3211	3705	3610	3667	3439	2983	2888	2584	2584	2793	2185	1900	1501	1501	931	950	437	0	304	608	1273	1292	1995	2337	2033	
1501	2128	2869	2470	2584	2831	3078	3591	3553	3610	3439	3021	2945	2660	2717	2964	2375	2109	1710	1786	1178	1254	741	304	0	304	988	969	1691	2033	1767	
1463	1843	2584	2242	2394	2660	2926	3477	3458	3572	3420	3040	3002	2736	2831	3154	2565	2318	1919	2071	1444	1577	1045	608	304	0	779	665	1387	1710	1482	
2166	1957	2622	2527	2755	3078	3382	3971	4028	4180	4104	3743	3743	3496	3610	3933	3344	3097	2698	2774	2185	2147	1634	1273	988	779	0	646	931	1387	1615	
1653	1349	2052	1881	2109	2432	2736	3325	3401	3591	3534	3211	3249	3040	3211	3610	3040	2850	2470	2717	2052	2242	1729	1292	969	665	646	0	741	1045	988	
2261	1330	1843	1995	2280	2641	2983	3591	3743	3990	4009	3762	3838	3686	3876	4313	3762	3591	3211	3458	2793	2945	2413	1995	1691	1387	931	741	0	475	1083	
2299	1026	1406	1691	2014	2356	2736	3325	3534	3819	3895	3705	3819	3686	3933	4427	3895	3762	3420	3724	3059	3306	2774	2337	2033	1710	1387	1045	475	0	893	
1482	361	1083	931	1197	1539	1900	2489	2660	2926	2983	2812	2926	2831	3116	3648	3154	3078	2755	3192	2527	2964	2470	2033	1767	1482	1615	988	1083	893	0	
V8
0	1390	1896	1279	1232	1327	1422	1801	1706	1753	1627	1311	1327	1169	1358	1785	1406	1358	1169	1659	1185	1769	1516	1295	1248	1216	1801	1374	1880	1911	1232	
1390	0	616	553	821	1106	1406	1911	2085	2338	2433	2338	2480	2433	2686	3160	2796	2733	2496	2891	2338	2749	2338	1990	1769	1532	1627	1121	1106	853	300	
1896	616	0	679	916	1137	1422	1864	2133	2449	2622	2622	2812	2828	3112	3618	3286	3270	3049	3476	2938	3365	2954	2607	2385	2148	2180	1706	1532	1169	900	
1279	553	679	0	268	553	853	1343	1548	1832	1975	1943	2117	2133	2433	2938	2638	2638	2464	2938	2417	2923	2559	2227	2054	1864	2101	1564	1659	1406	774	
1232	821	916	268	0	284	584	1074	1264	1548	1706	1706	1896	1943	2243	2765	2496	2543	2385	2891	2401	2938	2607	2306	2148	1990	2291	1753	1896	1674	995	
1327	1106	1137	553	284	0	300	790	995	1295	1485	1548	1769	1848	2164	2701	2496	2559	2449	2970	2512	3096	2780	2496	2354	2212	2559	2022	2196	1959	1279	
1422	1406	1422	853	584	300	0	489	695	1011	1248	1374	1611	1738	2069	2607	2449	2559	2480	3017	2607	3207	2938	2670	2559	2433	2812	2275	2480	2275	1580	
1801	1911	1864	1343	1074	790	489	0	379	726	1058	1343	1595	1817	2133	2670	2607	2749	2733	3286	2923	3570	3318	3081	2986	2891	3302	2765	2986	2765	2069	
1706	2085	2133	1548	1264	995	695	379	0	347	695	1011	1264	1501	1817	2338	2322	2496	2512	3081	2749	3412	3207	3002	2954	2875	3349	2828	3112	2938	2212	
1753	2338	2449	1832	1548	1295	1011	726	347	0	379	774	1027	1311	1595	2101	2133	2338	2401	2970	2701	3365	3207	3049	3002	2970	3476	2986	3318	3175	2433	
1627	2433	2622	1975	1706	1485	1248	1058	695	379	0	426	663	948	1232	1706	1785	2006	2085	2654	2449	3112	3002	2859	2859	2844	3412	2938	3333	3239	2480	
1311	2338	2622	1943	1706	1548	1374	1343	1011	774	426	0	252	521	821	1327	1343	1564	1659	2212	2022	2686	2591	2480	2512	2528	3112	2670	3128	3081	2338	
1327	2480	2812	2117	1896	1769	1611	1595	1264	1027	663	252	0	300	568	1074	1121	1358	1469	2022	1880	2543	2480	2401	2449	2496	3112	2701	3191	3175	2433	
1169	2433	2828	2133	1943	1848	1738	1817	1501	1311	948	521	300	0	331	869	821	1042	1169	1706	1580	2243	2196	2148	2212	2275	2907	2528	3065	3065	2354	
1358	2686	3112	2433	2243	2164	2069	2133	1817	1595	1232	821	568	331	0	537	568	837	1027	1532	1501	2117	2148	2148	2259	2354	3002	2670	3223	3270	2591	
1785	3160	3618	2938	2765	2701	2607	2670	2338	2101	1706	1327	1074	869	537	0	489	758	1074	1390	1564	2085	2227	2322	2464	2622	3270	3002	3586	3681	3033	
1406	2796	3286	2638	2496	2496	2449	2607	2322	2133	1785	1343	1121	821	568	489	0	284	568	979	1074	1627	1722	1817	1975	2133	2780	2528	3128	3239	2622	
1358	2733	3270	2638	2543	2559	2559	2749	2496	2338	2006	1564	1358	1042	837	758	284	0	316	695	805	1343	1453	1580	1753	1927	2575	2370	2986	3128	2559	
1169	2496	3049	2464	2385	2449	2480	2733	2512	2401	2085	1659	1469	1169	1027	1074	568	316	0	568	489	1090	1153	1248	1422	1595	2243	2054	2670	2844	2291	
1659	2891	3476	2938	2891	2970	3017	3286	3081	2970	2654	2212	2022	1706	1532	1390	979	695	568	0	553	726	995	1248	1485	1722	2306	2259	2875	3096	2654	
1185	2338	2938	2417	2401	2512	2607	2923	2749	2701	2449	2022	1880	1580	1501	1564	1074	805	489	553	0	663	647	774	979	1200	1817	1706	2322	2543	2101	
1769	2749	3365	2923	2938	3096	3207	3570	3412	3365	3112	2686	2543	2243	2117	2085	1627	1343	1090	726	663	0	426	790	1042	1311	1785	1864	2449	2749	2464	
1516	2338	2954	2559	2607	2780	2938	3318	3207	3207	3002	2591	2480	2196	2148	2227	1722	1453	1153	995	647	426	0	363	616	869	1358	1437	2006	2306	2054	
1295	1990	2607	2227	2306	2496	2670	3081	3002	3049	2859	2480	2401	2148	2148	2322	1817	1580	1248	1248	774	790	363	0	252	505	1058	1074	1659	1943	1690	
1248	1769	2385	2054	2148	2354	2559	2986	2954	3002	2859	2512	2449	2212	2259	2464	1975	1753	1422	1485	979	1042	616	252	0	252	821	805	1406	1690	1469	
1216	1532	2148	1864	1990	2212	2433	2891	2875	2970	2844	2528	2496	2275	2354	2622	2133	1927	1595	1722	1200	1311	869	505	252	0	647	553	1153	1422	1232	
1801	1627	2180	2101	2291	2559	2812	3302	3349	3476	3412	3112	3112	2907	3002	3270	2780	2575	2243	2306	1817	1785	1358	1058	821	647	0	537	774	1153	1343	
1374	1121	1706	1564	1753	2022	2275	2765	2828	2986	2938	2670	2701	2528	2670	3002	2528	2370	2054	2259	1706	1864	1437	1074	805	553	537	0	616	869	821	
1880	1106	1532	1659	1896	2196	2480	2986	3112	3318	3333	3128	3191	3065	3223	3586	3128	2986	2670	2875	2322	2449	2006	1659	1406	1153	774	616	0	395	900	
1911	853	1169	1406	1674	1959	2275	2765	2938	3175	3239	3081	3175	3065	3270	3681	3239	3128	2844	3096	2543	2749	2306	1943	1690	1422	1153	869	395	0	742	
1232	300	900	774	995	1279	1580	2069	2212	2433	2480	2338	2433	2354	2591	3033	2622	2559	2291	2654	2101	2464	2054	1690	1469	1232	1343	821	900	742	0	
V9
0	809	1104	745	717	772	828	1048	993	1021	947	763	772	680	791	1039	818	791	680	966	690	1030	883	754	726	708	1048	800	1094	1113	717	
809	0	358	322	478	644	818	1113	1214	1361	1416	1361	1444	1416	1564	1840	1628	1591	1453	1683	1361	1600	1361	1159	1030	892	947	653	644	496	174	
1104	358	0	395	533	662	828	1085	1242	1426	1527	1527	1637	1646	1812	2106	1913	1904	1775	2024	1711	1959	1720	1518	1389	1251	1269	993	892	680	524	
745	322	395	0	156	322	496	782	901	1067	1150	1131	1232	1242	1416	1711	1536	1536	1435	1711	1407	1702	1490	1297	1196	1085	1223	910	966	818	450	
717	478	533	156	0	165	340	625	736	901	993	993	1104	1131	1306	1610	1453	1481	1389	1683	1398	1711	1518	1343	1251	1159	1334	1021	1104	975	579	
772	644	662	322	165	0	174	460	579	754	864	901	1030	1076	1260	1573	1453	1490	1426	1729	1462	1803	1619	1453	1370	1288	1490	1177	1278	1140	745	
828	818	828	496	340	174	0	285	404	588	726	800	938	1012	1205	1518	1426	1490	1444	1757	1518	1867	1711	1554	1490	1416	1637	1324	1444	1324	920	
1048	1113	1085	782	625	460	285	0	220	423	616	782	929	1058	1242	1554	1518	1600	1591	1913	1702	2079	1932	1794	1738	1683	1922	1610	1738	1610	1205	
993	1214	1242	901	736	579	404	220	0	202	404	588	736	874	1058	1361	1352	1453	1462	1794	1600	1987	1867	1748	1720	1674	1950	1646	1812	1711	1288	
1021	1361	1426	1067	901	754	588	423	202	0	220	450	598	763	929	1223	1242	1361	1398	1729	1573	1959	1867	1775	1748	1729	2024	1738	1932	1849	1416	
947	1416	1527	1150	993	864	726	616	404	220	0	248	386	552	717	993	1039	1168	1214	1545	1426	1812	1748	1665	1665	1656	1987	1711	1941	1886	1444	
763	1361	1527	1131	993	901	800	782	588	450	248	0	147	303	478	772	782	910	966	1288	1177	1564	1508	1444	1462	1472	1812	1554	1821	1794	1361	
772	1444	1637	1232	1104	1030	938	929	736	598	386	147	0	174	331	625	653	791	855	1177	1094	1481	1444	1398	1426	1453	1812	1573	1858	1849	1416	
680	1416	1646	1242	1131	1076	1012	1058	874	763	552	303	174	0	193	506	478	607	680	993	920	1306	1278	1251	1288	1324	1692	1472	1784	1784	1370	
791	1564	1812	1416	1306	1260	1205	1242	1058	929	717	478	331	193	0	312	331	487	598	892	874	1232	1251	1251	1315	1370	1748	1554	1876	1904	1508	
1039	1840	2106	1711	1610	1573	1518	1554	1361	1223	993	772	625	506	312	0	285	441	625	809	910	1214	1297	1352	1435	1527	1904	1748	2088	2143	1766	
818	1628	1913	1536	1453	1453	1426	1518	1352	1242	1039	782	653	478	331	285	0	165	331	570	625	947	1002	1058	1150	1242	1619	1472	1821	1886	1527	
791	1591	1904	1536	1481	1490	1490	1600	1453	1361	1168	910	791	607	487	441	165	0	184	404	469	782	846	920	1021	1122	1499	1380	1738	1821	1490	
680	1453	1775	1435	1389	1426	1444	1591	1462	1398	1214	966	855	680	598	625	331	184	0	331	285	634	671	726	828	929	1306	1196	1554	1656	1334	
966	1683	2024	1711	1683	1729	1757	1913	1794	1729	1545	1288	1177	993	892	809	570	404	331	0	322	423	579	726	864	1002	1343	1315	1674	1803	1545	
690	1361	1711	1407	1398	1462	1518	1702	1600	1573	1426	1177	1094	920	874	910	625	469	285	322	0	386	377	450	570	699	1058	993	1352	1481	1223	
1030	1600	1959	1702	1711	1803	1867	2079	1987	1959	1812	1564	1481	1306	1232	1214	947	782	634	423	386	0	248	460	607	763	1039	1085	1426	1600	1435	
883	1361	1720	1490	1518	1619	1711	1932	1867	1867	1748	1508	1444	1278	1251	1297	1002	846	671	579	377	248	0	211	358	506	791	837	1168	1343	1196	
754	1159	1518	1297	1343	1453	1554	1794	1748	1775	1665	1444	1398	1251	1251	1352	1058	920	726	726	450	460	211	0	147	294	616	625	966	1131	984	
726	1030	1389	1196	1251	1370	1490	1738	1720	1748	1665	1462	1426	1288	1315	1435	1150	1021	828	864	570	607	358	147	0	147	478	469	818	984	855	
708	892	1251	1085	1159	1288	1416	1683	1674	1729	1656	1472	1453	1324	1370	1527	1242	1122	929	1002	699	763	506	294	147	0	377	322	671	828	717	
1048	947	1269	1223	1334	1490	1637	1922	1950	2024	1987	1812	1812	1692	1748	1904	1619	1499	1306	1343	1058	1039	791	616	478	377	0	312	450	671	782	
800	653	993	910	1021	1177	1324	1610	1646	1738	1711	1554	1573	1472	1554	1748	1472	1380	1196	1315	993	1085	837	625	469	322	312	0	358	506	478	
1094	644	892	966	1104	1278	1444	1738	1812	1932	1941	1821	1858	1784	1876	2088	1821	1738	1554	1674	1352	1426	1168	966	818	671	450	358	0	230	524	
1113	496	680	818	975	1140	1324	1610	1711	1849	1886	1794	1849	1784	1904	2143	1886	1821	1656	1803	1481	1600	1343	1131	984	828	671	506	230	0	432	
717	174	524	450	579	745	920	1205	1288	1416	1444	1361	1416	1370	1508	1766	1527	1490	1334	1545	1223	1435	1196	984	855	717	782	478	524	432	0	
V10
0	1249	1704	1150	1107	1192	1278	1618	1533	1576	1462	1178	1192	1050	1221	1604	1263	1221	1050	1491	1065	1590	1363	1164	1121	1093	1618	1235	1689	1718	1107	
1249	0	553	497	738	994	1263	1718	1874	2101	2186	2101	2229	2186	2414	2840	2513	2456	2243	2598	2101	2470	2101	1789	1590	1377	1462	1008	994	766	269	
1704	553	0	610	823	1022	1278	1675	1917	2201	2357	2357	2527	2541	2797	3251	2953	2939	2740	3124	2641	3024	2655	2343	2144	1931	1959	1533	1377	1050	809	
1150	497	610	0	241	497	766	1207	1391	1647	1775	1746	1902	1917	2186	2641	2371	2371	2215	2641	2172	2627	2300	2002	1846	1675	1888	1405	1491	1263	695	
1107	738	823	241	0	255	525	965	1136	1391	1533	1533	1704	1746	2016	2485	2243	2286	2144	2598	2158	2641	2343	2073	1931	1789	2059	1576	1704	1505	894	
1192	994	1022	497	255	0	269	710	894	1164	1334	1391	1590	1661	1945	2428	2243	2300	2201	2669	2257	2783	2499	2243	2115	1988	2300	1817	1973	1760	1150	
1278	1263	1278	766	525	269	0	440	624	908	1121	1235	1448	1562	1860	2343	2201	2300	2229	2712	2343	2882	2641	2399	2300	2186	2527	2044	2229	2044	1420	
1618	1718	1675	1207	965	710	440	0	340	653	951	1207	1434	1633	1917	2399	2343	2470	2456	2953	2627	3209	2982	2769	2683	2598	2967	2485	2683	2485	1860	
1533	1874	1917	1391	1136	894	624	340	0	312	624	908	1136	1349	1633	2101	2087	2243	2257	2769	2470	3067	2882	2698	2655	2584	3010	2541	2797	2641	1988	
1576	2101	2201	1647	1391	1164	908	653	312	0	340	695	923	1178	1434	1888	1917	2101	2158	2669	2428	3024	2882	2740	2698	2669	3124	2683	2982	2854	2186	
1462	2186	2357	1775	1533	1334	1121	951	624	340	0	383	596	852	1107	1533	1604	1803	1874	2385	2201	2797	2698	2570	2570	2556	3067	2641	2996	2911	2229	
1178	2101	2357	1746	1533	1391	1235	1207	908	695	383	0	227	468	738	1192	1207	1405	1491	1988	1817	2414	2328	2229	2257	2272	2797	2399	2811	2769	2101	
1192	2229	2527	1902	1704	1590	1448	1434	1136	923	596	227	0	269	511	965	1008	1221	1320	1817	1689	2286	2229	2158	2201	2243	2797	2428	2868	2854	2186	
1050	2186	2541	1917	1746	1661	1562	1633	1349	1178	852	468	269	0	298	781	738	937	1050	1533	1420	2016	1973	1931	1988	2044	2612	2272	2754	2754	2115	
1221	2414	2797	2186	2016	1945	1860	1917	1633	1434	1107	738	511	298	0	482	511	752	923	1377	1349	1902	1931	1931	2030	2115	2698	2399	2896	2939	2328	
1604	2840	3251	2641	2485	2428	2343	2399	2101	1888	1533	1192	965	781	482	0	440	681	965	1249	1405	1874	2002	2087	2215	2357	2939	2698	3223	3308	2726	
1263	2513	2953	2371	2243	2243	2201	2343	2087	1917	1604	1207	1008	738	511	440	0	255	511	880	965	1462	1547	1633	1775	1917	2499	2272	2811	2911	2357	
1221	2456	2939	2371	2286	2300	2300	2470	2243	2101	1803	1405	1221	937	752	681	255	0	284	624	724	1207	1306	1420	1576	1732	2314	2130	2683	2811	2300	
1050	2243	2740	2215	2144	2201	2229	2456	2257	2158	1874	1491	1320	1050	923	965	511	284	0	511	440	979	1036	1121	1278	1434	2016	1846	2399	2556	2059	
1491	2598	3124	2641	2598	2669	2712	2953	2769	2669	2385	1988	1817	1533	1377	1249	880	624	511	0	497	653	894	1121	1334	1547	2073	2030	2584	2783	2385	
1065	2101	2641	2172	2158	2257	2343	2627	2470	2428	2201	1817	1689	1420	1349	1405	965	724	440	497	0	596	582	695	880	1079	1633	1533	2087	2286	1888	
1590	2470	3024	2627	2641	2783	2882	3209	3067	3024	2797	2414	2286	2016	1902	1874	1462	1207	979	653	596	0	383	710	937	1178	1604	1675	2201	2470	2215	
1363	2101	2655	2300	2343	2499	2641	2982	2882	2882	2698	2328	2229	1973	1931	2002	1547	1306	1036	894	582	383	0	326	553	781	1221	1292	1803	2073	1846	
1164	1789	2343	2002	2073	2243	2399	2769	2698	2740	2570	2229	2158	1931	1931	2087	1633	1420	1121	1121	695	710	326	0	227	454	951	965	1491	1746	1519	
1121	1590	2144	1846	1931	2115	2300	2683	2655	2698	2570	2257	2201	1988	2030	2215	1775	1576	1278	1334	880	937	553	227	0	227	738	724	1263	1519	1320	
1093	1377	1931	1675	1789	1988	2186	2598	2584	2669	2556	2272	2243	2044	2115	2357	1917	1732	1434	1547	1079	1178	781	454	227	0	582	497	1036	1278	1107	
1618	1462	1959	1888	2059	2300	2527	2967	3010	3124	3067	2797	2797	2612	2698	2939	2499	2314	2016	2073	1633	1604	1221	951	738	582	0	482	695	1036	1207	
1235	1008	1533	1405	1576	1817	2044	2485	2541	2683	2641	2399	2428	2272	2399	2698	2272	2130	1846	2030	1533	1675	1292	965	724	497	482	0	553	781	738	
1689	994	1377	1491	1704	1973	2229	2683	2797	2982	2996	2811	2868	2754	2896	3223	2811	2683	2399	2584	2087	2201	1803	1491	1263	1036	695	553	0	355	809	
1718	766	1050	1263	1505	1760	2044	2485	2641	2854	2911	2769	2854	2754	2939	3308	2911	2811	2556	2783	2286	2470	2073	1746	1519	1278	1036	781	355	0	667	
1107	269	809	695	894	1150	1420	1860	1988	2186	2229	2101	2186	2115	2328	2726	2357	2300	2059	2385	1888	2215	1846	1519	1320	1107	1207	738	809	667	0	
V11
0	1302	1776	1198	1154	1243	1332	1687	1598	1642	1524	1228	1243	1095	1272	1672	1317	1272	1095	1554	1110	1657	1420	1213	1169	1139	1687	1287	1761	1790	1154	
1302	0	577	518	769	1036	1317	1790	1953	2190	2279	2190	2323	2279	2516	2960	2619	2560	2338	2708	2190	2575	2190	1864	1657	1435	1524	1050	1036	799	281	
1776	577	0	636	858	1065	1332	1746	1998	2294	2456	2456	2634	2649	2915	3389	3078	3063	2856	3256	2752	3152	2767	2442	2234	2012	2042	1598	1435	1095	843	
1198	518	636	0	251	518	799	1258	1450	1716	1850	1820	1983	1998	2279	2752	2471	2471	2308	2752	2264	2738	2397	2086	1924	1746	1968	1465	1554	1317	725	
1154	769	858	251	0	266	547	1006	1184	1450	1598	1598	1776	1820	2101	2590	2338	2382	2234	2708	2249	2752	2442	2160	2012	1864	2146	1642	1776	1568	932	
1243	1036	1065	518	266	0	281	740	932	1213	1391	1450	1657	1731	2027	2530	2338	2397	2294	2782	2353	2900	2604	2338	2205	2072	2397	1894	2057	1835	1198	
1332	1317	1332	799	547	281	0	458	651	947	1169	1287	1509	1628	1938	2442	2294	2397	2323	2826	2442	3004	2752	2501	2397	2279	2634	2131	2323	2131	1480	
1687	1790	1746	1258	1006	740	458	0	355	680	991	1258	1494	1702	1998	2501	2442	2575	2560	3078	2738	3344	3108	2886	2797	2708	3093	2590	2797	2590	1938	
1598	1953	1998	1450	1184	932	651	355	0	325	651	947	1184	1406	1702	2190	2175	2338	2353	2886	2575	3196	3004	2812	2767	2693	3137	2649	2915	2752	2072	
1642	2190	2294	1716	1450	1213	947	680	325	0	355	725	962	1228	1494	1968	1998	2190	2249	2782	2530	3152	3004	2856	2812	2782	3256	2797	3108	2974	2279	
1524	2279	2456	1850	1598	1391	1169	991	651	355	0	399	621	888	1154	1598	1672	1879	1953	2486	2294	2915	2812	2678	2678	2664	3196	2752	3122	3034	2323	
1228	2190	2456	1820	1598	1450	1287	1258	947	725	399	0	236	488	769	1243	1258	1465	1554	2072	1894	2516	2427	2323	2353	2368	2915	2501	2930	2886	2190	
1243	2323	2634	1983	1776	1657	1509	1494	1184	962	621	236	0	281	532	1006	1050	1272	1376	1894	1761	2382	2323	2249	2294	2338	2915	2530	2989	2974	2279	
1095	2279	2649	1998	1820	1731	1628	1702	1406	1228	888	488	281	0	310	814	769	976	1095	1598	1480	2101	2057	2012	2072	2131	2723	2368	2871	2871	2205	
1272	2516	2915	2279	2101	2027	1938	1998	1702	1494	1154	769	532	310	0	503	532	784	962	1435	1406	1983	2012	2012	2116	2205	2812	2501	3019	3063	2427	
1672	2960	3389	2752	2590	2530	2442	2501	2190	1968	1598	1243	1006	814	503	0	458	710	1006	1302	1465	1953	2086	2175	2308	2456	3063	2812	3359	3448	2841	
1317	2619	3078	2471	2338	2338	2294	2442	2175	1998	1672	1258	1050	769	532	458	0	266	532	917	1006	1524	1613	1702	1850	1998	2604	2368	2930	3034	2456	
1272	2560	3063	2471	2382	2397	2397	2575	2338	2190	1879	1465	1272	976	784	710	266	0	296	651	754	1258	1361	1480	1642	1805	2412	2220	2797	2930	2397	
1095	2338	2856	2308	2234	2294	2323	2560	2353	2249	1953	1554	1376	1095	962	1006	532	296	0	532	458	1021	1080	1169	1332	1494	2101	1924	2501	2664	2146	
1554	2708	3256	2752	2708	2782	2826	3078	2886	2782	2486	2072	1894	1598	1435	1302	917	651	532	0	518	680	932	1169	1391	1613	2160	2116	2693	2900	2486	
1110	2190	2752	2264	2249	2353	2442	2738	2575	2530	2294	1894	1761	1480	1406	1465	1006	754	458	518	0	621	606	725	917	1124	1702	1598	2175	2382	1968	
1657	2575	3152	2738	2752	2900	3004	3344	3196	3152	2915	2516	2382	2101	1983	1953	1524	1258	1021	680	621	0	399	740	976	1228	1672	1746	2294	2575	2308	
1420	2190	2767	2397	2442	2604	2752	3108	3004	3004	2812	2427	2323	2057	2012	2086	1613	1361	1080	932	606	399	0	340	577	814	1272	1346	1879	2160	1924	
1213	1864	2442	2086	2160	2338	2501	2886	2812	2856	2678	2323	2249	2012	2012	2175	1702	1480	1169	1169	725	740	340	0	236	473	991	1006	1554	1820	1583	
1169	1657	2234	1924	2012	2205	2397	2797	2767	2812	2678	2353	2294	2072	2116	2308	1850	1642	1332	1391	917	976	577	236	0	236	769	754	1317	1583	1376	
1139	1435	2012	1746	1864	2072	2279	2708	2693	2782	2664	2368	2338	2131	2205	2456	1998	1805	1494	1613	1124	1228	814	473	236	0	606	518	1080	1332	1154	
1687	1524	2042	1968	2146	2397	2634	3093	3137	3256	3196	2915	2915	2723	2812	3063	2604	2412	2101	2160	1702	1672	1272	991	769	606	0	503	725	1080	1258	
1287	1050	1598	1465	1642	1894	2131	2590	2649	2797	2752	2501	2530	2368	2501	2812	2368	2220	1924	2116	1598	1746	1346	1006	754	518	503	0	577	814	769	
1761	1036	1435	1554	1776	2057	2323	2797	2915	3108	3122	2930	2989	2871	3019	3359	2930	2797	2501	2693	2175	2294	1879	1554	1317	1080	725	577	0	370	843	
1790	799	1095	1317	1568	1835	2131	2590	2752	2974	3034	2886	2974	2871	3063	3448	3034	2930	2664	2900	2382	2575	2160	1820	1583	1332	1080	814	370	0	695	
1154	281	843	725	932	1198	1480	1938	2072	2279	2323	2190	2279	2205	2427	2841	2456	2397	2146	2486	1968	2308	1924	1583	1376	1154	1258	769	843	695	0	
V12
0	1196	1632	1101	1060	1142	1224	1550	1468	1509	1400	1128	1142	1006	1169	1536	1210	1169	1006	1428	1020	1523	1305	1115	1074	1047	1550	1183	1618	1645	1060	
1196	0	530	476	707	952	1210	1645	1795	2012	2094	2012	2135	2094	2312	2720	2407	2352	2148	2488	2012	2366	2012	1713	1523	1319	1400	965	952	734	258	
1632	530	0	584	788	979	1224	1604	1836	2108	2257	2257	2420	2434	2679	3114	2828	2815	2624	2992	2529	2896	2543	2244	2053	1849	1876	1468	1319	1006	775	
1101	476	584	0	231	476	734	1156	1332	1577	1700	1672	1822	1836	2094	2529	2271	2271	2121	2529	2080	2516	2203	1917	1768	1604	1808	1346	1428	1210	666	
1060	707	788	231	0	244	503	924	1088	1332	1468	1468	1632	1672	1931	2380	2148	2189	2053	2488	2067	2529	2244	1985	1849	1713	1972	1509	1632	1441	856	
1142	952	979	476	244	0	258	680	856	1115	1278	1332	1523	1591	1863	2325	2148	2203	2108	2556	2162	2665	2393	2148	2026	1904	2203	1740	1890	1686	1101	
1224	1210	1224	734	503	258	0	421	598	870	1074	1183	1387	1496	1781	2244	2108	2203	2135	2597	2244	2760	2529	2298	2203	2094	2420	1958	2135	1958	1360	
1550	1645	1604	1156	924	680	421	0	326	625	911	1156	1373	1564	1836	2298	2244	2366	2352	2828	2516	3073	2856	2652	2570	2488	2842	2380	2570	2380	1781	
1468	1795	1836	1332	1088	856	598	326	0	299	598	870	1088	1292	1564	2012	1999	2148	2162	2652	2366	2937	2760	2584	2543	2475	2883	2434	2679	2529	1904	
1509	2012	2108	1577	1332	1115	870	625	299	0	326	666	884	1128	1373	1808	1836	2012	2067	2556	2325	2896	2760	2624	2584	2556	2992	2570	2856	2733	2094	
1400	2094	2257	1700	1468	1278	1074	911	598	326	0	367	571	816	1060	1468	1536	1727	1795	2284	2108	2679	2584	2461	2461	2448	2937	2529	2869	2788	2135	
1128	2012	2257	1672	1468	1332	1183	1156	870	666	367	0	217	448	707	1142	1156	1346	1428	1904	1740	2312	2230	2135	2162	2176	2679	2298	2692	2652	2012	
1142	2135	2420	1822	1632	1523	1387	1373	1088	884	571	217	0	258	489	924	965	1169	1264	1740	1618	2189	2135	2067	2108	2148	2679	2325	2747	2733	2094	
1006	2094	2434	1836	1672	1591	1496	1564	1292	1128	816	448	258	0	285	748	707	897	1006	1468	1360	1931	1890	1849	1904	1958	2502	2176	2638	2638	2026	
1169	2312	2679	2094	1931	1863	1781	1836	1564	1373	1060	707	489	285	0	462	489	720	884	1319	1292	1822	1849	1849	1944	2026	2584	2298	2774	2815	2230	
1536	2720	3114	2529	2380	2325	2244	2298	2012	1808	1468	1142	924	748	462	0	421	652	924	1196	1346	1795	1917	1999	2121	2257	2815	2584	3087	3168	2611	
1210	2407	2828	2271	2148	2148	2108	2244	1999	1836	1536	1156	965	707	489	421	0	244	489	843	924	1400	1482	1564	1700	1836	2393	2176	2692	2788	2257	
1169	2352	2815	2271	2189	2203	2203	2366	2148	2012	1727	1346	1169	897	720	652	244	0	272	598	693	1156	1251	1360	1509	1659	2216	2040	2570	2692	2203	
1006	2148	2624	2121	2053	2108	2135	2352	2162	2067	1795	1428	1264	1006	884	924	489	272	0	489	421	938	992	1074	1224	1373	1931	1768	2298	2448	1972	
1428	2488	2992	2529	2488	2556	2597	2828	2652	2556	2284	1904	1740	1468	1319	1196	843	598	489	0	476	625	856	1074	1278	1482	1985	1944	2475	2665	2284	
1020	2012	2529	2080	2067	2162	2244	2516	2366	2325	2108	1740	1618	1360	1292	1346	924	693	421	476	0	571	557	666	843	1033	1564	1468	1999	2189	1808	
1523	2366	2896	2516	2529	2665	2760	3073	2937	2896	2679	2312	2189	1931	1822	1795	1400	1156	938	625	571	0	367	680	897	1128	1536	1604	2108	2366	2121	
1305	2012	2543	2203	2244	2393	2529	2856	2760	2760	2584	2230	2135	1890	1849	1917	1482	1251	992	856	557	367	0	312	530	748	1169	1237	1727	1985	1768	
1115	1713	2244	1917	1985	2148	2298	2652	2584	2624	2461	2135	2067	1849	1849	1999	1564	1360	1074	1074	666	680	312	0	217	435	911	924	1428	1672	1455	
1074	1523	2053	1768	1849	2026	2203	2570	2543	2584	2461	2162	2108	1904	1944	2121	1700	1509	1224	1278	843	897	530	217	0	217	707	693	1210	1455	1264	
1047	1319	1849	1604	1713	1904	2094	2488	2475	2556	2448	2176	2148	1958	2026	2257	1836	1659	1373	1482	1033	1128	748	435	217	0	557	476	992	1224	1060	
1550	1400	1876	1808	1972	2203	2420	2842	2883	2992	2937	2679	2679	2502	2584	2815	2393	2216	1931	1985	1564	1536	1169	911	707	557	0	462	666	992	1156	
1183	965	1468	1346	1509	1740	1958	2380	2434	2570	2529	2298	2325	2176	2298	2584	2176	2040	1768	1944	1468	1604	1237	924	693	476	462	0	530	748	707	
1618	952	1319	1428	1632	1890	2135	2570	2679	2856	2869	2692	2747	2638	2774	3087	2692	2570	2298	2475	1999	2108	1727	1428	1210	992	666	530	0	340	775	
1645	734	1006	1210	1441	1686	1958	2380	2529	2733	2788	2652	2733	2638	2815	3168	2788	2692	2448	2665	2189	2366	1985	1672	1455	1224	992	748	340	0	639	
1060	258	775	666	856	1101	1360	1781	1904	2094	2135	2012	2094	2026	2230	2611	2257	2203	1972	2284	1808	2121	1768	1455	1264	1060	1156	707	775	639	0	
Velocidade_Veiculos
1	1	1	1	1	1	1	1	1	1	1	1	1	